0,1,0.0,168.78863525390625,43.39519119262695,70.55799865722656
1,1,0.0,161.1597137451172,46.77349090576172,80.26699829101562
2,1,0.052575185894966125,149.0940399169922,47.85188190639019,92.42002868652344
3,1,0.028370549902319908,143.84097290039062,49.569594690576196,98.99394226074219
4,1,0.24273516237735748,135.4500274658203,48.53062604367733,108.73008728027344
5,1,0.10225234925746918,127.61531829833984,48.346649780869484,120.09284210205078
6,1,0.09762468934059143,127.5236587524414,48.67882642149925,118.78673553466797
7,1,0.22191835939884186,125.76414489746094,49.033254370093346,119.1693115234375
8,1,0.15306474268436432,124.79676055908203,49.269542679190636,123.3833999633789
9,1,0.25361552834510803,124.65143585205078,48.71739658713341,120.16973114013672
10,1,0.47059500217437744,125.55489349365234,51.66319406032562,119.67179107666016
11,1,1.3669140338897705,123.81655883789062,54.50425982475281,124.002685546875
12,1,5.278434753417969,123.02715301513672,55.883296966552734,126.71355438232422
13,1,8.274330139160156,124.27950286865234,58.72588348388672,124.35155487060547
13,2,0.0,152.4406280517578,24.816320419311523,82.34402465820312
14,1,12.059078216552734,125.52589416503906,63.3270378112793,122.67131042480469
14,2,0.0,137.7772216796875,25.325359344482422,99.70425415039062
15,1,14.888188362121582,124.53766632080078,65.97851848602295,122.7149887084961
15,2,0.05888783186674118,135.3823699951172,25.2989956215024,102.00749206542969
16,1,18.617597579956055,125.42231750488281,64.71040534973145,121.15510559082031
16,2,0.04212341457605362,134.13755798339844,23.507580183446407,105.36312866210938
17,1,22.86106300354004,126.14181518554688,63.25421714782715,122.4609375
17,2,0.017851175740361214,133.51881408691406,27.267697988077998,105.25360107421875
18,1,24.072978973388672,125.77176666259766,64.25237655639648,122.04863739013672
18,2,0.1605929732322693,132.60157775878906,32.233804762363434,103.74176025390625
19,1,27.493927001953125,125.5903091430664,61.1580810546875,122.2221908569336
19,2,0.7054345607757568,131.36419677734375,40.32860779762268,104.098876953125
20,1,26.14033317565918,125.76901245117188,62.71811866760254,122.52627563476562
20,2,1.3725671768188477,130.36146545410156,47.57351207733154,102.72232055664062
21,1,34.46410369873047,123.23023986816406,54.58184051513672,124.57420349121094
21,2,4.931118488311768,131.19273376464844,48.617053508758545,102.45259094238281
22,2,2.167570114135742,130.01124572753906,58.43905448913574,103.69952392578125
22,1,37.50724792480469,121.46417999267578,51.78235626220703,127.2625503540039
23,1,40.88899230957031,120.36632537841797,49.06822967529297,128.15624237060547
23,2,5.827215194702148,128.68919372558594,58.054372787475586,103.15461730957031
24,2,9.21841049194336,128.25326538085938,58.1787223815918,103.90055847167969
24,1,44.9861946105957,120.95433044433594,42.2799186706543,126.75238037109375
25,2,15.539214134216309,127.65550994873047,55.717164039611816,105.67646026611328
25,1,47.66919708251953,122.64151000976562,42.409027099609375,124.71527099609375
26,2,21.92389678955078,126.89110565185547,48.72449493408203,103.19266510009766
26,1,50.813961029052734,121.93267822265625,43.732364654541016,121.54678344726562
27,2,30.396665573120117,126.07696533203125,38.99344062805176,102.69041442871094
27,1,51.521907806396484,122.35266876220703,49.76576614379883,123.48274993896484
28,1,54.24850082397461,122.55391693115234,59.88460922241211,124.0993423461914
28,2,36.2576789855957,124.09601593017578,32.085880279541016,101.24175262451172
29,1,59.67555236816406,119.93598175048828,63.34374237060547,126.74413299560547
29,2,39.671085357666016,119.77497100830078,29.78512954711914,104.2866439819336
30,2,43.65911865234375,121.98180389404297,28.587547302246094,103.17293548583984
30,1,63.92375183105469,120.65978240966797,66.93414306640625,125.5988540649414
31,1,67.0925064086914,122.38983154296875,69.01978302001953,124.67041015625
31,2,47.71745300292969,122.3182144165039,26.063217163085938,101.99671173095703
32,1,68.7742919921875,122.50409698486328,69.59896850585938,125.45043182373047
32,2,51.17170715332031,122.06859588623047,25.41551971435547,102.73210906982422
33,1,67.17704772949219,121.82797241210938,73.4462890625,128.15025329589844
33,2,54.944793701171875,121.87675476074219,26.19518280029297,103.23554992675781
34,1,70.88623046875,120.01548767089844,70.0498046875,129.5530242919922
34,2,56.2003173828125,122.5226821899414,28.236297607421875,102.97290802001953
35,1,74.7609634399414,118.80623626708984,66.5793685913086,130.62364959716797
35,2,57.71695327758789,120.57749938964844,29.979122161865234,104.88612365722656
36,1,79.69066619873047,116.10762786865234,60.87487030029297,132.62516021728516
36,2,60.596126556396484,117.37136840820312,33.58333206176758,109.04209899902344
37,1,85.3060073852539,114.71269226074219,55.857154846191406,131.6410675048828
37,2,64.2154769897461,118.35832977294922,32.53181457519531,107.15911102294922
38,1,91.28395080566406,112.13321685791016,50.16754150390625,131.12212371826172
38,2,68.2735824584961,117.79874420166016,31.47601318359375,106.87964630126953
39,1,96.6007080078125,112.10210418701172,44.111785888671875,132.31279754638672
39,2,75.18914031982422,121.49131774902344,32.36531066894531,101.5618896484375
40,1,99.3578109741211,114.0932846069336,40.51599884033203,125.8002700805664
40,2,81.6689453125,121.83707427978516,31.54523468017578,100.5107192993164
41,1,100.19389343261719,112.08692932128906,46.98246765136719,132.23431396484375
41,2,86.56136322021484,119.39372253417969,31.790260314941406,100.57257080078125
42,1,102.57151794433594,113.0525131225586,53.729644775390625,130.3970718383789
42,2,90.29132080078125,119.5448989868164,28.03570556640625,99.30457305908203
43,1,107.35506439208984,113.11649322509766,55.19438934326172,128.26409149169922
43,2,93.21007537841797,113.20869445800781,27.856155395507812,107.05300903320312
44,1,110.54154968261719,113.3453140258789,60.30064392089844,126.47943878173828
44,2,97.01280212402344,112.61920928955078,25.0794677734375,103.44718170166016
45,1,113.91635131835938,113.63722229003906,64.64697265625,124.71498107910156
45,2,100.28223419189453,113.99615478515625,23.719703674316406,101.25408935546875
46,1,114.78785705566406,113.99398803710938,70.14175415039062,124.25563049316406
46,2,103.19471740722656,116.13819885253906,23.76099395751953,99.12747192382812
47,1,116.83129119873047,114.36046600341797,69.76673126220703,123.05269622802734
47,2,106.1950912475586,115.54683685302734,25.082923889160156,100.72420501708984
48,1,116.06028747558594,114.46605682373047,73.25210571289062,121.36066436767578
48,2,112.5059585571289,115.55941009521484,27.11205291748047,97.99520111083984
49,1,120.03373718261719,113.77446746826172,70.1475830078125,122.49828338623047
50,1,125.89401245117188,113.23833465576172,64.5208740234375,123.6443099975586
50,2,124.60579681396484,116.51837158203125,20.858604431152344,84.1788330078125
51,1,130.33291625976562,112.93889617919922,59.90779113769531,123.95133209228516
52,1,134.1962890625,112.07879638671875,56.03965759277344,124.59739685058594
53,1,136.81219482421875,112.66542053222656,54.01582336425781,124.60678100585938
54,1,140.80511474609375,111.24951171875,49.91825866699219,125.2939453125
55,1,144.37551879882812,111.30230712890625,49.34051513671875,125.36566162109375
56,1,144.4222412109375,110.9215087890625,53.4813232421875,124.14802551269531
57,1,143.2982635498047,110.54657745361328,64.59561157226562,123.60517120361328
58,1,145.05905151367188,110.50786590576172,73.1729736328125,124.15729522705078
59,1,147.39617919921875,110.55050659179688,80.19024658203125,122.92440795898438
60,1,153.109375,109.93721771240234,82.00184631347656,124.02289581298828
61,1,157.6657257080078,109.30043029785156,80.46159362792969,124.61355590820312
62,1,164.91195678710938,109.0465316772461,75.08187866210938,124.92504119873047
63,1,169.1168670654297,108.5981674194336,71.96253967285156,124.75316619873047
64,1,172.19808959960938,107.29409790039062,69.31306457519531,125.90718078613281
65,1,175.25840759277344,106.58129119873047,65.84503173828125,127.4782485961914
66,1,181.67579650878906,106.16570281982422,59.77105712890625,127.7263412475586
67,1,186.35752868652344,105.7938461303711,55.0164794921875,127.64608001708984
68,1,191.8762969970703,105.06077575683594,49.183380126953125,126.21455383300781
69,1,191.8901824951172,104.5736083984375,50.44813537597656,117.77095031738281
70,1,191.0658416748047,104.35881805419922,52.63136291503906,126.81497955322266
71,1,192.01467895507812,104.4177017211914,59.22552490234375,127.83147430419922
72,1,199.42140197753906,105.40501403808594,62.88026428222656,128.9229736328125
73,1,204.7673797607422,105.0374526977539,65.55653381347656,129.70734405517578
74,1,210.9612579345703,104.36198425292969,67.79881286621094,127.18359375
75,1,217.0689239501953,104.43771362304688,66.84178161621094,126.27133178710938
76,1,220.0257110595703,104.3076400756836,67.36573791503906,126.26569366455078
77,1,219.91580200195312,103.50245666503906,69.17922973632812,127.38229370117188
78,1,220.4895477294922,103.23651123046875,69.38426208496094,127.19833374023438
79,1,223.6735382080078,102.73883056640625,67.09248352050781,127.64517211914062
80,1,228.212158203125,101.73945617675781,62.446441650390625,128.92010498046875
81,1,234.89353942871094,102.24640655517578,55.71330261230469,128.08751678466797
82,1,237.02352905273438,102.18514251708984,56.440216064453125,130.13768768310547
83,1,240.0095672607422,101.4321060180664,61.53883361816406,130.89200592041016
84,1,245.08448791503906,101.72349548339844,57.46556091308594,130.8720245361328
85,1,248.0578155517578,101.85197448730469,57.67417907714844,126.84213256835938
86,1,251.08226013183594,100.97184753417969,55.25175476074219,128.5637969970703
87,1,259.463623046875,99.8612289428711,47.43194580078125,129.35175323486328
88,1,264.6226501464844,99.28091430664062,48.517669677734375,132.12567138671875
89,1,268.8105163574219,104.68987274169922,54.711334228515625,124.76102447509766
90,1,270.0968933105469,97.6593017578125,62.59136962890625,132.15054321289062
91,1,269.62701416015625,98.02888488769531,67.47198486328125,131.23849487304688
92,1,269.400390625,104.80059051513672,70.517822265625,124.7937240600586
93,1,268.9748840332031,99.32732391357422,72.763916015625,130.38684844970703
94,1,269.9149169921875,103.18343353271484,72.35336303710938,126.29158782958984
95,1,272.4964294433594,99.38571166992188,70.11813354492188,130.63626098632812
96,1,286.9267272949219,96.91706085205078,59.504119873046875,133.89348602294922
97,1,291.7108459472656,97.43754577636719,54.024383544921875,130.73892211914062
98,1,297.00103759765625,97.46097564697266,48.843231201171875,127.69127655029297
99,1,303.84930419921875,96.56106567382812,43.326019287109375,133.7447967529297
100,1,309.5002136230469,96.3194580078125,41.2919921875,133.39251708984375
101,1,315.5054931640625,96.49945831298828,42.390350341796875,136.57926177978516
102,1,318.1856384277344,95.71062469482422,45.749176025390625,137.41625213623047
103,1,320.30413818359375,95.31369018554688,48.958251953125,136.59722900390625
104,1,322.2788391113281,94.04446411132812,56.509521484375,135.97140502929688
105,1,320.1927795410156,94.2286148071289,63.594512939453125,134.77088165283203
106,1,318.9316101074219,101.4011459350586,68.72238159179688,128.16053009033203
106,3,346.4095764160156,102.84009552001953,30.705047607421875,87.0588150024414
107,1,319.8533020019531,99.00025177001953,69.69140625,130.4552230834961
108,1,322.9820861816406,99.66514587402344,67.32107543945312,130.1034393310547
109,1,324.9915771484375,93.57877349853516,65.4119873046875,137.02999114990234
109,3,360.8849792480469,109.74446868896484,27.35296630859375,80.58905792236328
110,1,331.0196533203125,99.02265930175781,59.93377685546875,131.20950317382812
111,1,334.74139404296875,94.98507690429688,56.88287353515625,135.40927124023438
112,1,341.2244567871094,103.46991729736328,49.2066650390625,127.61530303955078
113,1,345.968017578125,90.88116455078125,45.035003662109375,140.40377807617188
114,1,355.2471618652344,90.88983154296875,38.323272705078125,139.5695037841797
115,1,362.4228515625,90.81822967529297,34.937042236328125,140.3761215209961
116,1,366.6705322265625,89.3731918334961,34.03875732421875,141.57881927490234
117,1,369.27020263671875,100.04965209960938,35.194671630859375,129.85693359375
118,1,369.0340576171875,98.7821273803711,42.636260986328125,131.2217788696289
119,1,368.73577880859375,101.33910369873047,52.768951416015625,128.01798248291016
120,1,368.53204345703125,101.61504364013672,67.25723266601562,127.27046966552734
120,3,375.31793212890625,90.8016128540039,35.600799560546875,67.00606536865234
121,1,368.0748596191406,104.93128967285156,69.68038940429688,124.53314208984375
122,1,369.41448974609375,106.60701751708984,70.980224609375,123.6239242553711
122,3,372.3680725097656,89.81149291992188,43.768829345703125,99.83978271484375
123,1,372.1784362792969,105.78258514404297,68.40597534179688,124.77474212646484
123,3,379.0296936035156,90.462646484375,41.519317626953125,98.68733215332031
124,1,377.67547607421875,103.34638977050781,63.135650634765625,127.29122924804688
124,3,399.765380859375,90.27693176269531,23.0634765625,58.232025146484375
125,1,382.6431884765625,97.32772064208984,61.228912353515625,133.59415435791016
126,1,390.979248046875,98.72042083740234,54.70233154296875,130.84868621826172
127,1,397.8360595703125,97.41264343261719,50.320587158203125,130.40646362304688
128,1,406.3446350097656,98.09172058105469,44.4520263671875,128.3970947265625
129,1,413.9559631347656,97.59169006347656,40.134857177734375,130.74220275878906
129,4,0.0,187.63641357421875,25.63260841369629,44.2391357421875
129,3,413.9887390136719,90.05181884765625,23.656951904296875,53.62763977050781
130,1,417.2195739746094,95.99728393554688,39.950958251953125,134.1234893798828
130,4,0.10172172635793686,130.6160888671875,32.890454329550266,101.42442321777344
131,1,418.6313781738281,100.5965347290039,41.557586669921875,130.55387115478516
131,4,0.0,131.49732971191406,36.810272216796875,99.88746643066406
132,1,418.9007873535156,98.19052124023438,46.261077880859375,132.04164123535156
132,4,0.0,132.00404357910156,42.02665710449219,97.997802734375
132,3,415.19091796875,88.77333068847656,31.222015380859375,103.08103942871094
133,1,419.5296325683594,101.17366027832031,57.183441162109375,127.35791015625
133,4,0.0,128.2774200439453,42.810508728027344,102.09323120117188
133,3,413.8791198730469,88.57096099853516,35.89666748046875,102.60930633544922
134,1,419.1241455078125,104.31478118896484,65.13882446289062,123.38863372802734
134,4,0.0,125.74317169189453,42.02307891845703,102.43737030029297
134,3,414.61102294921875,88.40325164794922,38.776092529296875,102.26648712158203
135,1,418.46478271484375,106.02262115478516,69.67947387695312,120.90262603759766
135,4,0.051868539303541183,123.41393280029297,43.27396382763982,105.18189239501953
135,3,415.26177978515625,88.88311004638672,41.42095947265625,101.01067352294922
136,4,0.2293369024991989,122.39068603515625,42.3341511040926,105.08567810058594
136,1,418.6798095703125,106.99374389648438,72.63882446289062,120.37185668945312
136,3,418.6790771484375,87.52230834960938,42.072479248046875,100.87965393066406
137,4,0.6014857292175293,121.24253845214844,40.85308504104614,104.53353881835938
137,1,419.4732666015625,103.08300018310547,72.78884887695312,125.42737579345703
137,3,422.24127197265625,87.08779907226562,41.4132080078125,104.77873229980469
138,4,0.4525180459022522,120.50196075439453,44.94781917333603,106.03948211669922
138,1,422.7046813964844,96.39229583740234,69.47244262695312,132.83824920654297
138,3,425.443359375,84.09774017333984,39.8076171875,105.3213882446289
139,4,1.488661766052246,121.10863494873047,47.80370044708252,105.9858627319336
139,1,427.1202087402344,97.57865905761719,64.92843627929688,131.67063903808594
139,3,427.4333190917969,84.9892578125,42.6163330078125,108.60888671875
140,4,5.466834545135498,121.43417358398438,47.605331897735596,105.54222106933594
140,1,432.11517333984375,105.64746856689453,61.14459228515625,123.1113510131836
140,3,443.92816162109375,83.64259338378906,28.70849609375,106.22395324707031
141,4,9.448226928710938,120.90624237060547,62.9801025390625,105.2645034790039
141,1,436.8561096191406,108.5138168334961,58.6832275390625,120.73491668701172
141,3,450.04388427734375,84.1597900390625,25.708984375,102.31065368652344
142,4,13.372210502624512,121.91012573242188,67.66449451446533,104.77305603027344
142,1,444.5630187988281,108.1422348022461,52.169036865234375,120.72045135498047
142,3,452.59124755859375,84.6285171508789,26.33447265625,101.85831451416016
143,4,16.444787979125977,122.16490936279297,71.6063060760498,106.43073272705078
143,1,451.1189270019531,106.69892883300781,47.985107421875,122.25399780273438
143,3,453.5054626464844,84.48079681396484,28.632110595703125,101.86016082763672
144,4,26.036184310913086,119.0573959350586,69.87655067443848,111.87982940673828
144,1,465.2792663574219,103.88809967041016,40.00482177734375,124.13184356689453
144,3,451.94879150390625,84.42951965332031,37.7095947265625,102.33448791503906
145,4,30.94761848449707,119.74185180664062,65.94776725769043,108.56710815429688
145,1,470.88128662109375,107.09806823730469,38.717071533203125,121.69322204589844
145,3,452.4364013671875,85.5193099975586,40.75152587890625,100.42533111572266
146,4,34.42912673950195,120.0323486328125,64.20479965209961,104.73513793945312
146,1,471.89923095703125,107.84207916259766,40.5540771484375,119.40673065185547
146,3,453.3013610839844,86.04875946044922,44.383697509765625,100.01546478271484
147,4,39.79580307006836,119.6084213256836,57.83296585083008,103.72290802001953
147,1,470.708984375,108.4475326538086,45.42999267578125,118.1415023803711
147,3,455.74041748046875,86.22559356689453,46.569061279296875,98.92676544189453
148,4,44.153961181640625,117.9545669555664,53.24921417236328,105.29952239990234
148,1,470.3376159667969,106.62606048583984,52.293121337890625,121.50403594970703
148,3,459.1726379394531,86.29822540283203,45.699493408203125,98.26830291748047
149,4,47.631011962890625,114.61719512939453,50.668006896972656,110.1366958618164
149,1,470.2624816894531,108.09343719482422,59.565765380859375,120.44654083251953
149,3,465.3070373535156,85.72000885009766,41.170989990234375,98.2601089477539
150,4,51.01241683959961,113.94435119628906,47.41159439086914,108.78303527832031
150,1,469.9692077636719,108.47002410888672,67.63156127929688,119.7114028930664
150,3,470.0027160644531,86.04158782958984,37.558258056640625,97.8080825805664
151,4,55.909053802490234,115.92205047607422,43.84066390991211,110.08821868896484
151,1,471.8237609863281,106.93470001220703,67.43936157226562,121.37374114990234
151,3,472.9085388183594,86.24261474609375,38.506195068359375,97.14717102050781
152,4,60.386112213134766,114.22807312011719,52.721492767333984,110.4443359375
152,1,472.8140869140625,108.3558120727539,68.14068603515625,120.12957000732422
152,3,480.73773193359375,84.31094360351562,32.8465576171875,100.35733032226562
153,4,63.278778076171875,120.75215148925781,61.45765686035156,103.09249877929688
153,1,474.61383056640625,107.6520004272461,67.01397705078125,121.6528091430664
153,3,488.56549072265625,84.37886047363281,27.49224853515625,99.68896484375
154,4,65.45396423339844,124.51618194580078,67.56495666503906,99.5702896118164
154,1,479.4589538574219,106.09465789794922,63.665313720703125,122.9369888305664
154,3,493.3333740234375,84.08452606201172,26.13885498046875,100.31999969482422
155,4,67.19596099853516,123.15386962890625,72.3392105102539,99.7733154296875
155,3,495.4697570800781,83.73464965820312,26.383758544921875,100.37838745117188
155,1,486.97314453125,104.31671905517578,59.5408935546875,123.54842376708984
156,1,494.2925720214844,103.14266204833984,57.579986572265625,122.60346221923828
156,4,72.61639404296875,123.22089385986328,70.38043212890625,98.8139419555664
156,3,495.20556640625,84.42048645019531,30.05181884765625,100.83757019042969
157,1,499.82183837890625,102.94524383544922,57.4991455078125,122.01361846923828
157,4,78.0442886352539,116.38031768798828,70.42858123779297,105.24272918701172
157,3,494.5216369628906,85.084228515625,33.391693115234375,100.18055725097656
158,4,81.77717590332031,118.39315032958984,67.01324462890625,102.68148040771484
158,1,508.08203125,102.00775146484375,52.322265625,122.78424072265625
158,3,493.5423583984375,85.65837860107422,36.731689453125,100.02324676513672
159,4,90.15419006347656,114.2587890625,59.26127624511719,106.48551940917969
159,1,514.933349609375,99.26792907714844,42.5938720703125,127.89253234863281
159,3,493.1592712402344,85.87885284423828,40.502410888671875,99.91800689697266
160,1,520.0817260742188,100.59986114501953,44.9722900390625,127.29302215576172
160,4,95.14370727539062,113.6079330444336,54.68455505371094,106.63707733154297
160,3,493.7597961425781,85.80121612548828,43.251434326171875,98.99539947509766
161,1,521.2706298828125,99.672607421875,48.66534423828125,128.5327911376953
161,4,100.54544067382812,112.14298248291016,48.67210388183594,108.06102752685547
161,3,495.55255126953125,85.2972640991211,44.51202392578125,100.3056869506836
162,1,518.9215087890625,100.78482055664062,55.5438232421875,127.38748168945312
162,4,103.6372299194336,110.85721588134766,45.982749938964844,109.5226058959961
162,3,499.38922119140625,84.90406799316406,45.19940185546875,100.35079956054688
163,1,518.9076538085938,101.25587463378906,59.8712158203125,125.27262878417969
163,4,105.34662628173828,109.44538879394531,45.24706268310547,112.60658264160156
163,3,505.2273254394531,84.41553497314453,41.762664794921875,100.9725112915039
164,1,519.9802856445312,101.06310272216797,64.56298828125,123.3324966430664
164,4,112.02098846435547,110.29986572265625,46.654075622558594,108.94920349121094
164,3,510.6862487792969,84.10838317871094,39.641082763671875,99.20645141601562
165,4,115.0945816040039,109.16875457763672,57.55181121826172,110.44754791259766
165,1,519.5262451171875,100.8924789428711,71.5828857421875,123.90953826904297
165,3,516.8356323242188,84.15646362304688,36.79962158203125,98.10276794433594
166,4,122.49321746826172,109.6878890991211,60.98149871826172,109.96172332763672
166,1,520.8013305664062,102.31636810302734,71.68536376953125,121.64734649658203
166,3,522.9860229492188,83.4383544921875,33.85333251953125,100.26704406738281
167,4,125.04991149902344,109.23340606689453,67.69435119628906,110.24309539794922
167,3,528.787841796875,83.24185180664062,30.8458251953125,100.30068969726562
167,1,522.3275756835938,103.48029327392578,71.4757080078125,120.95012664794922
168,4,129.38006591796875,109.68888854980469,71.82992553710938,107.09478759765625
168,1,529.3176879882812,103.48328399658203,65.573486328125,120.05510711669922
168,3,528.7568969726562,84.25848388671875,36.7193603515625,98.81999206542969
169,4,131.30967712402344,109.3597183227539,72.77888488769531,107.1105728149414
169,3,528.30810546875,86.29057312011719,40.6160888671875,96.22085571289062
169,1,534.7485961914062,103.63191986083984,60.39959716796875,120.4822006225586
170,4,136.8135223388672,108.57050323486328,68.27102661132812,110.17011260986328
170,3,528.3452758789062,85.73014068603516,44.13873291015625,97.3689956665039
170,1,539.2772216796875,101.59246826171875,57.68798828125,122.30384826660156
171,4,145.1193389892578,108.2541275024414,58.08099365234375,107.60033416748047
171,3,529.2680053710938,86.67987060546875,48.12152099609375,95.98158264160156
171,1,545.7747192382812,101.47884368896484,52.925048828125,124.3519515991211
172,4,152.32212829589844,108.07888793945312,50.71986389160156,106.14094543457031
172,1,554.3650512695312,101.71094512939453,47.93438720703125,123.10413360595703
172,3,530.462646484375,87.79403686523438,48.911376953125,93.69609069824219
173,4,157.23745727539062,103.39341735839844,43.89518737792969,109.97666931152344
173,3,531.3323364257812,87.4393310546875,50.8800048828125,94.04214477539062
173,1,563.3128051757812,101.41938018798828,43.12774658203125,123.2614517211914
174,1,571.7418823242188,101.05632781982422,38.32806396484375,123.52527618408203
174,4,160.92645263671875,103.72334289550781,42.186187744140625,105.62260437011719
174,3,532.8699340820312,86.88409423828125,52.42608642578125,95.03453063964844
175,1,574.8073120117188,102.03697204589844,41.1083984375,122.30815124511719
175,4,165.4909210205078,101.88140106201172,42.013702392578125,112.0966567993164
175,3,536.6783447265625,87.0320816040039,51.017822265625,95.4525375366211
176,1,574.1029052734375,102.23480987548828,49.16552734375,121.46044158935547
176,4,170.6359100341797,102.49657440185547,47.95112609863281,112.03658294677734
176,3,542.3825073242188,87.56180572509766,47.83062744140625,94.80695343017578
177,1,572.9805908203125,102.61271667480469,54.814453125,121.47691345214844
177,4,176.41229248046875,103.47110748291016,55.80574035644531,111.18567657470703
177,3,547.6737670898438,87.04998016357422,44.99383544921875,94.4602279663086
178,1,571.6238403320312,102.64910125732422,61.423095703125,121.58690643310547
178,4,179.40211486816406,103.29718017578125,64.52384948730469,109.77008056640625
178,3,553.6917114257812,86.30490112304688,41.76422119140625,96.3153076171875
179,1,571.25537109375,101.227783203125,66.70166015625,122.55331420898438
179,4,182.2330780029297,103.7778549194336,65.58938598632812,108.8419418334961
179,3,562.8219604492188,85.65538787841797,35.044921875,96.1584243774414
180,1,572.2907104492188,102.29949951171875,69.375244140625,121.82478332519531
180,4,183.7977752685547,105.685302734375,71.59866333007812,105.59548950195312
180,3,568.5458984375,84.85405731201172,31.707275390625,96.5087661743164
181,4,186.0836944580078,106.45641326904297,72.27003479003906,104.24332427978516
181,1,573.0396728515625,103.52152252197266,71.51324462890625,121.34246063232422
181,3,569.8358764648438,84.92927551269531,34.1656494140625,96.60989379882812
182,1,576.5333862304688,103.20325469970703,69.92388916015625,120.69922637939453
182,4,191.26065063476562,103.66397857666016,67.44976806640625,106.8786849975586
182,3,570.4817504882812,84.9908676147461,36.40802001953125,95.57207489013672
183,1,581.1539306640625,102.7707748413086,67.1881103515625,121.57621002197266
183,4,197.75672912597656,103.90022277832031,61.28492736816406,107.02197265625
183,3,569.6941528320312,85.50212860107422,42.0946044921875,95.23296356201172
184,1,588.2537841796875,102.55519104003906,60.79754638671875,120.44734191894531
184,4,205.2548370361328,102.96187591552734,54.13038635253906,107.6306381225586
184,3,569.7042236328125,86.66865539550781,45.71197509765625,94.42770385742188
185,1,594.426513671875,101.75847625732422,54.8900146484375,118.82782745361328
185,4,212.09495544433594,99.27396392822266,46.80592346191406,111.9962387084961
185,3,569.2725219726562,86.5092544555664,49.39019775390625,94.66556549072266
186,1,602.7210083007812,100.95845031738281,48.04254150390625,120.28364562988281
186,4,217.7252197265625,99.27601623535156,39.453155517578125,111.068359375
186,3,570.1554565429688,86.2652587890625,51.91534423828125,95.25849914550781
187,1,610.044677734375,99.83521270751953,42.51007080078125,120.84073638916016
187,3,572.96533203125,86.09196472167969,50.9393310546875,96.5072021484375
187,4,220.20065307617188,98.20711517333984,39.25628662109375,112.04090118408203
188,4,226.0797576904297,97.37261199951172,44.62074279785156,111.10091400146484
188,3,576.3827514648438,85.50151824951172,49.41705322265625,95.87908172607422
188,1,617.8031616210938,99.2663803100586,37.04119873046875,123.03730010986328
189,3,582.69189453125,84.42292785644531,43.4693603515625,94.75070190429688
189,4,232.15213012695312,98.38411712646484,49.0042724609375,111.08683013916016
189,1,622.5439453125,99.80396270751953,35.14569091796875,126.6598892211914
190,4,235.29331970214844,98.38225555419922,55.40135192871094,110.32991790771484
190,3,587.6000366210938,84.17994689941406,40.26025390625,93.86746215820312
190,1,620.1588745117188,99.78213500976562,41.5128173828125,126.4998779296875
191,1,618.60595703125,100.1917724609375,47.4813232421875,125.27847290039062
191,4,238.2443084716797,99.15641784667969,60.21208190917969,109.89122009277344
191,3,593.678466796875,84.03843688964844,36.59295654296875,93.30337524414062
192,1,621.0517578125,100.98819732666016,60.74932861328125,121.08293914794922
192,4,239.28317260742188,97.85237121582031,67.9937744140625,109.29307556152344
192,3,602.3836059570312,83.59257507324219,32.98895263671875,97.27153015136719
193,1,620.6644287109375,100.9516372680664,67.03240966796875,120.69475555419922
193,3,602.2321166992188,84.15848541259766,36.154296875,95.0896224975586
193,4,242.41268920898438,99.94680786132812,68.3079833984375,107.39060974121094
194,1,621.137451171875,101.6041259765625,70.12371826171875,119.63638305664062
194,3,601.480224609375,84.84822082519531,40.133544921875,95.01708984375
194,4,246.11532592773438,97.7356185913086,65.8021240234375,109.42281341552734
195,1,621.459228515625,102.2747802734375,72.61248779296875,119.18183898925781
195,4,252.3006134033203,98.6322021484375,60.34764099121094,109.43003845214844
195,3,601.8790893554688,85.17371368408203,42.942626953125,93.31696319580078
196,1,623.0703125,102.59255981445312,73.47161865234375,118.37940979003906
196,4,261.5848083496094,96.39708709716797,51.12158203125,106.62061309814453
196,3,601.9208984375,84.96161651611328,46.247802734375,94.5959701538086
197,1,624.52783203125,102.4598617553711,73.40020751953125,118.96666717529297
197,4,268.2357177734375,93.9227066040039,45.799407958984375,109.83699798583984
197,3,602.18310546875,86.14640808105469,49.64202880859375,93.62261962890625
198,1,628.5117797851562,101.92182159423828,70.78118896484375,119.25847625732422
198,3,602.7913818359375,85.85354614257812,52.15948486328125,92.69364929199219
198,4,273.4743957519531,93.04344177246094,39.716461181640625,109.15409851074219
199,1,632.8292846679688,100.70408630371094,63.50384521484375,120.22343444824219
199,4,274.1761779785156,91.19568634033203,42.620758056640625,108.76468658447266
199,3,605.5656127929688,85.4712142944336,52.083984375,92.8003921508789
200,3,608.0040893554688,85.6753921508789,52.31512451171875,92.8090591430664
200,4,282.36578369140625,91.4955062866211,38.68450927734375,111.59842681884766
200,1,637.7424926757812,99.78712463378906,59.1531982421875,121.14790344238281
201,3,611.79345703125,85.27969360351562,51.7740478515625,93.19898986816406
201,1,643.8310546875,100.14306640625,56.7408447265625,120.90054321289062
201,4,285.5401306152344,91.69036865234375,47.66162109375,111.33723449707031
202,3,618.1755981445312,84.88899230957031,47.77093505859375,93.64157104492188
202,1,652.0164184570312,99.8912353515625,51.39849853515625,121.94612121582031
202,4,287.6749572753906,91.62735748291016,58.894256591796875,110.11727142333984
203,4,290.3190002441406,92.79004669189453,64.78054809570312,109.0996322631836
203,1,659.85205078125,99.11317443847656,46.9334716796875,122.25570678710938
203,3,624.005615234375,84.24315643310547,43.96905517578125,95.28063201904297
204,4,291.4802551269531,93.15276336669922,68.34222412109375,107.9111557006836
204,1,666.269775390625,99.52593994140625,45.5809326171875,120.89459228515625
204,3,631.494384765625,84.09825897216797,39.3658447265625,94.46263885498047
205,4,292.60430908203125,94.6934585571289,69.21707153320312,106.26815032958984
205,1,667.7573852539062,99.63674926757812,50.09210205078125,121.12779235839844
205,3,637.8116455078125,83.4970703125,35.78033447265625,95.76806640625
206,4,294.60101318359375,94.93930053710938,69.68853759765625,105.19731140136719
206,1,665.7353515625,100.80488586425781,55.80914306640625,119.3280029296875
206,3,640.4801635742188,84.11404418945312,36.3167724609375,94.38153076171875
207,1,665.4957885742188,101.05583953857422,60.25341796875,121.3359146118164
207,4,297.66839599609375,92.71996307373047,67.37744140625,106.3495864868164
207,3,640.4923706054688,83.3407974243164,41.43109130859375,95.3820571899414
208,1,665.5236206054688,100.163818359375,64.024658203125,123.626953125
208,4,304.5862121582031,92.10227966308594,61.019134521484375,107.30564880371094
208,3,639.9961547851562,83.92029571533203,45.59637451171875,94.77423858642578
209,1,667.4635009765625,100.3555679321289,64.94354248046875,123.3547592163086
209,4,312.7963562011719,90.83892059326172,52.56158447265625,108.50084686279297
209,3,640.031494140625,84.23188018798828,49.70343017578125,95.39971160888672
210,1,669.0641479492188,100.37301635742188,65.89019775390625,123.64039611816406
210,3,640.29150390625,84.81326293945312,52.1826171875,95.70631408691406
210,4,320.9460144042969,89.86996459960938,44.14764404296875,109.87629699707031
211,1,669.6932373046875,99.74066925048828,66.85888671875,125.22257232666016
211,3,641.6096801757812,84.02721405029297,50.41119384765625,95.23473358154297
211,4,327.87371826171875,90.00841522216797,38.4588623046875,108.91690826416016
212,1,673.6455688476562,98.77690124511719,64.1446533203125,125.249755859375
212,3,643.4744262695312,84.2320785522461,53.07257080078125,95.06436920166016
212,4,336.07666015625,88.03338623046875,33.687774658203125,110.28118896484375
213,1,677.5216674804688,97.65823364257812,60.83209228515625,126.89353942871094
213,4,336.3223876953125,88.32625579833984,45.129364013671875,108.65558624267578
213,3,648.2318725585938,85.00061798095703,47.28387451171875,94.87567901611328
214,1,684.1665649414062,96.66517639160156,54.44024658203125,116.90902709960938
214,4,339.6471862792969,88.63844299316406,50.941253662109375,108.98077392578125
214,3,653.7409057617188,83.72601318359375,43.12774658203125,94.98800659179688
215,1,689.604248046875,96.533447265625,49.248779296875,113.76203918457031
215,4,344.5909423828125,88.35675048828125,52.252288818359375,111.12840270996094
215,3,658.635009765625,83.31767272949219,41.22503662109375,93.85697937011719
216,1,703.8801879882812,94.97146606445312,38.4305419921875,116.63587951660156
216,3,670.2734985351562,82.91124725341797,34.51751708984375,94.80281829833984
216,4,346.0626525878906,89.37054443359375,63.698028564453125,106.78985595703125
217,3,673.6129150390625,82.93988037109375,33.41473388671875,96.46662902832031
217,1,704.9849243164062,94.73969268798828,40.08697509765625,120.24169158935547
217,4,344.5201110839844,90.08409118652344,69.35366821289062,105.66043090820312
218,4,349.0477600097656,89.2343521118164,67.5660400390625,105.7538833618164
218,1,704.1637573242188,95.12418365478516,43.965576171875,119.2573471069336
218,3,673.3662109375,83.12722778320312,37.658203125,95.81779479980469
219,4,350.97930908203125,88.7228012084961,68.256103515625,106.19693756103516
219,1,704.4034423828125,94.75495147705078,45.76318359375,118.00183868408203
219,3,673.5891723632812,82.27023315429688,40.7794189453125,97.17527770996094
220,4,359.2098388671875,86.10385131835938,61.699371337890625,109.37820434570312
220,3,673.5877685546875,82.72628784179688,44.58392333984375,96.74688720703125
220,1,704.2849731445312,95.44170379638672,48.81011962890625,117.79192352294922
221,1,703.6004028320312,95.39137268066406,57.5035400390625,116.30345153808594
221,4,367.8181457519531,87.38008117675781,53.449798583984375,105.81260681152344
221,3,673.3458862304688,83.52937316894531,46.67486572265625,95.65199279785156
222,1,704.2946166992188,97.30458068847656,62.30804443359375,113.14231872558594
222,3,674.5855102539062,83.72245025634766,47.9996337890625,95.92675018310547
222,4,375.59234619140625,85.6570816040039,44.606414794921875,105.61946868896484
223,1,704.943603515625,96.3707046508789,66.2586669921875,113.78783416748047
223,3,675.3198852539062,83.807861328125,50.2847900390625,95.81929016113281
223,4,383.199462890625,84.131591796875,37.8199462890625,107.00949096679688
224,1,704.6641845703125,96.63605499267578,69.74688720703125,112.55240631103516
224,3,678.02587890625,84.92903137207031,50.687744140625,94.59315490722656
224,4,391.3995056152344,84.6742935180664,33.0306396484375,108.21590423583984
225,1,707.2518920898438,98.11529541015625,68.82806396484375,112.1263427734375
225,3,681.5892944335938,84.77809143066406,49.79461669921875,94.87052917480469
225,4,392.3858337402344,83.83963775634766,37.988037109375,110.15666961669922
226,1,709.4923706054688,98.38179016113281,69.10675048828125,111.30863952636719
226,3,686.5028686523438,84.98816680908203,47.362548828125,95.11363983154297
226,4,396.3548278808594,85.64028930664062,46.999603271484375,107.81085205078125
227,1,711.9482421875,97.84564208984375,67.14605712890625,111.12152099609375
227,3,691.36474609375,84.74388122558594,45.2537841796875,95.44697570800781
227,4,397.6915283203125,86.57362365722656,57.936370849609375,106.56776428222656
228,1,716.1342163085938,99.09884643554688,62.88360595703125,108.99095153808594
228,3,697.93701171875,84.59883880615234,40.91259765625,97.27063751220703
228,4,398.201904296875,86.2425308227539,65.23782348632812,105.9095687866211
229,4,398.849609375,87.36058044433594,69.52191162109375,105.12838745117188
229,3,704.383056640625,84.74935150146484,37.5128173828125,94.91033172607422
229,1,721.6751708984375,95.65531158447266,60.3843994140625,113.0018081665039
230,4,399.0260925292969,87.93733215332031,69.5126953125,103.98446655273438
230,3,711.4063720703125,84.60208129882812,34.24993896484375,95.26921081542969
230,1,726.3356323242188,95.76588439941406,58.4193115234375,113.6373291015625
231,4,401.8206481933594,88.09479522705078,70.04226684570312,103.2016372680664
231,3,713.515380859375,84.39932250976562,36.82977294921875,95.58683776855469
231,1,733.3308715820312,95.8702621459961,53.36419677734375,112.3623275756836
232,4,406.94268798828125,87.74418640136719,64.70761108398438,103.83119201660156
232,3,713.5433349609375,84.53971099853516,40.2889404296875,94.8416976928711
232,1,741.727294921875,96.00132751464844,48.62200927734375,112.35215759277344
233,1,746.36474609375,96.10661315917969,46.62994384765625,112.45176696777344
233,3,713.343994140625,84.95924377441406,42.37139892578125,94.86831665039062
233,4,414.01806640625,85.78804016113281,57.9619140625,104.52261352539062
234,1,747.3507080078125,97.1279067993164,48.56109619140625,112.42194366455078
234,3,713.6356201171875,84.85599517822266,45.84991455078125,95.55274200439453
234,4,422.8150939941406,85.94837951660156,50.49151611328125,104.64631652832031
235,1,747.1288452148438,96.29133605957031,52.361328125,112.44105529785156
235,4,431.7311706542969,85.87740325927734,43.66925048828125,105.19934844970703
235,3,713.8970947265625,84.53337860107422,45.39239501953125,95.96636199951172
236,1,746.9193725585938,97.67947387695312,56.24078369140625,111.31617736816406
236,3,714.214111328125,84.22320556640625,47.17694091796875,97.37135314941406
236,4,440.8299560546875,83.27223205566406,38.423248291015625,105.73539733886719
237,1,747.4990234375,97.82610321044922,59.02569580078125,111.55701446533203
237,3,716.4183349609375,84.45902252197266,45.09014892578125,96.0985336303711
237,4,446.5610656738281,83.19132232666016,36.69879150390625,107.21721649169922
238,1,747.5877075195312,97.56861114501953,60.69720458984375,110.71366119384766
238,4,451.71417236328125,83.02777862548828,40.72271728515625,106.26221466064453
238,3,720.1641235351562,82.64972686767578,41.032958984375,94.52083587646484
239,1,749.2840576171875,98.3517074584961,61.21624755859375,110.0296859741211
239,4,451.62811279296875,82.44593048095703,48.310516357421875,107.64066314697266
239,3,725.1591796875,82.6235122680664,37.35321044921875,91.32109832763672
240,1,754.0150146484375,97.52360534667969,60.64923095703125,111.84834289550781
240,4,453.1251525878906,84.10628509521484,61.389556884765625,107.29924774169922
240,3,733.9950561523438,81.23184967041016,33.30706787109375,92.7960433959961
241,1,758.5338134765625,96.04718780517578,57.917236328125,111.90181732177734
241,3,737.1798095703125,81.5111083984375,31.27435302734375,94.19145202636719
241,4,453.4112548828125,84.78480529785156,65.9097900390625,103.32020568847656
242,1,764.4942626953125,95.44196319580078,53.6513671875,110.17684173583984
242,3,737.4998779296875,81.10547637939453,33.2392578125,94.54048919677734
242,4,454.0622253417969,84.85375213623047,69.37496948242188,103.49797821044922
243,1,770.166015625,95.1837387084961,51.7845458984375,108.89067840576172
243,3,737.3348999023438,80.92304229736328,35.74432373046875,93.71843719482422
243,4,457.3490295410156,83.67533111572266,70.21322631835938,105.68798065185547
244,1,775.9169311523438,96.17496490478516,48.36614990234375,108.0768051147461
244,3,737.4404296875,81.0609359741211,38.44384765625,93.9300765991211
244,4,462.9783935546875,83.23369598388672,67.78515625,103.90697479248047
245,1,781.4381713867188,95.68241119384766,45.01947021484375,109.88553619384766
245,3,737.5697631835938,81.83122253417969,41.4288330078125,92.03872680664062
245,4,471.63861083984375,81.51592254638672,59.7474365234375,102.74561309814453
246,1,783.1781616210938,95.35829162597656,45.05572509765625,113.00947570800781
246,3,737.2315673828125,82.44808197021484,44.86077880859375,91.36002349853516
246,4,479.661376953125,80.88233947753906,51.828857421875,102.22023010253906
247,3,737.6566162109375,82.57511138916016,46.341796875,91.15006256103516
247,1,783.3709716796875,95.3627700805664,47.8138427734375,113.2892074584961
247,4,488.6811828613281,80.73658752441406,42.384613037109375,102.87010192871094
248,1,783.5265502929688,95.87960815429688,50.7454833984375,113.1075439453125
248,3,739.6787109375,83.18492126464844,45.581787109375,90.20730590820312
248,4,495.1722717285156,78.71499633789062,40.531463623046875,103.39161682128906
249,1,784.0828857421875,96.01118469238281,52.17266845703125,110.62922668457031
249,4,498.54071044921875,78.23289489746094,39.257080078125,106.42364501953125
249,3,741.065185546875,82.4700698852539,46.5899658203125,91.59680938720703
250,1,784.2628173828125,96.75920104980469,55.5303955078125,109.65180969238281
250,4,500.3743591308594,78.15623474121094,42.904510498046875,106.08184814453125
250,3,744.5258178710938,82.3078842163086,46.1414794921875,92.0302963256836
251,1,784.9274291992188,97.87793731689453,62.0335693359375,107.1069564819336
251,4,501.998779296875,79.2166976928711,46.5546875,105.69042205810547
251,3,747.1265258789062,82.36296081542969,45.8358154296875,91.05509948730469
252,1,785.2949829101562,97.99651336669922,64.37896728515625,106.4783706665039
252,3,751.8320922851562,81.89435577392578,43.43402099609375,90.93546295166016
252,4,502.7802734375,81.27935028076172,55.94781494140625,102.71569061279297
253,1,785.241943359375,98.20929718017578,66.93914794921875,105.40064239501953
253,3,756.8522338867188,81.2009506225586,40.61383056640625,91.94811248779297
253,4,502.48321533203125,81.42630004882812,64.18310546875,102.05221557617188
254,1,786.2036743164062,97.92839050292969,66.323486328125,106.17745971679688
254,3,762.1666259765625,80.59809875488281,37.33526611328125,91.90312194824219
254,4,503.28521728515625,82.00113677978516,67.36444091796875,101.06678009033203
255,1,787.2889404296875,99.64312744140625,66.3897705078125,103.80868530273438
255,3,767.55517578125,80.88692474365234,34.239501953125,90.30327606201172
255,4,506.1596984863281,82.0538101196289,65.40274047851562,101.56681060791016
256,1,791.893798828125,99.25040435791016,63.1790771484375,103.42192840576172
256,4,508.2539978027344,81.33653259277344,64.81912231445312,101.16110229492188
256,3,769.341064453125,80.615478515625,36.26434326171875,90.30686950683594
257,3,770.0765991210938,80.9587173461914,38.96368408203125,89.90035247802734
257,1,794.772705078125,98.65337371826172,60.5411376953125,103.90503692626953
257,4,515.7249145507812,81.86067962646484,58.2314453125,99.12361907958984
258,3,769.618408203125,80.45481872558594,42.82611083984375,90.75694274902344
258,4,522.6954345703125,80.46228790283203,55.02874755859375,99.3726577758789
258,1,798.8975830078125,98.00372314453125,56.7095947265625,105.53282165527344
259,3,769.5552978515625,79.97178649902344,46.3480224609375,92.45722961425781
259,4,531.05029296875,78.91069030761719,50.37664794921875,101.62699890136719
259,1,803.901123046875,98.31537628173828,51.85723876953125,105.45984649658203
260,3,770.1907958984375,80.23747253417969,46.5811767578125,91.28616333007812
260,4,540.116455078125,77.64128875732422,42.91351318359375,102.83837127685547
260,1,809.46337890625,101.02715301513672,46.30328369140625,102.52867889404297
261,3,769.8670043945312,80.04316711425781,48.148193359375,93.01641845703125
261,4,548.1162719726562,77.19446563720703,40.53009033203125,103.1777114868164
261,1,816.1815185546875,101.46088409423828,39.361572265625,102.49018096923828
262,3,771.3739013671875,80.08479309082031,47.1773681640625,92.53541564941406
262,4,551.3067626953125,76.95240020751953,45.230224609375,104.44586944580078
262,1,819.8163452148438,100.60968017578125,35.72332763671875,103.01664733886719
263,4,554.8245239257812,77.28966522216797,50.6739501953125,102.96210479736328
263,3,775.4338989257812,79.8576431274414,43.3038330078125,90.04729461669922
263,1,822.8278198242188,101.19552612304688,32.90667724609375,103.587158203125
264,4,555.2693481445312,77.95299530029297,62.06829833984375,101.71245574951172
264,3,783.6271362304688,79.4540023803711,34.91265869140625,86.68939971923828
264,1,821.814697265625,103.33602905273438,34.0938720703125,102.08917236328125
265,3,786.6212158203125,78.04936981201172,34.04541015625,88.22327423095703
265,4,554.2828979492188,78.8922119140625,67.63812255859375,100.60362243652344
265,1,822.5340576171875,105.36866760253906,33.355224609375,101.43353271484375
266,3,788.4559936523438,77.89275360107422,33.8739013671875,88.83333587646484
266,4,556.8140258789062,79.76092529296875,68.4075927734375,98.39573669433594
266,1,823.1026000976562,104.115478515625,32.810546875,103.03147888183594
267,3,789.6371459960938,77.4085693359375,33.66900634765625,89.53536987304688
267,4,558.5778198242188,79.9214096069336,67.55462646484375,96.98950958251953
267,1,822.6615600585938,103.2873306274414,33.0634765625,101.41039276123047
268,3,789.7537841796875,76.87300109863281,36.56524658203125,90.1688232421875
268,4,562.3892822265625,77.97785949707031,67.0367431640625,98.13194274902344
268,1,824.0357055664062,104.70429992675781,31.69708251953125,100.84553527832031
269,4,570.7393798828125,77.58202362060547,61.36932373046875,98.93152618408203
269,3,789.8158569335938,77.36626434326172,38.2542724609375,88.92571258544922
269,1,827.3240356445312,111.75286865234375,28.4058837890625,94.18153381347656
270,4,577.8218994140625,76.63713073730469,54.87420654296875,99.13526916503906
270,3,790.3809814453125,77.94464874267578,40.28076171875,87.24063873291016
270,1,831.7530517578125,110.57557678222656,24.14862060546875,94.85061645507812
270,5,833.11767578125,162.80445861816406,22.48736572265625,40.87811279296875
271,4,586.4283447265625,75.96998596191406,44.314208984375,98.97700500488281
271,3,790.209228515625,77.42137145996094,42.48541259765625,87.93272399902344
271,1,836.3128051757812,112.49797058105469,19.61810302734375,89.14382934570312
271,5,838.2593383789062,164.4365234375,17.7269287109375,38.93971252441406
272,4,593.9179077148438,74.44622802734375,37.87139892578125,101.43617248535156
272,3,790.7325439453125,77.76388549804688,44.39117431640625,87.29389953613281
272,1,840.7276000976562,113.20539855957031,15.05181884765625,86.28993225097656
273,4,599.068115234375,73.45142364501953,35.5198974609375,104.42476654052734
273,3,791.03466796875,77.33037567138672,46.96173095703125,87.64867401123047
274,4,600.2994995117188,74.43940734863281,39.20953369140625,102.31996154785156
274,3,792.94287109375,77.56610107421875,46.109619140625,86.96505737304688
275,4,600.7337036132812,73.21427154541016,42.80694580078125,103.64432525634766
275,3,796.52587890625,78.07007598876953,43.91204833984375,86.05529022216797
276,3,799.5103759765625,77.5904769897461,43.1630859375,86.1518325805664
276,4,600.3138427734375,75.1512680053711,52.13751220703125,101.20641326904297
277,4,600.320068359375,76.82122039794922,59.49859619140625,98.73754119873047
277,3,804.5957641601562,76.81721496582031,41.1568603515625,86.93934631347656
278,4,600.7308349609375,76.50411987304688,63.18646240234375,99.42996215820312
278,3,809.2208862304688,76.46666717529297,37.73046875,86.95038604736328
279,3,812.5709228515625,76.41000366210938,35.8037109375,86.10063171386719
279,4,602.570068359375,77.57752227783203,62.1163330078125,97.81220245361328
280,3,817.2205810546875,76.81573486328125,33.6925048828125,85.40638732910156
280,4,603.6569213867188,76.81685638427734,62.15545654296875,98.15274810791016
281,3,817.192138671875,77.01783752441406,37.82403564453125,85.44259643554688
281,4,609.3787841796875,76.84404754638672,57.24676513671875,98.19853973388672
282,3,817.9114990234375,77.51863861083984,37.67987060546875,84.53841400146484
282,4,618.183837890625,75.97291564941406,50.7774658203125,97.76025390625
283,3,817.1762084960938,77.72647094726562,38.36334228515625,84.32881164550781
283,4,624.9397583007812,76.43561553955078,46.2049560546875,97.6663589477539
284,4,632.7161865234375,73.11504364013672,43.42333984375,101.57660675048828
284,3,817.53515625,77.51567077636719,37.93560791015625,84.26518249511719
285,4,640.5606079101562,74.229736328125,37.423583984375,98.28285217285156
285,3,817.8785400390625,77.09817504882812,37.534423828125,84.37916564941406
286,4,646.4899291992188,73.32193756103516,37.83154296875,99.87641143798828
286,3,818.6478271484375,76.66998291015625,36.95697021484375,85.41156005859375
287,4,649.6154174804688,73.4151382446289,41.18560791015625,97.62676239013672
287,3,821.7850952148438,76.00347900390625,33.81640625,86.42153930664062
288,4,648.9178466796875,74.8266372680664,55.3978271484375,97.9797592163086
288,3,829.4006958007812,76.75459289550781,26.32891845703125,82.99946594238281
289,4,650.2639770507812,75.49317932128906,58.7998046875,97.27459716796875
289,3,831.13671875,79.61624908447266,24.59759521484375,80.95758819580078
290,4,650.4418334960938,75.32691955566406,61.4998779296875,100.15425109863281
290,3,834.2315063476562,83.9725112915039,21.4481201171875,76.21356964111328
291,4,650.9010009765625,76.90174865722656,64.00341796875,96.21231079101562
291,3,835.2247314453125,85.62178039550781,20.53515625,75.61738586425781
292,4,655.041015625,73.71334838867188,62.6300048828125,99.24647521972656
292,3,834.4702758789062,88.53733825683594,21.294189453125,73.38168334960938
293,4,661.150390625,71.78931427001953,57.21533203125,99.6758041381836
293,3,836.0025634765625,97.59278106689453,19.75750732421875,61.906455993652344
294,4,668.0443725585938,72.49504089355469,51.97991943359375,95.51948547363281
294,3,835.518310546875,102.43157958984375,20.13531494140625,57.28471374511719
295,4,676.8648681640625,69.91282653808594,43.50042724609375,97.01371765136719
295,3,835.7264404296875,106.7538070678711,19.92926025390625,52.179100036621094
296,4,683.67236328125,69.91472625732422,36.154052734375,96.4219741821289
296,3,837.0936889648438,111.69432830810547,18.6044921875,47.59630584716797
297,4,686.3507690429688,70.01788330078125,34.7340087890625,99.78904724121094
297,3,837.8731079101562,116.16226196289062,17.87664794921875,42.0302734375
298,4,687.2051391601562,70.20291137695312,37.1807861328125,99.10214233398438
298,3,838.7874755859375,126.07748413085938,16.952392578125,32.2938232421875
299,4,687.8385009765625,71.70722961425781,40.7156982421875,97.10043334960938
299,3,839.9619140625,131.4160614013672,15.7740478515625,27.58221435546875
300,4,688.4376220703125,71.2496337890625,47.35565185546875,97.181396484375
300,3,843.1590576171875,134.83905029296875,12.66015625,24.212860107421875
301,4,687.87451171875,72.67115783691406,53.7366943359375,95.4036865234375
302,4,688.3442993164062,73.4764633178711,56.35821533203125,94.88970184326172
303,4,687.4034423828125,74.72547912597656,58.76116943359375,93.88365173339844
304,4,690.041748046875,74.44798278808594,59.79254150390625,93.33769226074219
305,4,694.955810546875,74.09855651855469,56.57843017578125,92.70315551757812
306,4,702.0473022460938,74.958984375,54.0543212890625,91.51588439941406
307,4,709.3952026367188,72.85792541503906,50.0517578125,94.0078125
308,4,716.8680419921875,70.93596649169922,46.46343994140625,95.95243072509766
309,4,724.4072265625,71.69474029541016,41.42706298828125,94.5063247680664
310,4,731.1988525390625,71.14328002929688,38.34503173828125,95.00314331054688
311,4,733.2382202148438,70.34375,41.54461669921875,95.35777282714844
312,4,732.4067993164062,73.11593627929688,52.04559326171875,92.56365966796875
313,4,734.228759765625,72.99115753173828,55.08551025390625,91.7833480834961
314,4,735.0635986328125,73.4220962524414,59.6912841796875,90.44141387939453
315,4,735.3742065429688,74.57303619384766,63.2744140625,89.9354476928711
316,4,737.982177734375,74.6622543334961,62.3116455078125,89.14423370361328
317,4,744.75341796875,73.18378448486328,57.63201904296875,89.67450714111328
318,4,750.3294067382812,72.53289031982422,52.22564697265625,89.92423248291016
319,4,756.7449951171875,74.14197540283203,45.33306884765625,89.39124298095703
320,4,764.5027465820312,72.44029235839844,38.26751708984375,87.91592407226562
321,4,768.9888916015625,69.60313415527344,34.78271484375,95.99473571777344
322,4,769.67626953125,70.27059936523438,37.6607666015625,94.3714599609375
323,4,769.5498046875,70.13800048828125,40.088623046875,93.96307373046875
324,4,769.4471435546875,71.87947845458984,45.28070068359375,91.79610443115234
325,4,769.6378173828125,74.4394302368164,50.95220947265625,88.14876556396484
326,4,769.8869018554688,75.02885437011719,53.9189453125,87.35346984863281
327,4,770.2174682617188,73.59967803955078,54.28973388671875,88.25243377685547
328,4,773.1709594726562,74.23580169677734,53.43963623046875,87.93399810791016
329,4,777.659912109375,75.17838287353516,52.54876708984375,87.29283905029297
330,4,783.2483520507812,72.7443618774414,51.98388671875,90.14911651611328
331,4,789.037109375,72.74347686767578,50.34564208984375,90.39740753173828
332,4,796.9249877929688,71.33061218261719,43.98846435546875,92.0321044921875
333,4,803.6356811523438,70.86495208740234,38.50897216796875,91.57941436767578
334,4,808.91357421875,70.42352294921875,37.60302734375,93.2115478515625
335,4,811.205810546875,70.59575653076172,39.92352294921875,91.41742706298828
336,4,811.4981689453125,72.6321029663086,44.1591796875,87.6739273071289
337,4,811.0646362304688,72.76435089111328,43.55859375,87.2820816040039
338,4,812.8256225585938,74.6944580078125,42.5380859375,85.03842163085938
339,4,815.4473876953125,75.09928131103516,40.267333984375,85.72545623779297
340,4,818.72900390625,74.62518310546875,36.87921142578125,86.14936828613281
341,4,823.370361328125,74.34342956542969,32.1488037109375,85.90118408203125
342,4,828.6093139648438,81.83716583251953,26.8956298828125,78.28382110595703
343,4,834.4299926757812,81.7270736694336,21.1842041015625,77.9448471069336
344,4,839.7176513671875,81.00859069824219,16.00299072265625,78.56411743164062
345,4,840.7098388671875,83.34646606445312,15.0018310546875,73.88395690917969
346,4,841.06884765625,86.85301208496094,14.58612060546875,69.766845703125
347,4,841.1588745117188,90.26380920410156,14.44622802734375,66.31558227539062
348,4,840.89111328125,93.85226440429688,14.82977294921875,62.252166748046875
349,4,839.20556640625,101.12553405761719,16.46142578125,54.8087158203125
353,6,0.0,198.48358154296875,22.76340103149414,63.9708251953125
354,6,0.0,193.2804718017578,31.098581314086914,67.16621398925781
355,6,0.0,186.5260772705078,37.83795166015625,72.28300476074219
356,6,0.0,182.0039520263672,42.030269622802734,75.64237976074219
357,6,0.0,174.907470703125,44.62355422973633,83.10940551757812
358,6,0.0,156.9384765625,45.985408782958984,103.15420532226562
359,6,0.15514642000198364,149.91293334960938,46.65556067228317,110.18817138671875
360,6,0.03763606771826744,149.25262451171875,47.468883249908686,108.3045654296875
361,6,0.32259413599967957,148.54641723632812,46.018710643053055,109.70050048828125
362,6,0.5034707188606262,147.34852600097656,46.189259231090546,110.57862854003906
363,6,4.100581169128418,146.09144592285156,45.460434913635254,112.15650939941406
364,6,7.4674391746521,145.30796813964844,45.16251230239868,112.65202331542969
365,6,10.908663749694824,145.22518920898438,53.033833503723145,111.60140991210938
366,6,15.014704704284668,146.00132751464844,60.58374500274658,110.90650939941406
367,6,18.99648666381836,145.77554321289062,62.83456802368164,111.64437866210938
368,6,21.582548141479492,144.9957733154297,65.31732368469238,112.77455139160156
369,6,26.199127197265625,145.0508575439453,62.57550048828125,112.11253356933594
370,6,27.530405044555664,142.5928192138672,63.83932304382324,113.83055114746094
371,6,29.592267990112305,143.06640625,61.34139442443848,112.74638366699219
372,6,32.7718505859375,141.174072265625,59.127349853515625,114.38917541503906
373,6,39.21886444091797,140.1595916748047,52.27576446533203,112.48139953613281
374,6,43.25700759887695,139.16246032714844,47.41038131713867,111.9326171875
375,6,47.237308502197266,137.52435302734375,40.46774673461914,114.49465942382812
376,6,50.717552185058594,137.08102416992188,39.19843292236328,113.19422912597656
377,6,54.369300842285156,135.95269775390625,40.751220703125,114.52711486816406
378,6,58.06336212158203,136.6826629638672,44.93067932128906,111.95083618164062
379,6,61.77217483520508,137.25125122070312,53.63594436645508,110.75691223144531
380,6,63.39466094970703,137.1746826171875,62.882972717285156,111.76864624023438
381,6,66.93433380126953,137.2860107421875,66.89437103271484,109.77088928222656
382,6,69.02783203125,137.4616241455078,66.93867492675781,109.26814270019531
383,6,71.76506805419922,136.4593963623047,64.64185333251953,108.82682800292969
384,6,77.28060150146484,134.7056427001953,60.55718231201172,109.68104553222656
385,6,83.78240966796875,133.45608520507812,53.982391357421875,109.18377685546875
386,6,88.97227478027344,132.7704620361328,48.69073486328125,109.61604309082031
387,6,94.17719268798828,132.45982360839844,42.519309997558594,109.91793823242188
388,6,98.00515747070312,131.86868286132812,38.74589538574219,111.64492797851562
389,6,100.71402740478516,131.10609436035156,39.647804260253906,112.92985534667969
390,6,105.32493591308594,131.11175537109375,39.63267517089844,111.31822204589844
391,6,108.0307388305664,130.77586364746094,48.641014099121094,111.19683837890625
392,6,112.41796875,130.17575073242188,53.34754943847656,111.33853149414062
393,6,115.06180572509766,129.6525421142578,58.87908172607422,112.34548950195312
394,6,118.30601501464844,129.66049194335938,61.43797302246094,111.98533630371094
395,6,119.71588897705078,129.14939880371094,61.17693328857422,112.43232727050781
396,6,120.48973846435547,128.7241973876953,61.601478576660156,112.93460083007812
397,6,122.53271484375,128.38095092773438,59.94459533691406,113.57133483886719
398,6,127.29329681396484,126.86543273925781,55.42517852783203,113.77716064453125
399,6,134.87689208984375,125.54882049560547,47.08482360839844,111.45844268798828
400,6,139.84193420410156,124.48321533203125,41.77113342285156,110.10719299316406
401,6,144.8907012939453,123.12029266357422,36.1163330078125,110.5162582397461
402,6,148.0916748046875,122.92920684814453,37.150909423828125,110.34882354736328
403,6,152.2810516357422,122.52595520019531,38.37852478027344,110.51919555664062
404,6,155.85337829589844,121.7366943359375,41.46537780761719,110.83291625976562
405,6,157.9713592529297,121.91552734375,51.772735595703125,110.61781311035156
406,6,158.82777404785156,121.81748962402344,60.869232177734375,110.84327697753906
407,6,160.93118286132812,122.7495346069336,63.5010986328125,108.73331451416016
408,6,164.54916381835938,122.24002838134766,63.8056640625,109.27071380615234
409,6,166.775634765625,121.83526611328125,61.91896057128906,108.56123352050781
410,6,168.11705017089844,120.7252426147461,61.276092529296875,108.76947784423828
411,6,177.29486083984375,119.58545684814453,51.395263671875,108.9001693725586
412,6,184.010986328125,119.17926025390625,42.672607421875,107.72395324707031
413,6,189.50619506835938,118.18389892578125,36.61323547363281,108.305419921875
414,6,194.8307647705078,117.3000717163086,33.25108337402344,108.9619369506836
415,6,198.3827362060547,116.1700439453125,33.793548583984375,109.07827758789062
416,6,201.22457885742188,116.3143539428711,36.175445556640625,111.57561492919922
417,6,204.342041015625,116.36648559570312,40.799346923828125,112.66157531738281
418,6,207.88125610351562,116.2627944946289,49.76287841796875,110.8964614868164
419,6,209.6650848388672,116.96212768554688,52.91468811035156,109.84495544433594
420,6,209.90545654296875,116.74909210205078,59.153839111328125,109.62006378173828
421,6,210.19444274902344,115.7518539428711,60.67417907714844,110.07329559326172
422,6,210.5406494140625,114.81957244873047,61.848114013671875,111.41460418701172
423,6,214.33522033691406,114.43700408935547,57.97068786621094,110.85077667236328
424,6,217.4863739013672,113.21644592285156,54.70426940917969,111.19706726074219
425,6,226.90838623046875,112.09869384765625,45.52362060546875,108.94781494140625
426,6,234.1998291015625,111.87418365478516,38.024993896484375,107.2287826538086
427,6,238.6708221435547,111.2663803100586,34.29447937011719,107.64710235595703
428,6,242.69271850585938,111.62266540527344,33.512603759765625,107.30612182617188
429,6,247.37066650390625,112.05502319335938,33.79498291015625,107.44068908691406
430,6,251.4354705810547,111.72550201416016,35.62937927246094,106.38068389892578
431,6,253.5186004638672,111.12847137451172,44.08274841308594,106.6597671508789
432,6,255.52096557617188,110.31947326660156,59.42584228515625,106.49003601074219
433,6,256.21160888671875,110.45831298828125,61.524078369140625,105.63638305664062
433,7,0.07702472805976868,202.71334838867188,11.735728949308395,51.237823486328125
434,6,256.8394470214844,110.2676773071289,62.818328857421875,104.56749725341797
434,7,0.11004971712827682,196.564453125,14.857643611729145,56.52223205566406
435,6,258.89013671875,109.48971557617188,60.7850341796875,104.29341125488281
435,7,0.08986303210258484,191.32492065429688,25.917270451784134,57.744964599609375
436,6,259.1283264160156,110.04495239257812,60.5587158203125,104.72453308105469
436,7,0.02201836183667183,146.7696533203125,36.45261771604419,102.53097534179688
437,6,267.86279296875,110.18669128417969,51.079376220703125,102.42288208007812
437,7,0.0,141.1150360107422,46.461177825927734,108.99038696289062
438,6,273.82000732421875,109.40535736083984,42.95159912109375,103.33634185791016
438,7,0.0035995724610984325,141.4298553466797,50.2205329653807,109.10952758789062
439,7,0.0,142.554931640625,54.6703987121582,108.70440673828125
439,6,280.2677307128906,108.41714477539062,38.2530517578125,102.49859619140625
440,6,288.2600402832031,107.30953216552734,32.013214111328125,102.10540008544922
440,7,0.0,142.6285858154297,57.2777214050293,111.82844543457031
441,7,0.04269995912909508,140.3567352294922,56.17138085141778,110.23448181152344
441,6,292.869384765625,106.58367156982422,31.3072509765625,103.59046173095703
442,7,0.2477378249168396,138.94677734375,56.48579794168472,112.32441711425781
442,6,295.9142761230469,106.15825653076172,32.398681640625,104.85443878173828
443,7,0.8005005121231079,136.69813537597656,56.473101019859314,113.27008056640625
443,6,299.350830078125,106.00806427001953,34.1405029296875,105.23065948486328
444,7,3.2217347621917725,135.24513244628906,54.95066285133362,111.61271667480469
444,6,301.68017578125,105.56095123291016,43.529052734375,104.95433807373047
445,7,5.928355693817139,135.38809204101562,51.1133770942688,110.6563720703125
445,6,301.1551513671875,105.8097152709961,50.14715576171875,104.4875259399414
446,7,8.82432746887207,134.02479553222656,42.684404373168945,109.40957641601562
446,6,301.4389953613281,105.77987670898438,54.2686767578125,104.84596252441406
447,7,13.53564453125,134.61595153808594,44.806583404541016,113.97767639160156
447,6,301.2406005859375,105.7291030883789,58.04547119140625,104.8636245727539
448,7,16.851165771484375,133.52011108398438,48.176979064941406,113.27204895019531
448,6,301.50885009765625,104.19508361816406,59.1324462890625,106.443359375
449,7,20.134868621826172,133.3219757080078,56.0976676940918,112.97367858886719
449,6,305.263427734375,103.64784240722656,55.522735595703125,106.76303100585938
450,7,22.458498001098633,136.20999145507812,63.13155174255371,109.24021911621094
450,6,309.39117431640625,102.48194122314453,51.33233642578125,106.7170639038086
451,7,26.13245391845703,134.24795532226562,69.3342056274414,111.04563903808594
451,6,317.68975830078125,101.38557434082031,43.529388427734375,105.01467895507812
452,7,30.80012321472168,134.90744018554688,67.25882148742676,109.2952880859375
452,6,323.966552734375,101.22189331054688,37.52227783203125,104.25987243652344
453,7,35.55146789550781,133.5153350830078,65.585693359375,110.17195129394531
453,6,331.5623779296875,99.7879867553711,33.066680908203125,105.00452423095703
454,7,37.07182312011719,133.4730987548828,65.85102081298828,110.17240905761719
454,6,337.2871398925781,99.04378509521484,31.46380615234375,103.67729949951172
455,7,41.02997589111328,130.6844940185547,62.156097412109375,112.97189331054688
455,6,339.73590087890625,99.20448303222656,32.855194091796875,104.9171142578125
456,7,49.49794387817383,130.65087890625,53.27804183959961,113.82966613769531
456,6,343.2913818359375,99.67298889160156,46.186798095703125,104.23629760742188
457,7,52.54704284667969,131.66268920898438,50.66508483886719,112.81210327148438
457,6,342.84375,100.0030288696289,57.15313720703125,102.93682098388672
458,7,54.05857849121094,130.9584503173828,45.325531005859375,111.06204223632812
458,6,342.9012145996094,100.32979583740234,62.2579345703125,102.50279998779297
459,7,57.33540725708008,129.44515991210938,46.542659759521484,113.47145080566406
459,6,343.40057373046875,99.96662139892578,64.07666015625,102.6184310913086
460,7,60.905113220214844,129.4644012451172,51.75255584716797,112.823486328125
460,6,343.534423828125,100.43296813964844,63.79486083984375,101.25868225097656
461,7,64.11443328857422,128.95501708984375,59.66240692138672,112.27774047851562
461,6,344.0003356933594,99.86380004882812,62.4393310546875,101.9345703125
462,7,68.85680389404297,129.4979248046875,66.2212142944336,112.57395935058594
462,6,349.4188537597656,99.76300811767578,56.075469970703125,101.43744659423828
463,6,357.8575134277344,99.47753143310547,48.665374755859375,101.26282501220703
463,7,72.46365356445312,128.95875549316406,69.88308715820312,113.1741943359375
464,7,76.85490417480469,131.39804077148438,66.25042724609375,109.31324768066406
464,6,363.463623046875,98.24610900878906,44.193328857421875,102.20347595214844
465,6,370.4156799316406,97.05643463134766,39.86199951171875,103.43915557861328
465,7,79.61141204833984,132.62945556640625,66.01525115966797,107.58230590820312
466,7,83.83787536621094,128.9082794189453,68.19923400878906,112.80508422851562
466,6,379.6865234375,96.35319519042969,32.712646484375,104.10795593261719
467,7,87.15840148925781,127.21194458007812,64.281982421875,114.51249694824219
467,6,386.19036865234375,96.20814514160156,30.618255615234375,103.76300048828125
468,7,91.56828308105469,126.64314270019531,60.33966064453125,114.28663635253906
468,6,389.21453857421875,96.01814270019531,33.36517333984375,105.09547424316406
469,6,389.7546691894531,95.29840087890625,39.028228759765625,104.98599243164062
469,7,96.8135986328125,125.31385803222656,54.19248962402344,112.67086791992188
470,7,102.23014068603516,124.60237121582031,49.300437927246094,109.583740234375
470,6,389.4425354003906,95.39350891113281,45.487640380859375,104.81843566894531
471,7,104.50994873046875,123.27716064453125,46.31910705566406,112.32931518554688
471,6,389.3201904296875,94.84100341796875,51.929290771484375,106.14605712890625
472,7,106.82473754882812,122.62101745605469,47.01356506347656,108.23786926269531
472,6,389.59478759765625,95.07139587402344,56.89990234375,104.61943054199219
473,7,118.40864562988281,122.93341064453125,38.86628723144531,111.23590087890625
473,6,390.2448425292969,94.79996490478516,58.58966064453125,103.8023452758789
474,7,119.08320617675781,120.89071655273438,46.43165588378906,111.44549560546875
474,6,390.9592590332031,93.87505340576172,59.194000244140625,105.92186737060547
475,7,124.16764831542969,122.74398040771484,51.38166809082031,110.10672760009766
475,6,392.9130554199219,93.4908218383789,58.981353759765625,105.4190444946289
476,7,128.25816345214844,120.8316650390625,58.61341857910156,112.74528503417969
476,6,399.9782409667969,92.9371109008789,53.05157470703125,106.2870101928711
477,7,130.53758239746094,120.75603485107422,63.57330322265625,110.27791595458984
477,6,408.646728515625,91.71672058105469,44.26116943359375,106.22392272949219
478,7,131.2296600341797,123.36663055419922,65.54196166992188,108.20722198486328
478,6,415.1722717285156,91.5470199584961,37.134307861328125,102.28179168701172
479,7,133.05972290039062,121.50885009765625,66.62004089355469,109.28010559082031
479,6,426.045166015625,89.58782196044922,28.05133056640625,103.23737335205078
480,7,139.99090576171875,122.48351287841797,59.396148681640625,107.8827896118164
480,6,431.8472595214844,89.17731475830078,31.35009765625,105.71569061279297
481,7,146.3948974609375,119.04570007324219,53.515228271484375,110.24752807617188
481,6,432.3883361816406,89.3179702758789,35.664825439453125,106.55216217041016
482,7,153.2867889404297,118.54884338378906,47.40660095214844,111.58203125
482,6,432.76806640625,89.40872955322266,45.735504150390625,104.4653091430664
483,7,158.2080078125,117.98462677001953,41.501922607421875,111.4317855834961
483,6,431.44189453125,89.80342864990234,56.649139404296875,104.6698989868164
484,6,431.9165954589844,90.24411010742188,60.02783203125,104.37220764160156
484,7,158.9682159423828,115.88558197021484,41.9766845703125,113.76741790771484
485,6,431.77288818359375,90.78276062011719,60.3260498046875,103.3138427734375
485,7,164.06045532226562,115.81303405761719,40.82508850097656,113.31716918945312
486,7,167.8459014892578,115.35169982910156,44.383087158203125,111.60530090332031
486,6,431.5429992675781,90.58626556396484,60.35723876953125,102.30138397216797
487,7,168.4148406982422,116.94193267822266,55.01649475097656,109.17241668701172
487,6,433.9058532714844,90.08767700195312,57.885894775390625,101.92132568359375
488,7,175.57003784179688,117.01744079589844,58.571014404296875,110.30244445800781
488,6,439.95703125,90.10066223144531,51.166259765625,102.07102966308594
489,7,177.92092895507812,116.62198638916016,62.473052978515625,111.4218978881836
489,6,447.37982177734375,89.17717742919922,44.850921630859375,102.77384185791016
490,7,180.27137756347656,115.76065826416016,62.91026306152344,111.7170181274414
490,6,453.16973876953125,88.64764404296875,40.464935302734375,103.95840454101562
491,7,179.8572998046875,115.95225524902344,65.9229736328125,111.58602905273438
491,6,461.84674072265625,87.43794250488281,34.2117919921875,103.41044616699219
492,7,184.24362182617188,115.27349090576172,62.1051025390625,113.17240142822266
492,6,469.693603515625,87.26798248291016,29.6646728515625,102.2542495727539
493,7,187.61932373046875,113.63761138916016,58.76808166503906,112.6494369506836
493,6,475.67144775390625,87.88185119628906,30.140777587890625,103.51841735839844
494,7,193.69175720214844,112.8631591796875,53.340240478515625,110.05738830566406
494,6,476.45660400390625,87.1637954711914,36.19195556640625,104.00992584228516
495,7,199.12318420410156,111.5044174194336,49.2012939453125,111.89713287353516
495,6,475.69537353515625,87.54046630859375,43.28179931640625,103.08056640625
496,7,207.14979553222656,111.15898132324219,40.83305358886719,109.51629638671875
496,6,475.32220458984375,88.58879089355469,46.9552001953125,102.28439331054688
497,7,208.759765625,111.01497650146484,37.6793212890625,108.53510284423828
497,6,475.3511657714844,88.07048797607422,53.022125244140625,103.2597885131836
498,7,211.49063110351562,109.2825698852539,42.17427062988281,111.54602813720703
498,6,475.9734191894531,88.0932846069336,54.970550537109375,102.30243682861328
499,7,219.18313598632812,109.3349380493164,40.03045654296875,111.8602066040039
499,6,476.5148620605469,87.6809310913086,57.122467041015625,102.47734832763672
500,7,221.17425537109375,109.74329376220703,48.465972900390625,110.2308578491211
500,6,478.3323669433594,87.2292251586914,57.679351806640625,102.39800262451172
501,7,223.0356903076172,110.14488220214844,57.12596130371094,108.47935485839844
501,6,484.158203125,86.35245513916016,55.48748779296875,102.9718246459961
502,7,226.36959838867188,111.07197570800781,62.267364501953125,107.29856872558594
502,6,492.0621643066406,85.48248291015625,47.908050537109375,101.38250732421875
503,7,227.27035522460938,110.58922576904297,62.551116943359375,107.77465057373047
503,6,497.1176452636719,84.84307098388672,43.265350341796875,102.12345123291016
504,7,229.82046508789062,111.2947998046875,65.2677001953125,105.99465942382812
504,6,512.66015625,83.45419311523438,28.96075439453125,102.05435180664062
505,7,234.8392333984375,109.10150146484375,63.07037353515625,108.42234802246094
505,6,514.6669921875,83.5203628540039,30.31072998046875,104.4488754272461
506,6,514.9308471679688,83.50627899169922,33.49334716796875,103.7764663696289
506,7,242.5166015625,109.48102569580078,54.378875732421875,106.89032745361328
507,6,514.7864379882812,83.80762481689453,40.08831787109375,103.15384674072266
507,7,248.05715942382812,108.23148345947266,49.205841064453125,108.03331756591797
508,6,514.4217529296875,84.64835357666016,50.93536376953125,102.38060760498047
508,7,253.37461853027344,107.53449249267578,44.35700988769531,107.4395523071289
509,7,257.868408203125,105.82550811767578,38.0716552734375,106.95355987548828
509,6,514.9640502929688,84.21240234375,55.23333740234375,101.43016052246094
510,6,514.3834228515625,84.08943939208984,58.15704345703125,101.67530059814453
510,7,260.6019287109375,104.90436553955078,39.839141845703125,108.44245147705078
511,7,266.2789611816406,104.20660400390625,40.0535888671875,108.40141296386719
511,6,515.2518310546875,84.65979766845703,57.54949951171875,101.1911392211914
512,7,273.9346008300781,103.83082580566406,43.789398193359375,109.30827331542969
512,6,517.765380859375,84.56550598144531,53.18206787109375,100.21067810058594
513,7,272.7343444824219,105.41223907470703,53.278167724609375,107.52118682861328
513,6,520.519775390625,84.21995544433594,51.0220947265625,100.32057189941406
514,7,274.2676696777344,105.75662994384766,59.7520751953125,107.81372833251953
514,6,527.991943359375,83.76968383789062,45.83782958984375,100.44407653808594
515,7,277.6256103515625,104.69142150878906,60.29779052734375,109.81170654296875
515,6,533.2301025390625,82.79058837890625,41.89569091796875,102.13107299804688
516,7,277.364990234375,104.87651062011719,63.611297607421875,108.96043395996094
516,6,540.8099365234375,82.84176635742188,36.5606689453125,100.96783447265625
517,6,547.4363403320312,82.04973602294922,32.702392578125,101.20938873291016
517,7,280.4044189453125,104.1628189086914,61.99395751953125,107.0672378540039
518,6,555.9640502929688,81.79109954833984,27.97723388671875,101.01575469970703
518,7,281.79931640625,103.52570343017578,61.30950927734375,107.54981231689453
519,6,556.9154663085938,82.53962707519531,35.71343994140625,100.85023498535156
519,7,288.9272766113281,101.6552963256836,54.611175537109375,108.35552215576172
520,6,556.4368896484375,81.80741882324219,41.30999755859375,101.21037292480469
520,7,296.7378234863281,102.00536346435547,47.2099609375,105.39134979248047
521,7,302.4529724121094,100.85570526123047,42.535400390625,105.70088958740234
521,6,555.2635498046875,82.10440826416016,47.89447021484375,101.29947662353516
522,6,555.480224609375,82.55473327636719,51.95074462890625,100.75143432617188
522,7,306.8179626464844,96.84358978271484,38.506500244140625,109.66251373291016
523,7,311.19085693359375,97.42113494873047,38.6119384765625,109.8827896118164
523,6,555.2030029296875,82.36744689941406,54.06280517578125,100.89378356933594
524,6,556.1189575195312,82.19168853759766,56.129150390625,100.6057357788086
524,7,315.207763671875,99.00550079345703,38.7120361328125,108.83414459228516
525,6,557.5631103515625,81.9604263305664,57.15576171875,99.6615982055664
525,7,316.8787536621094,97.45174407958984,43.884674072265625,109.09693145751953
526,6,562.2863159179688,81.99117279052734,53.28314208984375,98.89139556884766
526,7,321.5289001464844,99.79747772216797,49.74322509765625,107.02478790283203
527,6,569.9783935546875,80.8758544921875,46.1776123046875,97.5950927734375
527,7,323.2469177246094,98.90288543701172,57.87908935546875,107.87439727783203
528,7,326.3682861328125,100.90339660644531,63.938385009765625,104.83187866210938
528,6,580.9071044921875,78.53836059570312,34.849609375,97.87236022949219
529,6,588.6144409179688,77.7608642578125,28.381103515625,98.93392944335938
529,7,326.5375061035156,98.63089752197266,64.91159057617188,107.13219451904297
530,7,329.403076171875,98.97920227050781,62.439483642578125,105.96574401855469
530,6,590.5511474609375,78.000244140625,29.60174560546875,100.28190612792969
531,7,335.0853576660156,97.684814453125,57.47772216796875,108.367919921875
531,6,592.492431640625,77.19780731201172,30.46978759765625,100.06446075439453
532,6,592.0198974609375,77.78915405273438,34.582763671875,98.94586181640625
532,7,340.6468505859375,95.64176940917969,52.626708984375,109.51498413085938
533,6,591.730712890625,78.67015838623047,40.605712890625,98.41776275634766
533,7,348.645751953125,95.67729187011719,45.631591796875,108.23518371582031
534,6,591.7334594726562,79.08348083496094,46.31158447265625,97.50787353515625
534,7,355.38739013671875,95.45603942871094,41.53466796875,108.5706787109375
535,6,591.6627807617188,79.15775299072266,48.1512451171875,97.31522369384766
535,7,360.231689453125,93.98692321777344,39.473663330078125,109.99722290039062
536,7,368.69549560546875,94.4656753540039,35.437042236328125,107.67017364501953
536,6,591.7640380859375,79.18540954589844,48.88330078125,98.01303100585938
537,6,592.6281127929688,79.20277404785156,49.5032958984375,96.66191101074219
537,7,369.2734680175781,94.77012634277344,40.625732421875,106.77992248535156
538,6,595.5574951171875,78.68769836425781,46.22882080078125,95.96784973144531
538,7,369.9480895996094,94.15479278564453,47.551849365234375,107.28870391845703
539,7,372.55279541015625,95.12775421142578,52.86041259765625,105.98790740966797
539,6,599.1293334960938,78.51025390625,45.52935791015625,95.14993286132812
540,7,372.62017822265625,95.79425048828125,57.560760498046875,105.40576171875
540,6,605.5848388671875,77.9114761352539,41.88299560546875,95.49449920654297
541,7,372.6440734863281,95.033203125,61.53912353515625,106.69317626953125
541,6,610.0335693359375,77.64270782470703,40.120361328125,95.76868438720703
542,7,374.3343505859375,94.5387191772461,61.520843505859375,107.56876373291016
542,6,616.2739868164062,76.32103729248047,36.0003662109375,96.69361114501953
543,7,377.42059326171875,92.48934936523438,59.67718505859375,109.63320922851562
543,6,623.435791015625,76.00398254394531,31.70904541015625,94.90348815917969
544,7,384.3097229003906,93.68588256835938,54.61138916015625,105.15350341796875
544,6,627.0108642578125,75.98152160644531,32.52630615234375,96.61672973632812
545,6,626.9129638671875,75.98072814941406,37.8470458984375,95.29414367675781
545,7,393.3533935546875,92.14728546142578,46.6434326171875,103.0808334350586
546,6,626.886962890625,76.07418060302734,42.23846435546875,95.51183319091797
546,7,398.7822570800781,90.69462585449219,42.91729736328125,103.72706604003906
547,6,626.2174682617188,75.98802185058594,47.1683349609375,95.14645385742188
547,7,403.6989440917969,90.20882415771484,40.91131591796875,107.04776763916016
548,6,625.9506225585938,76.57537841796875,50.923828125,94.18605041503906
548,7,407.7831115722656,89.75399780273438,41.0281982421875,105.26492309570312
549,6,627.1487426757812,76.39641571044922,52.68487548828125,95.11119842529297
549,7,414.0320739746094,87.61176300048828,37.838104248046875,108.88134002685547
550,7,415.6073913574219,88.91439056396484,39.920166015625,106.23790740966797
550,6,628.02392578125,76.00407409667969,54.482666015625,95.06324768066406
551,6,628.7216186523438,75.51719665527344,54.79986572265625,95.27548217773438
551,7,418.0160827636719,89.52254486083984,47.189422607421875,105.46956634521484
552,6,641.3233032226562,74.12371826171875,43.5592041015625,91.899658203125
552,7,418.453857421875,92.45020294189453,61.789093017578125,101.14118194580078
553,7,418.33428955078125,90.76359558105469,64.1806640625,103.18135070800781
553,6,646.117431640625,73.04447174072266,39.03570556640625,93.02472686767578
554,7,420.2127990722656,91.48062896728516,63.278350830078125,102.0365219116211
554,6,651.0279541015625,72.3963851928711,32.97760009765625,93.47199249267578
555,7,424.6546936035156,90.8554916381836,59.394256591796875,102.68668365478516
555,6,655.822998046875,71.51856231689453,30.63653564453125,95.43941497802734
556,7,429.2281494140625,88.86932373046875,56.011810302734375,104.05671691894531
556,6,658.42578125,71.44381713867188,30.50067138671875,95.67916870117188
557,7,435.4372253417969,88.21663665771484,50.868927001953125,104.8688735961914
557,6,658.4329833984375,71.59563446044922,32.76385498046875,95.0669937133789
558,7,442.7490539550781,88.8165512084961,47.462249755859375,103.45384979248047
558,6,658.2754516601562,72.27217864990234,35.8538818359375,93.41570281982422
559,7,450.6058654785156,87.1775131225586,42.711334228515625,106.24608612060547
559,6,658.6976318359375,72.25015258789062,38.59197998046875,92.79142761230469
560,7,456.9367370605469,85.37007141113281,39.9012451171875,106.25640869140625
560,6,658.1617431640625,72.22026062011719,44.681884765625,92.24258422851562
561,6,659.2924194335938,71.7811508178711,45.7166748046875,93.77010345458984
561,7,462.74359130859375,86.07001495361328,38.316986083984375,106.1144027709961
562,6,658.9884643554688,72.03485870361328,46.66168212890625,93.48395538330078
562,7,465.4737854003906,86.32247161865234,39.645965576171875,104.64005279541016
563,6,661.571044921875,72.59083557128906,46.38275146484375,92.87782287597656
563,7,465.37445068359375,85.80766296386719,48.0260009765625,106.46235656738281
564,7,467.1734924316406,87.36089324951172,50.299530029296875,105.04793548583984
564,6,662.4755249023438,71.93612670898438,50.12408447265625,92.58534240722656
565,7,467.4293518066406,87.1767807006836,54.611602783203125,103.86524200439453
565,6,668.0430297851562,72.1274185180664,47.80828857421875,91.91132354736328
566,7,466.680419921875,87.52937316894531,59.8626708984375,103.05912780761719
566,6,673.1016845703125,71.48019409179688,43.38775634765625,92.43843078613281
567,6,678.2438354492188,71.79759216308594,40.0853271484375,92.16514587402344
567,7,468.75103759765625,87.57138061523438,60.36279296875,103.0006103515625
568,6,683.7692260742188,71.52570343017578,35.8653564453125,91.23131561279297
568,7,470.20135498046875,85.988525390625,60.86767578125,102.47100830078125
569,6,689.35205078125,70.83422088623047,33.668212890625,92.55286407470703
569,7,476.28851318359375,85.55641174316406,55.54095458984375,102.25033569335938
570,6,691.5365600585938,70.83324432373047,36.1514892578125,92.55550384521484
570,7,484.52899169921875,84.59478759765625,47.9891357421875,100.70858764648438
571,6,691.5013427734375,70.94656372070312,40.938720703125,91.75263977050781
571,7,491.0502014160156,83.76387023925781,43.509246826171875,101.95394897460938
572,6,691.7018432617188,70.66375732421875,43.435791015625,92.25904846191406
572,7,497.56195068359375,83.14341735839844,40.33038330078125,100.11418151855469
573,6,692.028076171875,70.87796783447266,48.04302978515625,91.81298065185547
573,7,502.7886962890625,81.64277648925781,39.1458740234375,104.47129821777344
574,6,691.8060913085938,71.08922576904297,52.0758056640625,90.78009796142578
574,7,506.1499328613281,81.9203872680664,39.155364990234375,103.8940200805664
575,6,691.4041137695312,71.22720336914062,55.27490234375,90.70982360839844
575,7,507.1686706542969,81.90550994873047,41.334503173828125,103.85469818115234
576,6,695.8493041992188,70.79058837890625,52.86322021484375,90.03924560546875
576,7,508.41802978515625,83.20879364013672,54.27655029296875,101.2780990600586
577,6,702.6759643554688,69.74437713623047,45.7752685546875,90.14751434326172
577,7,508.3614807128906,83.78778839111328,59.330596923828125,101.80994415283203
578,7,509.6493225097656,84.15670013427734,61.235137939453125,100.19043731689453
578,6,707.245849609375,69.57672882080078,41.46710205078125,89.20423126220703
579,6,712.6316528320312,69.5692138671875,35.300537109375,88.19515991210938
579,7,510.85968017578125,84.4798583984375,61.1888427734375,99.02301025390625
580,7,513.6954345703125,83.82707977294922,59.52349853515625,99.62032318115234
580,6,717.69775390625,69.86774444580078,31.471435546875,87.84139251708984
581,6,718.5280151367188,69.14212036132812,32.90216064453125,90.20860290527344
581,7,518.7260131835938,83.4261703491211,55.9896240234375,100.74169158935547
582,6,720.2153930664062,67.68909454345703,33.93072509765625,91.76348114013672
582,7,525.6009521484375,83.36481475830078,52.83746337890625,99.83594512939453
583,6,719.1417236328125,67.7452163696289,37.23565673828125,92.1270523071289
583,7,532.65087890625,81.95210266113281,48.00738525390625,101.65237426757812
584,6,720.3203125,67.7122573852539,37.95855712890625,90.13338470458984
584,7,540.0646362304688,80.14237213134766,43.83135986328125,101.92205047607422
585,6,720.7356567382812,67.63880157470703,40.16839599609375,89.8693618774414
585,7,547.16552734375,80.75971984863281,40.515380859375,101.14289855957031
586,6,720.999755859375,67.6051025390625,42.9052734375,89.83718872070312
586,7,551.0687255859375,80.04303741455078,38.6651611328125,102.0655746459961
587,6,721.7389526367188,68.56356048583984,44.43463134765625,88.56189727783203
587,7,552.6980590820312,80.69122314453125,42.681640625,101.18623352050781
588,6,722.6182861328125,68.4305419921875,46.05889892578125,88.32783508300781
588,7,555.2428588867188,80.62397766113281,45.42767333984375,101.06396484375
589,7,554.8919067382812,80.49050903320312,51.18914794921875,101.96334838867188
589,6,723.2744140625,67.47816467285156,47.30523681640625,89.17988586425781
590,6,726.6682739257812,69.57036590576172,45.7850341796875,86.2601089477539
590,7,555.4956665039062,81.45072174072266,52.39447021484375,100.14142608642578
591,6,731.1744384765625,69.48741912841797,44.22174072265625,87.02106475830078
591,7,555.671875,81.44153594970703,56.05517578125,100.33704376220703
592,6,737.3533935546875,67.9572982788086,40.34674072265625,89.1257095336914
592,7,555.9400024414062,80.46646118164062,58.4559326171875,101.00204467773438
593,6,740.4595336914062,67.40848541259766,39.22552490234375,89.23690032958984
593,7,559.3455810546875,80.8947982788086,57.18328857421875,98.98137664794922
594,6,747.332275390625,66.93584442138672,33.993896484375,89.40360260009766
594,7,564.0293579101562,80.5525894165039,53.5389404296875,98.62067413330078
595,6,750.57763671875,66.30419921875,33.388671875,91.14570617675781
595,7,570.8489379882812,78.82649993896484,48.02532958984375,99.7392349243164
596,6,750.3261108398438,66.47872161865234,36.31951904296875,90.0750503540039
596,7,576.8875732421875,77.05613708496094,43.5589599609375,100.97854614257812
597,6,750.0927124023438,66.49146270751953,41.37811279296875,89.2582778930664
597,7,583.5608520507812,76.08489227294922,40.22601318359375,100.28121185302734
598,6,750.4779052734375,66.1537857055664,45.2025146484375,90.43421173095703
598,7,588.2506713867188,75.52424621582031,37.59893798828125,102.31877136230469
599,6,751.1046142578125,66.85093688964844,48.1326904296875,87.97755432128906
599,7,590.7327270507812,75.80598449707031,38.74749755859375,100.31095886230469
600,6,753.1074829101562,66.38938903808594,47.54345703125,87.17976379394531
600,7,592.0853881835938,76.47384643554688,43.667236328125,100.15371704101562
601,7,592.5191650390625,77.38317108154297,49.1951904296875,98.9612045288086
601,6,756.3933715820312,65.70006561279297,45.122802734375,87.5357437133789
602,6,759.7650146484375,65.47467803955078,42.30694580078125,85.87081146240234
602,7,593.7177124023438,77.71399688720703,52.42626953125,98.5332260131836
603,7,594.2669677734375,77.22380065917969,54.114013671875,98.458740234375
603,6,763.8870239257812,64.84441375732422,38.7928466796875,85.19805145263672
604,7,595.3187866210938,77.79084014892578,54.05084228515625,96.44683074951172
604,6,769.1578979492188,64.4295425415039,31.74847412109375,86.32389068603516
605,6,772.8196411132812,63.26746368408203,29.5177001953125,86.7995376586914
605,7,596.1348266601562,78.18253326416016,56.296875,95.6457290649414
606,6,774.2357177734375,62.36391830444336,29.45294189453125,90.03378677368164
606,7,602.7674560546875,76.49688720703125,51.1463623046875,97.257080078125
607,6,774.163818359375,62.74244689941406,32.46099853515625,89.89875793457031
607,7,608.0429077148438,75.92626190185547,48.89227294921875,97.35034942626953
608,6,773.956787109375,63.25860595703125,34.04864501953125,87.74642944335938
608,7,613.5160522460938,75.72506713867188,47.210693359375,96.90476989746094
609,6,774.248779296875,63.17115783691406,36.5548095703125,86.44535827636719
609,7,620.5482177734375,75.09169006347656,42.64208984375,98.06001281738281
610,6,774.9199829101562,63.08033752441406,36.9974365234375,86.88787841796875
610,7,626.216552734375,74.22240447998047,40.8135986328125,97.70516204833984
611,6,775.2947998046875,65.06703186035156,41.2933349609375,83.54296875
611,7,630.6688232421875,75.01221466064453,38.70111083984375,98.39411163330078
612,6,775.0304565429688,64.17462921142578,43.3438720703125,84.66356658935547
612,7,631.6876220703125,74.86778259277344,41.50018310546875,97.68525695800781
613,6,775.203857421875,64.2985610961914,45.2974853515625,83.64868927001953
613,7,631.9898681640625,75.52961730957031,45.40545654296875,97.80729675292969
614,6,776.5230712890625,63.69215774536133,46.3544921875,84.81859970092773
614,7,631.8079223632812,75.8990707397461,49.47052001953125,96.9430160522461
615,6,777.8447265625,63.10164260864258,45.7269287109375,85.04050827026367
615,7,632.1759643554688,76.45946502685547,51.8681640625,96.52155303955078
616,7,632.251220703125,75.45116424560547,54.76416015625,97.05728912353516
616,6,782.100341796875,63.35877227783203,42.62738037109375,84.71674346923828
617,6,785.992919921875,63.127384185791016,40.25103759765625,84.6533317565918
617,7,633.2625122070312,75.46900177001953,56.91326904296875,95.57283782958984
618,6,788.8097534179688,61.76253890991211,38.49481201171875,86.38882827758789
618,7,637.3858032226562,74.8163833618164,54.0819091796875,95.68914031982422
619,6,794.82275390625,61.275447845458984,34.46722412109375,85.97876358032227
619,7,641.2362060546875,75.29779815673828,50.78424072265625,93.4400405883789
620,6,798.1565551757812,61.007564544677734,34.15081787109375,87.87709426879883
620,7,646.1814575195312,74.05718231201172,48.5684814453125,94.2684555053711
621,6,799.8325805664062,61.099334716796875,35.547119140625,86.32101440429688
621,7,653.08544921875,73.30570983886719,44.44891357421875,95.13899230957031
622,6,799.8040161132812,61.387699127197266,39.76385498046875,85.78304672241211
622,7,658.7642822265625,71.8232192993164,42.25262451171875,95.44171905517578
623,6,801.6653442382812,62.275142669677734,40.00860595703125,82.70911026000977
623,7,663.9201049804688,72.04159545898438,38.87225341796875,96.32298278808594
624,7,665.9154052734375,73.1552734375,45.21282958984375,95.32763671875
624,6,800.9244384765625,62.11658477783203,45.81085205078125,82.7674331665039
625,6,801.2660522460938,61.81071472167969,49.333251953125,83.55271911621094
625,7,665.8300170898438,72.69972229003906,48.21533203125,95.26368713378906
626,7,666.814453125,74.37394714355469,50.90771484375,93.16938781738281
626,6,802.8914184570312,60.836517333984375,48.68780517578125,84.0958251953125
627,7,666.2666625976562,73.50105285644531,53.078125,93.85011291503906
627,6,805.5358276367188,60.22433853149414,45.53704833984375,82.98400497436523
628,7,666.9102783203125,75.13346099853516,53.741455078125,91.70194244384766
628,6,810.5314331054688,60.09431457519531,39.5068359375,82.06346130371094
629,7,667.9266967773438,74.85572052001953,54.736572265625,92.30144500732422
629,6,813.8977661132812,59.735023498535156,35.3792724609375,83.62834930419922
630,6,817.4175415039062,59.33954620361328,31.70782470703125,83.89725494384766
630,7,670.6727294921875,74.91741180419922,56.47509765625,92.22371673583984
631,6,818.3417358398438,58.5831298828125,31.65704345703125,85.86248779296875
631,7,674.7527465820312,73.79754638671875,54.68121337890625,93.80908203125
632,7,679.71240234375,73.52366638183594,52.5885009765625,94.23988342285156
632,6,818.62353515625,58.51847457885742,33.7305908203125,84.2602424621582
633,7,686.4822998046875,72.32205200195312,48.98626708984375,95.59719848632812
633,6,819.3185424804688,59.37294387817383,34.283447265625,83.29305648803711
634,7,692.7457885742188,72.19041442871094,45.08331298828125,94.9498291015625
634,6,819.2279663085938,59.82496643066406,35.42120361328125,82.61701965332031
635,7,699.3067626953125,73.22447204589844,41.720458984375,94.05873107910156
635,6,819.6701049804688,60.12908935546875,35.74285888671875,81.7750244140625
636,7,703.812255859375,73.01744842529297,39.80810546875,93.24788665771484
636,6,819.3250122070312,59.840606689453125,36.1571044921875,82.14305114746094
637,7,704.4761962890625,72.64022064208984,40.97821044921875,94.26349639892578
637,6,819.5298461914062,60.291343688964844,35.97125244140625,80.9468765258789
638,7,704.9447631835938,72.65509796142578,44.10174560546875,93.72220611572266
638,6,819.1663818359375,60.70134353637695,36.26812744140625,80.48061752319336
639,7,705.4522705078125,73.8713607788086,47.08026123046875,92.2539291381836
639,6,819.2976684570312,61.46656799316406,36.2254638671875,80.28562927246094
640,7,704.568603515625,74.79655456542969,50.46923828125,90.10929870605469
640,6,821.1206665039062,66.55155181884766,34.48760986328125,74.3473129272461
641,7,704.7098999023438,75.51000213623047,52.79241943359375,90.49556732177734
641,6,826.0789794921875,69.09283447265625,29.62353515625,70.80360412597656
642,7,705.0297241210938,74.40606689453125,54.76177978515625,90.47799682617188
642,6,830.7357177734375,71.2078857421875,24.92596435546875,68.84413146972656
643,7,707.8094482421875,73.08431243896484,54.23358154296875,90.77794647216797
643,6,834.645263671875,72.52926635742188,21.075927734375,66.84275817871094
644,7,712.8185424804688,72.76226043701172,50.43255615234375,90.92896270751953
644,6,839.9520263671875,75.24246215820312,15.41455078125,63.66725158691406
645,7,719.72998046875,70.56398010253906,45.71600341796875,92.78042602539062
645,6,843.384521484375,78.11994171142578,11.92779541015625,59.58464813232422
646,7,725.4146118164062,70.17430877685547,44.0908203125,93.02079010009766
647,7,730.07177734375,72.86039733886719,41.042724609375,89.40191650390625
648,7,735.196044921875,71.51531982421875,41.1568603515625,91.08651733398438
649,7,735.6146240234375,72.39598083496094,42.618896484375,90.01084899902344
649,6,845.3738403320312,117.02593994140625,10.5125732421875,21.736602783203125
650,7,735.2205810546875,72.8912124633789,45.28704833984375,89.92522430419922
650,6,843.72216796875,116.59664916992188,12.0162353515625,24.210617065429688
651,7,734.8716430664062,72.6618423461914,47.85107421875,89.3118667602539
652,7,735.26220703125,72.8672103881836,50.73028564453125,89.21492767333984
653,7,736.1676635742188,74.66206359863281,52.103759765625,87.29779052734375
654,7,736.6397094726562,75.8976821899414,56.89141845703125,85.7274398803711
655,7,739.8414916992188,74.59371185302734,54.86376953125,86.4880142211914
656,7,744.5919799804688,74.928466796875,52.71221923828125,86.89724731445312
657,7,748.6817016601562,74.16069793701172,50.8040771484375,87.62665557861328
658,7,754.154296875,74.16168975830078,48.62249755859375,87.4942398071289
659,7,760.0145874023438,72.63017272949219,44.62274169921875,88.55122375488281
660,7,766.1024169921875,71.22462463378906,41.68780517578125,89.00602722167969
661,7,769.6261596679688,71.57283020019531,39.20172119140625,88.77066040039062
662,7,770.4520263671875,71.83356475830078,41.24359130859375,90.43428802490234
663,7,769.9807739257812,74.40506744384766,45.3360595703125,86.27922821044922
664,7,770.2255859375,75.99752807617188,47.8419189453125,84.164306640625
665,7,770.3660278320312,78.61873626708984,48.0474853515625,82.86811065673828
666,7,770.6024169921875,75.4451675415039,50.284912109375,84.62870025634766
667,7,771.57373046875,74.91029357910156,52.0531005859375,83.5928955078125
668,7,773.8271484375,73.6955795288086,51.5858154296875,85.01311492919922
669,7,780.439697265625,71.6038818359375,47.33270263671875,86.94113159179688
670,7,784.7330932617188,69.84735870361328,45.65545654296875,88.47945404052734
671,7,790.1722412109375,70.5257339477539,42.10009765625,86.97435760498047
672,7,797.333251953125,69.6048355102539,39.861328125,88.44231414794922
