0,1,717.6939697265625,184.03125,42.42022705078125,107.55291748046875
0,2,732.419189453125,38.056541442871094,12.9744873046875,27.912200927734375
1,1,721.37744140625,184.4351806640625,45.12054443359375,106.78604125976562
1,2,732.6248779296875,38.20213317871094,13.0460205078125,27.630859375
2,1,720.8378295898438,183.83987426757812,50.18878173828125,108.20675659179688
2,2,732.5311279296875,38.17940139770508,13.22442626953125,27.88521957397461
3,1,721.1912231445312,185.1195526123047,54.13250732421875,106.24092102050781
3,2,732.5950927734375,38.18251037597656,13.13958740234375,27.7977294921875
4,1,721.4674072265625,184.84889221191406,56.703857421875,105.92805480957031
4,2,732.5471801757812,38.17609405517578,13.2012939453125,27.78528594970703
5,1,721.9666748046875,186.05807495117188,59.3369140625,104.631591796875
5,2,732.5275268554688,38.12059783935547,13.26116943359375,27.88287353515625
6,1,722.8301391601562,186.29042053222656,59.96478271484375,104.44102478027344
6,2,732.5081787109375,38.12331008911133,13.27734375,27.86501693725586
7,1,724.2593383789062,185.8753662109375,59.2413330078125,104.47073364257812
7,2,732.4935302734375,38.13020706176758,13.29290771484375,27.85470962524414
8,1,727.4588012695312,187.00155639648438,57.6844482421875,102.92080688476562
8,2,732.4752807617188,38.12211990356445,13.3126220703125,27.869495391845703
9,1,732.7435913085938,186.86386108398438,52.5618896484375,103.61788940429688
9,2,732.4707641601562,38.11097717285156,13.31005859375,27.875213623046875
10,1,738.1409301757812,185.4816436767578,47.2125244140625,104.51087951660156
10,2,732.455810546875,38.09809875488281,13.32733154296875,27.89836883544922
11,1,745.2694091796875,184.72799682617188,41.2318115234375,104.20156860351562
11,2,732.4622802734375,38.11790084838867,13.3115234375,27.843097686767578
12,1,751.6200561523438,184.783447265625,38.478759765625,103.98196411132812
12,2,731.576416015625,38.36546325683594,13.55047607421875,27.953704833984375
13,1,756.4364013671875,184.46543884277344,35.77484130859375,106.68858337402344
13,2,731.6914672851562,38.3973388671875,13.5552978515625,27.902069091796875
14,1,756.87548828125,184.98927307128906,40.95379638671875,105.68281555175781
14,2,732.1472778320312,38.361576080322266,13.27734375,28.217281341552734
15,1,757.1531372070312,186.30392456054688,42.75738525390625,104.594970703125
15,2,732.625244140625,38.30765914916992,13.2091064453125,28.595523834228516
16,1,756.7311401367188,186.41932678222656,48.39642333984375,103.95240783691406
16,2,732.7359008789062,38.28434753417969,13.1209716796875,28.557449340820312
17,1,756.9337158203125,186.2821807861328,52.6568603515625,104.05613708496094
17,2,732.653076171875,38.26968002319336,13.20550537109375,28.88009262084961
18,1,757.4039306640625,186.5939178466797,54.25640869140625,103.15943908691406
19,1,757.7542114257812,187.79885864257812,55.926025390625,102.16928100585938
20,1,759.6543579101562,188.017333984375,55.84063720703125,102.4139404296875
20,2,732.47021484375,38.31678009033203,13.46710205078125,28.963088989257812
21,1,762.6178588867188,187.11839294433594,56.2706298828125,103.07856750488281
21,2,732.6668701171875,38.27272415161133,13.33251953125,29.11611557006836
22,1,766.479248046875,187.32699584960938,54.581787109375,102.63262939453125
22,2,732.6383056640625,38.19553756713867,13.11407470703125,29.109058380126953
23,1,773.0250244140625,187.5966796875,49.6328125,102.30157470703125
23,2,732.3449096679688,38.11106872558594,13.48260498046875,28.99897003173828
24,1,778.5427856445312,187.20672607421875,48.6053466796875,103.14959716796875
24,2,732.5823974609375,38.35092544555664,13.05548095703125,28.291576385498047
25,1,784.5301513671875,186.5069122314453,46.942626953125,104.08863830566406
25,2,732.4898681640625,38.3848762512207,13.10479736328125,28.143230438232422
26,1,791.1290283203125,186.2161865234375,46.0675048828125,103.730224609375
26,2,732.6888427734375,38.44343185424805,13.04107666015625,28.441814422607422
27,1,792.9351196289062,186.31346130371094,49.62396240234375,104.65174865722656
27,2,732.5575561523438,38.53012466430664,13.0804443359375,28.33682632446289
28,1,792.9829711914062,186.72398376464844,52.8121337890625,104.31022644042969
28,2,732.889892578125,38.32997512817383,12.80438232421875,28.65677261352539
29,1,793.55029296875,187.98292541503906,54.98626708984375,102.62236022949219
29,2,732.8670043945312,38.36879348754883,12.809326171875,28.545635223388672
30,1,793.835205078125,186.9511260986328,56.51348876953125,103.82173156738281
30,2,732.895263671875,38.36052703857422,12.93695068359375,28.72801971435547
31,1,794.5194702148438,187.4807891845703,57.306640625,102.90452575683594
31,2,732.9458618164062,38.374698638916016,12.91217041015625,28.358455657958984
32,1,794.3486938476562,187.9350128173828,58.651123046875,102.18836975097656
32,2,732.7349243164062,38.44110107421875,12.994140625,28.534278869628906
33,1,795.2586059570312,188.36358642578125,58.53521728515625,101.32562255859375
33,2,732.7268676757812,38.33905792236328,12.9952392578125,28.891571044921875
34,1,798.8803100585938,187.70166015625,55.77288818359375,102.06491088867188
34,2,732.8209838867188,38.37910461425781,13.0750732421875,28.605201721191406
35,1,804.71923828125,187.54769897460938,49.65350341796875,102.04348754882812
35,2,732.8875122070312,38.31010437011719,12.46966552734375,28.68408966064453
36,1,809.5225219726562,186.8749237060547,45.179443359375,101.47209167480469
36,2,732.5599365234375,38.29941940307617,12.9599609375,28.496891021728516
37,1,815.285888671875,187.68836975097656,40.1148681640625,99.61460876464844
37,2,732.4465942382812,38.35518264770508,12.9844970703125,28.127017974853516
38,1,823.4996337890625,186.8125,32.13018798828125,104.19540405273438
38,2,732.5801391601562,38.35719680786133,12.966064453125,28.603206634521484
39,1,823.9088745117188,187.16477966308594,31.740478515625,103.39076232910156
39,2,732.4920043945312,38.361976623535156,13.31982421875,28.517379760742188
40,1,823.9180297851562,198.556640625,31.751708984375,91.220458984375
40,2,732.5701904296875,38.3541374206543,13.27545166015625,28.572612762451172
41,1,824.3018798828125,200.57974243164062,31.269287109375,88.40277099609375
41,2,732.5755004882812,38.379478454589844,13.1771240234375,28.442764282226562
42,1,824.6268310546875,201.45616149902344,30.91253662109375,85.79222106933594
42,2,732.4745483398438,38.58642578125,13.22314453125,28.18364715576172
43,1,825.04248046875,203.2843780517578,30.5035400390625,82.98277282714844
43,2,732.4674072265625,38.4738655090332,13.1175537109375,28.14590835571289
44,1,825.3311157226562,205.38003540039062,30.25048828125,80.85562133789062
44,2,732.6123046875,38.40521240234375,12.98516845703125,28.33154296875
45,1,826.5944213867188,210.5072021484375,28.9879150390625,75.81381225585938
45,2,732.580322265625,38.4285774230957,12.9588623046875,28.173839569091797
46,1,829.099365234375,219.14993286132812,26.70050048828125,67.04071044921875
46,2,732.4419555664062,38.48121643066406,13.09991455078125,28.48651885986328
47,1,832.2960815429688,253.95875549316406,23.2591552734375,32.19227600097656
47,2,732.37646484375,38.57863235473633,13.227294921875,28.61086654663086
48,1,836.484130859375,255.25076293945312,19.0946044921875,30.33282470703125
49,2,733.052734375,38.18937301635742,12.845703125,28.893512725830078
50,2,733.0098266601562,38.157936096191406,12.8265380859375,28.919219970703125
52,2,732.8710327148438,38.521934509277344,12.675048828125,28.634628295898438
53,2,733.0717163085938,38.24819564819336,12.74700927734375,28.798656463623047
54,2,732.89013671875,38.330867767333984,12.72564697265625,28.70626449584961
61,2,732.4382934570312,38.391448974609375,13.11181640625,28.497779846191406
62,2,732.5121459960938,38.34254837036133,12.92913818359375,28.27730941772461
63,2,732.2047119140625,38.55050277709961,13.0001220703125,27.816402435302734
65,2,732.035888671875,38.49795150756836,13.32623291015625,28.065235137939453
66,2,732.1119384765625,38.47372055053711,13.27374267578125,28.24801254272461
67,2,732.1370239257812,38.510658264160156,13.32916259765625,28.52330780029297
68,2,732.3369140625,38.299896240234375,13.2947998046875,28.565147399902344
69,2,732.3193969726562,38.19253921508789,13.13079833984375,28.745243072509766
70,2,732.5587768554688,38.1466064453125,12.99603271484375,28.458053588867188
71,2,732.4473266601562,38.18680191040039,13.0731201171875,28.63095474243164
72,2,732.2308349609375,38.629112243652344,13.1790771484375,27.93115234375
76,2,732.3577880859375,38.62482452392578,13.0179443359375,28.513145446777344
77,2,732.3778686523438,38.36266326904297,13.11444091796875,28.681182861328125
78,2,732.5546875,38.37355041503906,12.918212890625,28.658920288085938
79,2,732.570556640625,38.469417572021484,12.81610107421875,28.472187042236328
80,2,732.4840087890625,38.329864501953125,12.98150634765625,29.244834899902344
81,2,732.6283569335938,38.29762649536133,12.81707763671875,29.12594985961914
82,2,732.4671020507812,38.19563293457031,12.95343017578125,29.671401977539062
83,2,732.5123291015625,38.46551513671875,13.04534912109375,29.034645080566406
87,2,732.5011596679688,38.419437408447266,12.86083984375,28.579036712646484
90,3,0.0,304.6404724121094,14.791855812072754,75.89797973632812
90,2,732.4178466796875,38.409637451171875,12.97222900390625,28.77289581298828
91,3,0.065740667283535,303.3651428222656,13.755740083754063,77.71710205078125
91,2,732.4951782226562,38.35368347167969,12.9429931640625,28.532798767089844
92,3,0.0,304.1576232910156,14.284793853759766,76.3896484375
92,2,732.5188598632812,38.300689697265625,12.9251708984375,28.725013732910156
93,3,0.05995035544037819,287.4908752441406,15.472090240567923,91.14907836914062
93,2,732.5278930664062,38.35837173461914,13.0928955078125,29.002300262451172
94,3,0.033574748784303665,288.6795349121094,17.405613254755735,91.04217529296875
94,2,732.5011596679688,38.382469177246094,13.068359375,28.850608825683594
95,3,0.0,289.4535217285156,19.99040985107422,90.27474975585938
95,2,732.4913330078125,38.39102554321289,13.26708984375,28.83652114868164
96,3,0.0,289.172607421875,25.190532684326172,90.39727783203125
97,3,0.0,288.4961242675781,30.73346519470215,94.3876953125
97,2,732.4854125976562,38.13692092895508,13.23748779296875,29.141559600830078
98,3,0.04002005234360695,286.66265869140625,34.77970116958022,101.06076049804688
98,2,732.3966674804688,38.37343215942383,13.51275634765625,29.220272064208984
99,3,0.07517774403095245,286.0138244628906,39.09000627696514,104.58480834960938
99,2,732.4849243164062,38.26625442504883,13.28912353515625,28.91939926147461
100,3,0.1726340651512146,286.8343811035156,38.802185118198395,107.79937744140625
101,3,0.1781635284423828,286.5949401855469,38.30731773376465,110.63104248046875
101,2,731.9008178710938,38.5249137878418,13.3682861328125,28.812992095947266
102,3,0.10047551989555359,282.5492858886719,39.513286381959915,115.13128662109375
102,2,731.957275390625,38.42194366455078,13.55316162109375,28.56537628173828
103,3,0.0703013613820076,281.51068115234375,38.93733947724104,116.28640747070312
103,2,732.0474853515625,38.319461822509766,13.48388671875,28.842662811279297
104,3,0.16085445880889893,281.8072204589844,38.88401019573212,115.78585815429688
105,3,0.1525009572505951,283.25335693359375,39.30065456032753,114.5064697265625
105,2,732.5156860351562,38.16730499267578,13.224609375,28.891952514648438
106,3,0.05298463627696037,284.3133239746094,39.5349326916039,113.138916015625
106,2,731.9236450195312,38.26154327392578,13.757080078125,28.918533325195312
107,3,0.00449372548609972,285.3768615722656,39.717983233742416,114.32843017578125
107,2,732.0982666015625,38.20038604736328,13.67327880859375,29.244583129882812
108,3,0.0,286.8431091308594,39.98707580566406,118.32583618164062
109,3,0.06933704763650894,288.9913635253906,42.164137683808804,120.78506469726562
110,3,0.338449090719223,293.7416687011719,46.42662277817726,129.39996337890625
110,2,731.918701171875,38.328670501708984,13.8936767578125,28.930469512939453
111,3,0.27732524275779724,296.2563171386719,47.49802723526955,130.0804443359375
112,3,0.1692105233669281,298.4971008300781,48.88529387116432,128.69927978515625
112,2,732.0447387695312,38.4229621887207,13.50396728515625,28.683536529541016
113,3,0.09934666752815247,299.8885498046875,51.36040446162224,127.90646362304688
113,2,732.3130493164062,38.20234298706055,13.15179443359375,28.890522003173828
114,3,0.2119768112897873,302.0815734863281,50.45240230858326,125.822509765625
115,3,0.23959478735923767,303.7108154296875,50.3182512819767,124.37051391601562
115,2,731.9259643554688,38.193443298339844,13.614990234375,29.000198364257812
116,3,0.4085348844528198,304.464111328125,50.16114056110382,124.22088623046875
117,3,0.13692660629749298,306.4336242675781,52.43082623183727,122.10281372070312
118,3,0.3029176592826843,307.0024719238281,56.33425885438919,121.88589477539062
119,3,0.5887380242347717,309.08953857421875,60.3189577460289,119.26742553710938
119,2,732.0433959960938,38.278221130371094,13.452392578125,29.0325927734375
120,3,0.8814717531204224,311.8104553222656,62.84673488140106,123.896484375
121,3,1.5169966220855713,314.20123291015625,64.69826674461365,126.78643798828125
122,3,3.2918128967285156,316.4180908203125,63.378108978271484,127.88128662109375
123,3,4.431305885314941,318.6160888671875,62.560912132263184,129.42263793945312
124,3,5.811105251312256,321.11224365234375,60.156736850738525,131.95547485351562
125,3,7.299305438995361,322.3898010253906,60.499370098114014,132.1395263671875
125,2,731.8863525390625,38.40152359008789,13.6759033203125,28.884967803955078
126,3,8.250490188598633,323.6231994628906,59.36024284362793,131.48880004882812
126,2,732.2111206054688,38.13888931274414,13.4683837890625,28.97347640991211
127,3,8.835427284240723,325.14910888671875,58.60208797454834,130.1201171875
128,3,8.098287582397461,326.4656677246094,58.97658729553223,129.23904418945312
129,3,8.07876205444336,327.55950927734375,59.26406478881836,128.10025024414062
130,3,8.644265174865723,329.4298095703125,59.820921897888184,125.778076171875
131,3,9.444510459899902,331.830322265625,59.93898868560791,129.100830078125
132,3,8.582293510437012,334.591796875,62.02811908721924,136.90469360351562
133,3,7.860476493835449,338.1827392578125,65.05388355255127,139.69195556640625
133,2,732.3214721679688,37.740928649902344,12.99688720703125,29.558639526367188
134,3,7.138857841491699,344.7274169921875,68.22097492218018,134.19589233398438
135,3,9.11074447631836,346.8453063964844,67.6749382019043,131.84930419921875
136,3,11.645647048950195,349.73406982421875,65.50485801696777,129.14361572265625
136,2,732.0143432617188,38.544681549072266,13.5361328125,28.682758331298828
137,3,14.551395416259766,352.29656982421875,62.11577224731445,126.81451416015625
137,2,732.1629028320312,38.36101531982422,13.35479736328125,29.029685974121094
138,3,16.6308536529541,354.52630615234375,60.12923240661621,124.64523315429688
138,2,732.7086791992188,38.06562042236328,12.5506591796875,28.85303497314453
139,3,17.746164321899414,356.21551513671875,60.35334587097168,122.83279418945312
139,2,732.53515625,38.05062484741211,12.71966552734375,29.170238494873047
140,3,18.993022918701172,357.40020751953125,62.33735275268555,121.45086669921875
140,2,732.4215698242188,37.75490188598633,13.049560546875,29.218669891357422
141,3,19.959779739379883,359.0792541503906,63.1666316986084,119.49099731445312
141,2,732.6176147460938,37.85942459106445,12.87017822265625,29.103343963623047
142,3,20.694379806518555,360.96478271484375,65.29663276672363,117.8782958984375
142,2,732.4620971679688,38.056800842285156,12.7735595703125,28.912338256835938
143,3,22.025569915771484,363.69610595703125,66.6269645690918,114.83334350585938
144,3,23.079214096069336,366.5147705078125,66.61789894104004,112.60577392578125
145,3,24.318634033203125,370.5747985839844,66.08148193359375,108.5257568359375
146,3,26.362503051757812,374.1457214355469,64.16214752197266,104.53594970703125
147,3,28.502466201782227,376.88494873046875,63.44003105163574,101.88192749023438
148,3,30.225933074951172,379.52203369140625,63.00202560424805,99.94815063476562
149,3,31.698917388916016,381.0247802734375,64.13715744018555,97.92642211914062
150,3,33.19182205200195,383.32659912109375,63.871273040771484,95.633544921875
151,3,33.79036331176758,385.5546569824219,63.81953048706055,93.44131469726562
152,3,34.0177116394043,387.3054504394531,64.98504257202148,91.74090576171875
153,3,33.82074737548828,389.04638671875,66.93359375,90.30224609375
154,3,34.898136138916016,392.0727844238281,68.2027702331543,87.085693359375
155,3,35.91666793823242,395.4375305175781,69.04818344116211,83.73995971679688
156,3,34.778167724609375,399.7010803222656,72.54660034179688,79.39962768554688
157,3,35.086395263671875,404.07330322265625,73.94087219238281,75.12362670898438
158,3,39.22911071777344,411.6985168457031,72.25430297851562,67.25762939453125
159,3,40.74103927612305,414.9525451660156,71.03154373168945,64.24139404296875
160,3,42.31660842895508,417.8888244628906,67.25431442260742,61.089569091796875
161,3,43.501617431640625,421.16693115234375,65.02283477783203,57.579376220703125
162,3,44.490379333496094,424.2057800292969,63.77336120605469,54.5267333984375
163,3,46.115909576416016,426.1476745605469,61.26747512817383,52.66412353515625
164,3,47.468753814697266,428.4765319824219,59.304935455322266,50.359283447265625
165,3,48.06592559814453,431.2527160644531,57.5882568359375,47.5067138671875
166,3,48.89735794067383,435.2637023925781,56.94135665893555,43.600189208984375
167,3,50.27305221557617,439.11651611328125,56.090267181396484,39.696258544921875
168,3,53.24284362792969,444.2007141113281,55.056243896484375,34.632568359375
169,3,54.403831481933594,448.2554016113281,53.98960876464844,30.38763427734375
170,3,56.60343551635742,452.0800476074219,50.86337661743164,26.71856689453125
171,3,58.02686309814453,456.266357421875,48.88671112060547,22.87750244140625
172,3,60.69198989868164,458.971923828125,42.40920639038086,20.267730712890625
173,3,62.82450866699219,461.727294921875,29.281158447265625,17.57086181640625
174,3,64.75492858886719,464.5772399902344,29.448654174804688,14.428985595703125
181,2,728.8092041015625,36.2003173828125,13.8514404296875,30.856040954589844
182,2,728.8645629882812,36.31855773925781,13.877197265625,30.234207153320312
196,2,728.112060546875,37.28056335449219,13.9786376953125,30.673980712890625
197,2,728.1788330078125,37.07691192626953,13.99462890625,31.34680938720703
198,2,728.154296875,37.12089157104492,13.978759765625,31.096942901611328
199,2,728.9560546875,37.11838912963867,13.491943359375,31.036678314208984
200,2,728.4243774414062,36.54277420043945,14.227294921875,31.41689682006836
204,2,730.248779296875,38.88349914550781,13.412353515625,28.68854522705078
205,2,731.0706787109375,39.19207763671875,12.83355712890625,28.3629150390625
206,2,730.8605346679688,38.26646041870117,13.85552978515625,29.315731048583984
207,2,731.0603637695312,37.620540618896484,14.69976806640625,29.963054656982422
208,2,731.2557983398438,37.260013580322266,14.41534423828125,30.333133697509766
240,2,732.6109619140625,35.59428787231445,15.178466796875,30.766651153564453
241,2,732.19482421875,35.87733840942383,15.4759521484375,30.654590606689453
249,2,733.3824462890625,35.61817932128906,14.74566650390625,31.01207733154297
250,2,735.5195922851562,37.04285430908203,13.3150634765625,29.773590087890625
251,2,735.9803466796875,37.23991012573242,13.0509033203125,29.706401824951172
252,2,736.599609375,36.578712463378906,12.53790283203125,29.755950927734375
253,2,736.3674926757812,37.01870346069336,12.69927978515625,29.45590591430664
254,2,736.7609252929688,37.164710998535156,12.49481201171875,29.572532653808594
255,2,736.7000122070312,36.99604797363281,12.5458984375,29.649978637695312
256,2,736.8250732421875,36.97941207885742,12.54644775390625,29.48598861694336
257,2,736.6369018554688,37.04351043701172,12.5467529296875,29.386581420898438
258,2,737.0707397460938,37.05854034423828,12.5072021484375,29.30803680419922
259,2,736.804443359375,37.05621337890625,12.90771484375,29.48040771484375
260,2,737.1743774414062,37.002262115478516,12.7469482421875,29.473873138427734
261,2,737.028076171875,37.00810623168945,13.07623291015625,29.607616424560547
262,2,737.0485229492188,37.02572250366211,13.03900146484375,29.658863067626953
263,2,737.5339965820312,36.982200622558594,12.827392578125,29.51123809814453
264,2,738.1273803710938,37.53246307373047,12.84881591796875,28.51117706298828
265,2,738.32763671875,37.37965393066406,12.61663818359375,28.739036560058594
266,2,738.1314086914062,37.568603515625,12.75048828125,28.524887084960938
267,2,737.9775390625,37.60762405395508,12.97808837890625,28.523937225341797
268,2,738.1443481445312,37.64287567138672,12.762939453125,28.37836456298828
269,2,738.3892211914062,37.48725891113281,12.6358642578125,28.560203552246094
270,2,738.3704833984375,37.4041862487793,12.65533447265625,28.74722671508789
271,2,738.4124755859375,37.38636779785156,12.45806884765625,28.679473876953125
272,2,738.4060668945312,37.48649215698242,12.578125,28.50491714477539
273,2,738.3087768554688,37.50164794921875,12.63018798828125,28.517776489257812
274,2,738.4226684570312,37.417171478271484,12.36370849609375,28.271343231201172
275,2,738.462646484375,37.44576644897461,12.287841796875,28.423023223876953
282,2,737.4130249023438,36.751895904541016,12.2972412109375,28.516063690185547
285,2,737.6414794921875,36.90439224243164,12.08306884765625,28.627262115478516
301,2,735.4295654296875,36.56956481933594,13.8389892578125,28.848548889160156
307,2,734.4771728515625,36.25458908081055,13.8721923828125,27.826412200927734
308,2,734.6761474609375,36.18046188354492,13.8795166015625,28.636295318603516
309,2,734.4710083007812,35.70756912231445,13.7833251953125,29.57503890991211
310,2,734.2596435546875,35.39308547973633,13.7286376953125,29.692523956298828
311,2,734.0360107421875,36.00954055786133,13.505615234375,29.290149688720703
313,2,733.8023071289062,36.05079650878906,13.9405517578125,30.02948760986328
322,2,731.6013793945312,35.51985168457031,12.39178466796875,29.878570556640625
323,2,731.463623046875,35.777374267578125,12.10284423828125,29.16205596923828
324,2,731.0524291992188,34.948081970214844,12.20880126953125,29.684158325195312
325,2,730.6614379882812,35.56626510620117,12.4505615234375,29.110248565673828
326,2,730.3186645507812,35.80571365356445,12.3016357421875,28.474010467529297
327,2,729.46875,35.79052734375,12.719482421875,29.196212768554688
328,2,729.4264526367188,35.89701461791992,12.57989501953125,28.715435028076172
368,2,719.1468505859375,32.668148040771484,12.184814453125,32.011959075927734
408,2,708.6922607421875,30.07672119140625,13.1572265625,34.74510192871094
409,2,708.6640014648438,29.725814819335938,12.7093505859375,35.205970764160156
421,2,706.2959594726562,30.58076286315918,12.32745361328125,33.702836990356445
425,2,706.2713012695312,30.24001121520996,12.11395263671875,33.47670555114746
427,2,706.2234497070312,29.73626136779785,12.2989501953125,34.1597957611084
429,2,706.1410522460938,30.031740188598633,12.315673828125,33.90061378479004
431,2,705.9573364257812,30.2774600982666,12.300537109375,33.862653732299805
432,2,705.9742431640625,30.472332000732422,12.24224853515625,33.61771011352539
433,2,705.2175903320312,30.981496810913086,12.75030517578125,32.94590950012207
438,2,704.5208129882812,31.36809730529785,12.64862060546875,30.609407424926758
439,2,704.1218872070312,31.036029815673828,12.91705322265625,30.973129272460938
440,2,703.7269897460938,30.917959213256836,13.2703857421875,31.4984073638916
441,2,703.4595947265625,29.488258361816406,13.68505859375,33.65594482421875
442,2,703.0900268554688,29.372577667236328,14.3004150390625,34.05592346191406
443,2,702.8754272460938,29.419002532958984,14.72637939453125,34.27084732055664
444,2,702.8065795898438,28.95109748840332,14.62420654296875,34.270063400268555
444,4,680.8383178710938,25.026031494140625,15.5296630859375,34.950416564941406
445,2,702.7852172851562,28.994361877441406,14.9031982421875,34.20623016357422
446,2,702.9060668945312,28.38729476928711,14.76312255859375,35.05670166015625
446,4,681.1123046875,24.867950439453125,15.6168212890625,33.1864013671875
447,2,703.1674194335938,28.511516571044922,14.484375,34.938331604003906
447,4,680.76904296875,24.79630470275879,15.7568359375,33.587350845336914
448,2,703.312744140625,28.781583786010742,14.33843994140625,34.31136894226074
448,4,680.8729858398438,24.71603775024414,15.78155517578125,33.95321273803711
449,2,703.419921875,29.24909782409668,13.99951171875,33.81845283508301
450,2,703.5703735351562,29.237838745117188,13.794921875,33.771541595458984
451,2,703.6201782226562,29.274141311645508,13.6923828125,33.83570671081543
453,2,703.7726440429688,30.081247329711914,13.38824462890625,33.44711494445801
454,2,703.395263671875,30.132850646972656,13.403076171875,33.224273681640625
455,2,703.2618408203125,30.349342346191406,13.441650390625,32.67707443237305
456,2,703.3778686523438,31.281856536865234,12.980224609375,31.44805908203125
457,2,703.5079956054688,31.065126419067383,13.0430908203125,31.767911911010742
458,2,703.6984252929688,31.90003776550293,12.81158447265625,31.099767684936523
459,2,703.6506958007812,31.686155319213867,12.715576171875,31.333383560180664
460,2,702.4531860351562,31.887157440185547,13.32958984375,31.19832992553711
461,2,702.4057006835938,32.51789093017578,13.52471923828125,30.970272064208984
462,2,702.5840454101562,33.75609588623047,12.9072265625,29.599117279052734
463,2,702.2430419921875,34.03853988647461,13.37713623046875,29.26401138305664
464,2,702.1025390625,33.66679763793945,13.3115234375,29.59130096435547
465,2,702.0886840820312,33.929588317871094,13.22711181640625,29.129730224609375
466,2,701.883544921875,32.99235534667969,13.41546630859375,30.089168548583984
467,2,701.8114013671875,32.88038635253906,13.615966796875,29.930892944335938
468,2,700.0985107421875,31.105876922607422,15.14385986328125,32.01353073120117
469,2,699.7857666015625,31.160648345947266,15.30352783203125,32.29143524169922
470,2,699.8009643554688,30.918994903564453,15.018798828125,32.599361419677734
471,2,699.58154296875,31.079387664794922,15.10986328125,32.367916107177734
472,2,700.0999145507812,31.659154891967773,14.92620849609375,31.92213249206543
473,2,700.0330810546875,31.865558624267578,14.54644775390625,31.453372955322266
474,2,700.2965698242188,32.21078109741211,14.36492919921875,30.699764251708984
475,2,700.333740234375,32.33606719970703,13.99993896484375,30.297889709472656
476,2,700.221923828125,32.14146423339844,14.04248046875,30.302745819091797
477,2,700.46826171875,32.57650375366211,13.7132568359375,29.8748779296875
478,2,700.5271606445312,32.5478630065918,13.7750244140625,30.263343811035156
479,2,700.369140625,32.42373275756836,13.837890625,30.69869613647461
481,2,699.878173828125,32.365013122558594,14.10906982421875,30.227703094482422
482,2,699.738037109375,32.21474838256836,14.04046630859375,30.547866821289062
484,2,698.9972534179688,32.12880325317383,14.66748046875,30.778717041015625
485,2,699.2164916992188,32.31683349609375,14.21923828125,30.41828155517578
486,2,698.4603881835938,32.07748031616211,14.99053955078125,30.78436279296875
487,2,698.3876953125,31.80488395690918,15.2156982421875,31.015241622924805
488,2,698.9098510742188,32.37250900268555,14.717041015625,30.466976165771484
489,2,698.9522094726562,31.82388687133789,14.74871826171875,30.97869873046875
490,2,699.068603515625,32.07924270629883,14.4072265625,30.810375213623047
491,2,699.1234130859375,32.11588668823242,14.26776123046875,30.660457611083984
492,2,699.8884887695312,32.19169998168945,13.820068359375,30.328163146972656
494,2,699.6487426757812,32.50942611694336,13.409912109375,29.878158569335938
495,2,699.72265625,32.38002014160156,13.3570556640625,30.091617584228516
496,2,699.7789916992188,32.47627639770508,13.4117431640625,30.134578704833984
497,2,699.59326171875,32.70512771606445,13.399169921875,29.998516082763672
498,2,699.6166381835938,32.83742904663086,13.47412109375,30.00973892211914
499,2,700.082275390625,32.67467498779297,12.929931640625,30.414241790771484
500,2,699.5670166015625,33.28996658325195,13.8985595703125,29.94042205810547
501,2,698.8682250976562,33.495086669921875,14.21533203125,29.073707580566406
502,2,698.5485229492188,33.62504959106445,14.6473388671875,29.125411987304688
504,2,698.0076293945312,32.837589263916016,14.85662841796875,29.501758575439453
505,2,697.8291625976562,32.974342346191406,14.6220703125,29.506397247314453
507,2,697.9367065429688,33.339210510253906,14.52337646484375,29.054340362548828
508,2,697.672119140625,33.47005844116211,14.80377197265625,28.974998474121094
509,2,697.5031127929688,33.52262878417969,14.8287353515625,29.073684692382812
510,2,697.7180786132812,33.43212127685547,14.3870849609375,29.273468017578125
511,2,697.3956909179688,33.41738510131836,14.69500732421875,29.194385528564453
512,2,697.64794921875,33.37229537963867,14.553955078125,29.086883544921875
513,2,697.4000854492188,33.413330078125,14.54693603515625,29.04120635986328
514,2,697.5337524414062,33.47649383544922,14.663818359375,29.029075622558594
515,2,697.1920776367188,34.062828063964844,14.7105712890625,28.267475128173828
516,2,697.4304809570312,33.45214080810547,14.37530517578125,29.034912109375
518,2,697.204345703125,33.96381378173828,14.37237548828125,28.5087890625
563,5,376.8688659667969,0.0,10.905792236328125,12.65542221069336
566,5,374.9656982421875,0.0,11.581512451171875,13.44694995880127
567,5,374.8059997558594,0.0,11.53338623046875,13.615180015563965
568,5,374.5456237792969,0.0,11.617828369140625,13.8571195602417
569,5,374.34454345703125,0.0,11.591552734375,14.050901412963867
573,5,373.8636169433594,0.0,11.08056640625,13.582284927368164
574,5,373.84967041015625,0.0,11.493896484375,13.659573554992676
586,5,373.0208435058594,0.0,11.097076416015625,14.751708984375
587,5,372.7078552246094,0.0,11.15472412109375,14.886869430541992
588,5,372.09588623046875,0.0,11.67791748046875,14.957381248474121
589,5,371.8173828125,0.07857196033000946,12.03497314453125,14.694144561886787
590,5,371.5129089355469,0.0,12.22198486328125,15.568867683410645
591,5,371.2832946777344,0.11146429181098938,12.41253662109375,15.063105791807175
592,5,371.32135009765625,0.0,12.352447509765625,15.972172737121582
593,5,371.13677978515625,0.12766747176647186,12.5126953125,15.749715760350227
594,5,370.60791015625,0.2021181583404541,12.633331298828125,15.560714483261108
595,5,370.3463134765625,0.0,12.5860595703125,15.978864669799805
596,5,370.4160461425781,0.1935407966375351,12.508880615234375,15.210187688469887
597,5,370.30377197265625,0.0,12.097259521484375,15.804482460021973
598,5,370.1750183105469,0.005051773972809315,12.26300048828125,15.886596518568695
599,5,370.2581787109375,0.02454584464430809,12.160125732421875,16.00607282295823
600,5,369.9447021484375,0.0,12.15789794921875,16.177303314208984
601,5,369.8733825683594,0.0,12.240447998046875,16.275423049926758
602,5,369.94097900390625,0.08037684857845306,11.85546875,15.628839269280434
603,5,370.2438049316406,0.17676426470279694,11.870574951171875,15.234653696417809
604,5,370.0527038574219,0.18228542804718018,12.044921875,15.579999804496765
605,5,369.8978271484375,0.07607190310955048,11.8310546875,15.854347065091133
606,5,370.092529296875,0.0,11.934234619140625,16.427581787109375
612,5,369.7380065917969,0.0,12.11212158203125,17.31072998046875
613,5,369.27044677734375,0.0,12.006805419921875,17.27104377746582
614,5,369.2765197753906,0.17700597643852234,12.4488525390625,17.21421030163765
615,5,369.2523193359375,0.21586783230304718,12.27642822265625,17.319397136569023
616,5,369.1014099121094,0.277980238199234,12.662811279296875,17.14647540450096
617,5,369.2409362792969,0.21388565003871918,12.54510498046875,17.30493415892124
618,5,369.399169921875,0.17300333082675934,12.44354248046875,17.355738505721092
619,5,369.1465148925781,0.284956157207489,12.58575439453125,17.497138798236847
620,5,368.3996276855469,0.23451240360736847,12.4727783203125,17.94192497432232
621,5,368.5287170410156,0.0554993599653244,12.16156005859375,17.934069350361824
622,5,368.3469543457031,0.015344739891588688,12.27276611328125,18.232953905127943
623,5,368.3922424316406,0.0,12.27728271484375,18.713863372802734
624,5,368.53814697265625,0.04149521142244339,12.353729248046875,18.914727322757244
624,2,701.2217407226562,34.985626220703125,13.73809814453125,28.212871551513672
625,2,701.0741577148438,35.12571334838867,13.8646240234375,28.73479461669922
625,5,368.235107421875,0.07352720201015472,12.26934814453125,18.826233997941017
626,5,368.249267578125,0.020770248025655746,12.24609375,18.86039239540696
626,2,700.814697265625,34.817230224609375,14.14495849609375,28.955886840820312
627,5,368.5226135253906,0.11978144943714142,12.23785400390625,18.947362944483757
627,2,701.1739501953125,34.83812713623047,13.95953369140625,28.851905822753906
628,5,368.32666015625,0.19447576999664307,12.401763916015625,18.923823714256287
628,2,701.0519409179688,35.3809700012207,14.0731201171875,28.602882385253906
629,5,368.832763671875,0.16386792063713074,12.531219482421875,18.699396163225174
629,2,701.0906372070312,35.60380554199219,14.239990234375,28.143402099609375
630,5,368.902099609375,0.2772742211818695,12.810577392578125,19.119316965341568
630,2,701.1406860351562,35.69648361206055,14.1495361328125,28.246421813964844
631,5,369.4488830566406,0.32490670680999756,12.957122802734375,19.14565908908844
632,5,369.5428161621094,0.2162753790616989,12.821258544921875,19.100762203335762
633,5,369.7637939453125,0.07596220076084137,12.8668212890625,19.652335986495018
634,5,369.5025939941406,0.04615475982427597,12.639251708984375,19.733536936342716
635,5,369.60162353515625,0.0067782169207930565,12.654266357421875,20.28712131921202
636,5,369.5418701171875,0.0,12.342254638671875,20.285991668701172
637,5,369.710205078125,0.0,12.382568359375,20.14502716064453
638,5,370.1134338378906,0.0,12.3291015625,20.131776809692383
639,5,370.0939636230469,0.0,12.316375732421875,20.501176834106445
640,5,370.3902893066406,0.0,12.3927001953125,20.46392822265625
641,5,370.36029052734375,0.0,12.564208984375,20.493566513061523
642,5,370.4159240722656,0.018846096470952034,12.616058349609375,20.51953166536987
643,5,370.47943115234375,0.06226673722267151,12.58233642578125,20.879347413778305
644,5,370.5791320800781,0.1437239646911621,12.5040283203125,20.495876789093018
645,5,370.8200988769531,0.17812781035900116,12.573760986328125,20.457225278019905
646,5,370.80633544921875,0.2407568097114563,12.61279296875,20.053926646709442
647,5,370.9458923339844,0.21624411642551422,12.481353759765625,20.148149117827415
648,6,841.3663330078125,207.6806640625,14.2418212890625,38.98918151855469
648,5,371.0681457519531,0.09081266820430756,12.42388916015625,20.937522903084755
649,6,834.4183349609375,203.94601440429688,21.2244873046875,43.35343933105469
649,5,371.0562438964844,0.2407306581735611,12.4268798828125,20.609845742583275
650,6,828.7186889648438,200.75804138183594,26.99261474609375,46.865478515625
650,5,371.2155456542969,0.21285755932331085,12.17889404296875,20.845026656985283
651,6,825.74755859375,195.623291015625,29.8475341796875,53.04301452636719
651,5,371.2542724609375,0.23304936289787292,12.21881103515625,20.830064803361893
652,6,823.382080078125,182.87254333496094,32.2236328125,66.02114868164062
652,5,371.1783447265625,0.20680385828018188,12.410736083984375,20.881775319576263
653,6,822.3583984375,174.63433837890625,33.15277099609375,74.77117919921875
653,5,371.3747863769531,0.17874453961849213,12.2972412109375,20.87970043718815
654,6,821.3843383789062,166.6001434326172,34.13824462890625,83.66502380371094
654,5,371.48297119140625,0.171721413731575,12.325347900390625,20.912922903895378
655,6,821.3822021484375,162.96835327148438,34.15032958984375,87.98051452636719
655,5,371.61126708984375,0.12921597063541412,12.308685302734375,21.20615504682064
656,6,821.8043212890625,162.0176544189453,33.78460693359375,90.03849792480469
656,5,371.30322265625,0.18103477358818054,12.582000732421875,21.17091491818428
657,6,821.5635375976562,161.7560272216797,33.94085693359375,89.95773315429688
657,5,371.4991455078125,0.15831103920936584,12.47930908203125,21.45418056845665
658,6,820.6655883789062,161.0835723876953,34.806396484375,91.85542297363281
658,5,371.7445068359375,0.03466278687119484,12.554962158203125,21.655162271112204
659,6,823.7078247070312,160.57142639160156,31.4619140625,93.37847900390625
659,5,371.7510681152344,0.11116581410169601,12.8883056640625,21.65717525035143
660,6,818.6617431640625,161.78958129882812,36.51885986328125,92.63752746582031
660,5,371.9657287597656,0.0,12.100189208984375,21.575395584106445
661,6,833.7364501953125,162.16427612304688,22.2635498046875,91.47213745117188
661,7,842.9111938476562,182.760009765625,13.08880615234375,94.24252319335938
661,5,371.81182861328125,0.0,12.18560791015625,21.85057258605957
662,6,807.2520751953125,161.8232421875,42.8548583984375,89.16609191894531
662,5,371.693359375,0.0,12.45587158203125,21.9708251953125
663,6,802.890869140625,161.21754455566406,44.8175048828125,91.06498718261719
663,5,371.697021484375,0.0,12.61212158203125,21.956985473632812
663,7,831.1405639648438,186.1096649169922,24.65655517578125,95.42903137207031
663,2,705.8662719726562,37.94942092895508,12.3447265625,28.703723907470703
664,6,799.8219604492188,162.22601318359375,46.153076171875,91.08053588867188
664,7,826.5518798828125,188.4854278564453,29.06121826171875,91.59504699707031
664,5,371.81597900390625,0.0,12.593170166015625,22.41317367553711
665,6,797.9988403320312,162.80380249023438,46.5030517578125,92.30337524414062
665,7,821.8511352539062,190.0669403076172,33.6837158203125,90.16096496582031
665,5,372.28704833984375,0.0,12.20025634765625,22.550987243652344
666,6,797.1678466796875,162.65625,45.3577880859375,95.38864135742188
666,7,819.888671875,184.6903076171875,35.72509765625,96.82647705078125
666,5,372.2952880859375,0.0,12.1925048828125,22.590227127075195
667,6,796.6538696289062,163.30517578125,43.587158203125,94.71710205078125
667,7,819.4918212890625,182.36614990234375,36.0489501953125,99.227783203125
667,5,372.83734130859375,0.0,11.812347412109375,22.697145462036133
667,2,705.5033569335938,37.80614471435547,12.59881591796875,28.84796905517578
668,6,795.786865234375,163.0445098876953,41.8970947265625,92.63426208496094
668,7,818.3389282226562,182.32644653320312,37.323486328125,99.36880493164062
668,5,372.7798156738281,0.0,11.858489990234375,22.64983558654785
669,6,796.4027709960938,163.07431030273438,39.3369140625,91.6888427734375
669,7,818.228759765625,181.3325653076172,37.3505859375,100.21641540527344
669,5,372.8724670410156,0.0,11.847564697265625,22.794221878051758
670,6,796.8583984375,162.45925903320312,35.84735107421875,94.80447387695312
670,7,817.806640625,180.41563415527344,37.60162353515625,101.78245544433594
670,5,373.0545654296875,0.0,11.748748779296875,22.71053695678711
671,7,818.0841064453125,178.77218627929688,36.915771484375,102.53643798828125
671,6,796.06494140625,162.30470275878906,34.3004150390625,94.86735534667969
671,5,373.1197204589844,0.0,11.71649169921875,23.057159423828125
672,7,817.76708984375,180.20556640625,36.87921142578125,101.13055419921875
672,6,790.602294921875,162.3419189453125,37.014404296875,93.71405029296875
672,5,373.196533203125,0.0,11.787353515625,23.153078079223633
673,7,817.0331420898438,180.87818908691406,37.8243408203125,100.58497619628906
673,6,782.6016235351562,162.36038208007812,43.6026611328125,94.40811157226562
673,5,373.1982116699219,0.0,11.727264404296875,22.95943832397461
674,7,811.15673828125,180.5054168701172,43.2161865234375,100.10310363769531
674,6,774.9156494140625,162.98049926757812,48.04718017578125,94.50128173828125
674,5,373.28009033203125,0.0,11.828338623046875,23.123760223388672
675,7,803.6640625,180.6304168701172,47.91131591796875,99.92829895019531
675,6,770.7567749023438,163.486083984375,49.4818115234375,94.117431640625
675,5,373.2419128417969,0.0,11.98297119140625,23.441001892089844
676,7,796.7767944335938,181.26947021484375,52.00201416015625,99.427001953125
676,6,766.1589965820312,165.036376953125,51.88604736328125,91.07180786132812
676,5,373.405029296875,0.0,11.85430908203125,23.356969833374023
677,7,791.1449584960938,181.44017028808594,56.10888671875,99.44432067871094
677,6,765.2945556640625,165.10287475585938,49.9134521484375,90.16447448730469
677,5,373.5493469238281,0.0,11.830413818359375,23.411462783813477
678,7,788.3021240234375,182.0238494873047,56.9844970703125,98.89933776855469
678,6,765.4520263671875,165.19940185546875,47.02130126953125,89.17092895507812
678,5,373.5921325683594,0.0,11.849334716796875,23.818702697753906
679,7,785.3167114257812,183.011962890625,55.36505126953125,98.40057373046875
679,6,764.412353515625,165.27032470703125,45.79351806640625,90.01419067382812
679,5,373.540283203125,0.0,11.91400146484375,23.859853744506836
680,7,784.2103271484375,183.53619384765625,54.2987060546875,98.26214599609375
680,6,763.3984985351562,165.76089477539062,44.13177490234375,90.30734252929688
680,5,373.5016784667969,0.0,11.982879638671875,23.902467727661133
681,7,783.4797973632812,183.50857543945312,51.83056640625,98.70538330078125
681,6,762.0244140625,165.52841186523438,43.03936767578125,91.04367065429688
681,5,373.521728515625,0.0,11.96124267578125,23.931049346923828
682,7,784.5465087890625,182.35121154785156,48.68060302734375,100.29536437988281
682,6,762.1180419921875,165.1211700439453,40.69873046875,92.05848693847656
682,5,373.55352783203125,0.0,11.90484619140625,23.95637321472168
683,7,784.4066772460938,182.12454223632812,46.20806884765625,100.58505249023438
683,6,766.3561401367188,164.1136932373047,33.8564453125,94.47404479980469
683,5,373.57049560546875,0.0,11.8046875,24.421777725219727
684,7,784.4609375,181.18618774414062,43.951904296875,101.47195434570312
684,6,764.6093139648438,163.7163543701172,34.4683837890625,91.86235046386719
684,5,373.1933898925781,0.0,12.055206298828125,24.21207618713379
685,7,783.8588256835938,181.25379943847656,42.58367919921875,101.73860168457031
685,6,759.1029052734375,164.0231170654297,37.3260498046875,95.38508605957031
685,5,373.5259704589844,0.0,11.80670166015625,24.554471969604492
686,7,780.8385009765625,180.2412872314453,42.65618896484375,104.00984191894531
686,6,749.8738403320312,165.59194946289062,42.71710205078125,88.90019226074219
686,5,373.1468811035156,0.0,12.207244873046875,24.77854347229004
687,6,744.7393188476562,165.09405517578125,45.35626220703125,96.08197021484375
687,7,778.5289916992188,180.51025390625,43.85406494140625,106.423095703125
687,5,373.1192321777344,0.0,12.21185302734375,24.896270751953125
688,6,740.7529296875,164.93394470214844,48.1279296875,95.03007507324219
688,7,773.065185546875,181.46759033203125,47.17333984375,107.78973388671875
688,5,373.32208251953125,0.0,12.11669921875,25.287315368652344
689,7,771.844970703125,181.72906494140625,47.23114013671875,104.93463134765625
689,6,737.7715454101562,166.18008422851562,48.2032470703125,91.74688720703125
689,5,373.3188171386719,0.0,12.1129150390625,25.220600128173828
690,7,765.252685546875,182.30873107910156,52.60919189453125,108.36891174316406
690,6,735.8231201171875,166.06971740722656,48.253662109375,93.41011047363281
690,5,373.5841369628906,0.0,12.054718017578125,24.920547485351562
691,6,734.2178344726562,165.74496459960938,47.34478759765625,98.7767333984375
691,7,761.515625,183.04808044433594,54.8492431640625,106.99848937988281
691,5,373.5071105957031,0.0,12.08123779296875,25.291488647460938
692,6,733.3914794921875,166.3013458251953,46.63568115234375,98.49403381347656
692,7,758.416259765625,184.34925842285156,56.8336181640625,105.88200378417969
692,5,373.62640380859375,0.0,12.050079345703125,25.40564727783203
693,6,733.0045166015625,166.85791015625,44.11297607421875,99.37429809570312
693,7,756.8339233398438,185.43101501464844,55.70989990234375,106.00666809082031
693,5,373.7740173339844,0.0,11.924591064453125,25.666215896606445
694,7,755.7974243164062,185.42007446289062,52.73834228515625,105.7664794921875
694,6,733.3970947265625,166.18043518066406,40.0970458984375,99.53843688964844
694,5,374.1541748046875,0.0,11.68328857421875,25.541032791137695
695,7,754.9609375,186.13116455078125,49.763916015625,104.4892578125
695,6,733.8298950195312,165.54461669921875,37.33489990234375,99.64273071289062
695,5,374.009521484375,0.0,11.988677978515625,25.70982551574707
696,7,754.7031860351562,185.92086791992188,45.1561279296875,105.25735473632812
696,6,733.0447387695312,165.03111267089844,35.71624755859375,99.31288146972656
696,5,374.3997802734375,0.0,11.74957275390625,25.888940811157227
697,7,755.5716552734375,186.00628662109375,42.37451171875,104.7115478515625
697,6,727.9523315429688,165.37400817871094,38.36444091796875,98.38899230957031
697,5,374.2956237792969,0.0,12.119537353515625,26.001556396484375
698,7,754.43603515625,185.5507049560547,41.88519287109375,105.46470642089844
698,6,721.5060424804688,165.1519012451172,42.53057861328125,99.91120910644531
698,5,374.30084228515625,0.0,12.147216796875,25.97414207458496
699,7,752.1808471679688,185.11923217773438,42.18353271484375,106.31170654296875
699,6,712.3082885742188,165.0284881591797,49.5294189453125,99.21281433105469
699,5,374.2815856933594,0.0,12.37725830078125,26.116323471069336
700,7,749.8386840820312,184.52517700195312,42.32818603515625,106.175537109375
700,6,708.0322265625,165.26516723632812,51.10504150390625,98.50189208984375
700,5,374.38458251953125,0.0,12.441680908203125,26.29130744934082
701,7,742.005859375,185.21343994140625,48.36566162109375,104.82388305664062
701,6,702.7647094726562,166.0352020263672,53.44073486328125,97.66914367675781
701,5,374.50238037109375,0.0,12.376800537109375,26.244949340820312
702,7,735.0947265625,186.34217834472656,53.0679931640625,105.35466003417969
702,6,699.2163696289062,166.4108428955078,53.99993896484375,96.67930603027344
702,5,374.4315490722656,0.0,12.4254150390625,26.262752532958984
703,7,727.3450317382812,186.57052612304688,57.21319580078125,104.61978149414062
703,6,698.7653198242188,166.57791137695312,50.98895263671875,96.43527221679688
703,5,374.4945983886719,0.0,12.5736083984375,26.227163314819336
704,6,698.1658935546875,166.85089111328125,48.681640625,97.63076782226562
704,7,722.596923828125,187.14898681640625,59.1527099609375,104.29904174804688
704,5,374.5769958496094,0.0,12.55718994140625,26.585559844970703
705,7,720.9400634765625,187.0770263671875,57.815673828125,104.18359375
705,6,697.9585571289062,166.71534729003906,46.5391845703125,97.85792541503906
705,5,374.69635009765625,0.0,12.557769775390625,26.536306381225586
706,6,697.21728515625,166.50704956054688,44.30914306640625,98.19107055664062
706,7,719.7481079101562,188.22068786621094,55.3291015625,103.83638000488281
706,5,374.6318664550781,0.0,12.28070068359375,26.555395126342773
707,7,719.8338623046875,188.3553924560547,52.75677490234375,104.51768493652344
707,6,696.8907470703125,165.84945678710938,42.12347412109375,99.12582397460938
707,5,374.695556640625,0.0,12.074310302734375,26.85719871520996
708,7,720.1730346679688,188.90032958984375,49.96258544921875,104.29635620117188
708,6,696.4913940429688,165.5823516845703,39.3131103515625,99.87449645996094
708,5,374.7346496582031,0.0,11.944427490234375,26.87422752380371
709,6,696.793701171875,165.16830444335938,37.844482421875,102.00271606445312
709,7,720.0611572265625,189.42041015625,47.88323974609375,104.02462768554688
709,5,374.8354187011719,0.0,11.984619140625,26.83932113647461
710,6,688.0477905273438,165.52418518066406,42.28472900390625,103.50096130371094
710,7,718.4010620117188,187.4423065185547,43.88653564453125,105.88536071777344
710,5,374.7860412597656,0.0,12.110382080078125,26.8864688873291
711,7,717.5556640625,186.53253173828125,42.64569091796875,107.91256713867188
711,6,682.4921875,166.52330017089844,45.68994140625,98.64427185058594
711,5,374.85430908203125,0.0,12.278076171875,27.17892074584961
712,6,677.810791015625,167.5123291015625,48.29010009765625,97.69326782226562
712,7,715.719482421875,186.6514129638672,43.0924072265625,107.76866149902344
712,5,374.9088134765625,0.0,12.27642822265625,27.29094123840332
713,6,674.295166015625,168.41665649414062,50.58349609375,98.44537353515625
713,7,710.2900390625,187.04969787597656,46.366943359375,110.45890808105469
713,5,374.9497375488281,0.0,12.426513671875,27.7665958404541
714,6,670.385986328125,169.26231384277344,51.0455322265625,97.95347595214844
714,7,705.390380859375,186.8510284423828,50.438720703125,111.67295837402344
714,5,374.8078308105469,0.0,12.799072265625,27.974245071411133
715,6,667.4342041015625,169.3783721923828,52.75152587890625,98.70982360839844
715,7,702.40771484375,188.08346557617188,53.15679931640625,109.19418334960938
715,5,374.8958740234375,0.0,12.600616455078125,28.062776565551758
716,7,700.1480102539062,188.5906524658203,55.1593017578125,113.77330017089844
716,6,665.9842529296875,169.79600524902344,51.4114990234375,100.94239807128906
716,5,374.82647705078125,0.0,12.48846435546875,28.303682327270508
717,7,697.02587890625,190.3480224609375,56.6463623046875,110.73165893554688
717,6,664.2110595703125,170.39633178710938,50.40997314453125,102.93368530273438
717,5,375.05035400390625,0.0,12.307220458984375,28.551986694335938
718,6,663.6199951171875,171.0998077392578,48.208251953125,102.94514465332031
718,7,692.7787475585938,191.34336853027344,59.574462890625,112.93214416503906
718,5,375.3779296875,0.0,12.408538818359375,28.540788650512695
719,7,687.7241821289062,192.750732421875,61.561279296875,114.48153686523438
719,6,663.47412109375,170.99862670898438,44.63739013671875,103.11346435546875
719,5,375.5556945800781,0.0,12.710479736328125,28.89482879638672
720,6,663.1431274414062,170.36207580566406,41.763427734375,103.07157897949219
720,7,686.9712524414062,193.3938446044922,58.00494384765625,114.00559997558594
720,5,375.8847961425781,0.0,12.752777099609375,29.121023178100586
721,6,664.0426635742188,169.82720947265625,37.7596435546875,101.0546875
721,7,687.8755493164062,193.65792846679688,52.57037353515625,113.4046630859375
721,5,376.0894470214844,0.0,12.808868408203125,29.219314575195312
722,7,688.4595336914062,194.03366088867188,47.4471435546875,112.918701171875
722,6,663.6163940429688,169.62289428710938,35.41558837890625,102.91217041015625
722,5,376.292236328125,0.05356883257627487,12.904541015625,29.184020049870014
723,7,685.5986938476562,194.1343536376953,47.80352783203125,112.58204650878906
723,6,659.5701293945312,169.79159545898438,35.89923095703125,99.369140625
723,5,376.594970703125,0.0805044025182724,12.79498291015625,29.18348218500614
724,7,687.2116088867188,193.9178466796875,44.48626708984375,113.17221069335938
724,6,651.77294921875,169.23623657226562,40.53863525390625,105.18679809570312
724,5,376.603271484375,0.01585240475833416,12.8692626953125,29.66311983950436
725,7,688.0272216796875,193.83546447753906,41.83587646484375,114.10343933105469
725,6,642.0813598632812,169.5093994140625,47.782470703125,104.5826416015625
725,5,376.68316650390625,0.025163842365145683,12.9501953125,29.74758510477841
726,7,685.1123657226562,193.3773956298828,42.2994384765625,114.09037780761719
726,6,634.6612548828125,170.59054565429688,52.02789306640625,104.1297607421875
726,5,376.7322082519531,0.0,12.986083984375,30.148643493652344
726,2,707.1646728515625,39.141544342041016,12.70947265625,28.21401596069336
727,7,679.22998046875,193.31199645996094,46.212158203125,114.30909729003906
727,6,630.202880859375,171.3536834716797,54.22882080078125,103.32032775878906
727,5,376.7738037109375,0.01649017445743084,12.9512939453125,29.948084639385343
728,7,669.1261596679688,194.47756958007812,53.4075927734375,112.64724731445312
728,6,627.9775390625,171.88870239257812,53.21746826171875,102.85122680664062
728,5,376.7153015136719,0.013118923641741276,12.850830078125,29.390632449649274
729,7,661.6256103515625,195.65455627441406,57.793212890625,111.11946105957031
729,6,625.1865844726562,171.71206665039062,55.02227783203125,102.72653198242188
729,5,376.7559509277344,0.0,12.714569091796875,29.47423553466797
729,2,706.907958984375,39.316890716552734,12.54071044921875,27.530994415283203
730,7,654.9584350585938,195.6771697998047,60.91900634765625,111.40251159667969
730,6,624.2512817382812,171.5528106689453,55.00299072265625,103.01560974121094
730,5,376.943115234375,0.0,12.405426025390625,29.367143630981445
730,2,706.8938598632812,39.305564880371094,12.59326171875,27.151565551757812
731,7,651.0755615234375,196.24530029296875,60.701416015625,111.84930419921875
731,6,624.697021484375,171.69708251953125,51.55419921875,102.35385131835938
731,5,376.9889831542969,0.0,12.36737060546875,29.159847259521484
732,7,649.4860229492188,199.41029357910156,59.58038330078125,108.99226379394531
732,6,622.61181640625,170.7930145263672,48.6993408203125,103.38883972167969
732,5,376.85955810546875,0.0,12.30133056640625,29.615507125854492
733,7,648.5706176757812,198.94320678710938,58.30145263671875,110.52911376953125
733,6,623.392822265625,170.69085693359375,42.73193359375,103.9140625
733,5,376.7256774902344,0.0,12.4912109375,30.17876625061035
734,7,647.1259155273438,198.2340545654297,56.16448974609375,112.24885559082031
734,6,629.0540161132812,170.0177001953125,31.3887939453125,106.10079956054688
734,5,376.5828552246094,0.0,12.40240478515625,29.782550811767578
735,7,647.1764526367188,198.68240356445312,52.3448486328125,111.47390747070312
735,6,623.1490478515625,170.3418426513672,35.07330322265625,103.69132995605469
735,5,376.7571105957031,0.0,12.398468017578125,29.80417823791504
736,7,647.4699096679688,198.59190368652344,47.0118408203125,111.97792053222656
736,6,616.9737548828125,170.46221923828125,38.90155029296875,104.8807373046875
736,5,376.51171875,0.0,12.605010986328125,29.951810836791992
