0,1,308.568603515625,53.7432746887207,48.460968017578125,104.07133102416992
0,2,754.5167236328125,138.8150634765625,48.6395263671875,124.43817138671875
0,3,719.8873901367188,151.63864135742188,47.83453369140625,116.06619262695312
0,4,289.7426452636719,42.23257064819336,32.115325927734375,92.9349250793457
0,5,788.9814453125,121.12784576416016,29.71728515625,115.37007904052734
1,3,718.2734985351562,151.00994873046875,46.01947021484375,115.07183837890625
1,1,308.1104736328125,54.84572982788086,54.646392822265625,102.27548599243164
1,2,756.84619140625,137.03167724609375,44.84051513671875,125.7418212890625
1,4,291.7594909667969,42.38451385498047,33.799560546875,91.70902252197266
1,5,784.8336791992188,119.8619155883789,30.7786865234375,115.83617401123047
2,1,308.6630859375,54.600318908691406,55.880767822265625,102.28621673583984
2,3,714.552734375,150.97438049316406,47.81658935546875,115.38941955566406
2,2,740.6873168945312,137.39149475097656,57.50054931640625,126.46720886230469
2,4,294.89190673828125,41.856082916259766,35.055023193359375,93.32036972045898
2,5,782.5186767578125,116.99911499023438,30.61474609375,114.40814208984375
3,3,705.5678100585938,148.43922424316406,53.71417236328125,118.80378723144531
3,1,310.14825439453125,54.8842658996582,56.808624267578125,103.00193405151367
3,2,740.3873901367188,137.25540161132812,53.8662109375,126.65707397460938
3,4,299.39691162109375,41.40743637084961,33.96527099609375,91.79715347290039
3,5,779.9290161132812,115.74714660644531,31.40087890625,110.4637451171875
4,3,699.6638793945312,147.1826171875,56.813720703125,120.40725708007812
4,1,312.6128234863281,54.73540115356445,54.73773193359375,102.40525436401367
4,2,756.5138549804688,133.84249877929688,36.19482421875,124.64959716796875
4,4,307.041259765625,41.43389129638672,29.72930908203125,90.06055450439453
4,5,777.8924560546875,114.02374267578125,31.3736572265625,106.1580810546875
5,1,317.1746826171875,54.75422286987305,50.1756591796875,101.97031021118164
5,3,697.8009033203125,146.6640167236328,55.56243896484375,120.56953430175781
5,4,313.35009765625,40.460418701171875,26.57342529296875,90.33522033691406
5,2,750.5328979492188,133.54336547851562,39.883544921875,126.02963256835938
5,5,777.3041381835938,112.9515151977539,29.47821044921875,66.2072982788086
6,1,323.2591857910156,54.50483703613281,43.678680419921875,100.37309265136719
6,3,696.6439819335938,146.1473846435547,56.3599853515625,117.23100280761719
6,4,317.4225769042969,39.95941925048828,27.156585693359375,90.12723541259766
6,2,750.0576171875,130.39622497558594,35.3604736328125,122.84603881835938
6,5,763.2195434570312,111.64954376220703,38.780517578125,132.52014923095703
7,3,697.42431640625,144.215087890625,52.218994140625,119.40560913085938
7,1,331.4937744140625,54.019657135009766,36.7183837890625,100.37746810913086
7,2,730.6094360351562,130.06092834472656,49.84295654296875,120.48014831542969
7,4,320.7249450683594,40.32217025756836,25.953094482421875,89.43294143676758
7,5,771.911376953125,110.9141616821289,29.8736572265625,106.51854705810547
8,1,337.9001770019531,50.88340377807617,32.863983154296875,103.56015396118164
8,3,697.827392578125,141.40126037597656,47.5850830078125,121.05662536621094
8,2,731.0741577148438,126.82276916503906,46.79278564453125,123.18229675292969
8,4,323.47772216796875,39.77298355102539,25.43109130859375,91.16189193725586
8,5,766.2890014648438,109.60484313964844,33.76898193359375,112.85182189941406
9,1,345.89337158203125,51.66004180908203,27.7008056640625,100.76313018798828
9,3,696.8355102539062,139.2910614013672,47.47589111328125,123.16297912597656
9,4,326.31787109375,39.2314567565918,26.099029541015625,93.17366409301758
9,2,730.8789672851562,126.44766998291016,46.5220947265625,119.66683197021484
9,5,763.2640380859375,110.49976348876953,34.39691162109375,113.2944564819336
10,4,328.28839111328125,39.2274055480957,27.20025634765625,93.18716049194336
10,1,349.4097900390625,53.130775451660156,27.794830322265625,101.17937469482422
10,3,697.315185546875,137.21914672851562,43.69342041015625,121.1551513671875
10,5,762.3729248046875,109.21695709228516,32.26800537109375,115.2042007446289
10,2,734.7281494140625,125.34596252441406,43.67236328125,111.61582946777344
11,3,698.7783203125,136.3197784423828,40.2100830078125,109.08549499511719
11,4,330.0562744140625,40.74658203125,27.92962646484375,92.08915710449219
11,2,733.42138671875,123.27774810791016,42.47052001953125,116.1307144165039
11,1,350.56793212890625,54.894710540771484,30.392608642578125,99.70502090454102
11,5,760.887939453125,109.22015380859375,30.5384521484375,114.720458984375
12,3,697.0613403320312,135.22821044921875,39.8067626953125,111.11335754394531
12,4,329.3705749511719,38.74042510986328,32.071014404296875,92.99317169189453
12,1,350.9014587402344,55.074729919433594,39.423431396484375,99.5151596069336
12,2,728.0242309570312,122.57572174072266,48.8297119140625,122.6441879272461
12,5,760.1674194335938,107.43348693847656,29.15313720703125,114.45074462890625
13,1,350.4229431152344,52.484375,46.68450927734375,104.18673706054688
13,3,693.6015014648438,133.9453582763672,41.3741455078125,109.23973083496094
13,4,330.27093505859375,40.75962829589844,35.072540283203125,90.50599670410156
13,2,725.3253173828125,121.29080200195312,51.14776611328125,123.98448181152344
13,5,754.443115234375,107.65845489501953,32.464111328125,119.6367416381836
14,3,690.314453125,131.52523803710938,44.87353515625,111.5399169921875
14,1,350.5418701171875,53.15153503417969,50.629913330078125,101.86418151855469
14,4,332.6663513183594,41.95925521850586,36.37420654296875,88.49733352661133
14,2,726.4229125976562,124.10648345947266,43.93499755859375,121.6719741821289
14,5,755.50439453125,105.04683685302734,27.351806640625,113.12816619873047
15,3,685.2852172851562,130.90377807617188,45.19140625,113.41081237792969
15,1,350.40045166015625,53.75362014770508,50.7427978515625,100.61924362182617
15,4,335.38323974609375,38.63652038574219,37.38055419921875,92.87132263183594
15,2,723.2373657226562,124.40118408203125,47.63616943359375,120.52517700195312
15,5,752.8201293945312,102.91024017333984,28.05780029296875,102.15734100341797
16,3,676.8641967773438,130.46490478515625,53.11810302734375,112.86602783203125
16,1,352.9658203125,52.13725662231445,51.74005126953125,102.64265060424805
16,2,716.9215087890625,124.39961242675781,51.94342041015625,120.77162170410156
16,4,342.63873291015625,40.105506896972656,34.507476806640625,92.0862045288086
16,5,749.137939453125,101.3117446899414,29.851806640625,104.23934173583984
17,3,669.6852416992188,128.78390502929688,56.77862548828125,114.96694946289062
17,1,356.0668640136719,53.6811408996582,48.77313232421875,100.67370223999023
17,4,347.7662658691406,39.66150665283203,31.6734619140625,90.14115142822266
17,2,714.4274291992188,121.4814453125,46.05670166015625,123.0269775390625
17,5,746.5839233398438,99.6611557006836,29.4609375,112.44759368896484
18,3,665.2722778320312,127.70426177978516,60.16717529296875,115.60077667236328
18,1,363.0624694824219,52.38129806518555,42.36627197265625,99.99512100219727
18,4,354.41925048828125,38.30824661254883,29.66278076171875,90.03263473510742
18,2,714.7230834960938,119.1842269897461,39.78656005859375,124.93082427978516
18,5,742.0900268554688,100.7638931274414,31.175537109375,111.61980438232422
19,3,662.6942138671875,128.57748413085938,60.73333740234375,114.92802429199219
19,1,369.5439147949219,49.449798583984375,37.116119384765625,100.98554992675781
19,2,714.5682373046875,117.22238159179688,37.840087890625,125.09283447265625
19,4,359.6116027832031,36.9429817199707,26.55670166015625,90.71185684204102
19,5,740.2454833984375,99.7810287475586,31.2991943359375,105.4626693725586
20,3,660.6932373046875,127.0695571899414,60.55792236328125,116.4552230834961
20,1,376.187744140625,49.1888542175293,33.578155517578125,100.67670059204102
20,2,714.4376220703125,116.0395278930664,36.88427734375,124.3504409790039
20,4,360.1190490722656,38.53303909301758,28.49859619140625,91.01754379272461
20,5,743.17578125,96.79804229736328,26.9256591796875,97.8165512084961
21,3,662.421142578125,126.88452911376953,55.5374755859375,116.1595687866211
21,1,385.2906799316406,49.018917083740234,26.978912353515625,100.05755996704102
21,4,365.54132080078125,38.06627655029297,26.545013427734375,89.52201843261719
21,2,712.8610229492188,111.17424774169922,39.38226318359375,127.33275604248047
21,5,737.155029296875,96.62208557128906,30.44708251953125,105.32560729980469
22,3,662.0514526367188,126.31773376464844,54.730224609375,115.98478698730469
22,2,710.352783203125,110.85846710205078,40.19622802734375,118.78360748291016
22,1,388.6376953125,47.360713958740234,27.10675048828125,103.30278396606445
22,4,367.49530029296875,36.975337982177734,28.44439697265625,90.4261360168457
22,5,734.7066650390625,96.00565338134766,30.833984375,107.04576873779297
23,3,661.7227172851562,124.1459732055664,51.728759765625,117.46106719970703
23,1,388.96588134765625,46.608524322509766,31.06787109375,102.63705062866211
23,2,707.9931640625,110.08028411865234,40.6156005859375,116.5907211303711
23,4,369.2341613769531,35.901206970214844,29.345550537109375,91.62847900390625
23,5,732.8606567382812,94.02517700195312,31.18359375,111.02903747558594
24,3,661.0353393554688,123.46188354492188,50.3599853515625,117.13095092773438
24,1,389.2633361816406,47.46754455566406,38.4322509765625,101.54759216308594
24,2,707.916015625,109.12870788574219,39.28973388671875,110.02000427246094
24,4,369.52154541015625,37.99673843383789,31.70733642578125,89.3024787902832
24,5,730.4872436523438,95.00414276123047,29.8218994140625,109.53145599365234
25,1,389.1187438964844,47.17359161376953,45.900634765625,102.51464080810547
25,3,661.5828857421875,121.50011444091797,46.46783447265625,114.9561538696289
25,4,370.2210998535156,39.689727783203125,34.819915771484375,88.95675659179688
25,2,709.2886352539062,108.60022735595703,35.16827392578125,106.0545425415039
25,5,728.9673461914062,95.24675750732422,28.6845703125,108.22644805908203
26,3,660.5750732421875,121.24679565429688,45.14642333984375,109.47091674804688
26,1,388.9429016113281,45.81296920776367,52.8858642578125,103.20332717895508
26,4,370.5984191894531,38.53304672241211,39.140411376953125,88.76697158813477
26,2,700.527587890625,122.41537475585938,23.57196044921875,97.92732238769531
26,5,727.3164672851562,92.5636978149414,28.158203125,113.90393829345703
27,1,390.42388916015625,47.754295349121094,52.29656982421875,100.23250579833984
27,3,659.8168334960938,118.6162338256836,43.763427734375,108.30689239501953
27,2,705.6050415039062,105.00226593017578,39.31451416015625,117.9585952758789
27,4,372.22845458984375,39.526100158691406,39.956695556640625,87.7608871459961
28,1,391.26513671875,47.557708740234375,52.548492431640625,99.57015991210938
28,3,659.2706909179688,118.27606201171875,41.74505615234375,106.61224365234375
28,4,374.6492614746094,39.29774475097656,42.70562744140625,87.7989501953125
28,2,690.15869140625,105.50709533691406,52.74884033203125,115.82325744628906
28,5,722.4287719726562,94.06048583984375,26.995849609375,112.10467529296875
29,1,394.0156555175781,45.550636291503906,50.73724365234375,101.58454132080078
29,2,683.2158203125,110.12715911865234,40.33294677734375,105.03655242919922
29,3,657.27783203125,117.17407989501953,41.43145751953125,108.21546173095703
29,4,379.6839904785156,37.300933837890625,41.068115234375,88.60281372070312
29,5,718.4038696289062,90.96157836914062,29.1510009765625,110.77906799316406
30,1,397.57427978515625,44.71578598022461,47.31488037109375,101.77414321899414
30,4,386.0019226074219,38.79768753051758,35.70391845703125,86.13856887817383
30,2,695.9835815429688,101.83354187011719,45.03399658203125,120.60862731933594
30,3,654.5320434570312,116.83731842041016,42.8114013671875,108.0654525756836
30,5,717.589599609375,89.43609619140625,27.2623291015625,109.83999633789062
31,4,392.3177795410156,39.008846282958984,34.03564453125,86.74890518188477
31,1,403.0235900878906,46.09326171875,44.262054443359375,99.73614501953125
31,2,699.6145629882812,103.27102661132812,39.96795654296875,119.08073425292969
31,3,652.4756469726562,116.64739227294922,42.91973876953125,107.7505111694336
31,5,715.5053100585938,89.68956756591797,26.27276611328125,87.18498992919922
32,1,409.4001770019531,43.48130798339844,39.77667236328125,101.46408081054688
32,3,645.2415771484375,115.15208435058594,47.846435546875,110.80882263183594
32,2,678.9322509765625,104.24363708496094,55.19195556640625,117.375
32,4,399.5934143066406,36.54014587402344,30.09442138671875,88.42477416992188
32,5,712.140869140625,89.93839263916016,26.941162109375,95.5901107788086
33,1,415.93408203125,42.4308967590332,36.0091552734375,102.47072982788086
33,2,678.2177124023438,101.7062759399414,51.40753173828125,119.27083587646484
33,3,637.457763671875,115.87764739990234,52.96160888671875,109.4342269897461
33,4,404.856689453125,37.203399658203125,26.73236083984375,87.29801177978516
33,5,711.1980590820312,86.62464904785156,26.484375,100.86598205566406
34,1,424.63629150390625,42.99642562866211,29.5751953125,100.59637832641602
34,2,676.4169311523438,100.57657623291016,47.82208251953125,112.0969009399414
34,3,634.4608154296875,113.90882110595703,52.88165283203125,111.53040313720703
34,4,406.26507568359375,36.61301803588867,27.659912109375,88.73404312133789
34,5,707.9054565429688,85.42472839355469,26.0595703125,98.20381164550781
35,2,674.9976806640625,99.27652740478516,46.966796875,115.85489654541016
35,1,428.9566345214844,43.01898956298828,28.834686279296875,103.59761810302734
35,3,631.6890869140625,113.14737701416016,51.82000732421875,111.30379486083984
35,4,407.3600158691406,37.32958221435547,30.762725830078125,89.15800476074219
35,5,704.9114379882812,81.56209564208984,27.57891845703125,92.5722885131836
36,1,429.24188232421875,42.019813537597656,30.027801513671875,104.24541473388672
36,2,674.2976684570312,98.18193054199219,42.99169921875,115.55902099609375
36,3,630.9274291992188,113.17545318603516,50.89129638671875,111.13558197021484
36,4,409.1176452636719,34.616886138916016,32.59429931640625,91.30700302124023
36,5,704.1846313476562,82.18431854248047,26.6009521484375,89.2798843383789
37,1,429.7676696777344,41.95351791381836,35.24383544921875,102.79330825805664
37,3,630.4511108398438,111.61856079101562,49.20269775390625,112.23876953125
37,2,677.4403686523438,97.37666320800781,37.3980712890625,114.95660400390625
37,4,409.1002502441406,35.12687301635742,34.62725830078125,91.22517013549805
37,5,701.2586059570312,82.53297424316406,27.25140380859375,83.40374755859375
38,1,429.5917053222656,43.445274353027344,42.34405517578125,101.08162689208984
38,3,629.8285522460938,110.48880004882812,48.07830810546875,111.99334716796875
38,4,409.23193359375,36.932533264160156,37.787078857421875,89.014892578125
38,2,676.0616455078125,94.4139404296875,39.569580078125,115.45832824707031
38,5,699.1918334960938,82.57467651367188,27.093017578125,87.38218688964844
39,1,430.2251892089844,43.646812438964844,45.858856201171875,100.90129852294922
39,3,630.6912841796875,108.71236419677734,44.21478271484375,111.77445220947266
39,4,410.4967346191406,35.775856018066406,40.255950927734375,90.00676727294922
39,2,671.9755249023438,94.6020736694336,40.77813720703125,110.04801177978516
39,5,698.5758666992188,80.62065887451172,24.114501953125,84.99199676513672
40,1,431.121337890625,43.381103515625,46.30389404296875,100.80546569824219
40,3,631.51416015625,107.55167388916016,39.771484375,104.42967987060547
40,4,412.0787353515625,34.441612243652344,41.1051025390625,91.12496185302734
40,2,669.80908203125,91.7845458984375,43.1414794921875,113.46315002441406
40,5,695.1201782226562,81.24225616455078,26.4310302734375,79.95946502685547
41,1,432.3570556640625,43.40443420410156,47.22967529296875,101.03005981445312
41,4,415.5580749511719,36.837467193603516,40.36279296875,89.94848251342773
41,3,633.1231689453125,105.48817443847656,37.158203125,105.16688537597656
41,2,667.6929321289062,91.34540557861328,44.521728515625,112.74797821044922
41,5,693.6157836914062,82.05821228027344,25.49835205078125,75.89289855957031
42,1,435.1016540527344,43.80965042114258,45.18634033203125,99.91247177124023
42,3,631.4808959960938,104.62265014648438,36.8768310546875,105.51274108886719
42,4,420.85089111328125,35.719234466552734,39.9058837890625,88.7247428894043
42,2,664.09521484375,92.20429992675781,44.88848876953125,112.86473083496094
42,5,689.841796875,81.3108901977539,26.4530029296875,78.1801986694336
43,1,441.7852478027344,39.04914474487305,39.121307373046875,104.0672492980957
43,3,627.4077758789062,104.16255187988281,39.0211181640625,102.39299011230469
43,4,427.4166564941406,33.396949768066406,35.51202392578125,89.37255096435547
43,2,660.6432495117188,92.21430206298828,47.03338623046875,112.4953384399414
43,5,687.4620971679688,80.49575805664062,25.35992431640625,80.66981506347656
44,3,623.5343627929688,102.9488296508789,41.284423828125,106.0652084350586
44,1,448.34698486328125,41.15505599975586,36.08245849609375,99.96895217895508
44,4,433.4605712890625,34.3077278137207,31.21343994140625,88.0828742980957
44,2,657.8994750976562,89.68242645263672,49.64739990234375,113.30994415283203
44,5,685.7470703125,79.62594604492188,24.96710205078125,78.89642333984375
45,3,618.3947143554688,101.52665710449219,43.80023193359375,107.97964477539062
45,1,455.0217590332031,40.262813568115234,31.399658203125,99.58403396606445
45,4,439.04315185546875,33.3551139831543,28.4359130859375,87.16205978393555
45,2,657.6943969726562,87.97748565673828,48.4581298828125,114.0938491821289
45,5,683.6181030273438,78.38391876220703,24.65911865234375,78.2953109741211
46,3,612.4600219726562,101.29073333740234,47.52728271484375,108.06983184814453
46,1,461.5721435546875,39.76203155517578,27.4620361328125,99.53328704833984
46,4,442.7144470214844,32.86814880371094,27.838836669921875,88.07664489746094
46,2,655.8910522460938,87.38168334960938,47.13482666015625,116.39674377441406
46,5,681.265869140625,75.97502136230469,24.281494140625,80.06460571289062
47,1,465.83026123046875,38.9785270690918,27.5465087890625,100.5150032043457
47,3,602.3014526367188,101.53680419921875,55.86895751953125,106.70332336425781
47,4,445.3656921386719,31.880563735961914,27.624786376953125,89.52979850769043
47,2,652.3989868164062,86.79121398925781,47.4530029296875,115.32716369628906
47,5,678.0023803710938,75.21250915527344,26.02447509765625,81.46449279785156
48,1,464.44903564453125,40.157936096191406,38.001617431640625,98.42292022705078
48,3,594.53271484375,100.06409454345703,58.663818359375,107.84319305419922
48,4,446.8368835449219,34.37152862548828,33.59112548828125,86.60712432861328
48,2,649.381103515625,84.2015380859375,41.66351318359375,112.79066467285156
48,5,673.9902954101562,71.77510070800781,25.685791015625,81.9429931640625
49,3,593.8450927734375,99.50877380371094,56.352294921875,107.96430969238281
49,1,464.6396789550781,39.44740676879883,44.868865966796875,98.9254264831543
49,4,446.92620849609375,32.04645919799805,35.51812744140625,88.78158187866211
49,2,649.4892578125,83.2359390258789,40.4940185546875,112.28372955322266
49,5,672.3792114257812,72.12281799316406,25.4454345703125,54.292877197265625
50,3,592.487548828125,98.42666625976562,54.41455078125,108.77049255371094
50,1,465.213134765625,41.42435836791992,50.8037109375,96.9567756652832
50,4,447.5733337402344,34.43722915649414,38.663421630859375,86.63620376586914
50,2,650.0071411132812,80.28608703613281,40.14697265625,111.20062255859375
50,5,670.7434692382812,71.29131317138672,25.24810791015625,63.99169158935547
51,1,466.4206237792969,40.57777786254883,47.430572509765625,97.09116744995117
51,3,592.3331909179688,97.9292984008789,53.5367431640625,106.20587921142578
51,4,448.5626525878906,35.30038833618164,41.332977294921875,85.46050643920898
51,2,649.5032958984375,80.99148559570312,38.8948974609375,104.11546325683594
51,5,666.979736328125,71.47430419921875,27.63006591796875,75.69439697265625
52,3,592.1962890625,98.03234100341797,51.4140625,104.67969512939453
52,1,467.2935791015625,40.335289001464844,48.63311767578125,96.40860748291016
52,4,449.850341796875,32.76457214355469,43.074432373046875,87.04158782958984
52,2,649.0912475585938,77.8724594116211,39.64361572265625,110.0288314819336
52,5,664.522216796875,71.4200668334961,27.4937744140625,48.147430419921875
53,3,592.552978515625,95.93804931640625,47.0234375,107.91152954101562
53,1,470.2113952636719,40.923828125,46.114288330078125,96.551025390625
53,4,454.0142517089844,33.76948928833008,42.995513916015625,86.22143173217773
53,2,646.3991088867188,76.20173645019531,41.74993896484375,110.7808837890625
53,5,663.646728515625,71.4139633178711,26.08502197265625,47.046348571777344
54,1,474.0826110839844,40.49742889404297,43.964569091796875,95.84822845458984
54,3,592.6119384765625,94.68942260742188,42.456298828125,104.72198486328125
54,4,459.4058532714844,34.87971878051758,39.85626220703125,83.68683242797852
54,2,642.0594482421875,72.4576416015625,46.35919189453125,110.20550537109375
55,1,479.3157043457031,39.105621337890625,41.954620361328125,95.82493591308594
55,3,592.4655151367188,93.21514129638672,39.44647216796875,103.2315902709961
55,4,465.2362365722656,33.48739242553711,38.45989990234375,84.28680801391602
55,2,634.0603637695312,72.90766906738281,44.47918701171875,109.41639709472656
56,1,493.59454345703125,35.19035720825195,30.560302734375,100.81364059448242
56,3,590.5858154296875,91.17192077636719,39.4969482421875,104.48175048828125
56,4,472.2348937988281,32.288814544677734,32.492401123046875,86.16692733764648
56,2,627.484375,70.29737091064453,56.06927490234375,114.5488510131836
57,1,492.75506591796875,36.10869598388672,33.914794921875,99.2218246459961
57,3,588.1463623046875,90.49172973632812,40.37750244140625,101.91777038574219
57,4,479.0460510253906,32.58970642089844,28.0435791015625,86.68490600585938
57,2,624.3006591796875,70.8365707397461,55.9443359375,108.89478302001953
58,1,497.7705383300781,36.200931549072266,32.377899169921875,96.63438034057617
58,3,585.637939453125,89.73658752441406,40.6025390625,102.31428527832031
58,4,483.0284423828125,31.194751739501953,27.0787353515625,88.62679672241211
58,2,623.2715454101562,70.74620819091797,55.5704345703125,111.2448501586914
59,1,501.34033203125,37.21613693237305,30.061279296875,97.2106819152832
59,3,583.782958984375,89.36376953125,39.79541015625,103.87626647949219
59,4,483.8743896484375,29.663930892944336,29.2845458984375,90.59146308898926
59,2,623.8444213867188,70.98114013671875,53.24652099609375,102.761474609375
60,1,501.66607666015625,35.456077575683594,32.07379150390625,98.4021224975586
60,4,485.1993103027344,30.862014770507812,30.402984619140625,90.49560546875
60,3,581.7393798828125,89.60785675048828,39.9791259765625,103.3270492553711
60,2,624.0392456054688,69.17339324951172,49.2779541015625,101.94097137451172
61,1,501.1582336425781,35.75237274169922,36.361724853515625,97.92511749267578
61,3,577.9807739257812,89.27591705322266,42.192138671875,103.87113189697266
61,4,485.8489990234375,31.357505798339844,31.9156494140625,89.59142303466797
61,2,630.0745849609375,73.91693878173828,39.082275390625,107.12908172607422
61,5,640.30419921875,64.4390869140625,28.06573486328125,44.809234619140625
62,1,502.0005187988281,37.52886199951172,40.502044677734375,96.16349029541016
62,3,574.2548828125,89.08916473388672,43.4930419921875,105.23072052001953
62,2,626.44677734375,74.9158935546875,24.2432861328125,99.46467590332031
62,4,485.9443054199219,30.93086814880371,36.316070556640625,89.12227821350098
62,5,639.2324829101562,63.56861114501953,27.73095703125,50.75700378417969
63,1,503.5047302246094,37.726219177246094,41.821441650390625,95.86019134521484
63,3,571.2424926757812,88.50196075439453,43.46551513671875,105.3482437133789
63,4,486.5796203613281,31.058666229248047,39.544647216796875,88.06635665893555
63,2,626.0612182617188,69.35945892333984,34.6788330078125,103.90583038330078
64,1,504.79461669921875,37.51862716674805,42.98541259765625,96.60780715942383
64,4,487.769775390625,30.920373916625977,40.233642578125,88.28629112243652
64,3,569.8632202148438,87.7905044555664,42.23114013671875,106.02861785888672
64,2,620.9111938476562,68.80226135253906,38.564697265625,110.13668823242188
64,5,635.5032958984375,62.684410095214844,27.0062255859375,44.41571044921875
65,1,506.99969482421875,36.437801361083984,43.527099609375,97.05342483520508
65,3,569.1593627929688,85.9279556274414,40.6885986328125,107.4099349975586
65,4,490.7499694824219,31.00841522216797,39.265899658203125,89.33907318115234
65,2,617.3316650390625,67.80534362792969,42.70611572265625,106.88034057617188
65,5,631.6341552734375,61.84646987915039,29.97802734375,44.82168197631836
66,1,510.6730651855469,37.5888786315918,42.781890869140625,94.19891738891602
66,3,569.2763671875,85.09076690673828,38.40972900390625,105.88785552978516
66,4,496.01025390625,30.432958602905273,38.97222900390625,86.96098518371582
66,2,612.5606689453125,66.88237762451172,42.8182373046875,103.8153305053711
66,5,629.6288452148438,61.52460479736328,29.6461181640625,43.89094543457031
67,1,517.5162353515625,36.79030990600586,39.54962158203125,92.52937698364258
67,3,569.0838012695312,83.31256866455078,36.87213134765625,107.4374008178711
67,4,501.1587219238281,30.063190460205078,35.799346923828125,87.68167495727539
67,2,609.4751586914062,62.817039489746094,46.18939208984375,110.5615463256836
68,1,526.5291748046875,35.940162658691406,32.710693359375,92.35382843017578
68,4,507.1007995605469,29.896329879760742,32.077301025390625,87.43294715881348
68,3,569.7348022460938,81.76029205322266,34.95404052734375,100.33573150634766
68,2,605.8496704101562,59.78081130981445,49.504638671875,114.16326522827148
69,1,528.1299438476562,33.93136978149414,35.05181884765625,93.82382583618164
69,4,512.0612182617188,28.422163009643555,28.9039306640625,85.90430641174316
69,3,568.2416381835938,81.78975677490234,34.494140625,98.36278533935547
69,2,603.1853637695312,61.09429168701172,50.9237060546875,110.9844741821289
70,1,532.2864990234375,34.96071243286133,33.2645263671875,94.91924667358398
70,4,517.4056396484375,26.788047790527344,26.08428955078125,88.94456481933594
70,3,567.21728515625,80.53302764892578,34.11859130859375,103.10070037841797
70,2,601.0156860351562,59.94192123413086,50.70147705078125,114.51433181762695
71,1,533.0479736328125,35.69300842285156,35.56085205078125,92.86795043945312
71,3,564.6875610351562,78.54985046386719,35.14984130859375,99.00698852539062
71,4,519.1283569335938,27.086463928222656,27.01019287109375,87.55463409423828
71,2,597.3129272460938,59.48483657836914,53.06298828125,114.72330856323242
72,1,534.3482055664062,38.434715270996094,42.178466796875,90.67707061767578
72,3,558.4078979492188,77.04566192626953,38.6182861328125,101.02814483642578
72,4,521.9657592773438,29.320281982421875,29.473388671875,85.0918960571289
72,2,594.7289428710938,58.457157135009766,49.6624755859375,109.83396530151367
73,1,534.113037109375,40.365142822265625,45.8253173828125,88.97010803222656
73,3,553.5396728515625,77.98009490966797,41.48956298828125,99.9890365600586
73,4,522.31396484375,28.796640396118164,32.92529296875,85.13425254821777
73,2,592.7828979492188,56.80048370361328,49.344970703125,113.52387237548828
74,4,522.3713989257812,27.279356002807617,36.728515625,86.59650611877441
74,3,548.226806640625,76.40128326416016,44.64971923828125,100.80892181396484
74,1,534.2555541992188,41.742523193359375,48.74798583984375,87.80842590332031
74,2,592.7326049804688,56.5416259765625,47.3184814453125,102.37728881835938
75,4,522.1517944335938,27.040937423706055,39.88720703125,87.34614753723145
75,3,543.1409912109375,76.93215942382812,47.66009521484375,100.52812194824219
75,1,534.5614624023438,43.132755279541016,53.049072265625,86.69100570678711
75,2,593.4282836914062,55.15433883666992,44.00567626953125,101.58060073852539
76,3,540.7473754882812,78.85133361816406,48.62255859375,98.84245300292969
76,4,522.7923583984375,30.258459091186523,41.4815673828125,83.22405433654785
76,2,594.066162109375,52.652557373046875,41.12738037109375,111.48872375488281
76,1,535.3258666992188,45.8730583190918,55.84161376953125,82.67190933227539
77,3,540.1871337890625,75.4551773071289,48.11700439453125,102.38654327392578
77,2,593.6002197265625,52.19701385498047,39.3519287109375,108.17794036865234
77,4,525.4046630859375,27.156679153442383,42.56268310546875,85.86736106872559
77,1,536.6860961914062,49.00922393798828,58.28216552734375,79.67996978759766
78,4,529.7040405273438,25.36377716064453,38.7625732421875,95.5506820678711
78,2,594.2901611328125,52.682220458984375,37.65631103515625,103.93891906738281
78,3,540.2326049804688,52.751155853271484,59.00994873046875,125.13379287719727
79,2,591.9443969726562,51.14278793334961,38.63470458984375,108.27017593383789
79,4,535.7915649414062,26.204254150390625,36.23321533203125,87.56929016113281
79,3,540.4677734375,55.828792572021484,62.13934326171875,121.16263198852539
80,4,542.7257690429688,24.638004302978516,33.59515380859375,86.19362258911133
80,3,540.9497680664062,73.1026611328125,43.88592529296875,101.11686706542969
80,2,589.5526123046875,50.38858413696289,39.7772216796875,107.7910270690918
80,1,565.9157104492188,54.22826385498047,37.33758544921875,68.29826354980469
81,2,586.0944213867188,50.521915435791016,41.72296142578125,108.03719711303711
81,3,541.383544921875,72.7561264038086,37.87347412109375,101.73932647705078
81,4,549.194580078125,24.93592643737793,28.2991943359375,50.63501167297363
81,1,565.2105102539062,55.196983337402344,38.3370361328125,68.13123321533203
82,3,541.2846069335938,72.75621032714844,35.888916015625,100.24095153808594
82,2,580.932861328125,49.852352142333984,45.28387451171875,104.51823806762695
82,4,553.1823120117188,31.254758834838867,30.962158203125,88.9899845123291
82,1,569.917236328125,55.57574462890625,31.0115966796875,69.69776153564453
83,3,540.3336181640625,70.73499298095703,34.4503173828125,99.69071197509766
83,4,554.1101684570312,24.773820877075195,29.19580078125,77.86476707458496
83,2,573.1591796875,53.4415283203125,51.02191162109375,97.84335327148438
83,1,571.176025390625,50.27663803100586,37.93243408203125,76.67717361450195
84,3,538.5172729492188,69.40059661865234,35.0955810546875,96.86089324951172
84,4,557.537353515625,23.202693939208984,28.06512451171875,77.76504898071289
84,2,572.02099609375,51.71697235107422,52.18927001953125,102.45999908447266
84,1,572.7998657226562,49.46126937866211,35.6260986328125,76.85388565063477
85,4,563.7565307617188,24.15936279296875,24.624755859375,81.96583557128906
85,3,536.9223022460938,68.6019058227539,34.6600341796875,95.05132293701172
85,2,572.1396484375,52.53461837768555,50.52435302734375,104.60412979125977
86,2,569.7839965820312,52.04990768432617,51.7088623046875,102.69597244262695
86,3,534.2854614257812,66.6845932006836,35.90386962890625,96.09520721435547
86,4,564.2109375,26.304048538208008,28.01611328125,81.02590751647949
87,3,534.1015014648438,65.40313720703125,35.05780029296875,98.29031372070312
87,4,564.587646484375,25.502552032470703,27.8048095703125,84.04343032836914
87,2,569.6715087890625,50.67673873901367,57.51556396484375,101.5627326965332
88,3,533.4503173828125,65.18546295166016,35.25909423828125,97.49402618408203
88,4,565.0572509765625,32.81061553955078,32.78076171875,74.31725311279297
88,2,569.5615844726562,51.23903274536133,61.0999755859375,97.14245223999023
88,5,616.529541015625,49.95637130737305,16.30194091796875,21.703998565673828
89,3,531.6437377929688,64.48246002197266,35.23321533203125,97.94287872314453
89,2,564.7684326171875,48.23405075073242,64.8603515625,103.22883987426758
89,4,570.237060546875,27.044092178344727,28.14404296875,45.087942123413086
89,5,602.6389770507812,48.81355285644531,33.154296875,26.943435668945312
90,3,529.6173706054688,64.04114532470703,34.10870361328125,99.37584686279297
90,2,564.05029296875,52.679542541503906,44.92340087890625,93.63793182373047
90,4,572.99853515625,26.795719146728516,27.98187255859375,44.61354446411133
90,1,598.6325073242188,48.40056610107422,38.86334228515625,73.0740966796875
90,5,618.0759887695312,48.01902770996094,20.93756103515625,28.650955200195312
91,3,528.2236938476562,63.93730545043945,34.24957275390625,99.05535507202148
91,2,570.1329956054688,54.25798034667969,35.55126953125,89.44087219238281
91,1,600.5633544921875,49.328460693359375,39.0062255859375,72.58036041259766
91,4,576.4163208007812,26.877456665039062,27.29388427734375,43.84296417236328
92,3,526.11669921875,64.13304901123047,34.07025146484375,98.37535858154297
92,1,601.1942749023438,46.94442367553711,42.329345703125,74.74163436889648
92,2,565.371826171875,48.723506927490234,38.91571044921875,100.31499099731445
92,4,586.7991943359375,22.236438751220703,21.84027099609375,78.0784797668457
93,3,524.7532958984375,63.38918685913086,33.35986328125,98.82796096801758
93,2,563.2684936523438,47.89402389526367,38.62701416015625,98.35757827758789
93,1,595.3023071289062,47.13462448120117,51.39105224609375,75.04667282104492
93,4,589.5599365234375,25.211362838745117,19.65948486328125,54.503068923950195
94,3,523.812255859375,61.993228912353516,32.82647705078125,99.21232223510742
94,2,560.4201049804688,44.65068435668945,43.94970703125,99.77537155151367
94,4,588.2594604492188,24.73324203491211,22.25457763671875,68.27453994750977
94,1,603.9100952148438,46.70099639892578,45.97003173828125,73.69011688232422
95,4,586.494140625,24.428695678710938,26.97442626953125,76.71399688720703
95,3,522.5849609375,60.29435348510742,32.81890869140625,91.34698867797852
95,2,557.3435668945312,41.90742492675781,43.32086181640625,105.81491088867188
95,1,609.7388305664062,47.10425567626953,43.179931640625,75.5128173828125
96,4,589.64697265625,23.815338134765625,29.90997314453125,83.82389068603516
96,3,520.7999877929688,57.041908264160156,31.96246337890625,95.03755950927734
96,2,553.633056640625,39.97904586791992,43.68731689453125,106.22749710083008
96,1,610.8895874023438,46.80352783203125,44.5535888671875,75.93065643310547
97,4,588.7108764648438,24.54547691345215,34.7943115234375,83.56478309631348
97,3,519.5337524414062,57.11933517456055,31.625732421875,92.2938117980957
97,2,552.1539916992188,40.30367660522461,44.45855712890625,106.58333206176758
97,1,611.3370361328125,47.22255325317383,47.1162109375,75.12508010864258
98,4,590.1902465820312,26.67458152770996,36.33917236328125,81.14436531066895
98,3,518.268310546875,55.54656219482422,31.9818115234375,90.06708526611328
98,2,551.0275268554688,40.73710250854492,43.5860595703125,106.78921890258789
98,1,612.6748657226562,47.177696228027344,49.8001708984375,76.2443618774414
99,4,589.02001953125,25.561527252197266,40.1875,82.36532974243164
99,3,517.0181884765625,54.3590202331543,31.91741943359375,94.12063980102539
99,2,550.2386474609375,37.9835090637207,41.6175537109375,109.42516708374023
99,1,613.1605834960938,48.415283203125,51.64361572265625,75.84500885009766
100,4,590.5642700195312,24.341796875,40.0360107421875,83.7412338256836
100,3,515.6263427734375,55.08531951904297,32.0789794921875,92.49642181396484
100,2,550.2755126953125,37.28087615966797,39.02081298828125,109.1235122680664
100,1,615.4740600585938,47.314666748046875,52.10009765625,77.39138793945312
101,4,592.34716796875,26.86630630493164,41.2977294921875,80.7868766784668
101,3,513.151123046875,54.472694396972656,33.493896484375,93.2910385131836
101,2,549.687255859375,38.149288177490234,37.92608642578125,106.22906875610352
101,1,618.9697875976562,47.42296600341797,51.948486328125,77.86507415771484
102,4,593.4681396484375,25.50385093688965,42.683349609375,81.5789966583252
102,3,508.5270690917969,53.45893478393555,36.497467041015625,92.57641983032227
102,1,624.9315185546875,48.0,48.71490478515625,77.82697296142578
102,2,547.8673095703125,37.27348327636719,38.79351806640625,97.23388671875
103,4,596.7665405273438,25.640573501586914,41.7467041015625,81.61842155456543
103,3,503.9910888671875,52.91438293457031,39.9371337890625,92.12614440917969
103,2,546.6118774414062,36.432586669921875,38.61676025390625,97.77615356445312
103,1,630.9129638671875,47.36029052734375,45.4285888671875,78.80211639404297
104,3,499.6359558105469,53.04701232910156,42.527252197265625,92.28216552734375
104,4,602.2767944335938,23.195560455322266,37.93115234375,83.20941543579102
104,2,546.593994140625,35.08574295043945,36.9317626953125,103.89483261108398
104,1,637.05078125,47.33366775512695,40.897216796875,77.57992172241211
105,3,498.64593505859375,52.58616638183594,41.66168212890625,92.958740234375
105,4,607.7379760742188,23.6971435546875,35.97119140625,82.86766052246094
105,1,643.4511108398438,47.08696365356445,37.37396240234375,77.7773551940918
105,2,546.3306884765625,34.32179260253906,36.46197509765625,99.77867126464844
106,3,499.3399658203125,52.39169692993164,39.1036376953125,92.83892440795898
106,4,613.7446899414062,23.82883071899414,31.6171875,82.27108383178711
106,2,546.310546875,32.880245208740234,35.140625,101.3954963684082
106,1,643.7644653320312,45.176658630371094,41.53363037109375,79.24488830566406
107,3,499.314697265625,52.23744583129883,37.52862548828125,91.73934555053711
107,1,645.7345581054688,42.322242736816406,42.962890625,82.00127410888672
107,4,619.2169799804688,23.497787475585938,28.58978271484375,81.47100067138672
107,2,544.9274291992188,32.25257110595703,35.79833984375,102.47074127197266
108,1,647.15234375,39.679996490478516,45.66729736328125,84.59222030639648
108,3,500.0765686035156,51.40890884399414,35.545318603515625,92.86368942260742
108,4,622.6802368164062,21.87168312072754,28.21942138671875,84.39829063415527
108,2,544.3226928710938,32.07111358642578,34.96270751953125,100.78485870361328
109,1,647.0889282226562,38.10544967651367,47.7213134765625,86.01748275756836
109,3,499.8337097167969,50.29662322998047,33.917144775390625,94.26787567138672
109,4,623.880615234375,22.11787223815918,32.03564453125,83.85835456848145
109,2,542.1103515625,30.644105911254883,35.3597412109375,102.72364616394043
110,1,647.5986328125,38.35847854614258,48.545654296875,85.65871810913086
110,3,499.5765380859375,49.05143356323242,32.0858154296875,93.26790237426758
110,2,538.6087036132812,32.79921340942383,23.27374267578125,98.44369125366211
110,4,624.4940795898438,23.164682388305664,33.72747802734375,82.91618156433105
111,1,649.1243286132812,38.681392669677734,48.81365966796875,85.69185256958008
111,4,624.1589965820312,24.06212043762207,36.878662109375,82.25724601745605
111,3,498.03216552734375,47.4089241027832,31.349609375,92.8056755065918
111,2,531.2237548828125,30.238204956054688,44.728271484375,102.93191528320312
112,1,651.5108642578125,39.82073211669922,49.64776611328125,83.95951080322266
112,3,496.14080810546875,46.43055725097656,30.973876953125,91.31846618652344
112,4,624.2852172851562,24.255279541015625,38.1004638671875,81.85838317871094
112,2,530.82373046875,31.198823928833008,42.6146240234375,95.50455284118652
113,1,655.5111083984375,38.62500762939453,47.90008544921875,84.6258544921875
113,4,625.0148315429688,23.918514251708984,42.28900146484375,82.05318069458008
113,3,494.2735595703125,44.68408203125,31.451904296875,90.21192932128906
113,2,530.7825927734375,31.005420684814453,42.93023681640625,96.2232551574707
114,4,626.150146484375,23.35210418701172,44.23016357421875,82.12734985351562
114,1,661.1513671875,38.09020233154297,44.05999755859375,85.00164794921875
114,3,492.75054931640625,45.20390701293945,31.24822998046875,87.84048080444336
114,2,530.7284545898438,30.48976707458496,40.948486328125,102.65943336486816
115,1,666.8645629882812,37.548828125,39.0576171875,85.60704040527344
115,4,628.0548095703125,23.839702606201172,42.3360595703125,81.09228134155273
115,3,491.5548095703125,44.59217071533203,31.29656982421875,88.88883209228516
115,2,530.619140625,29.625368118286133,38.78173828125,103.26322746276855
116,4,632.4081420898438,22.30813980102539,41.457275390625,81.54520034790039
116,1,673.7604370117188,38.411983489990234,35.3187255859375,85.04218673706055
116,3,489.6109924316406,43.10032653808594,32.030609130859375,90.56761169433594
116,2,530.6514892578125,28.988100051879883,36.6593017578125,101.40028190612793
117,3,488.4225158691406,43.12014389038086,32.044342041015625,91.29504776000977
117,4,638.2262573242188,22.09232521057129,34.80108642578125,81.48942375183105
117,2,531.4151611328125,28.60960578918457,33.96490478515625,94.28545188903809
117,1,680.5278930664062,37.77107238769531,30.8265380859375,85.06781768798828
118,3,487.14935302734375,43.042667388916016,31.4749755859375,91.50132369995117
118,4,643.3718872070312,21.427043914794922,30.0401611328125,81.48730087280273
118,2,528.7809448242188,26.96133804321289,34.785888671875,99.08149337768555
118,1,680.8037109375,37.236297607421875,33.04193115234375,87.74549102783203
119,3,485.5380554199219,42.99894714355469,31.522857666015625,90.78851318359375
119,4,648.5216674804688,23.22503662109375,25.45977783203125,78.54258728027344
119,2,524.9306640625,26.7708740234375,37.94781494140625,99.63074493408203
119,1,681.0086669921875,37.37495040893555,35.92950439453125,87.40905380249023
120,3,482.224609375,41.7889404296875,31.5478515625,90.17198181152344
120,4,653.9608154296875,29.042081832885742,25.8245849609375,75.36757850646973
120,2,521.6652221679688,24.319026947021484,39.11090087890625,98.13850021362305
120,1,680.97412109375,39.03414535522461,43.2244873046875,85.44961166381836
120,6,835.8363037109375,100.53075408935547,19.914794921875,60.965110778808594
121,3,481.3310241699219,41.031673431396484,31.328399658203125,89.84335708618164
121,4,654.10009765625,25.592679977416992,28.06378173828125,78.42901802062988
121,6,826.37744140625,86.90078735351562,29.33209228515625,74.00668334960938
121,2,521.885009765625,22.87679100036621,35.45086669921875,99.25177955627441
121,1,681.189453125,39.445518493652344,45.50616455078125,85.03277587890625
122,3,480.7173767089844,39.673648834228516,31.045440673828125,91.43235397338867
122,4,654.13916015625,27.984376907348633,31.549560546875,76.28006553649902
122,2,521.3343505859375,23.41309356689453,35.47845458984375,99.62657165527344
122,1,679.814453125,39.521976470947266,49.337158203125,85.27673721313477
122,6,815.77783203125,86.29946899414062,38.535400390625,75.36044311523438
123,4,654.0866088867188,24.31079864501953,37.696533203125,79.81250762939453
123,3,479.50921630859375,38.17415237426758,30.06158447265625,85.59585952758789
123,2,520.941162109375,22.416820526123047,35.34368896484375,98.41215896606445
123,1,681.7941284179688,39.686649322509766,49.504150390625,85.63747024536133
123,7,839.633056640625,82.5948486328125,15.853271484375,77.12397766113281
123,6,805.493408203125,84.48836517333984,38.23779296875,75.47600555419922
124,4,654.5475463867188,25.375289916992188,40.96148681640625,78.55919647216797
124,3,478.4586181640625,37.416534423828125,30.60723876953125,88.41664123535156
124,7,813.4727172851562,83.90312957763672,39.5614013671875,74.57164764404297
124,2,520.1195068359375,21.635042190551758,34.09039306640625,99.64831352233887
124,1,684.7111206054688,39.20314025878906,50.033203125,86.5228042602539
124,6,795.42529296875,84.93310546875,38.60284423828125,74.92166137695312
125,4,655.3903198242188,24.431814193725586,42.39190673828125,79.80186653137207
125,3,477.6251220703125,36.66826629638672,30.1201171875,88.07696533203125
125,1,688.1474609375,39.85098648071289,48.6536865234375,85.96889114379883
125,2,518.6900024414062,20.93285369873047,34.66424560546875,101.10311126708984
125,7,816.9059448242188,79.3777847290039,28.0615234375,74.65792083740234
125,6,785.8108520507812,84.20760345458984,38.2784423828125,74.51697540283203
126,4,655.870849609375,26.057514190673828,43.3572998046875,78.09407424926758
126,3,477.2586975097656,35.739681243896484,29.108123779296875,85.29710006713867
126,7,792.948974609375,77.28761291503906,43.6956787109375,82.24591064453125
126,1,692.4828491210938,39.9747428894043,45.1478271484375,85.3710823059082
126,6,775.9796142578125,83.8555908203125,38.92694091796875,76.26371765136719
126,2,517.5020141601562,21.092708587646484,34.0494384765625,100.5355110168457
127,3,476.7989501953125,35.30595779418945,28.703765869140625,87.52071762084961
127,4,658.4482421875,27.054059982299805,43.08697509765625,76.77778053283691
127,7,792.8203125,79.25148010253906,33.07666015625,81.55824279785156
127,2,516.9061889648438,20.88165283203125,32.83575439453125,100.83385467529297
127,6,765.8865356445312,84.24551391601562,40.0321044921875,76.15040588378906
127,1,698.6495361328125,40.040897369384766,42.7508544921875,85.43300247192383
128,3,475.4584655761719,34.978824615478516,28.951690673828125,85.82534408569336
128,4,660.6832885742188,26.00322914123535,44.00408935546875,78.05672264099121
128,2,515.0820922851562,18.700199127197266,33.19744873046875,102.78252792358398
128,6,755.4263916015625,84.33367156982422,40.7955322265625,75.92772674560547
128,7,785.1306762695312,79.47488403320312,31.015869140625,77.01548767089844
128,1,703.9584350585938,39.417903900146484,40.59051513671875,85.64863967895508
129,1,710.7823486328125,38.19133758544922,38.264404296875,85.70861053466797
129,3,472.8160705566406,34.549373626708984,30.167633056640625,86.41020584106445
129,4,666.1233520507812,26.640405654907227,38.39337158203125,77.28761100769043
129,6,744.1610717773438,83.45685577392578,41.5926513671875,76.5707015991211
129,2,514.3839721679688,18.481260299682617,33.08526611328125,98.9776782989502
129,7,770.5120849609375,78.8126220703125,35.53350830078125,77.99055480957031
130,3,468.25323486328125,34.33246612548828,33.449005126953125,86.001953125
130,4,671.7203979492188,27.57631492614746,34.3291015625,76.53721809387207
130,1,711.7476196289062,37.58722686767578,40.889892578125,87.3211898803711
130,2,513.5941772460938,17.115285873413086,32.20257568359375,100.51413154602051
130,6,732.3970336914062,83.13920593261719,43.163818359375,77.07470703125
130,7,752.4475708007812,78.01502227783203,43.3511962890625,79.76819610595703
131,3,465.82861328125,33.674888610839844,34.970672607421875,86.46011352539062
131,1,712.6232299804688,40.07389831542969,45.121337890625,68.60004425048828
131,2,511.6953125,17.19072723388672,33.27691650390625,93.52449035644531
131,4,677.7420654296875,28.793190002441406,29.74249267578125,74.38395690917969
131,7,754.0377197265625,77.59400939941406,31.57574462890625,77.19709777832031
131,6,724.8369750976562,82.41703796386719,39.80218505859375,76.3714599609375
132,3,463.25103759765625,33.88060760498047,36.70526123046875,86.5155029296875
132,2,510.0808410644531,15.910605430603027,33.967803955078125,93.85581302642822
132,4,682.8109130859375,30.109020233154297,26.92138671875,73.09975051879883
132,1,710.984130859375,39.497920989990234,48.3387451171875,62.06977462768555
132,7,745.7396240234375,77.8125228881836,29.3231201171875,74.0774917602539
132,6,712.27685546875,81.92880249023438,41.765380859375,77.68551635742188
133,3,462.82159423828125,33.306907653808594,35.25177001953125,87.35204315185547
133,2,509.34259033203125,15.339587211608887,33.27154541015625,94.7033052444458
133,4,684.8382568359375,31.582490921020508,28.36572265625,72.0541820526123
133,7,729.7725830078125,75.61974334716797,34.42608642578125,79.34029388427734
133,6,701.0948486328125,81.69274139404297,42.54547119140625,77.2442855834961
133,1,716.4328002929688,39.721988677978516,41.97760009765625,57.53779220581055
134,3,463.20806884765625,33.1156005859375,33.208282470703125,87.55386352539062
134,2,508.07513427734375,14.343859672546387,33.79193115234375,95.61800861358643
134,4,685.7728271484375,31.580373764038086,32.24822998046875,71.38382911682129
134,6,689.5048217773438,81.27191925048828,41.7548828125,78.13521575927734
134,7,723.0967407226562,80.17347717285156,30.3109130859375,68.75822448730469
134,1,725.5773315429688,40.02900695800781,33.32366943359375,53.7088623046875
135,3,463.3446350097656,32.7501335144043,31.335662841796875,87.5116081237793
135,1,729.0333862304688,39.74367141723633,30.74078369140625,83.5052604675293
135,6,679.633056640625,81.090087890625,41.8389892578125,78.29527282714844
135,4,685.3309326171875,30.9725341796875,37.33648681640625,72.46963500976562
135,2,506.30242919921875,14.133845329284668,34.41754150390625,96.58955097198486
135,7,716.6087036132812,82.87586975097656,24.742431640625,56.154327392578125
136,1,727.5623168945312,39.680885314941406,34.15997314453125,83.01335906982422
136,3,462.842041015625,32.44456481933594,30.425689697265625,87.66956329345703
136,2,504.8738708496094,13.307254791259766,34.923736572265625,97.10071182250977
136,7,686.15283203125,77.59491729736328,43.8330078125,81.63370513916016
136,6,666.7723999023438,80.8246078491211,42.45513916015625,78.91072845458984
136,4,696.71923828125,32.66402053833008,25.8201904296875,62.67168045043945
137,3,462.42779541015625,31.691753387451172,30.033660888671875,87.89062118530273
137,1,722.2589721679688,39.64068603515625,41.69366455078125,85.17239379882812
137,4,692.7527465820312,28.84272575378418,35.11737060546875,71.1082706451416
137,2,503.6001892089844,13.127296447753906,36.106048583984375,97.49581146240234
137,6,655.7008666992188,80.44120025634766,42.1748046875,79.19469451904297
137,7,688.76171875,77.67976379394531,31.427490234375,79.01602172851562
138,1,725.8323364257812,37.68228530883789,40.69659423828125,87.11350631713867
138,3,461.065673828125,30.790782928466797,30.153533935546875,87.39175033569336
138,2,500.7048034667969,12.769619941711426,38.267547607421875,97.73096752166748
138,4,699.3658447265625,31.341646194458008,29.27593994140625,71.47945213317871
138,6,644.145751953125,80.13463592529297,42.1036376953125,80.14861297607422
138,7,676.6309814453125,76.60436248779297,31.55938720703125,73.7457046508789
139,1,730.976318359375,35.499576568603516,37.70306396484375,88.25116348266602
139,3,459.63623046875,29.90183448791504,29.88818359375,86.44354820251465
139,2,499.53717041015625,12.543399810791016,38.25689697265625,97.98894119262695
139,4,689.68408203125,32.05453872680664,47.33172607421875,70.96525192260742
139,6,632.245849609375,79.24442291259766,42.4105224609375,81.19355010986328
139,7,665.2803344726562,76.3734130859375,32.0341796875,79.24333190917969
140,1,735.3948974609375,37.595279693603516,34.9278564453125,86.15391159057617
140,3,458.0462341308594,28.560834884643555,30.013824462890625,85.55039405822754
140,4,691.7490234375,33.060028076171875,41.830810546875,70.12142944335938
140,2,499.0539855957031,12.895076751708984,37.180877685546875,97.32816696166992
140,6,619.8916015625,79.54772186279297,43.0245361328125,80.13306427001953
140,7,658.7418823242188,75.6020278930664,26.875732421875,66.37409210205078
141,1,741.5048828125,37.64600372314453,31.08038330078125,86.20693969726562
141,3,456.3978576660156,27.032852172851562,29.89105224609375,85.59243774414062
141,2,497.75244140625,12.44126033782959,37.0845947265625,97.53718662261963
141,4,697.5488891601562,32.01759719848633,37.4464111328125,70.25060653686523
141,6,607.4861450195312,79.04198455810547,43.1636962890625,80.93819427490234
141,7,623.9427490234375,75.23518371582031,48.57806396484375,83.27043151855469
142,1,744.839111328125,38.27894592285156,30.118408203125,86.90880584716797
142,3,455.8453674316406,25.912076950073242,28.92333984375,84.38923835754395
142,4,702.5488891601562,29.864198684692383,33.844482421875,72.96235466003418
142,6,595.8950805664062,79.11630249023438,43.09332275390625,80.41766357421875
142,7,606.98193359375,74.73896789550781,53.820556640625,84.15946960449219
142,2,497.295166015625,12.132477760314941,36.2091064453125,96.87876033782959
143,3,454.34368896484375,26.100250244140625,29.294708251953125,84.5103988647461
143,1,744.3932495117188,38.310150146484375,33.29156494140625,86.42338562011719
143,2,496.4360046386719,11.553556442260742,34.859283447265625,95.78164100646973
143,6,582.1727294921875,79.25971984863281,44.6531982421875,80.49397277832031
143,4,707.189697265625,30.129405975341797,30.19708251953125,72.33090591430664
143,7,599.70703125,74.37488555908203,49.8082275390625,84.1801986694336
144,3,452.3250732421875,25.134475708007812,29.948455810546875,85.43050384521484
144,4,715.785400390625,27.814552307128906,27.554931640625,75.94570922851562
144,2,495.7380676269531,10.813518524169922,33.237884521484375,92.9304313659668
144,1,744.9707641601562,38.82206344604492,37.17864990234375,84.68913650512695
144,6,558.1298828125,79.46728515625,44.09503173828125,80.36201477050781
144,7,583.60986328125,73.6068344116211,41.53369140625,80.89627838134766
145,3,451.6195983886719,25.092693328857422,29.67889404296875,85.46972274780273
145,4,716.8407592773438,27.03190040588379,29.19500732421875,77.17624473571777
145,2,494.5240478515625,9.787433624267578,33.15081787109375,94.24652481079102
145,6,545.8013305664062,78.98528289794922,43.675537109375,82.02542877197266
145,1,744.7898559570312,40.71420669555664,40.045654296875,82.68203353881836
145,7,573.510009765625,73.42562103271484,39.7288818359375,81.86739349365234
146,3,450.8569641113281,25.07134437561035,29.076995849609375,85.48693656921387
146,4,716.5393676757812,29.458816528320312,31.5806884765625,75.00924682617188
146,2,493.6778259277344,8.866724014282227,32.483917236328125,93.30306053161621
146,6,533.290771484375,79.27057647705078,43.0128173828125,81.23690032958984
146,7,550.6392822265625,73.72831726074219,50.375,79.63230895996094
146,1,744.577880859375,43.86376190185547,40.79949951171875,79.1917495727539
147,3,449.694580078125,25.056175231933594,29.26434326171875,85.01824188232422
147,4,716.8424072265625,32.651458740234375,35.09814453125,72.36993408203125
147,2,492.77630615234375,7.896778106689453,32.31134033203125,91.58846664428711
147,6,520.10302734375,79.53482818603516,43.51812744140625,82.2099838256836
147,1,745.4979248046875,43.380252838134766,41.78399658203125,79.76248550415039
147,7,536.4318237304688,73.58282470703125,50.6732177734375,85.28349304199219
148,3,449.2427978515625,24.410789489746094,28.640411376953125,84.87806701660156
148,1,747.1857299804688,40.72159194946289,44.0888671875,83.0139045715332
148,2,492.1584167480469,7.319622039794922,31.130035400390625,92.14101028442383
148,4,717.5370483398438,33.453956604003906,37.35418701171875,70.5973892211914
148,6,508.4054260253906,79.92967224121094,42.255828857421875,82.04679870605469
148,7,523.34375,73.57487487792969,51.54193115234375,86.80851745605469
148,8,498.258544921875,6.232417106628418,13.602935791015625,22.630393028259277
149,3,448.6277770996094,23.775617599487305,28.08013916015625,82.40777778625488
149,1,750.128173828125,39.40965270996094,44.20849609375,84.00675964355469
149,4,717.4176025390625,33.290496826171875,39.21478271484375,70.71914672851562
149,6,494.1989440917969,79.82411193847656,43.742218017578125,83.30384826660156
149,7,513.4139404296875,73.13636016845703,48.54046630859375,88.09119415283203
149,2,490.9787292480469,6.884112358093262,31.858062744140625,93.4040880203247
150,3,447.9548645019531,22.096038818359375,27.573272705078125,85.15068817138672
150,1,754.1056518554688,39.09346008300781,41.58953857421875,84.06636810302734
150,4,718.400390625,33.1173095703125,42.0029296875,71.28411865234375
150,7,493.9934997558594,73.4962387084961,55.789093017578125,89.6718521118164
150,6,481.3021240234375,79.16520690917969,43.056396484375,83.73501586914062
150,2,490.388427734375,6.192080974578857,31.40911865234375,78.00036287307739
151,4,721.0692749023438,31.98293113708496,42.1165771484375,73.05037879943848
151,3,447.4407653808594,21.377803802490234,27.698760986328125,83.14714431762695
151,1,758.0125732421875,40.13296127319336,41.2889404296875,82.50141525268555
151,2,489.41302490234375,6.377585411071777,31.03326416015625,87.99157047271729
151,6,468.11474609375,79.45665740966797,43.024261474609375,83.42298126220703
151,7,482.2621765136719,74.04134368896484,52.590972900390625,88.35704803466797
152,1,764.2907104492188,38.99306869506836,37.5054931640625,83.38264846801758
152,4,723.9669189453125,34.238216400146484,39.77203369140625,70.46720504760742
152,3,446.5428771972656,20.478776931762695,27.976043701171875,79.00375175476074
152,7,471.998291015625,72.96292114257812,51.107421875,88.0740966796875
152,6,455.3923645019531,79.1019058227539,42.38604736328125,83.64704132080078
152,2,488.0148010253906,5.86351203918457,30.691497802734375,76.27252769470215
153,1,768.3162231445312,38.22769546508789,35.0792236328125,83.4915885925293
153,4,727.5772094726562,29.699613571166992,39.65948486328125,75.23709297180176
153,3,446.1581115722656,19.20530891418457,26.99664306640625,79.26080131530762
153,7,456.9369812011719,73.99314880371094,53.236328125,89.46107482910156
153,6,443.7860107421875,80.87549591064453,41.4359130859375,83.6935806274414
153,2,486.05181884765625,7.9891886711120605,32.0887451171875,78.7948842048645
153,8,493.90301513671875,3.8247625827789307,14.510772705078125,23.858455419540405
154,4,733.8755493164062,30.16702651977539,35.086669921875,75.36619186401367
154,1,771.3041381835938,38.96247482299805,33.33416748046875,83.91383743286133
154,3,445.24871826171875,18.28068733215332,27.19818115234375,73.07008171081543
154,7,443.4815979003906,72.00199127197266,52.97479248046875,88.3497543334961
154,6,427.57470703125,80.36741638183594,43.62591552734375,84.6055908203125
154,2,484.4245910644531,11.42785930633545,32.932647705078125,89.06201648712158
154,8,492.0848083496094,5.1060638427734375,16.596221923828125,24.56547737121582
155,4,739.1400756835938,32.420753479003906,32.23712158203125,73.15614318847656
155,3,444.7544860839844,17.912717819213867,27.162689208984375,76.81997108459473
155,1,772.5470581054688,38.208988189697266,33.9715576171875,84.5031852722168
155,6,415.3541564941406,80.45075225830078,41.466400146484375,83.97126007080078
155,2,483.3701477050781,5.930947303771973,33.380950927734375,92.81042385101318
155,7,426.6242370605469,73.00267791748047,55.9403076171875,91.32572174072266
156,1,773.5335083007812,38.45888900756836,35.04278564453125,83.98351669311523
156,3,444.6931457519531,17.234622955322266,26.455291748046875,72.19134140014648
156,6,401.0021057128906,80.9516830444336,42.740478515625,84.48564910888672
156,4,746.6572875976562,32.21031951904297,27.9486083984375,71.7412338256836
156,7,412.4611511230469,74.33732604980469,57.5653076171875,90.01083374023438
156,2,482.43365478515625,4.961215972900391,34.03228759765625,88.76366806030273
157,1,773.5538940429688,39.21615219116211,35.87969970703125,81.84785842895508
157,3,443.920166015625,17.314783096313477,26.8857421875,82.3807430267334
157,4,764.20361328125,30.68242073059082,24.38275146484375,69.3051815032959
157,6,386.7142639160156,81.13150787353516,43.753173828125,84.46903228759766
157,7,419.9673156738281,73.68981170654297,36.925079345703125,83.32950592041016
157,2,482.458984375,6.489768981933594,33.09228515625,78.23780059814453
158,1,773.0262451171875,39.85214614868164,39.92694091796875,80.9061164855957
158,3,442.14202880859375,17.144582748413086,28.005218505859375,81.70203590393066
158,4,750.2854614257812,30.538387298583984,31.103271484375,75.06900405883789
158,6,373.81976318359375,82.0295181274414,42.9051513671875,84.34160614013672
158,7,382.1581726074219,73.97000885009766,61.039825439453125,93.0621566772461
158,2,481.9908752441406,6.949057579040527,32.020965576171875,76.91005039215088
158,8,488.33843994140625,1.8110594749450684,14.209136962890625,23.241013050079346
159,1,773.2835693359375,38.7645149230957,43.01287841796875,82.12854385375977
159,3,439.5801696777344,17.048669815063477,29.702239990234375,80.72344017028809
159,4,750.0248413085938,28.588401794433594,34.78839111328125,76.6927719116211
159,6,360.3738708496094,82.34937286376953,42.34716796875,83.90982818603516
159,7,372.2347412109375,73.99436950683594,57.0263671875,91.35821533203125
159,2,481.892333984375,4.26669979095459,30.75860595703125,83.71025943756104
159,8,487.02520751953125,1.3556599617004395,13.769134521484375,25.661527156829834
160,3,437.8030700683594,16.654422760009766,30.5491943359375,81.23015213012695
160,1,776.1026611328125,38.19880676269531,41.86248779296875,83.1464614868164
160,4,750.2479858398438,30.95838737487793,36.7972412109375,74.49268531799316
160,6,346.644775390625,82.47616577148438,42.44390869140625,84.97381591796875
160,7,359.7717590332031,74.65585327148438,56.248321533203125,92.18060302734375
160,2,481.7466125488281,2.7996509075164795,30.393646240234375,88.64303708076477
161,1,779.72900390625,39.19746780395508,39.38751220703125,81.5814094543457
161,4,751.0173950195312,31.352828979492188,38.3751220703125,74.74946594238281
161,3,438.2508239746094,16.249757766723633,29.117340087890625,81.24139976501465
161,7,346.84228515625,74.99009704589844,55.8052978515625,92.3043212890625
161,6,333.1005554199219,83.43399810791016,42.08160400390625,84.35262298583984
161,2,481.3995056152344,1.9129724502563477,29.897247314453125,89.83407497406006
162,4,752.3841552734375,30.883785247802734,41.8941650390625,75.75153732299805
162,3,439.0630187988281,16.08809471130371,27.369049072265625,81.40242195129395
162,1,785.029052734375,39.30615997314453,36.33404541015625,79.89717102050781
162,7,328.243896484375,75.25601196289062,60.0263671875,92.86088562011719
162,6,318.25421142578125,84.22908782958984,43.397979736328125,82.79509735107422
162,2,479.41015625,1.6451398134231567,31.192230224609375,90.60592830181122
163,1,788.8178100585938,39.42009735107422,35.3875732421875,79.414306640625
163,3,438.6212158203125,15.957067489624023,26.653350830078125,81.49973487854004
163,4,754.197998046875,30.808834075927734,41.98199462890625,74.98483657836914
163,7,316.99603271484375,76.45091247558594,57.501983642578125,94.54765319824219
163,2,477.2059631347656,0.9294244050979614,32.80908203125,90.53357303142548
163,6,304.3193054199219,84.28826141357422,43.397369384765625,83.9631118774414
163,8,482.97998046875,0.0,14.91790771484375,22.73927116394043
164,3,437.7605895996094,14.806049346923828,26.440765380859375,82.35757064819336
164,1,791.6653442382812,39.11644744873047,34.927001953125,79.8658218383789
164,4,757.0208740234375,31.11490821838379,41.91900634765625,74.32525444030762
164,7,304.775634765625,76.75048828125,56.4588623046875,94.17613220214844
164,2,475.4526672363281,0.920021116733551,33.43896484375,90.95523065328598
164,6,290.31524658203125,84.92591094970703,43.7308349609375,83.8755111694336
165,1,795.3208618164062,38.03801345825195,32.8802490234375,81.49524307250977
165,3,436.3351135253906,14.140079498291016,27.4093017578125,82.90714645385742
165,4,761.9515380859375,30.090824127197266,38.5001220703125,74.68273544311523
165,7,287.9304504394531,77.69688415527344,58.806365966796875,93.3984375
165,2,476.08612060546875,1.050054669380188,31.43646240234375,90.39985072612762
165,6,278.4608459472656,86.3250961303711,41.150238037109375,82.36760711669922
166,2,471.5469055175781,3.59370493888855,34.815155029296875,87.62358021736145
166,1,795.837890625,37.842491149902344,33.76385498046875,82.13389587402344
166,3,435.74017333984375,13.718549728393555,26.917022705078125,81.95000648498535
166,4,766.4232177734375,29.99205780029297,37.334228515625,74.73603057861328
166,7,275.0839538574219,78.77812194824219,57.902679443359375,92.31721496582031
166,6,265.839599609375,86.9260482788086,40.007965087890625,80.75316619873047
167,1,795.9163208007812,38.000396728515625,36.16033935546875,82.27505493164062
167,3,434.4613952636719,12.844708442687988,27.491729736328125,79.62916851043701
167,4,771.0202026367188,29.373092651367188,35.07220458984375,75.9573745727539
167,2,472.7839050292969,4.316445827484131,32.102203369140625,86.34162759780884
167,7,264.84576416015625,79.4211654663086,54.2255859375,92.1846694946289
167,6,249.93502807617188,87.3692398071289,41.68341064453125,83.13642120361328
168,1,797.0125122070312,40.32371520996094,40.1951904296875,79.19309997558594
168,4,778.5298461914062,28.710128784179688,31.03631591796875,78.12176513671875
168,3,432.7049560546875,11.155411720275879,27.79827880859375,78.42741298675537
168,2,471.8276062011719,6.48789644241333,29.2425537109375,82.70576047897339
168,7,233.16517639160156,80.2569580078125,58.81449890136719,93.06791687011719
168,6,223.69146728515625,88.70499420166016,40.944732666015625,83.51677703857422
168,9,459.6318664550781,462.74993896484375,35.619354248046875,15.9774169921875
169,1,796.4784545898438,39.2028923034668,42.8800048828125,80.37139511108398
169,2,471.5424499511719,5.31914758682251,28.83929443359375,79.18454504013062
169,4,779.4237060546875,29.785594940185547,30.79888916015625,76.81049728393555
169,3,431.9753723144531,10.535430908203125,27.692718505859375,77.251708984375
169,6,210.3541717529297,89.30169677734375,39.69683837890625,83.18168640136719
169,7,223.1640625,80.95336151123047,52.975799560546875,91.9386215209961
169,9,452.38043212890625,456.7947998046875,37.9683837890625,21.860687255859375
170,1,797.7850341796875,39.92081069946289,45.0003662109375,79.57631301879883
170,2,470.4511413574219,4.7108988761901855,28.706939697265625,82.42030382156372
170,4,778.994384765625,29.536277770996094,33.06640625,75.26744842529297
170,3,431.2098083496094,10.14704418182373,27.70880126953125,78.4646806716919
170,6,196.21730041503906,90.0965347290039,40.63023376464844,83.69245147705078
170,7,209.33546447753906,81.8513412475586,53.80564880371094,91.95868682861328
170,9,446.46881103515625,451.852783203125,36.2926025390625,26.99334716796875
171,1,799.0603637695312,40.40854263305664,45.67486572265625,78.44525527954102
171,4,779.1148071289062,28.90817642211914,35.90972900390625,76.50936508178711
171,2,468.9501037597656,3.3236374855041504,28.9508056640625,82.93280935287476
171,3,430.7874755859375,9.588441848754883,27.475830078125,79.30145835876465
171,7,191.93338012695312,81.52625274658203,57.674346923828125,94.7291030883789
171,6,183.2597198486328,90.40988159179688,39.70695495605469,83.46868896484375
171,9,441.9671936035156,446.2506408691406,58.535064697265625,32.71905517578125
172,1,799.9352416992188,41.02810287475586,47.75457763671875,77.67091751098633
172,2,467.60205078125,2.789806365966797,29.193145751953125,81.84917068481445
172,4,779.4129028320312,29.453262329101562,38.02099609375,76.35712432861328
172,3,430.3017272949219,9.41170597076416,27.52618408203125,79.74034023284912
172,7,180.4520263671875,82.57977294921875,54.56785583496094,92.87474060058594
172,6,171.72251892089844,91.23248291015625,37.76164245605469,84.64524841308594
172,9,435.2582702636719,441.78875732421875,61.41888427734375,36.570709228515625
173,1,803.0075073242188,40.520198822021484,46.40728759765625,78.57651138305664
173,4,779.8775024414062,30.164457321166992,40.0810546875,76.03162574768066
173,3,430.0594787597656,9.304976463317871,27.159637451171875,79.17006778717041
173,2,466.3981018066406,1.0618560314178467,30.0782470703125,81.55665135383606
173,7,168.98785400390625,83.55215454101562,52.93367004394531,91.63235473632812
173,6,157.8055419921875,93.06095123291016,37.82185363769531,82.08507537841797
173,9,429.7719421386719,437.9897766113281,68.08245849609375,40.74420166015625
174,1,809.057373046875,40.01144790649414,42.38446044921875,79.8077278137207
174,4,780.328857421875,30.174880981445312,41.0048828125,75.04602813720703
174,3,429.6868591308594,9.16154670715332,26.7100830078125,79.23734855651855
174,2,465.5674743652344,1.3274973630905151,30.165008544921875,80.76341450214386
174,7,156.7800750732422,84.52076721191406,51.56877136230469,90.99995422363281
174,6,143.5729522705078,93.44673919677734,38.059173583984375,81.85189056396484
174,9,424.010986328125,433.9749755859375,70.74923706054688,44.6290283203125
175,1,813.1474609375,39.34370803833008,40.31329345703125,80.38823318481445
175,4,781.2554931640625,30.21332550048828,43.077392578125,74.29713439941406
175,3,429.156494140625,8.823942184448242,26.34869384765625,78.75527381896973
175,2,463.5467224121094,0.6915618181228638,31.63934326171875,82.60891425609589
175,7,139.5369415283203,87.49011993408203,52.75483703613281,88.58715057373047
175,6,131.27162170410156,94.5586929321289,36.67097473144531,80.52991485595703
175,9,417.92901611328125,430.27874755859375,71.6165771484375,47.77740478515625
176,1,818.2919311523438,39.58840560913086,35.09759521484375,79.85988998413086
176,4,783.418212890625,31.27414321899414,43.8131103515625,73.26838302612305
176,3,428.0932312011719,8.359033584594727,26.329559326171875,78.35787773132324
176,2,462.650390625,0.47149550914764404,31.742279052734375,82.52858078479767
176,7,125.11248779296875,87.64222717285156,55.23445129394531,91.08329772949219
176,6,119.2011947631836,94.98670196533203,35.109947204589844,81.0878677368164
176,9,412.4360046386719,425.79107666015625,71.46188354492188,53.026275634765625
177,1,822.0211791992188,40.01049041748047,32.98736572265625,77.47163391113281
177,3,427.1922607421875,7.7714080810546875,26.089508056640625,78.211181640625
177,2,461.3100891113281,0.5287697911262512,31.68695068359375,82.9221960902214
177,4,785.8768310546875,30.452367782592773,42.865966796875,74.66096687316895
177,7,117.130126953125,87.37084197998047,50.50996398925781,89.51299285888672
177,6,102.89318084716797,95.95629119873047,37.65386199951172,80.0088882446289
177,9,406.6792907714844,421.7391662597656,72.38314819335938,56.981292724609375
178,4,789.575927734375,30.16305923461914,40.63763427734375,74.88195419311523
178,1,823.7109985351562,40.07660675048828,31.45428466796875,79.52091217041016
178,3,426.29888916015625,7.076310634613037,25.984832763671875,78.47590494155884
178,2,460.5340881347656,0.2275179773569107,31.412811279296875,83.15896426141262
178,6,99.31671905517578,90.37015533447266,52.764991760253906,87.72966766357422
178,9,401.64007568359375,416.0349426269531,74.69778442382812,62.3428955078125
179,4,794.100341796875,29.30187225341797,37.1639404296875,76.484619140625
179,3,426.1387939453125,6.3288750648498535,24.733978271484375,77.86652898788452
179,1,824.2654418945312,39.437557220458984,31.2818603515625,80.27070999145508
179,2,459.588134765625,0.11473987996578217,31.010772705078125,83.567457690835
179,6,84.46358489990234,89.10418701171875,53.080772399902344,90.82502746582031
179,9,395.1536865234375,410.832275390625,75.55029296875,68.58395385742188
180,1,824.0310668945312,39.31464385986328,31.6160888671875,80.12803649902344
180,3,425.5868225097656,5.443112373352051,24.772247314453125,76.91829204559326
180,4,799.0953369140625,28.648893356323242,34.83917236328125,76.42417335510254
180,2,458.8993835449219,0.0,30.795166015625,81.46170043945312
180,6,74.8934326171875,90.14311218261719,50.4349365234375,91.68190002441406
180,10,67.99716186523438,97.92691802978516,33.46216583251953,81.35344696044922
180,9,388.1668701171875,403.18701171875,79.912841796875,75.27413940429688
181,4,804.2824096679688,28.043712615966797,30.7125244140625,76.28688430786133
181,3,425.4185485839844,4.8730149269104,24.491668701171875,75.40196371078491
181,2,458.63592529296875,0.0,30.73760986328125,80.77233123779297
181,1,824.5697021484375,39.9836540222168,31.1497802734375,79.21887588500977
181,6,63.79903030395508,92.87316131591797,53.36568069458008,89.62487030029297
181,10,54.92881774902344,99.11661529541016,33.856712341308594,80.94438934326172
181,9,380.74005126953125,398.6899719238281,73.56716918945312,79.60983276367188
181,11,307.4456787109375,465.2896728515625,33.442230224609375,13.275970458984375
182,3,425.5259704589844,4.808875560760498,24.155914306640625,75.08766984939575
182,4,807.8715209960938,28.83179473876953,29.32720947265625,77.03482818603516
182,2,458.2803039550781,0.0,30.36077880859375,79.5089111328125
182,6,50.24492263793945,92.65003204345703,52.18508529663086,87.38561248779297
182,1,825.0677490234375,41.15402603149414,30.58489990234375,77.02756118774414
182,10,39.79511642456055,99.28839874267578,36.24660873413086,79.84351348876953
182,9,375.95977783203125,393.8675231933594,70.88922119140625,84.12936401367188
182,11,301.9814147949219,460.5394287109375,37.0040283203125,17.880096435546875
183,4,807.2467041015625,28.831010818481445,32.08123779296875,76.82822227478027
183,3,425.6319274902344,4.034985542297363,23.67498779296875,75.48804759979248
183,2,458.28179931640625,0.0,28.91436767578125,78.32524871826172
183,6,38.46785354614258,93.20673370361328,51.50447463989258,86.3952865600586
183,1,825.28955078125,43.44777297973633,30.51531982421875,74.86551284790039
183,10,38.320796966552734,99.27635192871094,24.35791778564453,51.613067626953125
183,9,371.682861328125,389.6718444824219,80.86895751953125,88.5450439453125
183,11,297.1533508300781,455.7977294921875,36.836029052734375,22.62567138671875
184,4,807.4866333007812,29.134485244750977,34.41925048828125,76.59792137145996
184,3,425.145751953125,4.142977714538574,23.713623046875,75.5055742263794
184,2,458.0675048828125,0.23915089666843414,27.762908935546875,73.91951762139797
184,6,30.780324935913086,93.85906982421875,47.36776161193848,87.02412414550781
184,1,826.9526977539062,46.729583740234375,28.89990234375,72.03643035888672
184,10,16.555505752563477,102.03154754638672,34.85123634338379,78.76493072509766
184,9,367.6900634765625,384.5704345703125,75.95431518554688,93.98580932617188
184,11,292.6570739746094,451.7677307128906,37.092559814453125,26.78363037109375
185,3,424.40228271484375,3.2484545707702637,23.801116943359375,75.67046022415161
185,4,807.8529052734375,28.931625366210938,36.32037353515625,76.13357543945312
185,2,457.63446044921875,0.3973509669303894,28.60467529296875,74.4464219212532
185,6,15.345617294311523,96.63626098632812,51.23303413391113,85.58372497558594
185,1,831.2596435546875,44.171730041503906,24.4168701171875,74.34364318847656
185,10,1.6508121490478516,103.39075469970703,36.81896781921387,79.03008270263672
185,9,364.0545349121094,381.2139892578125,50.659515380859375,97.09970092773438
185,11,288.8655090332031,448.297119140625,36.769775390625,30.37457275390625
186,4,808.185546875,30.89870262145996,38.565185546875,74.72761726379395
186,3,423.5523681640625,3.4727327823638916,24.260162353515625,75.01186347007751
186,2,457.2536926269531,0.469582200050354,28.373870849609375,73.34638154506683
186,6,7.048710346221924,96.35835266113281,49.19817304611206,86.71783447265625
186,1,835.3756713867188,43.41346740722656,20.2786865234375,74.02943420410156
186,10,0.34740594029426575,103.07447814941406,25.53564688563347,76.750732421875
186,9,359.5318603515625,378.47900390625,44.2427978515625,100.04638671875
186,11,284.76434326171875,444.2580871582031,43.824462890625,34.51678466796875
187,3,422.2303466796875,3.2614905834198,25.268829345703125,75.01507496833801
187,4,808.0885009765625,31.584978103637695,41.60015869140625,73.81369590759277
187,2,456.8853454589844,0.30541008710861206,28.206939697265625,73.08403998613358
187,6,0.6566094756126404,98.86235809326172,48.305728018283844,86.4352035522461
187,1,838.9593505859375,42.72139358520508,16.73980712890625,73.85412216186523
187,9,354.275390625,376.2029724121094,45.141448974609375,102.3104248046875
187,11,281.99249267578125,440.1228942871094,50.65460205078125,38.46112060546875
188,3,421.9531555175781,3.225581645965576,24.802947998046875,74.82358980178833
188,4,809.252685546875,30.533306121826172,43.32427978515625,74.56672286987305
188,2,456.0044250488281,0.0,28.599365234375,74.40870666503906
188,6,0.0046659233048558235,97.77603912353516,41.936923432163894,99.09432220458984
188,1,842.8309326171875,52.49401092529297,12.661865234375,65.4151840209961
188,9,350.0992736816406,374.2288818359375,76.23757934570312,104.66265869140625
188,11,278.47711181640625,435.8398742675781,52.0810546875,42.963287353515625
189,4,834.541748046875,32.46999740600586,20.99871826171875,78.93458938598633
189,3,421.7709045410156,3.2095329761505127,23.91802978515625,74.39998698234558
189,2,454.71868896484375,0.0,29.788177490234375,74.5040054321289
189,9,345.39276123046875,372.6474914550781,77.02011108398438,106.72970581054688
189,1,843.5704956054688,46.8946647644043,11.88006591796875,71.51980972290039
189,11,273.9464111328125,430.88458251953125,56.17626953125,47.791961669921875
190,3,420.8102722167969,2.9070489406585693,23.721282958984375,74.54303193092346
190,4,816.8071899414062,29.774763107299805,36.57647705078125,75.5465259552002
190,2,454.817138671875,0.0,28.75927734375,73.24662780761719
190,9,340.0106201171875,369.82073974609375,47.64239501953125,108.77752685546875
190,11,264.45367431640625,425.3804626464844,65.37982177734375,53.067352294921875
191,3,419.7917175292969,2.2631897926330566,23.592376708984375,75.19294881820679
191,4,820.3001098632812,29.740192413330078,33.35919189453125,75.87658309936523
191,2,453.9843444824219,0.0,28.787750244140625,74.25468444824219
191,9,333.1033935546875,368.6201477050781,73.58480834960938,109.13717651367188
191,11,255.7186737060547,419.6070556640625,75.93598937988281,59.080535888671875
192,3,417.281005859375,1.0052475929260254,24.6412353515625,75.06894063949585
192,4,837.4749755859375,27.824462890625,18.3050537109375,83.0801010131836
192,2,452.5999755859375,0.6209096908569336,28.668426513671875,72.30860996246338
192,9,320.24163818359375,362.3693542480469,75.7203369140625,116.35025024414062
192,11,248.79161071777344,409.0007019042969,73.66557312011719,69.68829345703125
193,3,415.1759948730469,0.4966287612915039,25.939208984375,73.81756496429443
193,2,451.5097961425781,0.9614174962043762,28.7774658203125,71.89290684461594
193,4,830.90771484375,30.010757446289062,24.309814453125,74.57714080810547
193,9,313.7196960449219,359.6478576660156,72.8201904296875,118.82998657226562
193,11,244.5341796875,404.2373962402344,75.15243530273438,74.20114135742188
194,3,414.4532165527344,0.18116742372512817,25.52581787109375,71.82832354307175
194,2,451.1392517089844,0.8177866339683533,28.253143310546875,70.11259514093399
194,4,832.6199951171875,28.67128562927246,22.702392578125,76.59988594055176
194,9,307.8674011230469,356.2726745605469,71.41134643554688,121.58816528320312
194,11,241.2704620361328,399.1681823730469,73.03916931152344,79.21505737304688
195,3,414.11248779296875,0.27720025181770325,24.901641845703125,70.51048132777214
195,2,449.9131774902344,0.6956766843795776,28.3790283203125,69.08912098407745
195,4,831.8844604492188,30.745180130004883,23.5223388671875,74.20790672302246
195,9,303.1175842285156,352.51129150390625,68.81741333007812,125.470458984375
195,11,238.02212524414062,395.0733642578125,72.333740234375,83.23895263671875
196,3,413.5187072753906,0.40695831179618835,24.991363525390625,69.20792511105537
196,2,449.4399108886719,0.2996880114078522,28.08642578125,67.2649253308773
196,9,297.6941833496094,349.2298583984375,67.54806518554688,128.87234497070312
196,4,831.2661743164062,35.43914031982422,24.23828125,69.12467956542969
196,11,234.44717407226562,391.6424560546875,72.58245849609375,86.64706420898438
197,3,413.3533630371094,0.34506914019584656,24.39141845703125,69.57547834515572
197,2,448.22674560546875,0.2655494511127472,28.29510498046875,67.34456560015678
197,4,831.7611083984375,37.43422317504883,23.8468017578125,66.83172225952148
197,9,292.59075927734375,347.7270812988281,64.83706665039062,130.93133544921875
197,11,231.5838623046875,388.8930969238281,66.9869384765625,89.52197265625
198,3,413.1141357421875,0.11533938348293304,23.51190185546875,69.87240017950535
198,2,446.9722595214844,0.2714807093143463,28.701873779296875,66.26826080679893
198,9,287.3934631347656,341.8096923828125,58.916595458984375,135.8487548828125
198,4,832.7960205078125,38.46246337890625,22.906005859375,65.39102172851562
198,11,227.9590301513672,386.076416015625,64.01853942871094,92.708251953125
199,3,412.3348693847656,0.029850175604224205,23.366058349609375,69.76078397966921
199,4,832.7739868164062,38.54881286621094,22.78057861328125,64.90283966064453
199,9,283.0950622558594,338.9053955078125,55.0318603515625,139.26333618164062
199,2,445.9590148925781,0.3823608160018921,29.125640869140625,63.7164169549942
199,11,223.6246795654297,384.45269775390625,69.39472961425781,94.29327392578125
200,3,411.1693115234375,0.0,24.128631591796875,69.63570404052734
200,9,277.96234130859375,336.5966491699219,58.218475341796875,141.73162841796875
200,2,444.9098205566406,0.35137030482292175,29.675201416015625,63.675950556993484
200,11,219.6853485107422,382.61834716796875,70.21549987792969,96.24871826171875
200,4,833.7858276367188,43.423526763916016,21.9593505859375,59.99081802368164
201,3,410.621337890625,0.0,23.6219482421875,69.74768829345703
201,9,272.5733947753906,335.0525207519531,61.99627685546875,143.37945556640625
201,2,443.0710754394531,0.2372707575559616,30.34075927734375,64.82168920338154
201,4,835.0345458984375,45.94450378417969,20.59405517578125,56.94740295410156
201,11,215.12217712402344,380.2767639160156,70.50044250488281,98.60015869140625
202,3,410.13824462890625,0.0,23.1126708984375,67.38020324707031
202,9,266.7749328613281,332.9052734375,66.61346435546875,144.66708374023438
202,2,441.1966857910156,0.0,31.278106689453125,65.20262145996094
202,4,837.293701171875,47.883201599121094,18.49298095703125,54.625640869140625
202,11,210.3610382080078,378.67431640625,74.72456359863281,100.59408569335938
203,3,409.5761413574219,0.0,22.87408447265625,67.61280059814453
203,9,261.580078125,330.77276611328125,72.5146484375,146.48477172851562
203,2,441.064697265625,0.0,30.370330810546875,64.45195770263672
203,11,204.4488983154297,376.2145080566406,73.88548278808594,102.58773803710938
203,4,840.8931274414062,47.690277099609375,14.77679443359375,55.71348571777344
204,3,409.0589294433594,0.0,22.398895263671875,67.87876892089844
204,9,258.8644714355469,328.5611572265625,73.035400390625,149.154541015625
204,2,440.2130126953125,0.12623248994350433,29.971282958984375,65.24851574003696
204,11,198.94618225097656,373.456787109375,74.49763488769531,105.12322998046875
205,3,408.40008544921875,0.003788352245464921,22.399444580078125,67.79660379863344
205,9,255.23184204101562,325.75775146484375,74.93801879882812,151.51913452148438
205,2,439.75408935546875,0.0,29.503936767578125,65.25765991210938
205,11,195.1862335205078,369.4039001464844,71.06065368652344,109.49786376953125
206,3,407.000732421875,0.15147796273231506,22.707366943359375,65.74819549918175
206,9,248.46893310546875,321.0374755859375,77.0147705078125,155.77264404296875
206,2,438.872314453125,0.0,29.79351806640625,64.51838684082031
206,11,190.74925231933594,366.0679626464844,70.20109558105469,112.7564697265625
207,3,406.2939758300781,0.19964998960494995,22.8687744140625,64.39718228578568
207,9,244.65008544921875,317.65850830078125,74.896484375,159.9034423828125
207,11,186.0550079345703,362.8855285644531,70.09715270996094,115.66787719726562
207,2,438.006591796875,0.11659196019172668,29.99237060546875,63.28351637721062
208,9,242.2601318359375,313.2608337402344,79.35116577148438,164.72784423828125
208,3,404.9827575683594,0.0,23.511810302734375,62.4881591796875
208,11,182.0427703857422,358.9083557128906,69.2874755859375,118.73776245117188
208,2,437.2361755371094,0.16425122320652008,30.157989501953125,62.7979489415884
209,9,239.9476318359375,309.62371826171875,75.11788940429688,167.8497314453125
209,3,404.52703857421875,0.0,23.42730712890625,61.84351348876953
209,2,436.974853515625,0.11587000638246536,29.80181884765625,59.86681508272886
209,11,178.3654022216797,355.1737060546875,69.56428527832031,122.85546875
210,9,235.86590576171875,306.0768127441406,70.98199462890625,171.27081298828125
210,3,403.0589599609375,0.0,24.459014892578125,61.839698791503906
210,11,174.22467041015625,351.26141357421875,71.18710327148438,126.48681640625
210,2,437.13531494140625,0.31366026401519775,28.9840087890625,57.81797730922699
211,9,230.98377990722656,302.6354675292969,66.08500671386719,168.76739501953125
211,3,402.9369201660156,0.0,24.28228759765625,60.34491729736328
211,11,171.14730834960938,347.47064208984375,71.11990356445312,130.45089721679688
211,2,437.534912109375,0.4214867055416107,27.486083984375,56.756610065698624
212,9,226.93067932128906,299.780517578125,65.91313171386719,165.87100219726562
212,3,402.211669921875,0.0,24.7694091796875,60.60616683959961
212,11,167.41226196289062,344.5789794921875,68.34028625488281,133.822998046875
212,2,437.97491455078125,0.3925881087779999,26.73187255859375,56.96659615635872
213,9,224.38397216796875,297.26910400390625,67.66635131835938,164.24591064453125
213,3,401.6136169433594,0.0,24.55584716796875,60.477542877197266
213,11,164.61798095703125,342.3782958984375,66.99803161621094,135.5626220703125
213,2,437.9960021972656,0.29095566272735596,25.982635498046875,57.17729842662811
214,9,220.5423126220703,294.90533447265625,70.28785705566406,166.57427978515625
214,3,400.105712890625,0.0,25.571533203125,60.29794692993164
214,11,161.82615661621094,340.2631530761719,68.60768127441406,138.06307983398438
214,2,437.5196838378906,0.12614575028419495,25.51348876953125,55.369547456502914
215,9,216.8399200439453,294.63751220703125,72.90476989746094,166.33673095703125
215,3,398.8305358886719,0.0,25.484344482421875,59.89329528808594
215,11,159.15431213378906,337.7840881347656,68.56851196289062,140.51693725585938
215,2,436.0072021484375,0.1370745748281479,27.020538330078125,55.235323801636696
216,9,209.04444885253906,292.9318542480469,77.92787170410156,168.6834716796875
216,11,153.96653747558594,330.87518310546875,69.85482788085938,147.57089233398438
216,3,399.03680419921875,0.1673201620578766,23.38690185546875,58.33147820830345
216,2,430.274169921875,0.0,31.595733642578125,55.577152252197266
217,9,203.66513061523438,291.1112976074219,83.04580688476562,170.65347290039062
217,11,150.9787139892578,326.5641784667969,68.99954223632812,152.63983154296875
217,3,397.9014892578125,0.0,23.6209716796875,58.57466125488281
217,2,431.4542236328125,0.04127645865082741,29.109100341796875,56.00581597909331
218,9,199.18881225585938,288.9444274902344,86.794189453125,172.19775390625
218,11,148.90281677246094,322.3501892089844,69.40985107421875,155.74502563476562
218,3,397.2216796875,0.17946840822696686,23.68487548828125,58.168718084692955
218,2,431.6166076660156,0.1436436027288437,28.030914306640625,56.60568882524967
219,9,195.32315063476562,287.7183532714844,88.9588623046875,166.6971435546875
219,11,146.52557373046875,318.26226806640625,69.00166320800781,159.67123413085938
219,3,396.7105407714844,0.2727919816970825,23.330413818359375,57.89786994457245
219,2,431.859375,0.07298381626605988,27.0223388671875,56.457549020648
220,9,190.00086975097656,283.7177429199219,89.55967712402344,167.23959350585938
220,11,143.8723602294922,315.8868713378906,70.93759155273438,161.97076416015625
220,3,395.4168395996094,0.09704559296369553,23.802337646484375,56.153530426323414
220,2,431.1438903808594,0.05726151913404465,27.034027099609375,55.917191453278065
221,9,186.41058349609375,281.2990417480469,88.11383056640625,164.52584838867188
221,11,142.15283203125,313.3213806152344,71.3646240234375,164.44192504882812
221,3,394.6051940917969,0.09050463140010834,23.3741455078125,55.72143079340458
221,2,430.00787353515625,0.08888469636440277,27.551727294921875,55.266412392258644
222,11,139.80331420898438,308.80206298828125,71.63796997070312,169.31198120117188
222,9,182.14010620117188,279.59637451171875,85.50979614257812,161.22314453125
222,3,393.84014892578125,0.0827978178858757,23.31390380859375,55.26623172312975
222,2,439.6795349121094,0.2664397954940796,18.237701416015625,48.99988329410553
223,9,177.5340576171875,276.4926452636719,80.78692626953125,156.87582397460938
223,11,137.61459350585938,306.6630554199219,70.860595703125,171.8470458984375
223,3,393.17706298828125,0.058034494519233704,23.197357177734375,53.36373369395733
223,2,436.9510498046875,0.1562204211950302,20.715240478515625,51.263522163033485
224,11,134.55117797851562,304.5543518066406,73.34359741210938,173.32666015625
224,9,174.9263458251953,273.74151611328125,76.22746276855469,154.7425537109375
224,3,392.36688232421875,0.07403996586799622,23.1827392578125,53.3790964782238
224,2,438.3886413574219,0.0,18.7149658203125,49.53398513793945
225,11,131.48568725585938,302.5596008300781,76.89048767089844,173.48284912109375
225,9,170.9901123046875,271.9433898925781,68.37736511230469,155.90496826171875
225,3,392.1375732421875,0.0519731305539608,22.902008056640625,53.5110304094851
225,2,438.1684265136719,0.1515289843082428,18.51422119140625,46.56921610236168
226,11,128.09544372558594,300.88665771484375,79.83767700195312,175.45831298828125
226,9,168.8428192138672,268.9909973144531,64.15362548828125,160.07473754882812
226,3,391.75628662109375,0.058297257870435715,22.736785888671875,53.13122834637761
226,2,437.6197204589844,0.16850386559963226,18.389892578125,45.966727152466774
227,11,124.71263122558594,300.0576477050781,82.49562072753906,176.42568969726562
227,9,165.23114013671875,267.0438537597656,68.04290771484375,163.47265625
227,3,391.117431640625,0.06903474777936935,23.144927978515625,53.28847486525774
227,2,422.2676086425781,0.16800640523433685,28.777313232421875,50.78147937357426
228,11,120.51515197753906,299.0700378417969,86.89041137695312,177.44293212890625
228,9,162.5838165283203,266.1563415527344,69.97474670410156,164.17373657226562
228,3,390.5827941894531,0.14006954431533813,22.8677978515625,53.69991534948349
228,2,420.7404479980469,0.1866726577281952,23.96600341796875,50.85243943333626
228,12,438.60516357421875,0.17643645405769348,15.51123046875,42.43692108988762
229,11,116.82794952392578,297.5748291015625,89.8609848022461,178.39788818359375
229,9,160.43060302734375,264.76055908203125,70.76187133789062,164.98117065429688
229,3,390.1272277832031,0.1755933165550232,22.440460205078125,53.44300562143326
229,2,420.56756591796875,0.15210042893886566,25.89324951171875,48.96150125563145
229,12,437.67822265625,0.20508761703968048,15.6160888671875,41.1553326100111
230,11,112.57240295410156,296.2920227050781,93.98199462890625,179.41375732421875
230,9,156.94534301757812,262.99078369140625,73.77581787109375,166.81671142578125
230,3,389.44287109375,0.08393815159797668,22.246551513671875,53.058628529310226
230,12,433.4774475097656,0.026310553774237633,19.170654296875,40.02526796795428
230,2,419.253173828125,0.16731251776218414,31.9556884765625,45.343998059630394
231,9,155.5067901611328,261.7849426269531,74.08612060546875,167.73529052734375
231,11,108.65910339355469,295.00628662109375,96.27909851074219,178.98043823242188
231,3,388.3309020996094,0.06113915890455246,23.20977783203125,53.19973272830248
231,12,434.7587585449219,0.10594376176595688,16.9178466796875,39.12084762006998
231,2,418.33026123046875,0.14866667985916138,31.666595458984375,47.69855469465256
232,11,104.209228515625,294.4703063964844,98.26731872558594,173.7677001953125
232,9,152.60513305664062,259.7019348144531,76.12693786621094,169.26864624023438
232,3,387.8999938964844,0.033426787704229355,22.573760986328125,52.76063296571374
232,12,433.8292236328125,0.0,17.067413330078125,38.19579315185547
232,2,417.728759765625,0.13167394697666168,31.679840087890625,49.090661868453026
233,9,149.75192260742188,257.14434814453125,76.80516052246094,168.4278564453125
233,11,100.59646606445312,293.2847595214844,98.95048522949219,170.24560546875
233,3,386.8022155761719,0.09027247875928879,22.882080078125,51.96113056689501
233,2,417.3155517578125,0.20768079161643982,31.513763427734375,48.883284479379654
234,9,146.36753845214844,253.67221069335938,76.61534118652344,167.14117431640625
234,11,97.27796936035156,290.1426086425781,98.13064575195312,168.44338989257812
234,3,385.79833984375,0.1505187600851059,22.9556884765625,49.710660591721535
234,2,416.4503479003906,0.17035339772701263,32.229705810546875,48.8009028583765
235,11,94.71754455566406,286.6946105957031,92.30224609375,166.68759155273438
235,9,143.072021484375,251.0453338623047,74.07487487792969,168.0252227783203
235,3,385.4047546386719,0.1846470981836319,22.64617919921875,48.11017559468746
235,2,416.3708801269531,0.1556464284658432,31.4959716796875,48.10732735693455
236,9,140.06723022460938,247.61679077148438,71.13380432128906,169.23220825195312
236,11,91.45906066894531,282.71319580078125,88.70042419433594,164.72189331054688
236,3,384.757080078125,0.15558010339736938,22.590240478515625,46.70667499303818
236,2,416.9278869628906,0.09754305332899094,30.008941650390625,46.72093839198351
237,9,137.90536499023438,244.74545288085938,67.31082153320312,160.02371215820312
237,11,88.65241241455078,281.99517822265625,83.33197784423828,162.35787963867188
237,3,384.58172607421875,0.12108185887336731,22.197906494140625,46.815830677747726
237,2,418.08984375,0.1589449793100357,28.446929931640625,45.69342242181301
238,9,134.87527465820312,242.18421936035156,64.98994445800781,157.15843200683594
238,11,85.3729019165039,279.76251220703125,78.27912139892578,164.13540649414062
238,3,384.2287292480469,0.10653050988912582,21.992523193359375,46.3391672745347
238,2,417.6351013183594,0.15770770609378815,28.65966796875,43.720420345664024
239,9,131.73745727539062,241.15110778808594,65.21463012695312,150.81578063964844
239,11,82.94120025634766,277.4935607910156,74.4769515991211,168.95114135742188
239,3,383.7364807128906,0.09699712693691254,22.21258544921875,45.95635522902012
239,2,417.7578430175781,0.15373823046684265,28.26055908203125,43.372422963380814
240,9,125.42059326171875,239.0990447998047,68.10311889648438,151.43617248535156
240,11,77.16936492919922,274.916748046875,78.88842010498047,170.72964477539062
240,3,380.6273193359375,0.19673921167850494,24.580963134765625,45.338851913809776
240,2,417.8154602050781,0.09120617806911469,27.09197998046875,43.386908903717995
