104,1,0.0,220.73631286621094,19.760177612304688,84.65107727050781
104,2,0.2930009961128235,274.2503662109375,20.13034838438034,30.4100341796875
105,2,0.13725697994232178,268.73577880859375,21.987868905067444,35.734283447265625
106,2,0.0,219.3505096435547,22.40851402282715,84.89924621582031
107,2,0.0,219.08641052246094,23.11595344543457,85.46366882324219
108,2,0.0,196.4676513671875,23.422813415527344,108.30990600585938
109,2,0.0,194.0425567626953,22.71104621887207,112.47099304199219
110,2,0.0,189.4156494140625,27.75836753845215,114.4884033203125
111,2,0.07940360903739929,189.466552734375,34.18485572934151,118.0474853515625
112,2,0.0,189.02407836914062,47.435211181640625,118.44021606445312
113,2,0.13327346742153168,189.81109619140625,56.4288565069437,115.16903686523438
114,2,0.2237117737531662,191.1443634033203,61.34445686638355,112.62785339355469
114,1,0.005700386129319668,214.940673828125,17.38843795005232,120.60391235351562
115,2,1.3338444232940674,191.7674102783203,64.54828906059265,109.59233093261719
115,1,0.0,225.6365203857422,25.8024959564209,108.46327209472656
116,2,6.932733058929443,190.94369506835938,61.024534702301025,111.48605346679688
117,2,12.16953182220459,191.04615783691406,56.33167362213135,112.34205627441406
117,1,0.0,211.35888671875,40.86184310913086,122.08746337890625
118,2,15.421772003173828,190.64100646972656,50.627132415771484,111.51725769042969
118,1,0.2509164810180664,212.4246063232422,45.68462657928467,118.71992492675781
119,2,18.4578800201416,189.95114135742188,45.463701248168945,113.6207275390625
119,1,0.29167506098747253,212.05882263183594,50.9757619202137,120.18370056152344
120,2,22.71733856201172,190.72866821289062,45.91899108886719,113.26162719726562
120,1,0.11814811825752258,210.5345916748047,51.89928123354912,122.81370544433594
121,2,25.629135131835938,189.5140380859375,37.825958251953125,111.94131469726562
121,1,0.23628859221935272,212.13894653320312,56.40239091217518,119.78933715820312
122,1,0.3271937370300293,211.86878967285156,55.5445294380188,121.68965148925781
122,2,28.35846710205078,189.11703491210938,37.375816345214844,114.77603149414062
123,1,4.206920623779297,211.1028289794922,51.76163101196289,122.24565124511719
123,2,31.206445693969727,188.2989501953125,37.83715629577637,115.495849609375
124,1,8.364289283752441,210.58436584472656,48.07986354827881,120.45356750488281
124,2,33.61131286621094,187.0057373046875,44.147544860839844,121.18728637695312
125,1,11.235163688659668,209.87728881835938,49.05135440826416,120.38092041015625
125,2,36.1714973449707,187.13507080078125,48.89493179321289,119.422119140625
126,1,14.959202766418457,210.18125915527344,47.73999309539795,121.01774597167969
126,2,37.62773513793945,187.6521453857422,54.29910659790039,121.36009216308594
127,1,17.923847198486328,210.65234375,49.87587356567383,121.32757568359375
127,2,39.92007064819336,188.2904510498047,58.4517936706543,118.89152526855469
128,1,22.091489791870117,210.8605194091797,60.80149269104004,120.35072326660156
128,2,42.10411071777344,189.2957763671875,62.04229736328125,117.2401123046875
129,1,25.427040100097656,211.41358947753906,66.68318939208984,120.09178161621094
129,2,46.86943435668945,189.9040069580078,59.492305755615234,115.53877258300781
130,1,29.672908782958984,210.91387939453125,67.71641159057617,120.6885986328125
130,2,50.7304801940918,190.30479431152344,61.15792465209961,114.07316589355469
131,1,32.73478698730469,210.88134765625,67.1084213256836,120.40008544921875
131,2,54.04521942138672,191.20765686035156,60.41999053955078,115.37800598144531
132,1,32.48233413696289,211.08251953125,69.67583084106445,123.98129272460938
132,2,57.84504318237305,190.77879333496094,58.749385833740234,115.43824768066406
133,1,35.94989776611328,210.0320281982422,65.824951171875,123.58906555175781
133,2,62.64850997924805,191.0484619140625,56.113346099853516,113.85494995117188
134,1,47.02786636352539,210.96307373046875,53.7441291809082,120.47271728515625
134,2,71.0570297241211,191.2630615234375,47.811302185058594,113.43728637695312
135,1,51.5610466003418,208.75465393066406,50.31167984008789,121.39653015136719
135,2,74.12163543701172,189.86778259277344,42.031951904296875,116.75639343261719
136,1,57.92836380004883,209.73573303222656,43.33785629272461,120.29585266113281
136,2,78.01591491699219,189.3866729736328,36.858642578125,116.22499084472656
137,1,60.26024627685547,207.30545043945312,42.235260009765625,124.53997802734375
137,2,81.4521713256836,188.09376525878906,38.19072723388672,118.48023986816406
138,1,64.39814758300781,206.25038146972656,41.29619598388672,126.06129455566406
138,2,84.67047882080078,187.9080047607422,42.080413818359375,116.93653869628906
139,1,68.41584777832031,207.54490661621094,48.812896728515625,125.39292907714844
139,2,88.2299575805664,188.11056518554688,47.614967346191406,112.3677978515625
140,1,71.20006561279297,208.83074951171875,55.63648223876953,122.59710693359375
140,2,92.65160369873047,188.24713134765625,49.560752868652344,111.77743530273438
141,1,75.27587127685547,208.15528869628906,59.17949676513672,124.22224426269531
141,2,96.5350112915039,189.39439392089844,54.18907928466797,114.91349792480469
142,1,77.413818359375,212.70657348632812,60.99470520019531,118.09426879882812
142,2,100.35752868652344,190.8970489501953,55.04542541503906,113.24937438964844
143,1,79.46611785888672,212.05548095703125,62.57097625732422,120.74807739257812
143,2,104.76669311523438,189.49032592773438,54.5301513671875,115.01516723632812
144,1,80.39046478271484,211.43797302246094,63.24272918701172,120.93901062011719
144,2,110.44855499267578,190.54014587402344,48.58319854736328,115.71073913574219
145,1,86.8983383178711,212.18446350097656,57.748451232910156,121.20774841308594
145,2,115.23605346679688,189.7360076904297,47.43861389160156,117.22758483886719
146,1,92.2825698852539,212.85488891601562,51.861045837402344,120.97314453125
146,2,118.4381103515625,190.5630340576172,43.66831970214844,117.63816833496094
147,1,99.25011444091797,211.9220733642578,45.543922424316406,122.56117248535156
147,2,123.0166015625,190.743896484375,38.239715576171875,117.11398315429688
148,1,104.01376342773438,210.86541748046875,41.03450012207031,123.0399169921875
148,2,126.19237518310547,189.7412567138672,32.947731018066406,118.01902770996094
149,1,108.5909652709961,210.025634765625,39.73625946044922,123.83090209960938
149,2,128.68551635742188,189.99578857421875,29.194732666015625,114.72259521484375
150,1,111.90618896484375,210.5682830810547,41.9779052734375,122.55348205566406
150,2,131.0690155029297,188.68380737304688,34.4195556640625,117.55435180664062
151,1,115.77572631835938,211.602783203125,49.213623046875,121.26693725585938
151,2,134.61741638183594,187.76177978515625,39.70050048828125,112.3240966796875
152,1,120.07717895507812,210.97410583496094,58.61695861816406,120.71665954589844
152,2,137.23390197753906,188.37869262695312,45.08795166015625,102.39590454101562
153,1,123.07764434814453,211.60159301757812,63.753684997558594,120.87326049804688
153,2,139.92575073242188,188.2717742919922,49.73419189453125,117.12016296386719
154,1,125.01741790771484,211.86355590820312,65.3103256225586,120.80734252929688
154,2,144.1529541015625,188.66436767578125,51.77922058105469,124.48489379882812
155,1,126.6027603149414,210.09085083007812,63.978782653808594,122.58480834960938
155,2,149.216552734375,189.2004852294922,51.39654541015625,125.28099060058594
156,1,126.98683166503906,211.3460693359375,67.92572021484375,122.2991943359375
156,2,154.84043884277344,191.00241088867188,48.19781494140625,119.19998168945312
157,1,131.3820343017578,209.37852478027344,64.37115478515625,124.00953674316406
157,2,159.3590545654297,192.16175842285156,46.56300354003906,118.79866027832031
158,1,145.69338989257812,207.0085906982422,47.37298583984375,122.87162780761719
158,2,167.2416534423828,192.87997436523438,45.353302001953125,122.44561767578125
159,1,151.55984497070312,208.0357208251953,43.85084533691406,120.86695861816406
159,2,170.0830078125,192.26368713378906,43.234710693359375,121.37800598144531
160,1,155.7618865966797,208.81817626953125,38.217071533203125,120.47512817382812
160,2,175.02732849121094,192.9685516357422,39.81462097167969,120.63682556152344
161,1,160.1338653564453,207.4138641357422,38.15960693359375,122.43644714355469
161,2,178.6852264404297,193.88876342773438,33.6334228515625,118.56613159179688
162,1,162.00372314453125,208.92495727539062,41.834136962890625,123.99346923828125
162,2,183.3813934326172,191.80136108398438,27.156341552734375,118.91497802734375
163,1,166.1309814453125,208.0430450439453,49.4168701171875,125.15290832519531
163,2,187.11099243164062,191.36941528320312,29.979293823242188,108.61849975585938
164,1,169.01011657714844,207.07920837402344,55.28437805175781,126.03144836425781
164,2,190.1584014892578,191.50607299804688,35.05183410644531,127.47189331054688
165,1,172.1448516845703,211.52371215820312,59.484466552734375,121.45565795898438
165,2,192.384521484375,190.2623748779297,37.57963562011719,115.79267883300781
166,1,174.93386840820312,213.2911834716797,60.385467529296875,118.09111022949219
166,2,195.55979919433594,190.1796875,35.87335205078125,115.67428588867188
167,1,175.7375030517578,214.92434692382812,63.5810546875,119.13726806640625
167,2,200.1903076171875,190.04269409179688,42.38714599609375,116.71942138671875
168,1,177.3768310546875,215.86134338378906,64.03823852539062,116.79258728027344
168,2,202.65089416503906,189.84754943847656,45.68586730957031,115.36640930175781
169,1,182.56776428222656,210.43870544433594,69.839111328125,120.91624450683594
169,2,204.6961212158203,191.1175079345703,48.272705078125,117.58268737792969
170,1,188.61166381835938,215.25682067871094,55.85209655761719,116.51713562011719
170,2,212.1657257080078,190.4857177734375,43.397369384765625,114.64913940429688
171,1,194.59487915039062,214.28475952148438,49.044189453125,118.42080688476562
171,2,214.29776000976562,190.32980346679688,44.8170166015625,115.81768798828125
172,1,198.88975524902344,212.94137573242188,44.1103515625,121.63241577148438
172,2,220.7610626220703,190.262451171875,37.70487976074219,115.054931640625
173,1,202.81871032714844,212.97328186035156,39.99925231933594,120.87904357910156
173,2,224.9498748779297,191.12107849121094,33.17906188964844,114.82923889160156
174,1,210.3550262451172,210.3123321533203,38.09541320800781,123.96763610839844
174,2,228.82289123535156,190.11819458007812,32.66050720214844,115.19680786132812
175,1,216.482177734375,207.64463806152344,40.1221923828125,122.12528991699219
175,2,232.49415588378906,189.13368225097656,27.992935180664062,116.00621032714844
176,1,218.9840850830078,210.19155883789062,47.73982238769531,122.38809204101562
176,2,234.75318908691406,188.17514038085938,26.318588256835938,93.61297607421875
177,1,220.60269165039062,209.75721740722656,58.232208251953125,122.71540832519531
177,2,235.99754333496094,187.6271209716797,40.77424621582031,121.11442565917969
178,1,220.51651000976562,212.21348571777344,66.49258422851562,120.20527648925781
178,2,241.79306030273438,187.34120178222656,36.315948486328125,96.38087463378906
179,1,220.40135192871094,213.18312072753906,70.29158020019531,119.18876647949219
179,2,237.8557891845703,186.2142333984375,50.17198181152344,96.64678955078125
180,1,220.72329711914062,213.3564453125,72.63137817382812,119.3115234375
180,2,243.71177673339844,185.31829833984375,51.63844299316406,118.94061279296875
181,1,223.55828857421875,212.54409790039062,70.45443725585938,120.47372436523438
181,2,244.57254028320312,187.73675537109375,57.137176513671875,115.6719970703125
182,1,237.22190856933594,211.49948120117188,66.15904235839844,119.95730590820312
182,2,253.02830505371094,193.7293701171875,57.35017395019531,112.73428344726562
183,1,243.2738037109375,208.26812744140625,59.37994384765625,120.78274536132812
183,2,263.1785888671875,190.13246154785156,49.84320068359375,116.08045959472656
184,1,247.92709350585938,212.46536254882812,52.407196044921875,120.33840942382812
184,2,261.84283447265625,193.44468688964844,54.227569580078125,110.45127868652344
185,1,248.60629272460938,211.45846557617188,60.346160888671875,117.65469360351562
185,2,268.24664306640625,190.39898681640625,50.6923828125,114.76214599609375
186,1,253.27806091308594,209.60455322265625,53.83497619628906,123.18865966796875
186,2,259.4268798828125,187.71861267089844,61.07696533203125,135.21083068847656
187,1,266.7118225097656,209.6709747314453,42.827301025390625,127.02507019042969
187,2,276.7976379394531,188.83241271972656,45.1151123046875,114.60560607910156
188,1,272.3278503417969,207.83853149414062,48.142974853515625,128.3043212890625
188,2,277.4897766113281,188.9075469970703,44.297454833984375,96.82939147949219
189,1,274.01904296875,209.14395141601562,57.278900146484375,126.4105224609375
189,2,281.22576904296875,188.39959716796875,42.19134521484375,93.45098876953125
190,1,274.6708068847656,212.5339813232422,63.192047119140625,122.43904113769531
190,2,286.7482604980469,187.29229736328125,31.871124267578125,45.6611328125
191,1,274.3602294921875,210.79014587402344,67.90316772460938,123.23408508300781
191,2,291.7177429199219,186.74801635742188,30.229583740234375,44.897369384765625
192,1,274.8386535644531,211.30227661132812,70.52886962890625,122.5909423828125
192,2,294.11151123046875,186.46791076660156,31.4798583984375,43.66851806640625
193,1,277.6568603515625,211.71636962890625,67.83074951171875,122.26077270507812
193,2,297.8006591796875,186.0991668701172,31.779815673828125,49.810333251953125
194,1,282.7641296386719,213.14157104492188,65.1640625,121.06314086914062
194,2,304.55072021484375,184.68907165527344,45.433929443359375,114.49198913574219
195,1,291.7579040527344,211.71644592285156,62.9267578125,122.80250549316406
195,2,306.99505615234375,187.02149963378906,30.101318359375,51.68077087402344
196,1,298.3800048828125,211.0247802734375,57.18768310546875,123.47164916992188
196,2,311.0259704589844,187.992431640625,30.6700439453125,48.222015380859375
197,1,306.9017333984375,209.97021484375,41.2996826171875,124.14614868164062
197,2,314.9156494140625,188.35711669921875,30.5150146484375,52.23651123046875
198,1,301.8987731933594,207.6715087890625,55.3406982421875,126.68975830078125
198,2,319.5735778808594,188.10012817382812,30.3968505859375,47.34465026855469
199,1,314.5015563964844,207.54400634765625,42.620635986328125,126.494384765625
199,2,322.2622375488281,187.3739776611328,34.811767578125,117.53382873535156
200,1,322.1480407714844,210.08905029296875,39.356842041015625,124.1590576171875
200,2,327.7020263671875,188.88101196289062,40.0584716796875,116.84518432617188
201,1,323.88812255859375,208.80703735351562,48.9388427734375,125.28076171875
201,2,332.0706787109375,187.86795043945312,30.876953125,45.10911560058594
202,1,323.0837707519531,208.0064239501953,60.14532470703125,126.53727722167969
202,2,336.0528259277344,187.15455627441406,31.191925048828125,46.29069519042969
203,1,324.7198486328125,209.87203979492188,64.25283813476562,124.53109741210938
203,2,337.81573486328125,186.4957733154297,32.696685791015625,51.96180725097656
204,1,325.24114990234375,208.71192932128906,66.15652465820312,127.05827331542969
204,2,339.39862060546875,186.63616943359375,35.220916748046875,57.19853210449219
205,1,326.4722900390625,208.83172607421875,65.7608642578125,127.16311645507812
205,2,342.6345520019531,186.49249267578125,35.740997314453125,70.71014404296875
206,1,340.0987854003906,207.1232452392578,54.28753662109375,125.90162658691406
206,2,343.885986328125,186.3601531982422,41.845672607421875,111.85032653808594
207,1,347.6334533691406,208.4056396484375,47.418304443359375,122.13272094726562
207,2,349.0888977050781,187.30770874023438,40.273193359375,74.99124145507812
208,1,349.334228515625,205.6885223388672,50.268646240234375,117.68257141113281
208,2,351.2502136230469,188.29408264160156,42.3031005859375,74.16276550292969
209,1,355.4658203125,204.1560821533203,56.342864990234375,124.46818542480469
209,2,353.8180847167969,189.6456756591797,44.067779541015625,71.67292785644531
210,1,366.3197937011719,205.00233459472656,39.46075439453125,125.77482604980469
210,2,357.3666076660156,190.11781311035156,44.463134765625,72.64451599121094
211,1,367.269287109375,206.16758728027344,50.57904052734375,126.64491271972656
211,2,362.40179443359375,190.5067596435547,44.02093505859375,72.78901672363281
212,1,367.9059143066406,205.38687133789062,51.916290283203125,127.78616333007812
212,2,368.72314453125,191.01319885253906,42.907379150390625,73.70921325683594
213,1,367.4280700683594,202.19284057617188,62.90960693359375,131.09237670898438
213,2,377.9280090332031,190.82496643066406,36.435699462890625,72.20970153808594
214,1,369.3517150878906,209.99200439453125,66.71343994140625,122.71261596679688
214,2,386.97296142578125,190.6490478515625,32.293975830078125,54.06932067871094
215,1,370.4208984375,209.17742919921875,68.06884765625,122.632568359375
215,2,391.61737060546875,189.59117126464844,31.34869384765625,54.43475341796875
216,1,373.23175048828125,210.32386779785156,69.06069946289062,121.15199279785156
216,2,395.49041748046875,189.42398071289062,31.76849365234375,53.401763916015625
217,1,376.9637145996094,209.8900909423828,68.82696533203125,122.50199890136719
217,2,400.182861328125,187.85223388671875,30.8131103515625,51.87542724609375
218,1,383.85833740234375,209.8190155029297,61.942230224609375,122.68928527832031
218,2,402.30181884765625,187.47630310058594,33.00335693359375,54.76591491699219
219,1,392.3109130859375,209.9654998779297,53.0135498046875,121.05027770996094
219,2,404.97955322265625,186.79421997070312,34.106170654296875,56.687103271484375
220,1,400.95721435546875,210.30274963378906,48.11016845703125,122.78044128417969
220,2,400.0391845703125,186.64340209960938,42.33819580078125,121.18280029296875
221,1,411.9597473144531,210.1180877685547,44.6593017578125,121.14915466308594
221,2,401.83038330078125,187.30856323242188,44.786651611328125,117.08447265625
222,1,415.0864562988281,210.6412811279297,47.276702880859375,121.20188903808594
222,2,402.7829284667969,186.849609375,48.353668212890625,114.89358520507812
223,1,415.98895263671875,208.1566925048828,51.4486083984375,124.06523132324219
223,2,400.622314453125,188.83953857421875,55.152435302734375,116.20968627929688
224,1,415.88482666015625,211.1480712890625,56.96954345703125,122.11618041992188
224,2,403.0307312011719,189.53868103027344,60.084320068359375,118.48225402832031
225,1,415.8288269042969,212.66221618652344,63.3609619140625,121.37525939941406
225,2,404.0311584472656,189.36561584472656,60.536651611328125,117.14942932128906
226,1,415.3082275390625,211.7687225341797,69.33480834960938,121.76634216308594
226,2,409.29742431640625,187.50636291503906,60.448822021484375,117.72331237792969
227,1,417.1123046875,212.7704620361328,70.6956787109375,119.88484191894531
227,2,417.87030029296875,185.95855712890625,56.21612548828125,127.52749633789062
228,1,417.9215393066406,212.20773315429688,72.61907958984375,120.75146484375
228,2,418.5050048828125,184.48377990722656,59.868072509765625,129.25270080566406
229,1,423.20440673828125,211.93931579589844,69.6834716796875,121.75849914550781
229,2,421.25396728515625,184.81866455078125,59.949615478515625,123.40792846679688
230,1,438.4258117675781,210.22216796875,57.9195556640625,120.07803344726562
230,2,455.7890319824219,184.6923065185547,30.46136474609375,64.81507873535156
231,1,447.3413391113281,209.13108825683594,50.60516357421875,119.56840515136719
231,2,450.2454528808594,183.0056915283203,41.046142578125,127.34748840332031
232,1,459.097412109375,208.76953125,41.899322509765625,118.91558837890625
232,2,456.1940612792969,183.49172973632812,39.33697509765625,118.32254028320312
233,1,466.9309387207031,207.3096160888672,37.106964111328125,125.06794738769531
233,2,456.3926086425781,184.4357452392578,41.149017333984375,117.22608947753906
234,1,467.6685791015625,208.63101196289062,41.95050048828125,124.29864501953125
234,2,456.8334655761719,186.33395385742188,44.12908935546875,116.86358642578125
235,1,469.43536376953125,210.15625,47.79302978515625,124.67910766601562
235,2,456.1208801269531,186.6692657470703,48.623565673828125,115.67225646972656
236,1,467.8566589355469,210.58616638183594,57.453460693359375,123.36430358886719
236,2,456.48779296875,187.27011108398438,52.068450927734375,114.70263671875
237,1,468.03662109375,211.82025146484375,65.69287109375,121.06478881835938
237,2,456.0135192871094,188.15965270996094,56.633331298828125,113.81513977050781
238,1,468.1358947753906,212.4290771484375,70.94650268554688,119.7745361328125
238,2,459.2762145996094,188.20494079589844,58.050140380859375,116.27275085449219
239,1,468.6744079589844,211.35740661621094,73.86965942382812,121.67213439941406
239,2,463.9230651855469,187.62274169921875,57.516021728515625,116.7923583984375
240,1,471.67724609375,211.75054931640625,72.107666015625,120.8154296875
240,2,469.6553955078125,187.7714080810547,55.67864990234375,116.23268127441406
241,1,478.1645202636719,212.25277709960938,66.52743530273438,119.33035278320312
241,2,497.9166259765625,187.34593200683594,30.886962890625,93.36186218261719
242,1,485.5333557128906,211.24168395996094,59.787384033203125,120.43855285644531
242,2,483.658447265625,186.28648376464844,49.832275390625,117.43821716308594
243,1,493.24224853515625,209.87142944335938,54.8697509765625,122.02059936523438
243,2,493.5191650390625,184.7526092529297,43.40704345703125,121.09657287597656
244,1,502.5523986816406,210.0196533203125,47.007598876953125,121.3109130859375
244,2,501.6531066894531,182.7921600341797,38.120330810546875,116.19102478027344
245,1,514.0449829101562,210.28445434570312,40.2120361328125,120.64126586914062
245,2,503.9021301269531,181.9483184814453,39.797149658203125,118.26136779785156
246,1,520.6356811523438,210.75018310546875,39.71514892578125,119.5069580078125
246,2,503.873046875,181.4297332763672,42.47637939453125,122.12995910644531
247,1,521.629638671875,212.56863403320312,44.861572265625,120.32498168945312
247,2,504.1706848144531,182.1167755126953,44.784942626953125,120.59761047363281
248,1,522.6890869140625,209.49359130859375,53.53271484375,123.11907958984375
248,2,505.1734619140625,181.85989379882812,46.9276123046875,120.99624633789062
249,1,522.7957763671875,209.67640686035156,59.88201904296875,123.46617126464844
249,2,506.85052490234375,182.53500366210938,49.3984375,119.37457275390625
250,2,507.7625427246094,184.3311309814453,52.106109619140625,117.57572937011719
250,1,522.15478515625,209.56643676757812,67.44573974609375,124.29498291015625
251,2,510.1592102050781,181.8209686279297,53.773712158203125,121.37535095214844
251,1,523.8455200195312,210.40602111816406,70.11358642578125,123.85041809082031
252,2,513.1566772460938,183.4063720703125,55.27459716796875,118.53399658203125
252,1,523.9483032226562,211.53079223632812,75.01263427734375,121.54010009765625
253,1,526.4855346679688,209.346435546875,74.97265625,125.37570190429688
253,2,518.6710815429688,181.76327514648438,51.7861328125,118.34393310546875
254,1,542.8494262695312,208.6771240234375,63.4027099609375,120.62548828125
254,2,536.2130126953125,181.03550720214844,42.48968505859375,117.35517883300781
255,1,553.0935668945312,207.39305114746094,53.07611083984375,120.63163757324219
255,2,541.9913940429688,180.14927673339844,40.08306884765625,117.47346496582031
256,1,561.6773681640625,205.74713134765625,43.3203125,118.06173706054688
256,2,548.6635131835938,179.04489135742188,37.39984130859375,115.84152221679688
257,1,571.78515625,206.72882080078125,37.110107421875,117.29428100585938
257,2,552.9151611328125,178.49407958984375,35.8028564453125,120.16445922851562
258,1,571.5921020507812,204.8754119873047,38.63580322265625,122.18577575683594
258,2,554.4221801757812,178.3138885498047,38.52911376953125,116.63087463378906
259,2,554.322021484375,178.56948852539062,42.24609375,115.66180419921875
259,1,571.4906616210938,205.3452911376953,43.00579833984375,121.84608459472656
260,1,572.4125366210938,205.6864776611328,51.63104248046875,121.86445617675781
260,2,554.0848999023438,178.87879943847656,45.26837158203125,116.12205505371094
261,1,571.7037963867188,206.49412536621094,58.28765869140625,119.00474548339844
261,2,554.2040405273438,180.16488647460938,48.72711181640625,113.86471557617188
262,1,571.6405639648438,207.7239990234375,63.84521484375,116.33343505859375
262,2,554.2672729492188,180.11444091796875,52.8358154296875,113.54876708984375
263,1,571.7479248046875,206.74749755859375,66.6636962890625,117.96597290039062
263,2,554.7354736328125,181.827392578125,54.89862060546875,110.64645385742188
264,1,573.71923828125,207.69578552246094,65.9986572265625,117.51869201660156
264,2,556.1074829101562,181.66600036621094,57.01318359375,110.37477111816406
265,1,577.4223022460938,206.99034118652344,64.7586669921875,117.53385925292969
265,2,557.1006469726562,181.71315002441406,62.13287353515625,110.18766784667969
266,1,583.4669189453125,206.8878173828125,61.334716796875,117.369873046875
266,2,561.210205078125,182.03448486328125,60.16455078125,112.77621459960938
267,1,590.0770874023438,206.89039611816406,59.23681640625,116.38786315917969
267,2,565.1258544921875,180.45535278320312,58.27587890625,111.56918334960938
268,1,598.6705322265625,207.18234252929688,54.58148193359375,115.10153198242188
268,2,570.7352905273438,181.58375549316406,56.3653564453125,109.39576721191406
269,1,606.7930297851562,206.7202606201172,49.48065185546875,116.33222961425781
269,2,578.0778198242188,180.88943481445312,52.00189208984375,110.16119384765625
270,1,616.7673950195312,206.03927612304688,43.8790283203125,116.46295166015625
270,2,586.0997314453125,180.1767120361328,47.30303955078125,111.54536437988281
271,1,620.7142333984375,206.99427795410156,44.4903564453125,117.44657897949219
271,2,595.0128784179688,179.4803924560547,40.84124755859375,111.35035705566406
272,1,620.682373046875,206.5897979736328,51.8365478515625,118.31730651855469
272,2,597.4093017578125,179.05325317382812,41.69232177734375,111.9471435546875
273,1,621.1361694335938,206.96298217773438,57.83099365234375,117.56582641601562
273,2,598.0861206054688,178.60452270507812,43.6553955078125,110.94320678710938
274,1,621.407958984375,207.71385192871094,65.15557861328125,116.74934387207031
274,2,598.1248779296875,178.14727783203125,46.90594482421875,111.62869262695312
275,1,621.451171875,208.03501892089844,68.94989013671875,115.54768371582031
275,2,598.6151123046875,178.66900634765625,52.09942626953125,110.92135620117188
276,1,621.6015625,207.862548828125,73.3175048828125,117.56832885742188
276,2,599.4876708984375,179.02896118164062,58.53271484375,109.87710571289062
277,1,622.9850463867188,207.46603393554688,75.40582275390625,116.67120361328125
277,2,600.3035278320312,179.51882934570312,60.14794921875,108.62258911132812
278,2,604.6121826171875,178.35302734375,62.49249267578125,112.21932983398438
278,1,639.2490234375,207.0872802734375,63.523681640625,112.525390625
279,1,642.4508666992188,206.0840301513672,60.92584228515625,114.48222351074219
279,2,609.8338623046875,178.71153259277344,56.95751953125,109.42430114746094
280,1,651.617919921875,205.09666442871094,51.72930908203125,110.96076965332031
280,2,614.6934814453125,178.1552276611328,55.32965087890625,109.16654968261719
281,1,660.3717041015625,204.48208618164062,44.772705078125,110.40768432617188
281,2,622.4033813476562,178.47000122070312,50.461669921875,109.49200439453125
282,1,663.682861328125,202.50762939453125,44.8712158203125,117.23272705078125
282,2,628.9882202148438,177.6950225830078,44.097412109375,108.82972717285156
283,1,664.5833129882812,202.9752655029297,45.9786376953125,115.75447082519531
283,2,633.9344482421875,177.0948486328125,41.12603759765625,109.0223388671875
284,1,664.4330444335938,204.01144409179688,50.783203125,113.68438720703125
284,2,639.57177734375,176.7537384033203,39.8330078125,112.80906677246094
285,1,664.4088745117188,203.748779296875,55.9884033203125,114.2105712890625
285,2,641.2779541015625,176.42544555664062,44.9093017578125,110.8795166015625
286,1,664.59814453125,202.78729248046875,59.62042236328125,113.4031982421875
286,2,640.7374877929688,176.42568969726562,51.2930908203125,110.42904663085938
287,2,640.2609252929688,177.4906005859375,58.894775390625,109.68276977539062
287,1,664.9764404296875,204.53109741210938,62.44598388671875,110.90338134765625
288,1,666.5525512695312,204.9326629638672,63.41937255859375,111.25135803222656
288,2,640.9558715820312,177.2184295654297,63.397705078125,108.67845153808594
289,1,664.9512329101562,205.37481689453125,67.23944091796875,109.99072265625
289,2,641.3706665039062,178.62066650390625,66.99871826171875,106.79403686523438
290,1,670.0026245117188,205.26963806152344,66.28643798828125,108.39378356933594
290,2,640.4950561523438,179.08958435058594,72.375,106.50804138183594
291,1,676.1797485351562,204.61611938476562,63.37158203125,108.80374145507812
291,2,641.6060180664062,179.6407012939453,73.785888671875,106.77833557128906
292,1,681.9255981445312,204.25926208496094,60.21783447265625,109.22157287597656
292,2,645.3749389648438,179.91580200195312,69.96734619140625,105.323486328125
293,2,648.9520263671875,181.01104736328125,67.8214111328125,104.41693115234375
293,1,688.5866088867188,203.86004638671875,56.6724853515625,109.47824096679688
294,1,695.3326416015625,203.03021240234375,53.29833984375,111.07107543945312
294,2,651.516845703125,180.60177612304688,66.29071044921875,104.32687377929688
295,1,703.684326171875,202.59512329101562,47.62786865234375,110.3916015625
295,2,658.1991577148438,180.5502471923828,58.32366943359375,104.40937805175781
296,1,706.9388427734375,201.89344787597656,46.6427001953125,112.07575988769531
296,2,666.8990478515625,179.81727600097656,50.57855224609375,106.44267272949219
297,1,708.0556640625,201.7501220703125,51.593505859375,112.41021728515625
297,2,675.8668823242188,179.3118896484375,44.75531005859375,105.947265625
298,1,707.763427734375,202.1343994140625,58.22650146484375,111.14132690429688
298,2,682.0609130859375,178.73130798339844,41.81610107421875,105.78825378417969
299,1,709.7553100585938,201.97900390625,61.12384033203125,111.49588012695312
299,2,682.5574951171875,178.33297729492188,44.46697998046875,108.24142456054688
300,1,709.39892578125,202.2042694091797,66.68084716796875,111.01667785644531
300,2,683.0169677734375,178.39450073242188,47.39990234375,106.87155151367188
301,1,709.06982421875,201.72459411621094,69.4688720703125,112.90653991699219
301,2,683.0176391601562,178.92747497558594,50.60296630859375,107.10694885253906
302,1,715.6558837890625,200.1321258544922,65.99853515625,112.78312683105469
302,2,683.6908569335938,180.54617309570312,56.79742431640625,104.93685913085938
303,1,728.425537109375,200.3103485107422,54.42523193359375,102.90318298339844
303,2,685.2135009765625,179.951171875,58.28155517578125,105.65713500976562
304,1,728.4713134765625,199.6356201171875,53.03765869140625,103.6221923828125
304,2,687.2508544921875,180.87156677246094,59.33380126953125,104.76802062988281
305,2,689.9722290039062,181.187255859375,59.9140625,105.04766845703125
305,1,733.8329467773438,199.0420379638672,47.15484619140625,104.35301208496094
306,1,738.2958374023438,197.7313690185547,44.78759765625,105.65394592285156
306,2,694.5345458984375,181.3157958984375,58.564453125,104.845947265625
307,1,740.9863891601562,197.3673553466797,44.77880859375,106.08671569824219
307,2,701.8768310546875,180.05499267578125,54.228515625,105.9425048828125
308,1,740.3533935546875,196.74240112304688,48.082275390625,107.8853759765625
308,2,710.16015625,179.63720703125,48.78314208984375,104.91339111328125
309,1,740.35791015625,196.85545349121094,50.191162109375,107.38990783691406
309,2,715.7671508789062,178.83839416503906,46.37066650390625,107.37934875488281
310,1,740.5309448242188,197.55535888671875,52.76531982421875,106.71737670898438
310,2,722.3726806640625,177.8970489501953,42.29400634765625,109.77842712402344
311,1,740.7661743164062,198.3863067626953,55.8651123046875,105.22123718261719
311,2,727.9722290039062,177.41241455078125,39.96923828125,110.98031616210938
312,1,741.013427734375,198.4891357421875,58.97833251953125,104.978759765625
312,2,728.8417358398438,177.626708984375,41.67193603515625,106.87954711914062
313,1,742.2735595703125,199.37586975097656,60.03253173828125,102.69606018066406
313,2,728.8238525390625,177.57554626464844,44.701904296875,106.24183654785156
314,1,742.0252075195312,199.20701599121094,63.37188720703125,103.55067443847656
314,2,729.0856323242188,177.3932342529297,46.90478515625,106.00273132324219
315,1,745.2091674804688,198.53492736816406,63.0633544921875,103.46797180175781
315,2,729.0755004882812,178.40133666992188,51.693603515625,105.7301025390625
316,1,747.6806030273438,198.4443359375,63.823486328125,103.329833984375
316,2,729.2162475585938,179.65220642089844,54.0108642578125,104.28361511230469
317,1,753.3316040039062,198.03968811035156,60.16412353515625,103.61454772949219
317,2,730.1411743164062,179.92124938964844,56.1341552734375,104.03868103027344
318,1,772.0458984375,197.28004455566406,43.81109619140625,105.02711486816406
318,2,730.5059204101562,180.15101623535156,60.64691162109375,106.35664367675781
319,1,769.5136108398438,196.85597229003906,49.660400390625,106.38969421386719
319,2,733.5479736328125,180.26490783691406,57.3184814453125,106.00794982910156
320,1,773.62060546875,196.45919799804688,48.3851318359375,104.40811157226562
320,2,736.4598999023438,179.63975524902344,56.696044921875,104.76976013183594
321,1,779.23681640625,195.6455535888672,45.4105224609375,106.90690612792969
321,2,740.8118896484375,178.97906494140625,54.5435791015625,104.12948608398438
322,1,780.3418579101562,195.10398864746094,51.54534912109375,107.74928283691406
322,2,746.1669921875,178.57077026367188,52.06488037109375,104.52032470703125
323,1,779.2534790039062,195.24072265625,59.12152099609375,107.79571533203125
323,2,753.7302856445312,177.87916564941406,47.49151611328125,104.17182922363281
324,1,779.3751220703125,196.28675842285156,64.84881591796875,106.33885192871094
324,2,761.6309814453125,177.80331420898438,41.57415771484375,102.78225708007812
325,1,779.8280029296875,198.5577850341797,68.1568603515625,104.13905334472656
325,2,765.9931030273438,176.65065002441406,39.50244140625,105.35041809082031
326,1,782.2578735351562,197.2311248779297,71.14093017578125,104.89897155761719
326,2,766.3264770507812,175.66900634765625,45.77001953125,104.9058837890625
327,1,785.8170776367188,198.1165313720703,68.88812255859375,102.92173767089844
327,2,766.3236083984375,176.0365753173828,49.94073486328125,105.09852600097656
328,2,766.4638671875,176.7967987060547,53.77252197265625,105.43415832519531
328,1,788.508056640625,198.00338745117188,66.9107666015625,100.66476440429688
329,1,796.734375,197.2818145751953,58.96282958984375,100.28291320800781
329,2,767.869384765625,178.45863342285156,55.35443115234375,104.22941589355469
330,2,769.8645629882812,177.3028106689453,56.42608642578125,105.31404113769531
330,1,802.875244140625,196.4674530029297,52.889404296875,101.27580261230469
331,2,772.0296630859375,177.32286071777344,58.7900390625,104.78575134277344
331,1,809.0490112304688,196.41416931152344,46.4041748046875,100.79466247558594
332,2,775.9730834960938,176.85777282714844,57.58270263671875,105.00367736816406
332,1,815.3045043945312,195.15191650390625,39.86865234375,105.9635009765625
333,2,783.8944091796875,176.59600830078125,50.72344970703125,99.37481689453125
333,1,815.7396850585938,194.9432373046875,39.59100341796875,106.47259521484375
334,2,787.8587646484375,175.75909423828125,47.0472412109375,100.75765991210938
334,1,815.7667236328125,196.07496643066406,39.71990966796875,105.65080261230469
335,2,791.674072265625,174.45106506347656,42.685546875,103.93186950683594
335,1,816.2359008789062,196.36279296875,39.47320556640625,104.5810546875
336,2,796.0037231445312,173.8767852783203,39.1070556640625,104.06254577636719
336,1,817.1917114257812,208.59283447265625,38.43194580078125,91.56369018554688
337,2,798.0441284179688,175.70574951171875,38.055419921875,103.73193359375
337,1,817.0515747070312,207.3204803466797,38.54473876953125,90.08406066894531
338,2,798.7572021484375,175.2017822265625,38.7225341796875,101.25003051757812
338,1,818.2415771484375,209.84555053710938,37.389404296875,87.15658569335938
339,2,798.7424926757812,176.1627655029297,41.17974853515625,99.26850891113281
339,1,817.78173828125,212.0109100341797,37.8367919921875,85.46846008300781
340,2,798.8345947265625,176.4301300048828,44.42449951171875,98.27989196777344
340,1,821.3333740234375,213.7592010498047,34.2564697265625,83.50581359863281
341,2,798.8147583007812,176.88333129882812,47.19500732421875,97.18170166015625
341,1,825.3321533203125,221.82199096679688,30.538330078125,74.80816650390625
342,2,799.116943359375,177.38330078125,51.0308837890625,96.68707275390625
342,1,832.8712158203125,263.0635681152344,22.7701416015625,31.165863037109375
343,2,799.6182250976562,177.17359924316406,51.40313720703125,97.68406677246094
344,2,799.92919921875,178.25025939941406,54.13055419921875,95.41557312011719
345,2,800.1477661132812,177.7186279296875,53.7994384765625,95.83624267578125
346,2,803.1173706054688,182.37298583984375,49.7252197265625,89.916748046875
347,2,805.6975708007812,180.7253875732422,49.4605712890625,90.40611267089844
348,2,811.1325073242188,180.78219604492188,44.285888671875,89.98822021484375
349,2,816.6182861328125,180.37002563476562,38.99169921875,89.86605834960938
350,2,828.9448852539062,182.92889404296875,26.81011962890625,87.19448852539062
351,2,830.85107421875,181.9365692138672,24.95013427734375,87.12779235839844
352,2,830.2109985351562,183.4379119873047,25.54638671875,85.47349548339844
353,2,830.5160522460938,183.91690063476562,25.24859619140625,85.89837646484375
354,2,830.6962280273438,187.0852508544922,25.0704345703125,83.07975769042969
355,2,831.3449096679688,190.6772003173828,24.437744140625,79.77067565917969
684,3,225.8686981201172,463.9441223144531,35.28843688964844,14.965087890625
685,3,220.46255493164062,459.7070007324219,34.8876953125,19.146881103515625
686,3,211.45635986328125,451.0515441894531,33.75543212890625,27.912322998046875
687,3,207.2814178466797,446.9134521484375,33.97833251953125,31.636871337890625
688,3,203.49920654296875,442.4842834472656,56.849884033203125,36.191680908203125
689,3,199.6759796142578,437.7613525390625,61.17326354980469,40.901763916015625
690,3,197.38818359375,433.6860046386719,61.92236328125,44.701416015625
691,3,194.91741943359375,429.973388671875,61.486968994140625,48.486572265625
692,3,192.6458740234375,426.7070617675781,62.59959411621094,51.738250732421875
693,3,186.82882690429688,423.48486328125,66.41494750976562,54.894989013671875
694,3,182.96954345703125,420.4010314941406,69.51364135742188,58.203704833984375
695,3,178.8637237548828,417.2125549316406,73.12640380859375,61.1397705078125
696,3,175.52821350097656,414.0632629394531,74.97792053222656,63.974517822265625
697,3,171.1006622314453,409.5616455078125,78.38273620605469,68.71536254882812
698,3,168.31192016601562,405.1260681152344,79.89143371582031,73.25115966796875
699,3,166.3346710205078,401.2818298339844,80.59120178222656,76.7650146484375
699,4,26.255634307861328,467.82391357421875,28.984996795654297,11.59161376953125
700,3,163.58425903320312,397.3001403808594,81.65342712402344,80.82553100585938
700,4,25.082332611083984,465.8248596191406,29.611209869384766,12.746490478515625
701,3,162.86874389648438,392.8954162597656,82.28240966796875,85.55462646484375
701,4,24.1809024810791,463.28521728515625,29.514066696166992,15.241973876953125
702,3,162.35931396484375,389.3907470703125,78.22555541992188,89.1461181640625
702,4,22.976348876953125,460.327392578125,29.595745086669922,18.46636962890625
703,3,161.23495483398438,386.02069091796875,74.5693359375,92.81863403320312
703,4,21.21639060974121,457.8974609375,30.45438575744629,20.786834716796875
704,3,159.5584259033203,383.4256896972656,70.14654541015625,95.27117919921875
704,4,19.739242553710938,455.3702087402344,31.01567840576172,23.1805419921875
705,3,158.3115692138672,380.85687255859375,66.84292602539062,97.68206787109375
705,4,17.8828067779541,452.07696533203125,31.66343116760254,26.492919921875
706,3,156.32264709472656,378.61688232421875,64.06759643554688,99.77642822265625
706,4,16.379188537597656,448.0309753417969,30.916271209716797,30.51116943359375
707,3,155.17739868164062,376.897705078125,61.82215881347656,101.34927368164062
707,4,14.132795333862305,445.2936096191406,31.279199600219727,33.320770263671875
708,3,152.9669952392578,375.5023498535156,62.41114807128906,102.692626953125
708,4,11.810468673706055,442.15118408203125,34.41995429992676,36.764923095703125
709,3,150.1310272216797,373.4609680175781,63.35736083984375,105.0859375
709,4,10.28775405883789,437.8152770996094,56.83536911010742,41.194976806640625
710,3,143.54318237304688,369.2335510253906,65.08042907714844,108.92190551757812
710,4,5.605960369110107,430.5665283203125,66.89220857620239,47.779388427734375
711,3,140.4103240966797,367.0865173339844,64.07804870605469,111.03591918945312
711,4,3.9628078937530518,426.3748779296875,68.9237048625946,52.3016357421875
712,3,136.46058654785156,363.64239501953125,64.28704833984375,114.630615234375
712,4,1.7170088291168213,423.4707946777344,71.53550124168396,55.34197998046875
713,3,133.4466094970703,361.114013671875,64.75569152832031,117.132568359375
713,4,1.9146332740783691,420.7194519042969,74.3773512840271,58.034149169921875
714,3,130.51478576660156,358.6493225097656,64.45687866210938,119.54904174804688
714,4,1.7841532230377197,417.7038879394531,80.36239981651306,61.05438232421875
715,3,127.09375762939453,355.33734130859375,68.2660903930664,122.73309326171875
715,4,1.878461480140686,415.10784912109375,82.68955457210541,63.846710205078125
716,3,123.79222106933594,352.03631591796875,67.43763732910156,125.956298828125
716,4,0.258674293756485,412.5722351074219,88.49726137518883,66.52920532226562
717,3,121.33881378173828,348.497314453125,69.0772933959961,129.4150390625
717,4,0.12652841210365295,409.7014465332031,92.55367788672447,69.6258544921875
718,3,117.93972778320312,347.3646545410156,72.12002563476562,130.67233276367188
718,4,0.0,406.4508056640625,94.44039154052734,72.41561889648438
719,3,113.89041900634766,345.13177490234375,77.0436782836914,132.57403564453125
719,4,0.7157102823257446,403.09912109375,94.89075791835785,75.9510498046875
720,3,109.37557983398438,343.1978759765625,82.16958618164062,134.2584228515625
720,4,2.190045118331909,399.570556640625,91.6335175037384,79.35498046875
721,3,105.60269165039062,341.2375183105469,86.51170349121094,136.31747436523438
721,4,3.1349520683288574,395.6075439453125,84.19984102249146,83.19464111328125
722,3,102.64586639404297,339.6092224121094,89.2267837524414,137.69476318359375
722,4,3.759326219558716,391.6621398925781,78.32367396354675,87.48895263671875
723,3,99.50818634033203,337.3264465332031,91.56293487548828,140.14328002929688
723,4,4.275172233581543,387.173583984375,70.73063373565674,91.6505126953125
724,3,97.34274291992188,334.7466735839844,92.11369323730469,142.99069213867188
724,4,4.711735725402832,384.783447265625,63.87944316864014,93.60198974609375
725,3,95.62242126464844,331.66534423828125,91.37615966796875,146.22555541992188
725,4,5.141523838043213,382.64703369140625,61.759583950042725,96.00857543945312
726,3,94.54318237304688,328.8387756347656,89.82357788085938,149.02554321289062
726,4,4.9244704246521,379.6499328613281,61.0081467628479,98.87274169921875
727,3,94.00995635986328,325.6826171875,87.00553131103516,152.23934936523438
727,4,5.240816593170166,377.1782531738281,60.493016719818115,101.47833251953125
728,3,93.84220886230469,322.55242919921875,84.47837829589844,155.59988403320312
728,4,4.973379611968994,375.301025390625,60.204286098480225,103.14154052734375
729,3,93.9428482055664,320.0401611328125,80.84455108642578,157.85015869140625
729,4,4.323459148406982,373.6075134277344,59.77328157424927,104.59588623046875
730,3,92.85924530029297,318.0414733886719,76.5013656616211,159.73028564453125
730,4,3.06068754196167,371.89739990234375,59.95301866531372,106.29287719726562
731,3,91.0385971069336,315.2899475097656,73.83414459228516,162.27645874023438
731,4,1.0598865747451782,369.5627746582031,61.3492511510849,108.82861328125
732,3,89.38811492919922,313.9908142089844,70.42491912841797,163.53790283203125
732,4,0.1737259328365326,367.40447998046875,61.94503703713417,111.07095336914062
733,3,87.60359954833984,312.8675842285156,68.35186004638672,164.89456176757812
733,4,0.030120588839054108,364.73760986328125,62.337330125272274,113.78848266601562
734,3,81.986083984375,310.3785400390625,70.87374877929688,167.76287841796875
734,4,0.07000415772199631,359.9800720214844,63.978579826653004,118.39559936523438
735,3,80.33917236328125,309.51263427734375,72.64834594726562,168.84344482421875
735,4,0.04471021145582199,356.41839599609375,62.779188103973866,121.9716796875
736,3,78.06568908691406,308.07318115234375,75.47993469238281,169.97085571289062
736,4,0.06155243515968323,353.57489013671875,61.69401702284813,125.0819091796875
737,3,76.08979797363281,306.67462158203125,77.51934814453125,171.37530517578125
737,4,0.09468840062618256,350.4320373535156,62.79814149439335,128.26995849609375
738,3,73.17838287353516,304.8094177246094,80.26349639892578,172.30987548828125
738,4,0.12635749578475952,347.6416931152344,65.93292289972305,130.97885131835938
739,3,71.30188751220703,303.33642578125,81.08699798583984,168.70291137695312
739,4,0.12332680821418762,344.8237609863281,69.36178061366081,133.47711181640625
740,3,67.80702209472656,301.2656555175781,83.60066223144531,168.81472778320312
740,4,0.2246505618095398,343.3282165527344,72.37417298555374,134.84234619140625
741,3,66.01547241210938,299.0039367675781,83.25230407714844,167.32366943359375
741,4,0.21303294599056244,341.37261962890625,74.1341502815485,136.85946655273438
742,3,63.59197998046875,297.2472839355469,83.66038513183594,163.1209716796875
742,4,0.18360115587711334,339.1096496582031,75.18804191052914,139.24801635742188
743,3,61.36635971069336,295.3819580078125,81.3893928527832,156.91757202148438
743,4,0.1780066341161728,336.388671875,74.59524776041508,141.87188720703125
744,3,59.22142028808594,292.7356262207031,78.64576721191406,155.74429321289062
744,4,0.16067971289157867,333.0359802246094,72.59968100488186,145.25128173828125
745,3,56.549781799316406,289.750732421875,76.95165252685547,159.03826904296875
745,4,0.18940740823745728,329.78558349609375,70.94967645406723,148.36068725585938
746,3,54.87873840332031,287.3735046386719,78.33384704589844,161.3310546875
746,4,0.1755065768957138,327.4982604980469,66.64172364771366,151.12255859375
747,3,52.97712326049805,285.9111633300781,81.02104568481445,162.75277709960938
747,4,0.23629368841648102,324.0908203125,60.934303387999535,154.8072509765625
748,3,51.27393341064453,284.7607727050781,83.10814666748047,163.30755615234375
748,4,0.17432287335395813,321.6754455566406,54.84068414568901,156.19265747070312
749,3,49.503883361816406,283.5927429199219,85.06623077392578,164.281982421875
749,4,0.08654790371656418,319.4676208496094,53.1928748562932,154.72650146484375
750,3,48.5140266418457,282.664794921875,84.70573043823242,165.05148315429688
750,4,0.230951726436615,317.0516052246094,53.08883434534073,154.75140380859375
751,3,47.621761322021484,280.8992614746094,83.50969314575195,166.41387939453125
751,4,0.29997628927230835,315.38726806640625,53.33090215921402,156.36996459960938
752,3,46.612892150878906,279.0489196777344,82.1867446899414,167.66842651367188
752,4,0.25516656041145325,314.6567077636719,53.05443426966667,156.97811889648438
753,3,45.6082649230957,276.7270812988281,81.01848220825195,168.89315795898438
753,4,0.22906138002872467,313.73126220703125,52.512210592627525,157.88641357421875
754,3,44.6407585144043,273.7353515625,81.03365707397461,170.4874267578125
754,4,0.1933615803718567,313.27874755859375,51.994493186473846,158.09365844726562
755,3,44.69483184814453,270.9931945800781,77.36808013916016,170.27734375
755,4,0.18166233599185944,312.57550048828125,51.68709300458431,157.7943115234375
756,3,43.292518615722656,269.3486022949219,78.82743072509766,169.86489868164062
756,4,0.16608799993991852,316.02703857421875,51.860485181212425,150.77163696289062
757,3,42.09711837768555,267.69049072265625,78.28171920776367,167.07403564453125
757,4,0.22117088735103607,330.64324951171875,49.706239238381386,132.174560546875
758,3,39.61579895019531,264.9817199707031,74.65330505371094,156.31918334960938
758,4,0.04390151798725128,324.9151916503906,43.517782136797905,127.58291625976562
759,3,36.84847640991211,263.7944641113281,74.9965705871582,152.62808227539062
759,4,0.054204050451517105,316.7168273925781,40.33281987532973,131.39035034179688
760,3,34.89751052856445,262.1011657714844,75.52270126342773,152.19757080078125
760,4,0.0,318.3860778808594,34.223934173583984,127.9805908203125
761,3,33.218135833740234,261.20538330078125,74.74966812133789,151.36184692382812
761,4,0.12538935244083405,317.54443359375,30.988717779517174,128.38473510742188
762,3,32.37523651123047,260.3724060058594,73.83158874511719,151.62384033203125
762,4,0.0,316.90655517578125,26.06077003479004,127.92880249023438
763,3,30.748308181762695,259.0471496582031,72.69050407409668,152.7576904296875
763,4,0.0,315.71484375,25.333332061767578,129.48101806640625
764,3,29.53050994873047,258.1270751953125,72.96998596191406,153.98110961914062
764,4,0.0,313.8203125,27.235530853271484,130.99508666992188
765,3,28.27919578552246,257.7258605957031,73.03286170959473,154.3150634765625
765,4,0.0,311.2882995605469,28.348783493041992,132.99935913085938
766,3,26.016767501831055,256.4817810058594,74.17358589172363,154.41552734375
766,4,0.0,314.8347473144531,28.442766189575195,129.67929077148438
767,3,24.548892974853516,255.41751098632812,74.86629104614258,152.52603149414062
767,4,0.0,314.2777404785156,27.40003204345703,129.75048828125
768,3,22.722278594970703,254.04531860351562,75.82761001586914,152.96017456054688
768,4,0.0,312.6971130371094,25.935161590576172,130.16061401367188
769,3,20.932918548583984,251.72398376464844,76.92374801635742,151.40184020996094
769,4,0.0,314.1295471191406,23.672527313232422,127.0235595703125
770,3,18.808914184570312,250.22283935546875,77.8087158203125,149.41070556640625
770,4,0.0,311.8568115234375,19.392229080200195,127.52871704101562
771,3,15.717238426208496,247.80052185058594,79.86077213287354,146.30845642089844
771,4,0.0,314.5107421875,17.367769241333008,117.085205078125
772,3,14.426953315734863,245.4074249267578,80.40523052215576,146.2342987060547
772,4,0.0,315.0494384765625,14.563619613647461,106.5135498046875
773,3,13.15937614440918,243.66786193847656,82.43823432922363,146.7064971923828
773,4,0.0,304.31549072265625,13.079608917236328,113.82815551757812
774,3,12.157740592956543,241.75343322753906,82.8776445388794,146.9979705810547
775,3,11.170414924621582,241.05690002441406,80.82000255584717,147.60621643066406
776,3,10.001155853271484,240.18727111816406,80.0067253112793,148.22486877441406
777,3,9.173493385314941,239.849609375,75.61340999603271,148.29440307617188
778,3,8.709424018859863,239.6561737060547,73.37098979949951,148.64598083496094
779,3,8.229079246520996,239.51611328125,68.00963687896729,148.608154296875
780,3,7.64476203918457,238.77023315429688,67.1160717010498,149.3887939453125
781,3,7.923161506652832,237.34747314453125,63.835917472839355,150.90469360351562
782,3,7.175983428955078,233.03750610351562,61.04194259643555,152.7835693359375
783,3,7.345852375030518,230.6632537841797,58.86035490036011,153.21644592285156
784,3,7.260289192199707,227.9032745361328,58.55482769012451,153.7294464111328
785,3,6.8161845207214355,225.67538452148438,58.747841358184814,152.28030395507812
786,3,7.043187141418457,224.00558471679688,58.01894664764404,147.434814453125
787,3,6.98562479019165,222.4689483642578,57.27511739730835,144.6512908935547
788,3,6.792941570281982,221.30442810058594,56.042526721954346,141.33729553222656
789,3,6.246847629547119,220.72862243652344,54.954720973968506,140.45506286621094
790,3,5.470684051513672,220.713623046875,53.97148513793945,139.907958984375
791,3,5.270784378051758,220.23912048339844,52.6417293548584,139.5135955810547
792,3,3.775484561920166,219.0922393798828,53.3104681968689,141.1226348876953
793,3,3.0526466369628906,219.16555786132812,53.78666305541992,140.6824951171875
794,3,2.0164594650268555,219.10357666015625,54.80550479888916,140.74639892578125
795,3,1.5392776727676392,218.83082580566406,55.77042615413666,139.52272033691406
796,3,0.7486957311630249,218.26388549804688,56.942981362342834,139.93600463867188
797,3,0.32194361090660095,217.22250366210938,57.19781652092934,138.88308715820312
798,3,0.23741106688976288,215.45669555664062,56.65135236084461,137.40704345703125
799,3,0.22646182775497437,214.96347045898438,56.346746027469635,135.47433471679688
800,3,0.08175697922706604,213.68258666992188,56.090118020772934,131.5802001953125
801,3,0.29649150371551514,211.85067749023438,55.750356793403625,130.45590209960938
802,3,0.0,211.2979736328125,54.498783111572266,128.21734619140625
803,3,0.0,211.0730438232422,51.46196365356445,127.11500549316406
804,3,0.0,210.20164489746094,47.11668395996094,129.2946319580078
805,3,0.17950667440891266,208.36355590820312,44.97858200967312,130.41610717773438
806,3,0.0,206.89297485351562,44.19438171386719,131.81646728515625
807,3,0.22479087114334106,207.45750427246094,43.757947623729706,130.79429626464844
808,3,0.16193483769893646,207.5582275390625,43.15851880609989,130.95953369140625
809,3,0.1753535121679306,206.8570556640625,42.76426364481449,131.19195556640625
810,3,0.11959713697433472,205.45594787597656,42.90321856737137,132.65577697753906
811,3,0.06306267529726028,203.8325958251953,39.917959205806255,132.87135314941406
812,3,0.0,202.58189392089844,35.82444381713867,131.1034698486328
813,3,0.0,202.4734649658203,31.832473754882812,129.8569793701172
814,3,0.02742154709994793,213.5970001220703,27.236421989277005,114.68232727050781
815,3,0.008436418138444424,211.88584899902344,22.74808289948851,112.71037292480469
816,3,0.026793982833623886,212.16555786132812,22.193520043045282,110.58453369140625
817,3,0.017455758526921272,212.89576721191406,21.978615103289485,108.85758972167969
818,3,0.010409677401185036,212.67239379882812,21.836784994229674,107.80758666992188
819,3,0.0,215.20123291015625,21.574928283691406,104.8843994140625
820,3,0.0,219.618408203125,21.21200180053711,100.82177734375
821,3,0.023768402636051178,222.61083984375,21.347531341016293,97.60415649414062
822,3,0.0214092917740345,230.03628540039062,21.224318247288465,90.12847900390625
823,3,0.014229918830096722,252.19741821289062,20.9851711736992,68.08139038085938
824,3,0.01041159126907587,253.52561950683594,20.83031716849655,66.35572814941406
825,3,0.02584051713347435,269.9486389160156,20.48529839888215,48.525177001953125
826,3,0.03624317795038223,276.27435302734375,19.41305949538946,40.6220703125
827,3,0.1132398471236229,276.7973937988281,17.534591116011143,37.689239501953125
847,5,0.10155653953552246,143.23008728027344,16.33494782447815,67.94677734375
848,5,0.0,144.1202850341797,23.734922409057617,67.70123291015625
849,5,0.0,144.3560333251953,28.824583053588867,67.04051208496094
850,5,0.0,140.8856964111328,31.35292625427246,70.64317321777344
851,5,0.02245204523205757,142.646484375,32.91782123968005,68.93141174316406
852,5,0.15299075841903687,142.97402954101562,33.01354366540909,68.30096435546875
853,5,0.45476552844047546,137.13755798339844,32.925700932741165,74.11561584472656
854,5,7.258779048919678,135.2884979248047,26.561411380767822,75.2537841796875
855,5,9.559158325195312,133.67213439941406,24.445613861083984,76.45387268066406
856,5,11.62507152557373,136.1533203125,25.277958869934082,73.69822692871094
857,5,13.959458351135254,134.8778533935547,26.57191753387451,75.22294616699219
858,5,15.745782852172852,132.9313507080078,32.70698356628418,76.86686706542969
859,5,18.16278076171875,130.32110595703125,37.600494384765625,79.51608276367188
860,5,20.54052734375,128.05894470214844,39.01630401611328,81.6475830078125
861,5,21.451120376586914,128.41702270507812,39.93707847595215,81.82423400878906
862,5,22.482807159423828,132.0216522216797,40.380252838134766,78.31092834472656
863,5,23.127281188964844,130.83030700683594,39.624969482421875,78.51296997070312
864,5,25.53460693359375,130.6344757080078,37.445838928222656,78.60963439941406
865,5,30.1003475189209,133.0478057861328,32.624765396118164,76.00086975097656
866,5,34.22910690307617,133.18264770507812,27.801719665527344,75.64602661132812
867,5,37.38541793823242,133.3358154296875,23.551910400390625,74.14251708984375
868,5,39.20465850830078,130.4725799560547,24.78441619873047,77.78205871582031
869,5,40.008113861083984,130.8500213623047,27.746952056884766,76.90809631347656
870,5,41.08729553222656,131.9908905029297,33.82818603515625,76.13591003417969
871,5,40.58495330810547,131.72108459472656,41.648597717285156,76.25254821777344
872,5,42.49882888793945,132.03846740722656,43.20071029663086,75.91618347167969
873,5,47.19028854370117,132.14218139648438,40.443599700927734,75.75386047363281
874,5,50.11572265625,134.1050567626953,36.96819305419922,73.26126098632812
875,5,52.38151931762695,132.439208984375,34.70451736450195,75.09553527832031
876,5,55.99488067626953,130.87925720214844,31.15599822998047,76.36004638671875
877,5,61.869022369384766,129.55841064453125,24.922412872314453,77.19697570800781
878,5,64.14204406738281,131.02163696289062,26.706878662109375,75.43275451660156
879,5,66.98934173583984,131.06777954101562,29.63697052001953,76.06851196289062
880,5,66.83538055419922,131.72605895996094,36.365447998046875,74.674072265625
881,5,73.81631469726562,132.49838256835938,35.900299072265625,73.88645935058594
882,5,74.84264373779297,133.03292846679688,38.31336975097656,73.31396484375
883,5,74.96215057373047,131.67144775390625,40.712158203125,74.58973693847656
884,5,76.5546646118164,131.56178283691406,40.897552490234375,75.27230834960938
885,5,78.47212219238281,129.83580017089844,40.148345947265625,76.3128662109375
886,5,81.2720718383789,128.68795776367188,38.307350158691406,77.04255676269531
887,5,86.2833480834961,128.01211547851562,31.92571258544922,77.69064331054688
888,5,92.46488952636719,128.5882110595703,24.685623168945312,76.75184631347656
889,5,95.56404876708984,128.52044677734375,22.139366149902344,76.82444763183594
890,5,97.888427734375,128.242919921875,23.070327758789062,77.87339782714844
891,5,99.72280883789062,127.34461975097656,27.532371520996094,78.60580444335938
892,5,101.46206665039062,126.54176330566406,33.74076843261719,79.53515625
893,5,102.62686920166016,126.63382720947266,38.12230682373047,79.4869613647461
894,5,102.31597900390625,128.3240509033203,40.43696594238281,77.41973876953125
895,5,102.54476165771484,128.250244140625,40.76714324951172,76.67045593261719
896,5,104.47245788574219,128.09976196289062,39.016693115234375,77.29502868652344
897,5,108.04891967773438,127.84928894042969,35.84002685546875,77.65110778808594
898,5,113.91120910644531,129.1555633544922,29.83880615234375,75.61636352539062
899,5,119.92445373535156,128.8096923828125,23.526260375976562,75.36943054199219
900,5,122.70362091064453,128.14114379882812,22.72905731201172,76.14347839355469
901,5,124.2772216796875,127.79479217529297,24.869491577148438,77.38916778564453
902,5,129.49365234375,128.02252197265625,32.82380676269531,76.80635070800781
903,5,130.37440490722656,127.64842224121094,38.36167907714844,76.93501281738281
904,5,131.508544921875,127.96788787841797,39.957763671875,76.86017608642578
905,5,132.20509338378906,127.86751556396484,40.87089538574219,77.0173568725586
906,5,132.7490234375,128.12908935546875,42.43852233886719,76.49836730957031
907,5,135.0666046142578,127.48539733886719,40.33038330078125,76.44798278808594
908,5,137.8523712158203,125.85935974121094,38.24345397949219,78.19108581542969
909,5,144.04742431640625,124.37383270263672,31.361953735351562,79.32427215576172
910,5,150.3736114501953,124.54757690429688,24.732330322265625,78.5975341796875
911,5,153.68707275390625,124.77559661865234,22.354049682617188,78.05670928955078
912,5,156.45889282226562,125.69759368896484,23.38458251953125,77.4092788696289
913,5,158.9283447265625,125.61410522460938,27.390090942382812,78.17765808105469
914,5,158.91921997070312,126.78636169433594,34.72247314453125,76.73492431640625
915,5,158.92385864257812,126.32244110107422,41.06072998046875,76.15448760986328
916,5,160.67372131347656,127.62187194824219,41.650970458984375,75.18966674804688
917,5,161.77752685546875,128.32984924316406,40.994537353515625,74.72224426269531
918,5,162.97047424316406,127.50135803222656,38.388885498046875,75.6571044921875
919,5,165.13609313964844,126.43860626220703,36.92240905761719,76.6117935180664
920,5,172.2782745361328,126.10577392578125,31.195220947265625,76.33973693847656
921,5,177.65179443359375,126.09587097167969,26.355056762695312,77.37451171875
922,5,182.32382202148438,125.47394561767578,21.49481201171875,76.56835174560547
923,5,184.92657470703125,126.20227813720703,21.828048706054688,76.93964385986328
924,5,187.35621643066406,124.8190689086914,26.711639404296875,77.8828353881836
925,5,189.77052307128906,125.303955078125,30.576324462890625,77.20469665527344
926,5,191.45533752441406,125.911376953125,40.31219482421875,76.67880249023438
927,5,193.10955810546875,124.78145599365234,40.11328125,77.95850372314453
928,5,198.19558715820312,125.16785430908203,35.913482666015625,77.2755355834961
929,5,200.55191040039062,125.28810119628906,33.86024475097656,76.59947204589844
930,5,201.38804626464844,125.52179718017578,34.28826904296875,76.34395599365234
931,5,204.48809814453125,124.02825927734375,34.039031982421875,78.16554260253906
932,5,211.2205810546875,123.82532501220703,23.835281372070312,78.15474700927734
933,5,214.06381225585938,124.9443588256836,22.588226318359375,77.0217056274414
934,5,218.87408447265625,125.17230224609375,21.241790771484375,77.07723999023438
935,5,220.84703063964844,124.8553695678711,25.190704345703125,78.13855743408203
936,5,220.46287536621094,126.0510482788086,34.19657897949219,75.94498443603516
937,5,220.73062133789062,127.0030288696289,40.849639892578125,74.31114959716797
938,5,221.40335083007812,125.61820220947266,42.172119140625,76.12041473388672
939,5,222.6070556640625,125.01498413085938,41.423980712890625,76.69862365722656
940,5,224.06724548339844,125.00032043457031,40.61921691894531,76.72041320800781
941,5,227.49542236328125,124.21807861328125,37.123443603515625,77.03903198242188
942,5,234.631591796875,122.34820556640625,29.867218017578125,78.82418823242188
