0,1,588.7330932617188,67.17376708984375,25.8504638671875,50.07310485839844
0,2,616.6751098632812,76.39893341064453,30.07232666015625,49.38152313232422
1,1,588.7232055664062,67.20679473876953,25.8116455078125,50.069664001464844
1,2,616.6445922851562,76.47294616699219,30.3133544921875,49.159027099609375
2,1,588.7365112304688,67.21759796142578,25.68585205078125,50.06242370605469
2,2,616.7959594726562,76.01324462890625,30.00714111328125,48.91143035888672
3,1,588.6688842773438,67.24031066894531,26.20849609375,50.08177185058594
3,2,616.1875,75.79385375976562,30.26983642578125,50.232460021972656
4,1,588.3802490234375,67.48527526855469,26.689697265625,50.04351806640625
4,2,616.6846923828125,76.09993743896484,29.8392333984375,50.514732360839844
5,1,588.4388427734375,67.60343933105469,26.54998779296875,49.92070007324219
5,2,616.2771606445312,76.31893920898438,30.32208251953125,50.242576599121094
6,1,588.4451904296875,67.60485076904297,26.543701171875,49.919151306152344
6,2,616.2697143554688,76.29692840576172,30.32916259765625,50.241607666015625
7,1,588.2543334960938,67.65450286865234,26.68194580078125,50.057373046875
7,2,616.1887817382812,76.31428527832031,30.4132080078125,50.33815002441406
8,1,588.2689208984375,67.69023132324219,26.39288330078125,50.04357147216797
8,2,616.2683715820312,76.30350494384766,30.33428955078125,50.23405456542969
9,1,588.7450561523438,67.78044128417969,25.7274169921875,49.87053680419922
9,2,616.3180541992188,76.40984344482422,30.12127685546875,49.25749969482422
10,1,588.8497924804688,67.37012481689453,25.60101318359375,50.26294708251953
10,2,616.3023681640625,77.6480484008789,29.9844970703125,47.89081573486328
11,1,588.4713745117188,67.91864776611328,26.18170166015625,50.10914611816406
11,2,617.6409301757812,78.1538314819336,29.030517578125,45.97320556640625
12,1,588.52587890625,67.97138977050781,26.444580078125,49.48070526123047
12,2,616.3041381835938,77.85523986816406,30.7550048828125,47.69850158691406
13,1,589.130126953125,67.87919616699219,25.743896484375,49.383514404296875
13,2,615.7743530273438,78.01297760009766,31.2900390625,48.134857177734375
14,1,589.2769775390625,68.22530364990234,25.6553955078125,48.71507263183594
14,2,615.5863037109375,77.9201889038086,31.455322265625,48.277252197265625
15,1,588.7901611328125,68.28471374511719,25.88134765625,49.18080139160156
15,2,615.7000732421875,79.21440887451172,31.3287353515625,47.31835174560547
16,1,589.1969604492188,68.2531509399414,25.218017578125,48.823631286621094
16,2,615.4500122070312,79.90911865234375,31.67572021484375,47.40276336669922
17,1,589.2494506835938,68.58232116699219,25.359619140625,48.53162384033203
17,2,615.588623046875,79.54605102539062,31.48089599609375,47.612770080566406
18,1,589.0768432617188,68.65027618408203,25.453369140625,48.63700866699219
18,2,615.2874145507812,79.44081115722656,31.84527587890625,48.25428009033203
19,1,589.0648803710938,68.0987777709961,25.21673583984375,48.524627685546875
19,2,615.28076171875,78.8486557006836,31.66595458984375,48.005638122558594
20,1,589.1727294921875,68.22562408447266,25.0289306640625,48.47956848144531
20,2,615.337646484375,78.83595275878906,31.5377197265625,47.601600646972656
21,1,589.1720581054688,68.07425689697266,25.36474609375,48.18621063232422
21,2,615.799560546875,78.46070098876953,31.1004638671875,47.50157928466797
22,1,589.132080078125,67.89120483398438,25.50732421875,48.582237243652344
22,2,615.9644165039062,78.37323760986328,30.97412109375,47.51433563232422
23,1,589.4644165039062,68.21312713623047,25.1396484375,47.94218444824219
23,2,616.0103149414062,78.11128997802734,30.9962158203125,47.77198791503906
24,1,589.5189208984375,68.18305206298828,25.177490234375,47.855003356933594
24,2,616.2977294921875,78.1861801147461,31.1280517578125,47.50109100341797
25,1,589.469482421875,68.15266418457031,25.29339599609375,48.38066101074219
25,2,616.4390258789062,78.66445922851562,31.1527099609375,47.811058044433594
26,1,589.4074096679688,68.42488861083984,25.25726318359375,48.54454040527344
26,2,615.9682006835938,78.9189453125,31.56365966796875,47.548500061035156
27,1,589.1017456054688,68.63243103027344,25.70257568359375,48.543670654296875
27,2,615.911376953125,79.17973327636719,31.33837890625,48.04918670654297
28,1,588.73828125,68.69571685791016,25.7861328125,48.638526916503906
28,2,616.1544189453125,79.21654510498047,30.95654296875,47.57810974121094
29,1,588.8184204101562,68.36556243896484,25.9044189453125,48.70819854736328
29,2,616.0603637695312,79.14459991455078,30.99334716796875,47.949371337890625
30,1,588.9866943359375,68.2741470336914,25.34686279296875,48.629852294921875
30,2,615.83837890625,79.21210479736328,31.0673828125,47.903831481933594
31,1,588.9910888671875,68.44490814208984,25.59185791015625,48.7713623046875
31,2,616.3351440429688,78.59114837646484,30.38482666015625,46.824790954589844
32,1,588.973876953125,68.36480712890625,25.49761962890625,47.73805236816406
32,2,615.7687377929688,79.0566177368164,31.10638427734375,47.037452697753906
33,1,589.092041015625,68.24190521240234,25.6103515625,47.47022247314453
33,2,615.470947265625,78.24082946777344,31.5108642578125,47.81279754638672
34,1,589.02197265625,68.01399230957031,26.14459228515625,47.50847625732422
34,2,615.6453857421875,78.06114196777344,31.87042236328125,48.038673400878906
35,1,589.0740356445312,68.0411148071289,26.136474609375,47.56166076660156
35,2,615.397705078125,77.71939086914062,31.73309326171875,49.017539978027344
36,1,588.9241943359375,67.7228012084961,26.02313232421875,48.20490264892578
36,2,616.2681274414062,77.36946105957031,31.16107177734375,48.79846954345703
37,1,589.040283203125,67.81853485107422,25.7593994140625,48.403358459472656
37,2,615.9159545898438,78.62805938720703,31.40631103515625,47.792877197265625
38,1,588.72021484375,68.22572326660156,26.25738525390625,48.595420837402344
38,2,615.7943725585938,79.094482421875,31.65399169921875,48.35186004638672
39,1,588.8325805664062,68.28245544433594,26.0904541015625,48.36082458496094
39,2,615.0398559570312,79.34812927246094,32.36102294921875,48.8619384765625
40,1,588.25048828125,68.38646697998047,26.81072998046875,47.91773223876953
40,2,615.1038208007812,79.3812484741211,32.136474609375,49.004188537597656
41,1,588.2484741210938,68.28509521484375,26.7120361328125,47.73579406738281
41,2,615.0999755859375,79.04759216308594,32.2225341796875,49.33967590332031
42,1,588.4951171875,68.05721282958984,26.6334228515625,48.27764129638672
42,2,615.2079467773438,78.95145416259766,31.91046142578125,48.00463104248047
43,1,588.6939086914062,67.91695404052734,26.48980712890625,47.75141906738281
43,2,614.4930419921875,78.71765899658203,32.6083984375,48.5992431640625
44,1,588.636962890625,67.8999252319336,26.36224365234375,48.404090881347656
44,2,614.5150756835938,78.86592102050781,32.53759765625,47.49078369140625
45,1,588.8782348632812,67.68016815185547,26.15966796875,48.68952178955078
45,2,614.5855712890625,79.08918762207031,32.5382080078125,47.230224609375
46,1,589.347412109375,67.65581512451172,25.69586181640625,48.06200408935547
46,2,615.0917358398438,79.22631072998047,32.02880859375,46.30590057373047
47,1,589.3055419921875,67.5005111694336,25.65753173828125,48.15179443359375
47,2,614.8681030273438,79.15738677978516,32.61920166015625,46.98206329345703
48,1,590.1893310546875,67.93656158447266,25.09930419921875,47.614990234375
48,2,615.11376953125,79.64128112792969,32.21051025390625,47.283897399902344
49,1,589.9427490234375,67.98118591308594,25.1246337890625,47.705360412597656
49,2,615.0715942382812,79.53755950927734,32.31005859375,48.27490234375
50,1,589.6145629882812,68.4441146850586,25.72186279296875,47.56443786621094
50,2,615.1574096679688,79.7074203491211,32.42822265625,48.040245056152344
51,1,589.5092163085938,68.59021759033203,25.947021484375,47.15057373046875
51,2,615.168212890625,79.68421936035156,32.29119873046875,48.491485595703125
52,1,589.7607421875,68.11328887939453,25.02191162109375,47.546905517578125
52,2,615.750732421875,79.76628875732422,31.1639404296875,46.77527618408203
53,1,590.1724243164062,68.00511932373047,24.51629638671875,47.357887268066406
53,2,615.975830078125,79.72747039794922,30.61669921875,46.16071319580078
54,1,590.7387084960938,67.80947875976562,24.1807861328125,47.97687530517578
54,2,615.8630981445312,79.28170776367188,31.1064453125,46.950897216796875
55,1,590.275390625,67.58568572998047,24.56878662109375,48.29631042480469
55,2,615.8352661132812,79.23199462890625,30.95733642578125,46.07068634033203
56,1,590.0477294921875,67.585693359375,24.69091796875,48.012611389160156
56,2,615.5624389648438,79.45419311523438,31.51171875,45.93778991699219
57,1,590.0532836914062,67.53446960449219,24.51190185546875,47.926055908203125
57,2,615.5722045898438,79.22322845458984,31.88848876953125,46.55519104003906
58,1,589.9253540039062,67.47457122802734,24.784912109375,48.09449005126953
58,2,615.6126098632812,78.58905792236328,32.08990478515625,46.847137451171875
59,1,589.8290405273438,67.80138397216797,24.6778564453125,47.78282928466797
59,2,616.1976318359375,78.96124267578125,31.566650390625,46.97920227050781
60,1,589.9007568359375,67.56694030761719,24.7154541015625,48.31922912597656
60,2,616.0383911132812,79.70243835449219,31.68194580078125,46.677276611328125
61,1,589.6488037109375,68.19741821289062,24.95928955078125,47.91887664794922
61,2,615.5974731445312,79.8316421508789,31.80548095703125,46.93778991699219
62,1,589.7854614257812,68.21051788330078,24.86773681640625,48.354736328125
62,2,615.81005859375,79.2638168334961,31.3070068359375,47.15583801269531
63,1,589.7647705078125,68.16545104980469,24.74200439453125,48.361114501953125
63,2,615.4026489257812,79.2914810180664,31.817626953125,47.332786560058594
64,1,590.0363159179688,68.01557922363281,24.6785888671875,48.30200958251953
64,2,615.035888671875,78.8097152709961,32.4417724609375,48.82353210449219
65,1,589.7413940429688,67.93164825439453,24.77252197265625,48.31549835205078
65,2,615.6337890625,78.5438232421875,31.6724853515625,48.02496337890625
66,1,589.8790893554688,67.50586700439453,24.73828125,48.765708923339844
66,2,615.5316162109375,78.63198852539062,31.7117919921875,47.61286926269531
67,1,590.1498413085938,67.3282699584961,24.7239990234375,49.69830322265625
67,2,615.8630981445312,78.7145004272461,31.46942138671875,47.45684814453125
68,1,590.3845825195312,67.2801742553711,24.66790771484375,49.98431396484375
68,2,615.528564453125,78.78231048583984,31.6136474609375,47.729400634765625
69,1,590.412841796875,67.33377075195312,24.62945556640625,49.77277374267578
69,2,615.7138671875,78.6745834350586,31.71942138671875,47.47545623779297
70,1,590.5680541992188,67.49993896484375,24.39453125,49.840736389160156
70,2,615.9663696289062,78.68265533447266,31.57940673828125,47.386077880859375
71,1,590.8991088867188,67.54798889160156,24.21331787109375,50.19349670410156
71,2,615.8627319335938,78.6441650390625,31.4486083984375,48.048179626464844
72,1,590.480224609375,67.85314178466797,24.10955810546875,50.00514221191406
72,2,615.763427734375,79.51724243164062,31.5955810546875,47.194313049316406
73,1,590.6420288085938,67.9230728149414,24.01092529296875,49.78559112548828
73,2,615.5921630859375,79.4879150390625,32.11212158203125,47.61921691894531
74,1,590.6572875976562,67.92105102539062,24.3046875,50.03996276855469
74,2,615.6019287109375,78.71449279785156,31.93902587890625,48.47135925292969
75,1,590.5637817382812,67.85540771484375,24.59930419921875,49.53678894042969
75,2,615.4679565429688,78.1777114868164,31.80035400390625,48.582298278808594
76,1,590.7171630859375,67.96005249023438,24.8935546875,49.496376037597656
76,2,615.8157958984375,78.9132080078125,31.330322265625,47.47932434082031
77,1,590.4677124023438,67.82791900634766,25.14300537109375,49.227317810058594
77,2,615.9271240234375,79.32210540771484,31.22833251953125,46.784217834472656
78,1,590.7262573242188,67.73873901367188,25.1163330078125,49.308563232421875
78,2,615.8886108398438,79.21652221679688,31.2830810546875,46.80217742919922
79,1,590.7051391601562,67.71346282958984,25.3148193359375,49.462669372558594
79,2,616.1876831054688,79.47044372558594,30.8919677734375,46.78723907470703
80,1,590.4765014648438,67.95350646972656,25.47991943359375,49.21453857421875
80,2,616.0857543945312,79.52238464355469,30.88165283203125,47.17884063720703
81,1,590.2513427734375,67.74629211425781,25.5594482421875,49.79754638671875
81,2,615.5748901367188,80.26374816894531,31.51129150390625,47.103271484375
82,1,589.8278198242188,68.16629791259766,26.0836181640625,49.98582458496094
82,2,615.8659057617188,80.32123565673828,31.07513427734375,46.64360046386719
83,1,589.7936401367188,68.42426300048828,25.9869384765625,50.06645965576172
83,2,615.8231811523438,80.9501953125,30.99658203125,45.792686462402344
84,1,589.2344360351562,68.38467407226562,26.06396484375,49.92816162109375
84,2,616.1484375,80.95159912109375,30.45880126953125,45.149681091308594
85,1,588.8935546875,68.2479019165039,26.67279052734375,50.175010681152344
85,2,616.1726684570312,80.53763580322266,30.53521728515625,45.445472717285156
86,1,589.0189208984375,68.34239196777344,26.2698974609375,49.66337585449219
86,2,615.77978515625,80.20610809326172,31.20684814453125,45.49718475341797
87,1,588.8755493164062,68.06114196777344,26.7271728515625,50.03196716308594
87,2,616.1752319335938,80.07415771484375,30.98822021484375,45.60035705566406
88,1,589.3333740234375,67.90606689453125,26.3909912109375,50.090843200683594
88,2,616.3065185546875,80.33389282226562,30.80609130859375,45.12446594238281
89,1,589.5676879882812,67.59333038330078,26.24676513671875,50.46031951904297
89,2,615.875,80.66568756103516,31.87548828125,45.55143737792969
90,1,589.6942138671875,67.67163848876953,25.970947265625,50.30243682861328
90,2,615.7799072265625,80.27841186523438,32.01312255859375,45.75434112548828
91,1,590.2185668945312,67.82443237304688,25.41412353515625,50.458465576171875
91,2,615.7039794921875,80.84432220458984,32.01739501953125,46.14857482910156
92,1,590.093994140625,68.04439544677734,25.028076171875,50.3436279296875
92,2,615.0370483398438,80.75535583496094,32.7720947265625,46.20757293701172
93,1,589.7467041015625,68.22313690185547,25.41326904296875,50.21649932861328
93,2,615.2183837890625,81.0005874633789,32.736083984375,46.4139404296875
94,1,590.3172607421875,68.32898712158203,25.0970458984375,50.15031433105469
94,2,615.1118774414062,81.23241424560547,32.80816650390625,46.931297302246094
95,1,589.899169921875,68.49112701416016,24.74591064453125,50.32117462158203
95,2,615.2047729492188,81.28207397460938,31.814453125,46.02790832519531
96,1,590.1719360351562,67.97479248046875,24.61553955078125,50.41648864746094
96,2,615.0333862304688,81.24762725830078,31.2879638671875,46.143104553222656
97,1,590.0623779296875,67.79518127441406,24.7451171875,50.69544982910156
97,2,615.1793823242188,81.02974700927734,31.62799072265625,45.914344787597656
97,3,601.6808471679688,462.0966491699219,30.78131103515625,16.64202880859375
98,1,589.862548828125,67.59114074707031,25.06689453125,50.95386505126953
98,2,615.921142578125,80.89030456542969,30.9818115234375,45.48078155517578
98,3,595.6417846679688,459.0636291503906,31.6212158203125,19.72698974609375
99,1,590.4417114257812,67.53433227539062,24.6658935546875,51.086578369140625
99,2,615.7838745117188,80.88855743408203,31.0433349609375,45.601287841796875
99,3,590.4083862304688,455.9451904296875,30.08013916015625,22.915069580078125
100,1,590.542236328125,67.69744873046875,24.5562744140625,51.14899444580078
100,2,616.1980590820312,80.76170349121094,30.24517822265625,45.31776428222656
100,4,0.0653267577290535,157.3186798095703,16.41388886421919,58.982940673828125
100,3,584.8739624023438,453.24249267578125,30.54010009765625,25.4482421875
101,1,590.4517822265625,67.6052017211914,24.3267822265625,51.094383239746094
101,2,616.2901611328125,80.31507873535156,30.42431640625,45.69366455078125
101,4,0.06267618387937546,154.14895629882812,19.808417566120625,63.0208740234375
101,3,579.6705322265625,449.3275146484375,30.2188720703125,29.3226318359375
102,1,590.165283203125,67.75284576416016,24.56170654296875,50.988128662109375
102,2,615.7218627929688,80.91744995117188,31.19244384765625,46.282814025878906
102,4,0.026279302313923836,153.76390075683594,20.83396544866264,63.36973571777344
103,1,590.2086791992188,67.83938598632812,24.73785400390625,50.97114562988281
103,2,615.7100830078125,80.937744140625,31.5313720703125,46.2720947265625
103,4,0.011298729106783867,153.45237731933594,22.343918250873685,64.17185974121094
103,3,570.5502319335938,442.0577392578125,34.616455078125,36.53350830078125
104,1,590.19580078125,68.16381072998047,24.15374755859375,50.54413604736328
104,2,615.2379760742188,80.84434509277344,32.18865966796875,46.748809814453125
104,4,0.036494459956884384,152.46311950683594,23.00634077563882,64.96107482910156
104,3,565.7718505859375,437.6758728027344,36.575439453125,40.582672119140625
105,1,590.0499267578125,68.18104553222656,24.36376953125,50.59349060058594
105,2,614.7565307617188,80.89535522460938,32.234130859375,46.90624237060547
105,4,0.0,143.01902770996094,23.06123924255371,74.16468811035156
105,3,561.1227416992188,433.15936279296875,36.413330078125,45.64373779296875
106,4,0.09593970328569412,122.26641845703125,22.34816735237837,95.04594421386719
106,1,590.0732421875,68.27459716796875,24.36181640625,50.530120849609375
106,2,614.9139404296875,80.95308685302734,32.0074462890625,46.923561096191406
106,3,556.1824951171875,429.26214599609375,36.9102783203125,49.014678955078125
107,4,0.0,120.3427963256836,22.100940704345703,96.91590118408203
107,1,589.8628540039062,68.18534088134766,24.4993896484375,50.47625732421875
107,2,615.3558959960938,81.12137603759766,31.7344970703125,46.31452941894531
107,3,549.3864135742188,425.238525390625,44.88885498046875,53.350616455078125
108,4,0.0429716482758522,119.16974639892578,23.73409553617239,98.23262786865234
108,1,589.9248657226562,67.92781829833984,24.42022705078125,50.33470153808594
108,2,615.5635986328125,81.15479278564453,31.4451904296875,45.192626953125
108,3,542.4744873046875,421.9513244628906,53.27337646484375,56.25958251953125
109,4,0.0,117.59117126464844,25.371807098388672,98.70472717285156
109,1,589.8546752929688,67.5004653930664,24.69036865234375,50.767333984375
109,2,615.9629516601562,80.33155059814453,31.090087890625,45.601348876953125
109,3,536.1478271484375,419.2564392089844,56.26904296875,59.154327392578125
110,4,0.0,117.1592788696289,30.175708770751953,99.11016082763672
110,1,589.8241577148438,67.32687377929688,24.95697021484375,51.085845947265625
110,2,616.392822265625,80.53471374511719,30.60675048828125,44.806358337402344
110,3,531.26025390625,416.93511962890625,56.11431884765625,62.06158447265625
111,4,0.4026176631450653,118.68075561523438,36.19353559613228,97.65380859375
111,1,589.7896118164062,67.4823989868164,24.82989501953125,50.84010314941406
111,2,616.7197265625,80.83529663085938,30.80926513671875,44.64099884033203
111,3,524.6281127929688,415.2598571777344,57.039794921875,63.484161376953125
112,4,2.0141074657440186,118.6918716430664,43.08236622810364,97.47948455810547
112,1,589.7584228515625,67.5073013305664,24.7760009765625,50.82145690917969
112,2,616.890869140625,80.82840728759766,30.701904296875,44.984214782714844
112,3,510.02532958984375,413.5519104003906,60.782470703125,65.389892578125
113,4,5.304795265197754,118.20246887207031,47.001437187194824,97.95640563964844
113,1,589.6980590820312,67.55194091796875,24.75433349609375,50.91529083251953
113,2,617.0535278320312,81.01081085205078,30.3812255859375,44.69810485839844
113,3,503.1186218261719,412.1806335449219,57.676666259765625,66.97674560546875
114,4,6.608388900756836,118.23969268798828,49.49587821960449,97.73099517822266
114,1,589.3850708007812,67.70266723632812,25.47113037109375,50.65251159667969
114,2,616.5676879882812,81.0085220336914,31.17352294921875,45.059669494628906
114,3,495.61962890625,411.1205749511719,53.77227783203125,67.55126953125
115,4,6.87531852722168,117.7208023071289,50.973222732543945,97.92252349853516
115,1,589.4091796875,67.69303131103516,25.39837646484375,50.804595947265625
115,2,615.4336547851562,81.3585205078125,31.84881591796875,46.17650604248047
115,3,490.2879943847656,409.7840576171875,51.198577880859375,68.6513671875
116,4,7.583314418792725,117.30738830566406,52.681761264801025,97.91297912597656
116,1,589.6936645507812,67.57437133789062,24.80108642578125,51.108436584472656
116,2,615.4620361328125,81.0954818725586,31.94091796875,46.134727478027344
116,3,485.3043518066406,407.0428161621094,47.694183349609375,71.02236938476562
117,4,7.774961471557617,116.30879211425781,52.40989112854004,98.57682800292969
117,1,589.722900390625,67.537109375,24.93328857421875,51.17475128173828
117,2,615.5770874023438,81.15162658691406,32.0272216796875,46.27910614013672
117,3,481.51043701171875,404.9246826171875,43.910888671875,73.31979370117188
118,4,10.66317367553711,116.813232421875,49.6330680847168,97.21611022949219
118,1,589.8717651367188,67.5055160522461,24.7867431640625,51.35369110107422
118,2,615.3466796875,81.45360565185547,31.453369140625,45.99352264404297
118,3,480.0068664550781,402.0662841796875,48.783660888671875,76.4161376953125
119,4,17.89818000793457,115.7196273803711,40.89530372619629,96.2916030883789
119,1,589.8638916015625,67.41343688964844,24.8089599609375,51.45332336425781
119,2,615.663330078125,80.998046875,31.42535400390625,46.55833435058594
119,3,474.66265869140625,399.461181640625,40.824462890625,78.83657836914062
120,4,27.563661575317383,114.10919189453125,33.38602256774902,97.08998107910156
120,1,589.6323852539062,67.16291046142578,25.0234375,51.44248962402344
120,2,616.0277709960938,80.7013931274414,31.35626220703125,46.30914306640625
120,3,450.4436340332031,391.5777282714844,54.134002685546875,87.04476928710938
121,4,30.467205047607422,113.87804412841797,34.371761322021484,98.26287078857422
121,1,589.9176025390625,67.12077331542969,24.82440185546875,51.41734313964844
121,2,616.3440551757812,80.6760482788086,30.8770751953125,46.216590881347656
121,3,444.5044860839844,388.8335266113281,62.039794921875,89.78231811523438
122,4,32.9358024597168,113.51444244384766,33.39796829223633,99.52251434326172
122,1,589.6608276367188,67.05835723876953,25.08782958984375,51.56065368652344
122,2,616.3917846679688,80.53971862792969,30.66241455078125,45.79064178466797
122,3,439.7884521484375,385.6991271972656,55.00494384765625,93.0592041015625
123,4,36.295833587646484,113.83782958984375,34.854557037353516,97.84454345703125
123,1,589.74072265625,67.1518783569336,24.83306884765625,51.8079833984375
123,2,616.37646484375,81.0677261352539,30.75433349609375,44.918113708496094
123,3,433.9715270996094,383.1949157714844,54.08612060546875,94.97842407226562
124,4,38.71403121948242,115.29203796386719,41.28183364868164,96.3846435546875
124,1,589.0206909179688,67.65616607666016,25.677978515625,51.03570556640625
124,2,616.3798828125,81.18360137939453,30.63555908203125,45.01872253417969
124,3,427.5629577636719,381.3506774902344,53.639923095703125,97.14279174804688
125,4,40.10616683959961,115.73135375976562,47.4649543762207,95.33567810058594
125,1,589.3836669921875,67.72795867919922,25.21734619140625,51.02796936035156
125,2,615.4426879882812,81.38121795654297,31.44281005859375,45.769248962402344
125,3,420.33367919921875,379.5921936035156,58.826904296875,98.82412719726562
126,4,42.38048553466797,115.11807250976562,49.15571594238281,95.77032470703125
126,1,589.7073974609375,67.94076538085938,24.36016845703125,50.85572052001953
126,2,614.9490356445312,81.66669464111328,32.20513916015625,46.16834259033203
126,3,413.8917541503906,377.0345764160156,58.01519775390625,101.305908203125
127,4,43.52492904663086,114.4351577758789,50.1621208190918,97.03339385986328
127,1,589.736572265625,67.97850799560547,24.3148193359375,50.790679931640625
127,2,614.9548950195312,81.6731948852539,32.3529052734375,46.12809753417969
127,3,406.3695068359375,373.88037109375,69.58648681640625,104.0059814453125
128,4,43.67988204956055,112.75113677978516,51.07863998413086,98.60846710205078
128,1,590.0238037109375,67.96247863769531,24.27685546875,50.83966064453125
128,2,615.2957763671875,81.316162109375,31.554931640625,45.60968017578125
128,3,399.94207763671875,370.48193359375,68.93218994140625,108.23260498046875
129,4,45.46553421020508,113.08618927001953,49.63901901245117,97.8149185180664
129,1,589.6629028320312,67.83582305908203,24.570556640625,50.853431701660156
129,2,615.4019775390625,81.4063720703125,31.52557373046875,45.349151611328125
129,3,394.8735046386719,367.1014404296875,67.85488891601562,111.09783935546875
130,4,49.27882385253906,112.3331527709961,46.02183532714844,97.5801773071289
130,1,589.9116821289062,67.8813705444336,24.4307861328125,50.78953552246094
130,2,615.5256958007812,81.0286865234375,31.31707763671875,45.55347442626953
130,3,391.55438232421875,363.0015563964844,66.92559814453125,114.99612426757812
131,4,54.66269302368164,113.6215591430664,41.48337936401367,95.28144073486328
131,1,589.9335327148438,67.74100494384766,24.50286865234375,50.291969299316406
131,2,615.191162109375,80.8704605102539,31.9195556640625,46.169517517089844
131,3,388.7815246582031,359.23822021484375,60.184661865234375,118.6370849609375
132,4,59.85601043701172,112.11597442626953,36.846290588378906,96.57836151123047
132,1,590.3474731445312,67.60161590576172,24.04522705078125,50.555625915527344
132,2,615.4659423828125,80.69525909423828,31.43408203125,45.5181884765625
132,3,386.2240905761719,356.8754577636719,56.182037353515625,121.341552734375
133,4,67.16679382324219,111.22564697265625,31.131759643554688,98.00050354003906
133,1,590.0079345703125,67.63340759277344,24.427490234375,50.52973175048828
133,2,615.3878784179688,80.78445434570312,31.66107177734375,45.48467254638672
133,3,384.6326599121094,353.8275451660156,55.352630615234375,124.16815185546875
134,4,68.89414978027344,111.2713394165039,32.2200927734375,98.11930084228516
134,1,590.1552124023438,67.64793395996094,24.25128173828125,50.484092712402344
134,2,615.308349609375,80.85774230957031,31.6827392578125,45.229408264160156
134,3,382.0563659667969,351.3955383300781,52.059967041015625,126.9166259765625
135,4,72.05772399902344,111.12875366210938,32.60491180419922,97.59291076660156
135,1,590.3401489257812,67.80302429199219,24.0946044921875,50.613739013671875
135,2,615.5493774414062,81.00013732910156,31.379638671875,45.409996032714844
135,3,378.2747802734375,349.31201171875,51.841583251953125,128.92779541015625
136,4,74.85295104980469,111.69368743896484,36.2747802734375,97.07621002197266
136,1,590.0383911132812,67.82659149169922,24.322998046875,50.62042236328125
136,3,370.80316162109375,347.8249206542969,56.80548095703125,129.7142333984375
136,2,615.2344360351562,81.24378204345703,31.870361328125,45.591514587402344
137,4,78.37421417236328,109.54364013671875,40.634521484375,99.73489379882812
137,1,589.98486328125,67.8755874633789,24.3514404296875,50.659080505371094
137,3,365.7818298339844,347.0631103515625,60.76416015625,130.73175048828125
137,2,614.4956665039062,81.20021057128906,32.7513427734375,46.58457946777344
138,4,79.90133666992188,110.6024169921875,45.48218536376953,98.20220947265625
138,1,590.2725219726562,67.81989288330078,23.97625732421875,50.804412841796875
138,3,360.7938232421875,345.24346923828125,63.891265869140625,132.35971069335938
138,2,614.3050537109375,81.43498992919922,32.80694580078125,46.12183380126953
139,4,80.11029815673828,109.27669525146484,49.96741485595703,99.81192779541016
139,1,590.1952514648438,67.86957550048828,24.12353515625,50.66731262207031
139,3,351.44561767578125,344.9424133300781,71.36236572265625,132.58132934570312
139,2,614.82177734375,81.37479400634766,32.042236328125,46.00230407714844
140,4,80.02658081054688,109.16294860839844,51.498565673828125,99.48445129394531
140,3,337.029541015625,344.2795104980469,80.378662109375,133.98623657226562
140,1,590.4999389648438,67.78977966308594,23.741455078125,50.55712127685547
140,2,615.277099609375,81.31941986083984,31.73895263671875,45.761192321777344
141,4,79.79057312011719,108.60079956054688,52.83050537109375,99.58229064941406
141,3,334.5576477050781,343.0580749511719,79.01797485351562,135.2779541015625
141,1,590.0712280273438,67.61251831054688,24.03997802734375,50.323402404785156
141,2,615.2932739257812,81.03275299072266,31.57342529296875,45.490089416503906
142,4,82.85018920898438,108.8646011352539,49.88140869140625,99.77330780029297
142,3,336.65283203125,342.0609436035156,74.59396362304688,135.90567016601562
142,1,589.9744873046875,67.59954071044922,24.18927001953125,50.30601501464844
142,2,615.4480590820312,80.82222747802734,31.48577880859375,45.29209899902344
143,3,334.6144104003906,341.5606994628906,71.10922241210938,136.18499755859375
143,4,87.62454986572266,108.56037139892578,45.290855407714844,96.80879974365234
143,1,590.0548706054688,67.24220275878906,24.1480712890625,50.696136474609375
143,2,615.8643188476562,80.95612335205078,31.09228515625,44.878501892089844
144,4,99.5982437133789,106.95248413085938,34.335731506347656,98.11296081542969
144,3,327.0015869140625,337.96417236328125,69.66006469726562,140.25497436523438
144,1,590.4741821289062,67.3045883178711,23.7635498046875,50.737548828125
144,2,616.174072265625,80.73957824707031,30.71929931640625,44.543800354003906
145,4,104.51288604736328,106.82721710205078,30.813133239746094,96.49190521240234
145,3,322.174072265625,336.00323486328125,64.82037353515625,142.709716796875
145,1,591.1192626953125,67.34981536865234,22.87762451171875,50.876548767089844
145,2,616.457275390625,80.84725189208984,30.76336669921875,44.41387939453125
146,4,107.52678680419922,107.24684143066406,30.131202697753906,96.98258972167969
146,3,317.0695495605469,332.5700378417969,62.3060302734375,145.74874877929688
146,1,590.4850463867188,67.45259094238281,23.58056640625,51.23480987548828
146,2,616.0576782226562,81.08381652832031,31.11932373046875,44.536537170410156
147,4,109.72944641113281,107.27098083496094,30.853057861328125,96.05209350585938
147,3,311.07049560546875,330.45147705078125,57.605926513671875,147.6588134765625
147,1,590.4972534179688,67.68571472167969,23.46990966796875,51.15936279296875
147,2,615.5198974609375,81.41119384765625,31.446044921875,44.95066833496094
148,4,112.82683563232422,107.0433120727539,34.674720764160156,94.75531768798828
148,3,305.7077941894531,328.2972717285156,49.259246826171875,150.05810546875
148,1,590.4467163085938,67.51577758789062,23.58660888671875,51.266578674316406
148,2,615.4614868164062,81.38957214355469,31.428955078125,45.02509307861328
149,4,115.51611328125,107.24984741210938,40.14677429199219,94.38519287109375
149,3,299.34747314453125,327.4967346191406,53.98095703125,150.27725219726562
149,1,590.4180297851562,67.64968872070312,23.61090087890625,51.18061828613281
149,2,615.1380615234375,80.8582763671875,32.00848388671875,45.51451110839844
149,5,0.07393090426921844,165.3293914794922,17.801517322659492,52.62440490722656
150,4,116.51675415039062,107.75210571289062,44.15284729003906,93.28802490234375
150,3,292.07366943359375,326.3703918457031,59.548797607421875,151.77737426757812
150,1,590.516357421875,67.17218780517578,23.5751953125,51.633460998535156
150,2,615.3026123046875,80.80950927734375,31.3934326171875,45.26152801513672
150,5,0.0,158.69912719726562,26.95378303527832,68.518310546875
151,4,116.12353515625,107.31362915039062,49.60215759277344,93.74221801757812
151,5,0.0,143.0045166015625,38.107906341552734,87.96580505371094
151,3,284.3155517578125,326.0659484863281,67.967529296875,151.671630859375
151,1,590.5117797851562,67.28044128417969,23.68853759765625,51.39336395263672
151,2,615.2633666992188,80.76162719726562,31.5609130859375,45.26512145996094
152,5,0.5136163830757141,143.1536102294922,48.70892161130905,88.71089172363281
152,4,116.43749237060547,107.05191040039062,50.056861877441406,94.26136779785156
152,3,276.9149169921875,324.1268615722656,76.4466552734375,153.0108642578125
152,1,590.5093383789062,67.22307586669922,23.7191162109375,51.273765563964844
152,2,615.1830444335938,80.63399505615234,31.69195556640625,45.75902557373047
153,5,12.10408878326416,143.2301788330078,48.422892570495605,87.13253784179688
153,3,270.6899108886719,322.6952819824219,80.742919921875,154.64993286132812
153,4,117.12313842773438,107.44038391113281,50.00886535644531,93.70018005371094
153,1,590.0982055664062,67.15143585205078,24.25604248046875,51.163909912109375
153,2,614.7250366210938,80.52680206298828,32.37164306640625,46.40496826171875
154,3,266.95477294921875,319.2309875488281,83.80667114257812,159.573974609375
154,4,119.83104705810547,106.80532836914062,48.097557067871094,93.90277099609375
154,5,23.868160247802734,142.5014190673828,51.67398452758789,89.05015563964844
154,1,590.2247924804688,67.04535675048828,24.1802978515625,51.339874267578125
154,2,615.3572387695312,80.42879486083984,31.63470458984375,45.627906799316406
155,3,263.4277648925781,316.7652282714844,84.37896728515625,161.96044921875
155,4,123.37053680419922,105.71550750732422,43.932029724121094,94.7503433227539
155,5,34.623756408691406,142.47381591796875,53.261207580566406,87.40345764160156
155,1,590.3372802734375,67.23455047607422,23.96014404296875,51.239356994628906
155,2,615.6087646484375,80.08514404296875,31.435546875,45.61316680908203
156,3,258.3660888671875,315.2117614746094,82.2288818359375,163.01068115234375
156,4,130.15330505371094,105.72470092773438,38.70745849609375,94.45037841796875
156,5,45.191226959228516,145.06385803222656,53.10372543334961,77.72866821289062
156,1,590.6036987304688,67.38026428222656,23.554931640625,51.142234802246094
156,2,616.3168334960938,80.6878890991211,30.42901611328125,44.64551544189453
157,3,255.23529052734375,312.15423583984375,76.21310424804688,166.02130126953125
157,4,135.80711364746094,105.66770935058594,35.68852233886719,94.754150390625
157,5,58.76466369628906,143.32659912109375,50.72163391113281,79.31324768066406
157,1,590.3552856445312,67.62169647216797,23.9241943359375,50.797515869140625
157,2,615.5660400390625,81.0370101928711,31.33428955078125,45.23339080810547
158,4,142.01937866210938,104.18498229980469,32.942718505859375,97.0401611328125
158,5,68.20787811279297,141.1513671875,51.51531982421875,82.38755798339844
158,3,252.6328582763672,309.4772033691406,69.25865173339844,167.92208862304688
158,1,590.4935302734375,67.3890609741211,24.16595458984375,51.053009033203125
158,2,615.2393798828125,81.4843521118164,31.82025146484375,44.64329528808594
159,4,144.44993591308594,104.19683837890625,31.91961669921875,95.87197875976562
159,3,249.58070373535156,306.648193359375,62.22981262207031,167.12979125976562
159,5,80.04661560058594,140.40533447265625,51.6658935546875,84.216064453125
159,1,590.3430786132812,67.44276428222656,24.11297607421875,50.96998596191406
159,2,615.4866333007812,81.36915588378906,31.44970703125,44.89813232421875
160,4,147.33901977539062,103.4777603149414,32.6297607421875,96.51299285888672
160,3,246.20155334472656,305.35565185546875,55.74818420410156,164.60052490234375
160,5,91.36591339111328,139.78314208984375,51.791969299316406,87.41598510742188
160,1,590.6685180664062,67.49522399902344,23.83502197265625,50.77977752685547
160,2,615.3779907226562,81.3040771484375,31.400634765625,45.269309997558594
161,4,149.60594177246094,103.67491149902344,34.37931823730469,94.10298156738281
161,3,242.11004638671875,304.0947265625,53.027740478515625,162.47866821289062
161,5,103.14130401611328,139.4023895263672,47.84551239013672,89.38555908203125
161,1,590.3675537109375,67.50921630859375,23.91290283203125,50.727806091308594
161,2,615.5861206054688,81.37830352783203,31.42327880859375,44.98162841796875
162,3,235.916259765625,302.81341552734375,58.0054931640625,160.65103149414062
162,4,151.7815704345703,103.80919647216797,35.83860778808594,93.92682647705078
162,5,115.05760192871094,139.4108428955078,45.7662353515625,91.70687866210938
162,1,590.2919311523438,67.29268646240234,24.04962158203125,51.017005920410156
162,2,615.0701293945312,80.97620391845703,31.8372802734375,45.62492370605469
163,5,127.34093475341797,138.8248748779297,46.21778106689453,93.88751220703125
163,3,230.76846313476562,302.3431396484375,62.168609619140625,157.87069702148438
163,1,590.400390625,67.29891967773438,24.19805908203125,50.868804931640625
163,4,154.1973114013672,104.09487915039062,34.98356628417969,74.57414245605469
163,2,615.5820922851562,81.07884979248047,31.532470703125,45.454803466796875
164,5,138.98988342285156,138.5968780517578,48.961395263671875,99.198974609375
164,3,216.77249145507812,302.5083312988281,75.08526611328125,155.97665405273438
164,1,590.614501953125,67.2072982788086,24.2542724609375,50.984169006347656
164,4,159.1153564453125,103.67588806152344,33.16583251953125,72.60379028320312
164,2,616.028564453125,80.60842895507812,31.23992919921875,45.748741149902344
165,3,204.88241577148438,302.7171936035156,87.20730590820312,155.8558349609375
165,5,151.36048889160156,138.97329711914062,44.58428955078125,100.72418212890625
165,1,590.7294921875,67.28736877441406,23.9456787109375,50.844703674316406
165,2,616.155517578125,80.73773956298828,31.19732666015625,45.459190368652344
165,4,161.14479064941406,103.90998077392578,34.64134216308594,66.95262908935547
166,3,199.0914306640625,302.9172058105469,93.188720703125,154.87905883789062
166,5,162.68177795410156,136.3060760498047,52.64500427246094,102.50761413574219
166,1,590.743896484375,67.2811279296875,24.2373046875,50.91211700439453
166,2,615.937744140625,80.8390884399414,31.59906005859375,45.58088684082031
166,4,160.9797821044922,103.4836196899414,37.79217529296875,54.495460510253906
167,5,173.93089294433594,136.20509338378906,51.8026123046875,101.13749694824219
167,3,196.77476501464844,303.34912109375,94.85746765136719,152.5701904296875
167,4,161.8896484375,102.26234436035156,26.353546142578125,92.24063110351562
167,1,590.6759033203125,67.4186782836914,24.32281494140625,51.21421813964844
167,2,615.901123046875,80.87944030761719,31.38201904296875,45.61463928222656
168,3,195.06747436523438,300.8099365234375,88.48297119140625,151.53311157226562
168,5,199.26522827148438,136.38815307617188,49.91200256347656,96.24800109863281
168,4,167.57032775878906,101.9023208618164,37.6832275390625,96.9029312133789
168,1,590.198486328125,67.58750915527344,24.921630859375,51.158485412597656
168,2,615.7820434570312,81.478759765625,31.04241943359375,45.29289245605469
169,5,210.88766479492188,135.89122009277344,48.597747802734375,94.44767761230469
169,3,191.26771545410156,300.0039367675781,82.03858947753906,150.92218017578125
169,4,174.61268615722656,101.73790740966797,33.89024353027344,94.74510955810547
169,1,589.9990234375,67.54803466796875,24.99029541015625,51.08228302001953
169,2,615.7196044921875,81.57079315185547,31.17108154296875,44.870887756347656
170,5,222.92152404785156,135.47189331054688,48.83802795410156,91.87271118164062
170,4,179.60194396972656,101.5588607788086,30.992294311523438,94.23975372314453
170,3,186.42135620117188,298.0931701660156,78.77676391601562,149.22964477539062
170,1,589.8464965820312,67.58316802978516,24.7437744140625,50.9007568359375
170,2,615.4702758789062,81.53092193603516,31.62066650390625,45.209510803222656
171,5,235.2978973388672,135.19906616210938,47.93357849121094,88.31741333007812
171,4,182.40933227539062,100.93305969238281,29.877578735351562,95.41838073730469
171,3,180.63320922851562,294.9522399902344,72.25553894042969,150.86663818359375
171,1,589.87548828125,67.6112060546875,24.55853271484375,51.011146545410156
171,2,615.2379760742188,81.45528411865234,31.841552734375,45.486183166503906
172,5,247.42160034179688,135.14553833007812,48.9805908203125,87.43486022949219
172,4,184.4501190185547,100.89090728759766,31.072097778320312,94.54850006103516
172,3,176.73573303222656,294.2437744140625,66.65548706054688,151.77255249023438
172,1,589.9478149414062,67.6850814819336,24.3978271484375,51.003868103027344
172,2,614.942626953125,81.03321838378906,31.92169189453125,45.99193572998047
173,4,185.98141479492188,101.18067169189453,35.60551452636719,94.02715301513672
173,3,171.93894958496094,292.3225402832031,60.79164123535156,153.83251953125
173,5,259.24365234375,134.36656188964844,49.4759521484375,87.13800048828125
173,1,589.9404296875,67.74121856689453,24.3145751953125,50.638084411621094
173,2,614.9614868164062,81.04019165039062,31.85797119140625,45.747047424316406
174,4,186.07350158691406,102.00440216064453,43.77099609375,93.60619354248047
174,5,272.18939208984375,134.1745147705078,48.928192138671875,90.04251098632812
174,3,167.97598266601562,290.5321044921875,57.20704650878906,155.82965087890625
174,1,590.2869262695312,67.71891021728516,24.0052490234375,50.680694580078125
174,2,615.1156616210938,80.89881896972656,31.78765869140625,45.77527618408203
175,4,185.7578125,101.81280517578125,48.363555908203125,92.92060852050781
175,3,161.54737854003906,290.1882019042969,63.09130859375,155.8853759765625
175,5,283.8634033203125,134.12725830078125,49.13037109375,77.23854064941406
175,1,590.2357788085938,67.36399841308594,24.1258544921875,51.01824951171875
175,2,615.1620483398438,80.91536712646484,31.6058349609375,45.75201416015625
176,4,185.9039764404297,101.47535705566406,50.807586669921875,93.66099548339844
176,3,155.59837341308594,289.76690673828125,68.8651123046875,155.876953125
176,5,296.2275695800781,134.41307067871094,47.945220947265625,76.91354370117188
176,1,590.1974487304688,67.39630126953125,24.539306640625,50.983253479003906
176,2,614.69921875,80.5933609008789,32.314697265625,46.300514221191406
177,4,186.17758178710938,102.1251220703125,51.66424560546875,92.90110778808594
177,3,148.3611602783203,289.56842041015625,75.86541748046875,156.26846313476562
177,5,307.8083801269531,134.02621459960938,48.6126708984375,78.64613342285156
177,1,590.5404663085938,67.48485565185547,24.183349609375,50.94951629638672
177,2,614.827880859375,80.51322937011719,32.43994140625,46.238494873046875
178,3,142.27247619628906,288.98370361328125,81.14968872070312,156.55517578125
178,4,187.50047302246094,102.04487609863281,51.84637451171875,92.65740966796875
178,5,319.9198303222656,133.1780242919922,47.1868896484375,80.0457763671875
178,1,590.5686645507812,67.72701263427734,24.0555419921875,51.43889617919922
178,2,615.4469604492188,80.9812240600586,31.11163330078125,45.88697814941406
179,3,136.76148986816406,287.2095642089844,85.44673156738281,157.3687744140625
179,4,191.95574951171875,101.21774291992188,46.80793762207031,93.61000061035156
179,5,331.7339782714844,132.674560546875,47.503997802734375,79.88873291015625
179,1,590.551025390625,67.85071563720703,23.76910400390625,51.15538024902344
179,2,615.3653564453125,81.36900329589844,31.4337158203125,45.871246337890625
180,3,131.31455993652344,284.96551513671875,89.48173522949219,159.19052124023438
180,4,197.39041137695312,100.81458282470703,42.52134704589844,93.7134780883789
180,5,342.9659118652344,132.0315704345703,47.67333984375,85.54408264160156
180,1,590.72265625,68.13941955566406,23.41448974609375,50.996986389160156
180,2,614.8248291015625,81.62976837158203,31.8392333984375,45.57762145996094
181,3,128.55096435546875,282.3005676269531,88.17332458496094,160.47406005859375
181,4,202.76126098632812,101.03758239746094,39.48271179199219,93.72618103027344
181,5,353.8091735839844,131.46389770507812,48.638671875,86.53639221191406
181,1,590.7095947265625,68.0357437133789,23.71795654296875,51.068275451660156
181,2,614.9673461914062,81.06001281738281,31.808837890625,46.378395080566406
182,3,125.85252380371094,279.8047790527344,82.87660217285156,162.1595458984375
182,4,212.24815368652344,99.14237976074219,32.81520080566406,95.54768371582031
182,5,365.25927734375,130.77293395996094,48.23858642578125,90.83432006835938
182,1,590.6386108398438,67.91958618164062,23.74981689453125,51.15766143798828
182,2,615.0665893554688,81.12083435058594,31.60101318359375,46.030296325683594
183,3,124.35393524169922,276.8236389160156,76.0987319946289,164.38803100585938
183,4,216.33743286132812,98.99723052978516,30.634292602539062,95.49842071533203
183,5,377.2734069824219,130.29019165039062,46.5322265625,93.48075866699219
183,1,590.474853515625,67.8187484741211,23.747802734375,50.850799560546875
183,2,615.0537109375,81.3860855102539,31.89410400390625,45.46324157714844
184,3,122.3755111694336,275.83831787109375,68.74683380126953,161.06509399414062
184,4,219.1732177734375,98.9209213256836,31.8834228515625,93.87348175048828
184,5,388.97967529296875,129.70672607421875,46.767425537109375,96.41384887695312
184,1,590.5662231445312,67.84979248046875,23.9735107421875,50.853660583496094
184,2,615.1109619140625,80.771728515625,32.47314453125,45.68419647216797
185,5,400.8240966796875,129.33340454101562,46.463775634765625,98.50379943847656
185,4,221.86611938476562,98.80810546875,32.42024230957031,93.97999572753906
185,3,120.13960266113281,274.3456726074219,62.282318115234375,159.17950439453125
185,1,590.5811767578125,67.9281005859375,23.87677001953125,50.60736846923828
185,2,615.7328491210938,80.94478607177734,31.094482421875,45.470375061035156
186,4,222.5133514404297,99.3499984741211,37.61521911621094,94.8178482055664
186,5,411.50933837890625,128.7833709716797,46.902374267578125,98.73030090332031
186,3,116.469970703125,272.9388122558594,56.89466857910156,158.5057373046875
186,1,590.6211547851562,67.9193115234375,23.79132080078125,50.64302062988281
186,2,616.0065307617188,80.84624481201172,30.94219970703125,45.11558532714844
187,4,222.574951171875,98.97335052490234,44.47833251953125,94.68433380126953
187,3,112.46307373046875,272.8999938964844,57.158782958984375,155.71347045898438
187,5,421.9820251464844,128.31124877929688,48.10052490234375,98.26058959960938
187,1,590.5112915039062,68.09880065917969,23.8355712890625,50.460540771484375
187,2,616.241455078125,80.79691314697266,30.842529296875,45.327880859375
188,3,107.12770080566406,272.2690124511719,62.17298889160156,153.51446533203125
188,4,222.28887939453125,100.55120849609375,48.744781494140625,93.19427490234375
188,5,433.1572570800781,128.19967651367188,46.940582275390625,94.99258422851562
188,1,590.5529174804688,68.21113586425781,23.69305419921875,50.367279052734375
188,2,616.225830078125,80.79493713378906,30.63031005859375,45.06321716308594
189,4,222.34764099121094,100.06915283203125,51.02177429199219,94.07293701171875
189,3,102.64519500732422,272.1666564941406,66.23596954345703,151.67034912109375
189,5,444.4497985839844,128.11203002929688,46.277801513671875,90.55419921875
189,1,590.6724853515625,68.27639770507812,23.5400390625,50.45025634765625
189,2,615.8992309570312,80.79651641845703,30.75872802734375,44.997032165527344
190,3,96.08087921142578,272.3650817871094,72.5207290649414,149.70172119140625
190,4,222.95022583007812,99.21585083007812,51.41815185546875,94.79963684082031
190,5,455.50665283203125,127.7254867553711,46.39642333984375,86.80359649658203
190,1,590.4434204101562,68.54914855957031,23.72454833984375,50.045188903808594
190,2,615.8121337890625,81.1953125,31.17242431640625,45.2576904296875
191,3,86.34837341308594,272.44183349609375,82.00205993652344,149.10336303710938
191,4,226.10548400878906,98.74349212646484,48.66078186035156,94.6915054321289
191,5,466.26666259765625,128.0548858642578,45.5992431640625,86.68148803710938
191,1,590.37255859375,68.6979751586914,24.0587158203125,49.858367919921875
191,2,615.3846435546875,80.73023223876953,31.84820556640625,45.896156311035156
192,3,81.40428924560547,272.6074523925781,85.6974105834961,146.62008666992188
192,4,235.552001953125,98.13494873046875,42.28472900390625,94.8060302734375
192,5,487.8394775390625,127.70043182373047,44.47833251953125,81.7910385131836
192,1,590.4051513671875,68.604248046875,23.9339599609375,49.93724822998047
192,2,615.8936767578125,81.01468658447266,30.8126220703125,45.022254943847656
193,3,77.07881927490234,272.8960266113281,87.6885757446289,144.34710693359375
193,4,241.33493041992188,97.55106353759766,38.02386474609375,94.9496841430664
193,5,498.1778564453125,127.1105728149414,45.039306640625,79.3027114868164
193,1,590.3211669921875,68.7119369506836,23.55572509765625,49.610511779785156
193,2,615.7451171875,81.45893096923828,31.06292724609375,44.37904357910156
194,3,71.67936706542969,271.95916748046875,87.25604248046875,143.4375
194,4,247.66937255859375,96.94161224365234,34.238372802734375,94.54723358154297
194,5,509.2349548339844,127.1954116821289,44.039520263671875,75.9192886352539
194,1,590.2318115234375,68.30110168457031,23.583984375,49.68085479736328
194,2,615.8289794921875,81.1588363647461,31.1148681640625,44.543426513671875
195,4,253.25839233398438,97.13157653808594,30.45196533203125,95.06686401367188
195,3,67.61666107177734,271.3807067871094,85.62187957763672,144.31063842773438
195,5,519.4341430664062,126.83757781982422,44.88311767578125,75.27812957763672
195,1,590.2617797851562,68.11785125732422,23.4847412109375,49.619544982910156
195,2,615.483154296875,81.03508758544922,31.50164794921875,45.001991271972656
196,4,256.3648986816406,97.07679748535156,29.6217041015625,94.81077575683594
196,3,62.41715621948242,270.5256652832031,82.65460586547852,142.0390625
196,5,529.455078125,126.98951721191406,43.63714599609375,73.59782409667969
196,1,590.3606567382812,68.07526397705078,23.4248046875,49.5185546875
196,2,615.6259155273438,81.13462829589844,31.59002685546875,44.740989685058594
197,4,258.5306701660156,97.88436126708984,30.14007568359375,93.61705780029297
197,3,58.438690185546875,268.50799560546875,76.23468017578125,144.33859252929688
197,5,539.4490356445312,126.72341918945312,44.22576904296875,75.003662109375
197,1,590.154296875,68.17582702636719,24.141845703125,49.309417724609375
197,2,615.6275024414062,80.40735626220703,31.65850830078125,45.367408752441406
198,4,259.2182312011719,97.91079711914062,36.110565185546875,93.5035400390625
198,3,53.93213653564453,267.1662902832031,71.14869689941406,145.26300048828125
198,5,549.4440307617188,127.32342529296875,42.608642578125,73.69471740722656
198,1,590.5667114257812,68.14442443847656,23.6864013671875,49.33727264404297
198,2,615.68505859375,80.2665023803711,31.5665283203125,45.732826232910156
199,4,259.10894775390625,98.6644287109375,43.3095703125,93.29899597167969
199,3,50.4105110168457,265.56842041015625,64.26520156860352,147.42889404296875
199,5,559.3388061523438,127.24134826660156,43.48236083984375,74.1868896484375
199,1,590.7228393554688,68.17780303955078,23.33380126953125,49.667808532714844
199,2,615.4283447265625,80.46871185302734,31.84088134765625,46.20573425292969
200,4,259.4233703613281,98.8813705444336,46.977203369140625,92.4096908569336
200,5,568.198486328125,127.14619445800781,43.98974609375,75.52755737304688
200,3,46.512359619140625,265.3143310546875,61.59032440185547,147.802734375
200,1,590.769287109375,68.07476806640625,23.202392578125,50.22270202636719
200,2,614.8654174804688,80.53528594970703,32.35369873046875,46.93547058105469
201,4,258.61431884765625,99.17172241210938,49.309478759765625,92.29011535644531
201,3,41.74388122558594,264.5,66.66473388671875,148.88589477539062
201,5,578.2669067382812,127.70796203613281,42.85430908203125,77.9404296875
201,1,590.3635864257812,68.29190826416016,23.587890625,49.755401611328125
201,2,615.1918334960938,80.9439468383789,32.0941162109375,45.88587188720703
202,3,36.801273345947266,264.0279846191406,71.21124649047852,149.365478515625
202,4,259.20196533203125,98.54085540771484,49.691986083984375,92.89461517333984
202,5,587.9808959960938,127.28288269042969,41.14190673828125,78.43051147460938
202,1,590.0833740234375,68.31233978271484,23.9754638671875,50.134910583496094
202,2,614.9468383789062,81.28981018066406,32.45733642578125,44.28038024902344
203,3,31.538681030273438,263.8708190917969,75.45457458496094,148.90512084960938
203,4,260.4966735839844,99.3243179321289,48.068359375,92.14144134521484
203,5,596.9878540039062,126.44309997558594,41.86962890625,81.30789184570312
203,1,590.2836303710938,68.0442886352539,23.8052978515625,50.394805908203125
203,2,615.8391723632812,81.23536682128906,31.6639404296875,43.429588317871094
204,3,26.740713119506836,263.3509521484375,79.64854621887207,148.8995361328125
204,4,264.1808166503906,99.67679595947266,45.1514892578125,91.5513687133789
204,5,606.1398315429688,126.63346099853516,45.285888671875,81.9365463256836
204,1,590.35009765625,68.14664459228516,23.9012451171875,50.27025604248047
204,2,613.390625,81.24546813964844,33.7568359375,44.513328552246094
205,3,22.140987396240234,261.967529296875,83.58755111694336,149.23440551757812
205,4,268.8301696777344,97.93208312988281,43.58709716796875,92.64492797851562
205,5,615.4811401367188,127.39402770996094,43.5198974609375,82.90106201171875
205,1,590.4852294921875,67.85926818847656,23.92138671875,50.210792541503906
205,2,614.0086669921875,81.33209228515625,33.37841796875,44.002540588378906
206,3,19.83018684387207,260.9356689453125,83.32199668884277,150.2430419921875
206,4,274.1420593261719,96.65573120117188,40.52459716796875,94.36830139160156
206,5,624.3792724609375,128.00379943847656,48.373779296875,84.10441589355469
206,1,590.6885986328125,67.91899108886719,23.57421875,50.118125915527344
206,2,614.594970703125,81.03097534179688,32.85504150390625,44.54884338378906
207,3,17.1564884185791,259.4978332519531,83.6911449432373,152.10205078125
207,4,281.1816101074219,96.91496276855469,36.759246826171875,94.75074768066406
207,5,633.9166870117188,128.1206512451172,45.24542236328125,81.17251586914062
207,1,590.684326171875,67.81720733642578,23.613525390625,50.224159240722656
207,2,615.1073608398438,80.67572784423828,32.18115234375,45.02867126464844
208,3,15.353911399841309,257.63037109375,78.43969821929932,153.613525390625
208,4,288.8590087890625,96.93729400634766,31.799896240234375,94.52567291259766
208,5,641.9735717773438,127.8661880493164,44.03369140625,80.77701568603516
208,1,590.9437866210938,67.5523681640625,23.4259033203125,50.267333984375
208,2,615.5623168945312,80.8558578491211,31.97027587890625,44.621795654296875
209,3,12.952856063842773,256.06591796875,72.37454414367676,153.5947265625
209,4,292.4986267089844,96.69110107421875,30.2374267578125,94.30429077148438
209,5,650.8866577148438,127.87784576416016,41.14678955078125,77.92049407958984
209,1,591.2168579101562,67.712158203125,23.115234375,50.173126220703125
209,2,615.5952758789062,80.89332580566406,31.7603759765625,44.590797424316406
210,3,9.232829093933105,254.54966735839844,68.1682481765747,151.5966339111328
210,4,295.0504455566406,96.83818054199219,31.34228515625,93.47016906738281
210,5,660.2557983398438,128.00376892089844,40.878173828125,76.82627868652344
210,1,591.1039428710938,67.7434310913086,23.3477783203125,50.30427551269531
210,2,615.7478637695312,80.84329223632812,31.75408935546875,44.55326843261719
211,4,294.9903564453125,97.18839263916016,35.52105712890625,93.86974334716797
211,3,5.074828147888184,254.53309631347656,63.637139320373535,149.5608367919922
211,5,668.2597045898438,128.84336853027344,42.9615478515625,74.35968017578125
211,1,590.9986572265625,67.84371948242188,23.3936767578125,50.28862762451172
211,2,615.6234741210938,81.41666412353516,31.43634033203125,44.505714416503906
212,4,294.8909606933594,98.3382568359375,40.885009765625,92.41041564941406
212,3,1.8722598552703857,252.73789978027344,57.88080716133118,149.97425842285156
212,1,590.9724731445312,67.89933013916016,23.4525146484375,50.284339904785156
212,5,677.5899658203125,128.53884887695312,39.65545654296875,70.8978271484375
212,2,615.7513427734375,81.42381286621094,31.34033203125,44.62657165527344
213,4,294.4695129394531,97.47289276123047,44.431793212890625,93.28026580810547
213,3,0.9599939584732056,252.19578552246094,58.446473479270935,148.7254180908203
213,5,685.826171875,127.94025421142578,39.74102783203125,72.15837860107422
213,1,590.8908081054688,67.9167251586914,23.469482421875,50.249908447265625
213,2,615.6209716796875,81.08110809326172,31.87750244140625,44.35752868652344
214,4,294.1898498535156,97.55851745605469,49.52886962890625,92.53372192382812
214,3,0.20603534579277039,252.93850708007812,58.89927700161934,145.12075805664062
214,5,694.6422119140625,127.89742279052734,41.19525146484375,71.26398468017578
214,1,590.7520141601562,68.02747344970703,23.5216064453125,50.24553680419922
214,2,616.1679077148438,81.63308715820312,30.97296142578125,43.701515197753906
215,4,294.26800537109375,97.87792205810547,49.948150634765625,92.26903533935547
215,5,704.1185913085938,127.9312515258789,39.32061767578125,68.7447738647461
215,1,590.714599609375,67.92571258544922,23.5867919921875,50.11408996582031
215,3,0.005066442769020796,252.69821166992188,58.59591240854934,142.9205322265625
215,2,616.1151123046875,81.52721405029297,31.04376220703125,43.764190673828125
216,4,299.05316162109375,96.4036865234375,48.18121337890625,93.2176513671875
216,1,590.7340698242188,67.68265533447266,23.556884765625,50.35411834716797
216,5,720.4163208007812,127.88208770751953,38.34552001953125,66.73929595947266
216,2,616.2230224609375,81.05705261230469,30.81976318359375,44.02983093261719
216,3,0.07095570862293243,269.7524108886719,58.419656321406364,123.50482177734375
217,4,305.2665100097656,97.21649932861328,44.324493408203125,91.19400787353516
217,5,728.3181762695312,128.181396484375,38.7752685546875,68.19052124023438
217,1,590.749267578125,67.69853210449219,23.879150390625,50.30907440185547
217,2,615.8282470703125,81.0940933227539,31.158935546875,44.243873596191406
217,3,0.0,272.0318908691406,58.431983947753906,121.00894165039062
218,4,310.1678771972656,97.06300354003906,41.436126708984375,91.23007202148438
218,5,736.3383178710938,128.16455078125,38.01849365234375,67.13166809082031
218,1,590.6320190429688,67.77278137207031,23.9183349609375,50.34874725341797
218,2,615.6619262695312,80.90618133544922,31.35565185546875,44.44895935058594
218,3,0.0,270.3282775878906,56.488277435302734,121.78289794921875
219,4,316.7702331542969,96.32060241699219,35.909423828125,91.51296997070312
219,5,743.7774047851562,128.88504028320312,38.59075927734375,69.22756958007812
219,1,590.6741333007812,67.65138244628906,23.88153076171875,50.58380889892578
219,2,615.5357055664062,81.16667938232422,31.44744873046875,44.363792419433594
219,3,0.04558267816901207,277.4205017089844,54.6499396301806,115.10067749023438
220,4,323.4347229003906,95.4737548828125,32.474945068359375,93.48719787597656
220,5,751.7993774414062,129.05911254882812,39.5662841796875,67.46852111816406
220,1,590.5431518554688,67.62229919433594,23.9437255859375,50.680274963378906
220,2,615.449951171875,81.14717864990234,31.48419189453125,44.5977783203125
220,3,0.0,281.8684997558594,49.29141616821289,109.2744140625
221,4,328.2955627441406,95.6041259765625,29.93829345703125,93.6650390625
221,5,759.796630859375,129.1634521484375,43.85211181640625,69.83213806152344
221,1,589.9299926757812,67.67727661132812,24.62164306640625,50.68187713623047
221,2,615.7899169921875,81.33795166015625,31.1083984375,44.310401916503906
221,3,0.044248465448617935,280.1709289550781,42.04034626111388,109.674072265625
222,4,328.4892272949219,96.1239013671875,32.492645263671875,92.839599609375
222,5,766.466552734375,129.541259765625,39.88812255859375,70.92733764648438
222,1,590.2982788085938,67.76884460449219,24.23968505859375,50.49639892578125
222,2,615.5253295898438,81.65763854980469,31.464111328125,44.68004608154297
222,3,0.20859280228614807,281.86279296875,35.195238679647446,105.66021728515625
223,4,328.7892761230469,96.78067016601562,34.697845458984375,91.78445434570312
223,1,590.1116943359375,67.90211486816406,24.38446044921875,50.466949462890625
223,5,773.307373046875,129.97589111328125,37.68365478515625,74.79960632324219
223,2,615.47998046875,81.72361755371094,31.44439697265625,44.81334686279297
223,3,0.0,287.7462463378906,25.365724563598633,94.24667358398438
224,4,328.30706787109375,97.07585906982422,40.791656494140625,91.35053253173828
224,5,781.4988403320312,129.8197784423828,32.05035400390625,75.40603637695312
224,1,590.2296142578125,67.88365936279297,24.12127685546875,50.400978088378906
224,2,614.8110961914062,81.47891235351562,32.1231689453125,44.924293518066406
225,4,327.9031066894531,96.54011535644531,47.901519775390625,91.31150817871094
225,5,789.194580078125,129.4093780517578,33.75262451171875,76.63670349121094
225,1,590.19287109375,67.89505004882812,24.11407470703125,50.146209716796875
225,2,614.6878051757812,81.45907592773438,32.2889404296875,45.47900390625
226,4,327.72747802734375,97.8315658569336,49.95135498046875,89.83429718017578
226,1,590.3348388671875,67.68244171142578,23.9638671875,50.547447204589844
226,5,795.2311401367188,129.84066772460938,30.8343505859375,75.59880065917969
226,2,615.0694580078125,81.34736633300781,31.8311767578125,44.86138153076172
227,4,328.2877502441406,97.89244079589844,50.80596923828125,90.40249633789062
227,5,803.666259765625,129.5176544189453,27.9234619140625,75.644775390625
227,1,590.1625366210938,67.8770523071289,24.14215087890625,50.247314453125
227,2,615.0089111328125,81.42401123046875,31.74139404296875,44.778358459472656
228,5,809.7666015625,129.29905700683594,32.0360107421875,72.69723510742188
228,4,330.087646484375,96.50692749023438,50.351531982421875,91.17684936523438
228,1,590.1488037109375,67.91944885253906,24.2305908203125,50.347625732421875
228,2,614.8904418945312,81.084716796875,32.1361083984375,45.23377227783203
229,4,331.5187072753906,97.15853881835938,49.214019775390625,90.41183471679688
229,5,816.4452514648438,129.2526397705078,34.86614990234375,68.46414184570312
229,1,590.1361694335938,67.64437866210938,24.1602783203125,50.61085510253906
229,2,614.902099609375,81.0218276977539,32.1458740234375,45.011993408203125
230,4,337.4431457519531,96.8349380493164,46.5367431640625,90.50457000732422
230,5,822.8492431640625,129.492919921875,31.81280517578125,68.7525634765625
230,1,590.1050415039062,67.64502716064453,24.032470703125,50.556663513183594
230,2,615.0018920898438,81.00830078125,32.34686279296875,45.14197540283203
231,4,341.9103698730469,96.34362030029297,45.50018310546875,91.4339828491211
231,1,590.298583984375,67.64331817626953,23.856689453125,50.29156494140625
231,5,829.3157958984375,129.83282470703125,26.24072265625,69.99240112304688
231,2,614.6812744140625,81.03863525390625,32.6134033203125,45.26396179199219
232,4,348.3870544433594,96.06875610351562,40.931884765625,92.39094543457031
232,1,589.9931640625,67.67870330810547,24.4273681640625,50.37957000732422
232,2,615.4400024414062,81.20597839355469,31.76141357421875,44.38226318359375
232,5,836.224609375,130.75950622558594,19.28759765625,63.49497985839844
233,1,589.930419921875,67.8009262084961,24.3428955078125,50.20372009277344
233,4,356.7873229980469,96.38609313964844,35.9229736328125,90.49801635742188
233,2,615.221435546875,81.35789489746094,32.33941650390625,44.834495544433594
233,5,842.0413818359375,139.4961395263672,13.56292724609375,51.60224914550781
234,4,362.9573974609375,96.89254760742188,32.254364013671875,91.48347473144531
234,1,589.9201049804688,67.79405975341797,24.42205810546875,50.36341857910156
234,2,615.6564331054688,81.63936614990234,31.8017578125,44.121376037597656
235,4,363.9488830566406,96.20684051513672,34.492950439453125,90.79930877685547
235,1,589.9652099609375,67.8580093383789,24.4110107421875,50.37517547607422
235,2,615.18798828125,81.65228271484375,32.29730224609375,44.71118927001953
236,4,363.8599853515625,96.11213684082031,37.26934814453125,90.82427978515625
236,1,590.0548706054688,67.94131469726562,24.43695068359375,50.29011535644531
236,2,615.2849731445312,81.57001495361328,32.277587890625,44.724517822265625
237,4,363.5984191894531,96.68312072753906,41.49761962890625,90.68125915527344
237,1,590.1504516601562,67.76825714111328,24.38909912109375,50.65644073486328
237,2,614.9422607421875,81.62724304199219,32.4688720703125,44.5660400390625
238,4,363.880859375,97.3582763671875,44.888763427734375,89.6695556640625
238,1,590.5084228515625,67.3776626586914,23.9755859375,50.89312744140625
238,2,615.4627685546875,81.5728530883789,31.60052490234375,44.65320587158203
239,4,363.6358642578125,97.2389907836914,48.532867431640625,90.35909271240234
239,1,590.6121826171875,67.58517456054688,23.651123046875,50.312767028808594
239,2,615.4532470703125,81.11128234863281,31.750732421875,44.78242492675781
240,4,365.93048095703125,96.75244903564453,49.5430908203125,90.43599700927734
240,1,590.6539306640625,67.31207275390625,23.6815185546875,50.01133728027344
240,2,615.5974731445312,81.12386322021484,31.859375,44.640411376953125
241,4,369.545654296875,96.63096618652344,47.526397705078125,90.74447631835938
241,1,590.9241943359375,67.39342498779297,23.5135498046875,50.02306365966797
241,2,615.68408203125,80.98795318603516,31.738037109375,44.80773162841797
242,4,374.63525390625,96.18204498291016,45.413299560546875,90.1292953491211
242,1,591.0071411132812,67.59884643554688,23.26171875,50.151161193847656
242,2,615.9556884765625,81.52783203125,31.1326904296875,44.49718475341797
243,4,380.4226379394531,95.52291107177734,41.177703857421875,90.35855865478516
243,1,590.9003295898438,67.64730834960938,23.34649658203125,50.656349182128906
243,2,615.8396606445312,81.7522201538086,31.26568603515625,44.56831359863281
244,4,386.9271545410156,95.56204986572266,37.51123046875,89.75572967529297
244,1,590.9189453125,67.81901550292969,23.0787353515625,50.58665466308594
244,2,615.7216186523438,81.58908081054688,31.7662353515625,45.357322692871094
245,4,393.2437744140625,95.37532043457031,33.328094482421875,90.4952392578125
245,1,590.8890991210938,67.84532165527344,23.28955078125,50.50987243652344
245,2,616.0271606445312,81.55098724365234,31.26434326171875,44.222991943359375
246,4,397.16387939453125,95.81566619873047,32.328582763671875,90.42853546142578
246,1,590.751220703125,67.79327392578125,23.36175537109375,50.51670837402344
246,2,615.809814453125,81.62488555908203,31.34759521484375,44.162315368652344
247,4,396.60302734375,95.581298828125,34.6802978515625,91.21455383300781
247,1,590.6049194335938,67.6335220336914,23.55841064453125,51.00647735595703
247,2,615.5211181640625,81.62533569335938,31.71624755859375,44.33690643310547
248,4,396.5696716308594,96.21202850341797,37.135467529296875,90.95616912841797
248,1,590.5677490234375,67.67790222167969,23.58074951171875,50.547706604003906
248,2,616.2335205078125,81.24855041503906,31.02569580078125,44.53435516357422
249,4,397.0280456542969,97.24241638183594,43.076751708984375,89.06463623046875
249,1,590.7647705078125,67.80476379394531,23.43896484375,50.381683349609375
249,2,615.383544921875,81.44406127929688,31.67218017578125,44.521331787109375
250,4,397.9245300292969,97.29283905029297,47.8204345703125,89.28862762451172
250,1,591.0155029296875,67.75772857666016,23.1402587890625,50.435386657714844
250,2,615.5302124023438,81.20807647705078,31.84356689453125,45.67335510253906
251,4,396.9504089355469,97.56343078613281,49.654693603515625,89.22889709472656
251,1,591.0202026367188,67.78278350830078,23.13909912109375,50.3968505859375
251,2,615.5509033203125,81.21383666992188,31.51763916015625,45.56616973876953
252,4,396.7900085449219,97.92647552490234,50.489959716796875,89.21949005126953
252,1,590.9739379882812,67.76791381835938,23.2327880859375,50.43864440917969
252,2,615.4069213867188,81.1514892578125,31.644287109375,45.76649475097656
253,4,398.4339599609375,97.44813537597656,50.7154541015625,89.70932006835938
253,1,590.8289184570312,67.91817474365234,23.27972412109375,50.60801696777344
253,2,615.7732543945312,81.31407928466797,31.28338623046875,45.236976623535156
254,4,402.6188049316406,98.03211975097656,48.003875732421875,88.9970703125
254,1,590.755615234375,67.9586410522461,23.21807861328125,50.51811981201172
254,2,615.4398803710938,81.08428192138672,31.65142822265625,46.04852294921875
255,4,407.4286193847656,97.30186462402344,46.875518798828125,89.40719604492188
255,1,590.7514038085938,67.84143829345703,23.35626220703125,50.29447937011719
255,2,615.5548706054688,81.64999389648438,31.77813720703125,45.65180969238281
256,4,412.73065185546875,97.3545913696289,44.751251220703125,90.38854217529297
256,1,590.6327514648438,67.77230072021484,23.34991455078125,50.555999755859375
256,2,615.8961791992188,81.62274169921875,31.33770751953125,45.03234100341797
257,4,421.5720520019531,96.79288482666016,38.6502685546875,90.4426040649414
257,1,590.5853271484375,67.72565460205078,23.39715576171875,50.65771484375
257,2,615.6300659179688,81.59307861328125,31.5946044921875,45.21699523925781
258,4,427.86468505859375,96.78435516357422,33.94232177734375,90.55487823486328
258,1,590.4744262695312,67.83753967285156,23.57757568359375,50.73436737060547
258,2,615.372802734375,81.46129608154297,31.87701416015625,45.650604248046875
259,4,432.8549499511719,96.78901672363281,32.084503173828125,90.07830810546875
259,1,590.4714965820312,67.64603424072266,23.5772705078125,50.95429992675781
259,2,615.9871826171875,81.35562133789062,31.1192626953125,45.16748809814453
260,4,433.2618103027344,97.0852279663086,36.154571533203125,89.43122100830078
260,1,590.3701782226562,67.57072448730469,23.71240234375,51.01104736328125
260,2,615.6055908203125,81.19023895263672,31.46319580078125,45.483863830566406
261,4,433.1473693847656,97.51223754882812,38.516876220703125,89.31747436523438
261,1,590.49755859375,67.66947174072266,23.47802734375,50.61693572998047
261,2,615.893798828125,81.00843811035156,31.33074951171875,45.81660461425781
262,4,432.8369445800781,97.890869140625,42.76678466796875,88.68374633789062
262,1,590.478271484375,67.66170501708984,23.493896484375,50.60038757324219
262,2,616.0033569335938,80.99374389648438,31.2293701171875,45.74409484863281
263,4,432.28094482421875,98.3243408203125,46.44342041015625,88.13980102539062
263,1,590.5584716796875,67.62712860107422,23.45611572265625,50.651405334472656
263,2,616.1972045898438,81.00518798828125,31.0487060546875,45.743499755859375
264,4,433.25341796875,98.64661407470703,48.508636474609375,88.19335174560547
264,1,590.45166015625,67.63104248046875,23.60955810546875,51.010047912597656
264,2,615.8692626953125,81.39673614501953,31.35235595703125,45.45146942138672
