0,1,110.47251892089844,141.4014129638672,47.39042663574219,108.13983154296875
1,1,114.9583740234375,141.76661682128906,43.064453125,108.24163818359375
2,1,122.13561248779297,142.2421112060547,36.59593963623047,106.57164001464844
3,1,127.59371185302734,144.09652709960938,29.72399139404297,104.66159057617188
4,1,130.1161651611328,141.88528442382812,29.761093139648438,107.37721252441406
5,1,131.57884216308594,142.11228942871094,32.582611083984375,107.50711059570312
6,1,134.51016235351562,144.21327209472656,35.24494934082031,103.36257934570312
7,1,136.59071350097656,144.0760955810547,33.70356750488281,102.68818664550781
8,1,139.16481018066406,144.7378692626953,40.668914794921875,102.67515563964844
9,1,142.2426300048828,143.75787353515625,48.71881103515625,104.47836303710938
10,1,140.577392578125,141.58946228027344,50.27577209472656,107.3265380859375
11,1,142.79237365722656,142.39605712890625,50.49311828613281,106.89399719238281
12,1,145.07733154296875,142.07220458984375,47.996246337890625,106.80342102050781
13,1,147.49107360839844,143.0072784423828,48.47438049316406,105.33633422851562
14,1,161.32464599609375,141.75816345214844,34.7589111328125,106.89787292480469
15,1,166.44094848632812,139.29820251464844,30.046524047851562,109.92826843261719
16,1,170.12371826171875,138.54039001464844,28.144485473632812,109.24516296386719
17,1,173.4383544921875,140.18621826171875,30.371017456054688,107.98745727539062
18,1,175.55499267578125,140.20645141601562,37.16831970214844,107.8861083984375
19,1,178.86868286132812,141.80506896972656,42.213134765625,106.17239379882812
20,1,180.37477111816406,142.47100830078125,48.314910888671875,105.61772155761719
21,1,179.5166778564453,143.51368713378906,55.031707763671875,104.4674072265625
22,1,179.64227294921875,141.58692932128906,55.621551513671875,106.35713195800781
23,1,180.8691864013672,142.414306640625,56.14802551269531,105.49740600585938
24,1,184.93418884277344,142.137451171875,51.27325439453125,106.53988647460938
25,1,189.64047241210938,141.0539093017578,46.73687744140625,107.06346130371094
25,2,778.5047607421875,36.56539535522461,12.5889892578125,32.19533920288086
26,1,194.13441467285156,139.90830993652344,42.58482360839844,107.99929809570312
26,2,777.9141235351562,35.933570861816406,12.48388671875,31.512832641601562
27,1,203.00331115722656,142.2465362548828,33.99809265136719,106.27888488769531
27,2,777.2437744140625,35.91875457763672,13.1514892578125,32.77075958251953
28,1,207.85446166992188,139.70477294921875,28.887283325195312,109.58070373535156
28,2,776.9658203125,36.83684539794922,13.74920654296875,30.52698516845703
29,1,208.75254821777344,138.32601928710938,32.602386474609375,111.10838317871094
29,2,776.0826416015625,36.92332077026367,12.4443359375,30.034626007080078
30,1,210.39280700683594,140.2707061767578,38.06663513183594,109.93821716308594
30,2,775.4134521484375,37.32353591918945,12.077880859375,29.106922149658203
31,1,211.1006622314453,138.6111602783203,41.58671569824219,110.95846557617188
31,2,774.8646240234375,36.892539978027344,11.93060302734375,28.49958038330078
32,1,211.85772705078125,138.9823760986328,47.762847900390625,110.67964172363281
32,2,774.1688842773438,36.98115921020508,11.91845703125,28.917804718017578
33,1,215.3110809326172,140.8931884765625,52.42414855957031,110.05056762695312
33,2,773.7403564453125,36.795509338378906,11.9459228515625,28.456161499023438
34,1,217.8612823486328,141.2872772216797,51.58909606933594,109.97673034667969
34,2,773.4075317382812,36.429412841796875,11.85321044921875,29.373977661132812
35,1,219.7458953857422,143.15122985839844,51.10206604003906,107.96957397460938
35,2,772.7557983398438,35.888248443603516,12.02069091796875,28.878368377685547
36,1,221.6466827392578,143.1967315673828,51.26020812988281,107.94541931152344
36,2,772.1764526367188,34.69707107543945,12.22308349609375,30.574512481689453
37,1,225.25723266601562,142.5736541748047,47.92626953125,108.7449951171875
37,2,771.2200927734375,35.055294036865234,12.358154296875,32.927555084228516
38,1,237.31814575195312,141.74179077148438,37.786651611328125,108.96910095214844
38,2,769.02392578125,36.0369873046875,13.994140625,31.710594177246094
39,1,240.89955139160156,142.6673126220703,33.56007385253906,108.36759948730469
39,2,768.89453125,36.29034423828125,13.39935302734375,31.053016662597656
40,1,245.7611541748047,141.0206298828125,28.661392211914062,112.05889892578125
40,2,768.9205322265625,36.5087890625,12.75518798828125,29.587493896484375
41,1,249.2176055908203,140.84100341796875,29.514236450195312,111.25517272949219
41,2,768.1397705078125,36.20378112792969,12.8995361328125,30.11658477783203
42,1,252.8023681640625,141.36965942382812,31.690826416015625,109.71638488769531
42,2,767.4571533203125,36.02047348022461,12.80645751953125,28.982616424560547
43,1,255.97860717773438,141.964111328125,36.034912109375,108.86683654785156
44,1,256.2705078125,141.49815368652344,46.358306884765625,110.09529113769531
45,1,256.04083251953125,143.1020050048828,52.378875732421875,108.11372375488281
46,1,256.0945129394531,143.38897705078125,56.007476806640625,107.90017700195312
47,1,256.7675476074219,143.70985412597656,56.48248291015625,107.81683349609375
48,1,258.432861328125,142.8302459716797,58.37042236328125,110.40242004394531
49,1,262.77618408203125,143.3933868408203,52.26971435546875,108.72781372070312
50,1,268.44305419921875,142.79141235351562,46.36883544921875,110.32333374023438
51,1,274.4797668457031,142.2887725830078,41.510833740234375,108.7225341796875
52,1,280.8749694824219,141.58409118652344,33.854736328125,109.455322265625
53,1,288.4439697265625,141.0146484375,26.969757080078125,107.46153259277344
54,1,290.8431396484375,140.73582458496094,29.13287353515625,111.89755249023438
55,1,292.05657958984375,142.40565490722656,31.442138671875,110.90834045410156
55,2,758.4608154296875,35.123897552490234,12.9791259765625,27.512836456298828
56,1,293.34844970703125,141.9869384765625,36.8944091796875,112.05853271484375
56,2,757.938232421875,34.13334274291992,13.0823974609375,28.999454498291016
57,1,294.2669372558594,141.5185089111328,46.770660400390625,112.11711120605469
57,2,757.6243286132812,34.37797164916992,12.92779541015625,28.3916015625
58,1,296.044189453125,143.09230041503906,52.912109375,109.46080017089844
58,2,756.5675659179688,34.201171875,12.9696044921875,28.179168701171875
59,1,295.63641357421875,144.6316680908203,56.028472900390625,107.95901489257812
59,2,756.8384399414062,33.9382209777832,12.26361083984375,28.415740966796875
60,1,296.80072021484375,143.47755432128906,56.059173583984375,110.06996154785156
61,1,298.5205993652344,144.09622192382812,54.4862060546875,109.7060546875
61,2,755.4396362304688,33.57780456542969,12.05999755859375,27.698009490966797
62,1,307.2995910644531,143.23280334472656,45.022613525390625,110.20974731445312
62,2,754.574951171875,33.59721374511719,12.09222412109375,27.705810546875
63,1,313.36883544921875,143.28077697753906,38.844512939453125,109.8824462890625
63,2,753.8796997070312,33.44371032714844,12.17901611328125,27.02499771118164
64,1,320.5050964355469,142.8798065185547,31.67181396484375,110.63589477539062
65,1,328.67071533203125,142.19085693359375,25.72894287109375,110.51792907714844
65,2,752.2434692382812,31.995561599731445,12.95166015625,28.651411056518555
66,1,332.9454345703125,142.17681884765625,23.988800048828125,111.47856140136719
66,2,751.2665405273438,31.35071563720703,13.1229248046875,29.378520965576172
67,1,335.73260498046875,142.0116424560547,27.802276611328125,111.86759948730469
68,1,337.2142639160156,142.42636108398438,32.710479736328125,110.8746337890625
68,2,750.7498168945312,31.086484909057617,12.2376708984375,29.712926864624023
69,1,336.0888366699219,143.1716766357422,43.10296630859375,110.99348449707031
69,2,750.503662109375,31.982627868652344,11.611572265625,29.650035858154297
70,1,336.44873046875,143.6224365234375,52.586517333984375,110.44078063964844
71,1,334.8418884277344,144.3761749267578,57.913177490234375,110.18856811523438
72,1,336.5436096191406,144.5196075439453,57.61273193359375,109.15739440917969
73,1,338.16107177734375,143.7189483642578,57.188323974609375,110.80099487304688
74,1,341.2369079589844,143.9527130126953,54.776580810546875,110.5107421875
75,1,346.8083801269531,143.27061462402344,48.6566162109375,111.04185485839844
76,1,352.3314514160156,144.3138885498047,43.707366943359375,110.32420349121094
77,1,360.7047424316406,142.30105590820312,35.53460693359375,111.36790466308594
78,1,368.44976806640625,141.81207275390625,28.223175048828125,109.55113220214844
79,1,374.0096130371094,140.8348846435547,26.15521240234375,112.88410949707031
80,1,376.6259460449219,141.40460205078125,28.467193603515625,112.58290100097656
81,1,377.03216552734375,141.954833984375,32.936187744140625,111.23341369628906
82,1,376.4386291503906,142.06011962890625,45.05181884765625,113.06941223144531
83,1,376.0694580078125,143.53219604492188,52.638580322265625,110.41256713867188
84,1,376.2185974121094,145.22933959960938,54.6962890625,108.41249084472656
85,1,377.41046142578125,144.81532287597656,54.751556396484375,109.25361633300781
86,1,381.71875,145.20423889160156,52.55755615234375,109.76602172851562
87,1,387.5185241699219,145.62759399414062,46.162933349609375,108.96697998046875
88,1,393.26300048828125,145.44540405273438,39.36065673828125,108.40318298339844
89,1,400.0729675292969,144.8126983642578,35.99725341796875,109.46554565429688
90,1,407.76263427734375,144.58023071289062,29.50384521484375,107.6474609375
91,1,414.4864807128906,143.3351287841797,26.791473388671875,110.36024475097656
92,1,417.54925537109375,144.68299865722656,26.564605712890625,109.57426452636719
93,1,417.6780090332031,145.26356506347656,32.05303955078125,108.96153259277344
94,1,416.72650146484375,145.59506225585938,40.379638671875,108.21089172363281
95,1,416.107177734375,144.76641845703125,49.539520263671875,110.01980590820312
96,1,416.48114013671875,145.6404266357422,53.260498046875,108.92703247070312
97,1,416.910400390625,145.973876953125,54.9561767578125,107.99954223632812
98,1,418.4678955078125,145.98280334472656,54.806060791015625,107.42742919921875
99,1,422.1429443359375,144.74224853515625,51.99884033203125,109.95989990234375
100,1,425.9217834472656,144.9019775390625,48.911895751953125,109.0859375
101,1,433.4955749511719,144.60598754882812,41.82928466796875,108.08709716796875
102,1,439.473388671875,143.95321655273438,37.698822021484375,109.43508911132812
103,1,448.6351318359375,143.2189483642578,32.069610595703125,107.21389770507812
104,1,454.60723876953125,143.1297607421875,28.442047119140625,109.60516357421875
105,1,456.3923645019531,143.44927978515625,30.227203369140625,108.81584167480469
106,1,455.6615295410156,144.28952026367188,35.36505126953125,107.505859375
107,1,455.50042724609375,144.31565856933594,44.1380615234375,107.547119140625
107,2,728.7578125,28.703990936279297,12.6634521484375,32.183074951171875
108,1,455.4740905761719,145.74781799316406,50.354949951171875,106.37994384765625
108,2,728.5816040039062,28.06258773803711,12.44683837890625,33.89918518066406
109,1,455.40863037109375,145.84640502929688,54.82818603515625,105.98599243164062
110,1,456.6188659667969,146.4902801513672,54.9830322265625,105.49021911621094
111,1,461.5942687988281,146.2528076171875,51.059722900390625,105.62846374511719
111,2,726.8329467773438,27.85809898376465,11.9793701171875,26.647611618041992
112,1,466.0341796875,146.16851806640625,48.86468505859375,106.0948486328125
112,2,726.4610595703125,27.128807067871094,12.0140380859375,29.641220092773438
113,1,472.37042236328125,146.02978515625,44.59857177734375,106.2042236328125
113,2,725.451416015625,26.684083938598633,12.825439453125,32.14053153991699
114,1,478.2823791503906,145.70738220214844,40.207061767578125,106.55670166015625
115,1,484.76934814453125,144.83145141601562,37.1422119140625,106.24369812011719
116,1,491.6428527832031,144.23080444335938,33.036224365234375,107.29425048828125
116,2,724.1633911132812,28.128707885742188,12.513427734375,26.105690002441406
117,1,494.01153564453125,143.8509521484375,33.5765380859375,108.12220764160156
117,2,723.8114624023438,28.186193466186523,12.435546875,26.8091983795166
118,1,493.90069580078125,145.57630920410156,35.8603515625,106.23110961914062
118,2,723.03369140625,28.746337890625,12.77886962890625,28.54949188232422
119,1,493.6365051269531,144.06964111328125,41.825042724609375,107.23179626464844
119,2,722.8646240234375,28.78980827331543,12.7752685546875,20.043413162231445
120,1,493.61175537109375,144.32684326171875,48.71087646484375,106.61787414550781
120,2,721.3184204101562,28.774742126464844,12.7880859375,30.616744995117188
121,1,494.4518737792969,143.9810028076172,50.964874267578125,105.8770751953125
121,2,720.82763671875,28.629392623901367,13.1234130859375,30.82634925842285
122,1,495.0379638671875,146.1255645751953,52.634033203125,103.77780151367188
123,1,498.81854248046875,144.3961944580078,50.19024658203125,105.87283325195312
124,1,502.84210205078125,144.8854522705078,47.750732421875,105.64997863769531
124,2,720.0890502929688,28.792068481445312,13.06475830078125,32.072105407714844
125,1,507.73297119140625,144.63136291503906,44.59515380859375,105.01579284667969
125,2,720.1268310546875,28.982284545898438,12.6644287109375,31.562992095947266
126,1,515.339599609375,143.8826141357422,40.14483642578125,104.12026977539062
126,2,720.0867309570312,28.21174430847168,12.48370361328125,31.694677352905273
127,1,521.9728393554688,142.82858276367188,35.5577392578125,104.78460693359375
127,2,720.04541015625,28.31044578552246,12.513916015625,31.89750862121582
128,1,528.8036499023438,142.85826110839844,32.0615234375,106.41178894042969
128,2,720.0414428710938,28.248197555541992,12.41558837890625,31.525297164916992
129,1,531.4586791992188,142.66571044921875,32.64788818359375,105.1370849609375
130,1,531.0093994140625,142.51248168945312,36.18255615234375,105.63311767578125
131,1,530.827392578125,142.66033935546875,38.96600341796875,105.71589660644531
132,1,530.8450927734375,144.19972229003906,48.2384033203125,103.91618347167969
133,1,530.8563232421875,143.45855712890625,52.29071044921875,104.474365234375
134,1,532.5318603515625,145.72979736328125,55.948486328125,102.68803405761719
135,1,535.986328125,145.72262573242188,54.08807373046875,102.71038818359375
136,1,539.1123657226562,145.53933715820312,52.1142578125,102.80509948730469
137,1,544.6561279296875,145.57540893554688,48.8291015625,103.27226257324219
138,1,550.7058715820312,144.6402587890625,46.449951171875,104.67803955078125
139,1,558.0719604492188,143.58184814453125,41.62158203125,105.38212585449219
140,1,566.138671875,143.039794921875,36.16326904296875,104.70991516113281
141,1,569.482177734375,143.12579345703125,36.32763671875,104.85148620605469
142,1,571.0259399414062,143.18630981445312,36.6031494140625,104.35932922363281
143,1,571.2521362304688,143.95211791992188,40.41094970703125,104.18794250488281
144,1,571.0806274414062,143.45291137695312,44.3277587890625,105.13812255859375
145,1,571.5933837890625,144.8274383544922,47.86322021484375,103.41557312011719
146,1,572.9788208007812,144.37635803222656,49.56781005859375,102.80451965332031
147,1,575.3134765625,144.13658142089844,49.17938232421875,103.07257080078125
148,1,579.4977416992188,144.82867431640625,46.65057373046875,102.2449951171875
149,1,585.725830078125,145.1348419189453,43.67626953125,100.85101318359375
150,1,591.6229858398438,144.7522735595703,40.67559814453125,100.37376403808594
151,1,598.3251953125,144.27005004882812,36.74786376953125,100.06016540527344
152,1,604.9465942382812,143.82162475585938,33.4664306640625,100.99485778808594
153,1,606.3184204101562,143.3207550048828,34.87451171875,103.23808288574219
154,1,606.1934814453125,143.41481018066406,37.5887451171875,102.55924987792969
155,1,605.6322021484375,144.01625061035156,41.3974609375,101.24639892578125
156,1,605.564697265625,145.07493591308594,47.37823486328125,100.95108032226562
157,1,605.8671875,146.34339904785156,52.1129150390625,99.18545532226562
158,1,607.87353515625,145.8391876220703,53.60931396484375,100.17752075195312
159,1,610.31640625,146.1159210205078,53.60186767578125,100.16989135742188
160,1,613.0477294921875,146.23757934570312,53.66558837890625,99.92169189453125
161,1,618.4990234375,145.9047393798828,50.69146728515625,99.61767578125
162,1,624.79833984375,146.22897338867188,47.10491943359375,99.80824279785156
163,1,630.9690551757812,145.91787719726562,42.71185302734375,100.18434143066406
164,1,638.0718994140625,145.57676696777344,38.62359619140625,99.58840942382812
165,1,641.808837890625,144.76901245117188,37.9959716796875,100.47695922851562
166,1,642.9678344726562,145.50698852539062,39.32879638671875,99.58988952636719
167,1,642.5109252929688,144.57351684570312,43.1136474609375,101.62474060058594
168,1,642.6583862304688,145.0658416748047,46.1802978515625,99.67408752441406
169,1,642.4056396484375,145.76211547851562,50.239501953125,98.96786499023438
170,1,644.71923828125,145.98512268066406,51.23809814453125,98.52389526367188
171,1,646.9759521484375,145.8425750732422,50.10894775390625,99.3048095703125
172,1,650.9344482421875,144.9243927001953,47.79425048828125,99.32844543457031
173,1,655.61767578125,145.2306671142578,44.54779052734375,97.23426818847656
174,1,661.4681396484375,145.24484252929688,41.68121337890625,99.01828002929688
175,1,667.7567749023438,144.2292022705078,37.97265625,97.31883239746094
176,1,673.30322265625,143.8147735595703,35.10528564453125,100.82353210449219
177,1,675.3163452148438,144.032958984375,36.075439453125,98.96652221679688
178,1,674.8523559570312,143.35325622558594,38.86163330078125,101.62698364257812
179,1,674.788330078125,143.5517578125,41.55316162109375,101.65158081054688
180,1,674.3500366210938,144.07667541503906,46.4356689453125,100.48516845703125
181,1,674.5281372070312,144.4966583251953,50.26336669921875,99.82585144042969
182,1,676.5611572265625,144.8533477783203,53.110107421875,100.05548095703125
183,1,679.2425537109375,146.05380249023438,52.60723876953125,98.63095092773438
184,1,682.3828125,144.92929077148438,52.488525390625,100.261474609375
185,1,687.544677734375,146.82235717773438,48.667236328125,98.33265686035156
186,1,693.050537109375,146.52645874023438,45.589111328125,98.94512939453125
187,1,699.264892578125,145.1422882080078,39.41558837890625,99.80216979980469
188,1,706.6826171875,145.29476928710938,35.59326171875,99.27169799804688
189,1,711.4859008789062,145.75448608398438,36.01483154296875,99.55522155761719
190,1,711.1030883789062,145.78932189941406,39.43682861328125,99.04011535644531
191,1,711.2498779296875,145.5148162841797,42.64312744140625,99.59407043457031
192,1,711.8050537109375,146.18569946289062,47.24957275390625,98.3875732421875
193,1,711.6378784179688,146.67791748046875,50.58123779296875,98.07376098632812
194,1,713.296875,147.025146484375,51.028076171875,97.18084716796875
195,1,714.6608276367188,149.24171447753906,52.1146240234375,94.78939819335938
196,1,718.3732299804688,148.33212280273438,49.52850341796875,96.21327209472656
197,1,722.1932983398438,146.91152954101562,45.57623291015625,97.12631225585938
198,1,728.2772827148438,148.1949005126953,39.8671875,94.31510925292969
199,1,734.5737915039062,146.37078857421875,34.88140869140625,95.45034790039062
200,1,739.3688354492188,146.20103454589844,32.9136962890625,96.63392639160156
201,1,742.3247680664062,144.96145629882812,31.33770751953125,98.43846130371094
202,1,742.0643920898438,145.45521545410156,34.57745361328125,99.093505859375
203,1,741.2637939453125,145.5711212158203,37.7037353515625,99.67762756347656
203,2,679.9736328125,21.76229476928711,22.4779052734375,37.88376998901367
204,1,742.0028076171875,146.24928283691406,39.878662109375,97.67904663085938
204,2,668.2492065429688,21.71634864807129,39.6295166015625,37.473989486694336
205,1,741.5782470703125,147.28704833984375,45.9581298828125,97.41648864746094
206,1,742.35302734375,147.16275024414062,53.90997314453125,98.41287231445312
207,1,744.2601928710938,147.19647216796875,53.45806884765625,98.30532836914062
207,2,682.7452392578125,20.65215492248535,15.5006103515625,37.53885841369629
208,1,746.0897216796875,146.5334014892578,54.38916015625,99.14134216308594
209,1,750.9744873046875,146.45985412597656,50.06951904296875,99.28558349609375
210,1,756.242919921875,146.21612548828125,45.04443359375,99.67347717285156
211,1,761.1598510742188,146.4398956298828,41.345947265625,99.24871826171875
212,1,767.9729614257812,145.96200561523438,38.09588623046875,99.30746459960938
213,1,774.8598022460938,146.19650268554688,35.45654296875,99.23655700683594
214,1,776.0182495117188,146.83761596679688,37.85260009765625,98.64373779296875
215,1,775.5297241210938,146.6114501953125,42.52508544921875,98.36830139160156
216,1,775.646484375,149.05712890625,45.71875,96.22099304199219
217,1,776.62841796875,150.22787475585938,48.95721435546875,94.79148864746094
218,1,777.31689453125,149.55670166015625,52.45703125,95.00286865234375
219,1,779.0889282226562,149.6671142578125,52.1832275390625,95.7669677734375
220,1,781.763671875,150.61758422851562,50.38482666015625,94.50448608398438
221,1,784.94677734375,150.6651611328125,45.77490234375,93.59669494628906
222,1,791.0554809570312,149.3223419189453,40.6280517578125,95.41796875
223,1,796.7453002929688,150.1455078125,37.23779296875,93.77610778808594
224,1,801.0736694335938,149.32150268554688,33.7506103515625,93.91575622558594
225,1,804.4825439453125,149.17678833007812,33.57366943359375,95.61892700195312
226,1,806.1011352539062,149.556884765625,34.75048828125,96.20262145996094
227,1,805.33349609375,148.69400024414062,38.56646728515625,97.6417236328125
228,1,805.3250732421875,149.26995849609375,40.38787841796875,97.07099914550781
229,1,805.875244140625,150.92330932617188,43.78826904296875,95.07907104492188
230,1,806.0399169921875,152.58250427246094,48.9295654296875,93.86273193359375
231,1,807.26220703125,152.9799346923828,48.1326904296875,93.53263854980469
232,1,809.3089599609375,152.21861267089844,46.37738037109375,94.69194030761719
233,1,813.0968017578125,158.56060791015625,42.49957275390625,88.62220764160156
234,1,817.5388793945312,163.89793395996094,38.05078125,82.98692321777344
235,1,823.1082153320312,163.81983947753906,32.519287109375,82.99859619140625
236,1,829.2012939453125,164.4571990966797,26.29779052734375,82.13870239257812
237,1,833.6162109375,164.06544494628906,21.980224609375,82.69267272949219
238,1,838.0899658203125,165.59349060058594,17.6612548828125,81.38896179199219
239,1,838.3366088867188,169.33050537109375,17.3746337890625,77.34463500976562
240,1,838.2535400390625,172.7017059326172,17.44677734375,73.95478820800781
241,1,839.1548461914062,177.96534729003906,16.54534912109375,69.07313537597656
242,1,839.1441040039062,180.76776123046875,16.66241455078125,66.47201538085938
243,1,840.3275146484375,189.9698944091797,15.40509033203125,56.57554626464844
289,3,0.0,173.76097106933594,18.947383880615234,75.90202331542969
290,3,0.014556456357240677,167.8131866455078,24.859728287905455,79.24331665039062
291,3,0.0,153.8435516357422,29.892183303833008,93.68501281738281
292,3,0.0,153.79983520507812,33.30897903442383,92.25228881835938
293,3,0.0,152.1577606201172,36.10818862915039,94.92515563964844
294,3,0.015245247632265091,150.94248962402344,39.121656607836485,95.78414916992188
295,3,0.06708317250013351,151.01602172851562,40.958944506943226,95.41508483886719
296,3,0.15411323308944702,151.5590057373047,44.50682121515274,94.35183715820312
297,3,0.45140066742897034,150.79330444335938,43.75057229399681,94.77743530273438
298,3,1.2264516353607178,150.5518798828125,42.07587456703186,94.93243408203125
299,3,2.888071298599243,149.5697784423828,37.842782735824585,94.33840942382812
300,3,5.646707534790039,149.3937530517578,35.92273139953613,95.57508850097656
301,3,9.002649307250977,147.84573364257812,36.719621658325195,96.74882507324219
302,3,14.340214729309082,148.31271362304688,48.13025951385498,94.48008728027344
303,3,16.137325286865234,148.7072296142578,52.57954788208008,94.94961547851562
304,3,19.237821578979492,148.63243103027344,52.69498634338379,96.51364135742188
305,3,21.37370491027832,147.24681091308594,51.97719383239746,96.5999755859375
306,3,22.599868774414062,146.86935424804688,50.57514953613281,96.67964172363281
307,3,26.95064353942871,147.41555786132812,46.43438148498535,96.55429077148438
308,3,31.919300079345703,147.45037841796875,42.41202163696289,94.75241088867188
309,3,35.21226119995117,145.66493225097656,39.39582443237305,95.13116455078125
310,3,35.95295333862305,145.6109161376953,38.16946029663086,95.59867858886719
311,3,43.02614212036133,145.19085693359375,32.79652786254883,94.9254150390625
312,3,44.75068664550781,144.68087768554688,36.28760528564453,97.43827819824219
313,3,46.71170425415039,144.95887756347656,42.0092887878418,97.50448608398438
314,3,48.24443435668945,143.89035034179688,47.485782623291016,97.59722900390625
315,3,51.880985260009766,144.49342346191406,47.83773422241211,96.80921936035156
316,3,54.16593933105469,143.89248657226562,49.982810974121094,96.59385681152344
317,3,56.03082275390625,145.49217224121094,51.044593811035156,95.00834655761719
318,3,58.149627685546875,143.6859588623047,52.58158874511719,96.71878051757812
319,3,61.264122009277344,144.51007080078125,50.30487060546875,96.26771545410156
320,3,65.02555084228516,144.72451782226562,47.53684997558594,95.34788513183594
321,3,68.52371978759766,143.74713134765625,43.801429748535156,96.67030334472656
322,3,73.47830963134766,144.7263641357422,37.815521240234375,95.96934509277344
323,3,76.13758850097656,144.83140563964844,34.338661193847656,95.70628356933594
324,3,77.2076416015625,143.6131134033203,34.80992126464844,97.43464660644531
325,3,77.64534759521484,143.23252868652344,38.7432861328125,95.281494140625
326,3,84.6021957397461,141.66783142089844,49.36437225341797,98.02690124511719
327,3,86.86156463623047,140.9628448486328,53.893898010253906,98.53549194335938
328,3,88.77930450439453,140.14743041992188,54.36994171142578,100.02293395996094
329,3,89.78657531738281,142.72750854492188,54.02784729003906,97.11265563964844
330,3,93.36311340332031,143.3823699951172,51.025482177734375,96.53611755371094
331,3,97.841064453125,140.3924102783203,46.32826232910156,98.40347290039062
332,3,101.65478515625,140.6954345703125,43.24766540527344,98.13858032226562
333,3,106.69219207763672,141.1184844970703,35.72223663330078,95.9337158203125
334,3,110.68221282958984,139.64541625976562,32.27832794189453,96.48878479003906
335,3,114.08519744873047,138.8788299560547,39.457115173339844,96.421142578125
336,3,116.82280731201172,137.58929443359375,42.82288360595703,100.31108093261719
337,3,119.36307525634766,137.163330078125,44.173423767089844,99.39744567871094
338,3,121.20046997070312,138.53973388671875,46.319488525390625,99.84893798828125
339,3,123.16959381103516,138.96182250976562,49.468406677246094,97.67726135253906
340,3,125.14990234375,140.5382843017578,49.90876770019531,96.00462341308594
341,3,126.11161804199219,138.95143127441406,50.58573913574219,97.70591735839844
342,3,128.57919311523438,140.03506469726562,48.17176818847656,96.45974731445312
343,3,131.42625427246094,140.6583251953125,52.194366455078125,96.40948486328125
344,3,135.0785369873047,140.47959899902344,50.21366882324219,96.28216552734375
345,3,140.65147399902344,139.38584899902344,45.8046875,97.08827209472656
346,3,145.75929260253906,140.42233276367188,38.30633544921875,95.73614501953125
347,3,148.34532165527344,139.66629028320312,33.51542663574219,97.16732788085938
348,3,151.72486877441406,139.56797790527344,33.230926513671875,97.46754455566406
349,3,154.86012268066406,139.09036254882812,34.223602294921875,95.62998962402344
350,3,159.5576171875,137.9420166015625,47.41522216796875,98.92073059082031
351,3,159.93313598632812,138.57899475097656,52.87158203125,97.79571533203125
352,3,161.6515350341797,139.89144897460938,53.00559997558594,97.13995361328125
353,3,162.1779327392578,140.45114135742188,53.75450134277344,95.97404479980469
354,3,164.75933837890625,140.4733123779297,51.17317199707031,96.06558227539062
355,3,169.81639099121094,140.65052795410156,45.026702880859375,96.22642517089844
356,3,175.5181884765625,139.6039276123047,40.52778625488281,95.92262268066406
357,3,181.1226043701172,138.8297576904297,35.383392333984375,95.81608581542969
358,3,186.70877075195312,138.68736267089844,29.934036254882812,95.78128051757812
359,3,190.05763244628906,138.87742614746094,29.677902221679688,96.81724548339844
360,3,192.73013305664062,137.8487548828125,29.681304931640625,97.87013244628906
361,3,196.3218994140625,132.5825653076172,34.7572021484375,102.69259643554688
362,3,198.19134521484375,135.93516540527344,42.508453369140625,99.02503967285156
363,3,198.8433837890625,135.6697998046875,48.615936279296875,99.21612548828125
364,3,200.26657104492188,138.49005126953125,50.2947998046875,95.96780395507812
365,3,200.54434204101562,138.4534912109375,50.96940612792969,96.35346984863281
366,3,202.37530517578125,139.42739868164062,50.18681335449219,95.56236267089844
367,3,206.52761840820312,139.8175811767578,47.084716796875,95.61958312988281
368,3,210.95358276367188,138.46238708496094,44.999755859375,95.62828063964844
369,3,216.98602294921875,138.21485900878906,38.35650634765625,95.31005859375
370,3,223.6792755126953,137.945068359375,31.751922607421875,96.40702819824219
371,3,227.40626525878906,137.1826629638672,28.764328002929688,97.91468811035156
372,3,230.73199462890625,137.28890991210938,28.809967041015625,97.00364685058594
373,3,233.6007080078125,137.56524658203125,30.307220458984375,94.62727355957031
374,3,235.6675262451172,138.13717651367188,46.87806701660156,96.59959411621094
375,3,236.15687561035156,138.1870574951172,51.90608215332031,95.85966491699219
376,3,236.40235900878906,139.19789123535156,52.55247497558594,94.90841674804688
377,3,237.06988525390625,138.3120574951172,53.264373779296875,95.96856689453125
378,3,240.91812133789062,138.64840698242188,49.331024169921875,95.86090087890625
379,3,246.63070678710938,138.81155395507812,43.753936767578125,95.55697631835938
380,3,250.59226989746094,137.25611877441406,39.27296447753906,96.15605163574219
381,3,257.56500244140625,137.52334594726562,30.502716064453125,94.68013000488281
382,3,263.1343994140625,136.58067321777344,29.51458740234375,96.3040771484375
383,3,268.50457763671875,136.79161071777344,31.837677001953125,95.97648620605469
384,3,270.0486145019531,136.29946899414062,36.248809814453125,99.22897338867188
385,3,272.1385192871094,136.3951873779297,41.523284912109375,98.18336486816406
386,3,272.4549865722656,136.91209411621094,47.113372802734375,97.40377807617188
387,3,273.50885009765625,137.4879913330078,51.408477783203125,96.78944396972656
388,3,273.64215087890625,138.88458251953125,54.423004150390625,94.99862670898438
389,3,274.76910400390625,138.66184997558594,55.186981201171875,96.23764038085938
390,3,276.70697021484375,139.10568237304688,56.029937744140625,95.85893249511719
391,3,281.07781982421875,137.33975219726562,53.113555908203125,97.40097045898438
392,3,286.4643859863281,138.156494140625,48.02447509765625,96.42703247070312
393,3,294.33050537109375,137.88455200195312,38.0516357421875,96.2742919921875
394,3,300.7068176269531,136.76353454589844,31.094268798828125,98.16189575195312
395,3,303.800537109375,136.59263610839844,28.3939208984375,98.26046752929688
396,3,306.5216064453125,136.41317749023438,29.438079833984375,99.41195678710938
397,3,309.6612854003906,136.61158752441406,33.32891845703125,97.49525451660156
398,3,310.5570983886719,136.1547393798828,48.543792724609375,99.17916870117188
399,3,312.2926330566406,138.0276336669922,51.72344970703125,96.84184265136719
400,3,313.2428894042969,137.02743530273438,51.575531005859375,97.78884887695312
401,3,314.0223388671875,138.14915466308594,51.367523193359375,96.86685180664062
402,3,318.81591796875,137.78536987304688,46.879608154296875,97.44337463378906
403,3,322.642333984375,137.21607971191406,42.76220703125,96.43658447265625
404,3,329.08880615234375,136.49105834960938,36.16558837890625,96.41551208496094
405,3,334.08624267578125,136.1059112548828,32.107513427734375,96.7108154296875
406,3,340.5691833496094,136.09249877929688,29.9683837890625,96.73904418945312
407,3,342.6359558105469,135.68832397460938,35.815826416015625,98.44354248046875
408,3,346.99176025390625,134.8353729248047,38.965545654296875,98.74856567382812
409,3,349.5936584472656,135.33326721191406,42.540557861328125,97.410400390625
410,3,349.3739929199219,136.4611053466797,47.710479736328125,96.87321472167969
411,3,349.961669921875,136.5667724609375,50.839691162109375,95.99812316894531
412,3,350.1330871582031,137.74847412109375,53.7987060546875,94.87261962890625
413,3,351.224853515625,137.69989013671875,55.9241943359375,94.71784973144531
414,3,354.0022888183594,135.82748413085938,55.606170654296875,97.2286376953125
415,3,358.8853759765625,137.19493103027344,51.3179931640625,94.69828796386719
416,3,363.5068664550781,137.21096801757812,46.983612060546875,94.22909545898438
417,3,369.32647705078125,136.7837677001953,39.361572265625,95.18865966796875
418,3,374.9934387207031,136.5220184326172,31.470428466796875,96.73902893066406
419,3,381.9490051269531,135.83261108398438,26.65924072265625,97.31880187988281
420,3,381.8454895019531,135.15834045410156,28.687286376953125,98.01104736328125
421,3,383.56549072265625,135.8035125732422,33.879974365234375,96.3409423828125
422,3,386.05389404296875,136.7135009765625,48.10589599609375,97.00117492675781
423,3,387.4281921386719,136.76809692382812,49.26727294921875,96.29510498046875
424,3,387.5189514160156,137.58892822265625,50.66497802734375,95.150146484375
425,3,389.2577819824219,137.07406616210938,49.333953857421875,94.77723693847656
426,3,393.8465576171875,135.8313751220703,44.718658447265625,96.1197509765625
427,3,398.6925964355469,136.6037139892578,40.18743896484375,95.60289001464844
428,3,404.27569580078125,136.79708862304688,36.27862548828125,92.90957641601562
429,3,410.1807556152344,136.77389526367188,32.16278076171875,92.58248901367188
430,3,415.19976806640625,135.64686584472656,30.779083251953125,94.18576049804688
431,3,420.9461975097656,135.49513244628906,28.870941162109375,94.65132141113281
432,3,422.0439453125,135.33802795410156,34.061492919921875,94.88258361816406
433,3,421.92010498046875,135.443603515625,41.359130859375,95.37026977539062
434,3,422.08868408203125,135.04544067382812,46.945404052734375,94.7320556640625
435,3,422.6282043457031,135.82272338867188,51.895477294921875,93.2271728515625
436,3,424.22357177734375,136.6099395751953,52.5697021484375,93.41519165039062
437,3,424.88446044921875,135.80322265625,54.38916015625,94.15583801269531
438,3,426.64166259765625,137.1933135986328,55.114990234375,93.59794616699219
439,3,432.7445983886719,136.7516326904297,49.434906005859375,92.98793029785156
440,3,438.43743896484375,136.15310668945312,43.109344482421875,92.86528015136719
441,3,443.6014404296875,136.9416961669922,37.880462646484375,92.4359130859375
442,3,451.290283203125,136.05271911621094,32.49151611328125,93.07600402832031
443,3,458.5471496582031,135.569580078125,28.02545166015625,94.25375366210938
444,3,458.8099365234375,135.61204528808594,31.440704345703125,95.4501953125
445,3,460.7655944824219,135.998046875,32.660186767578125,94.30532836914062
446,3,462.8823547363281,135.97422790527344,44.390472412109375,93.31866455078125
447,3,462.6601257324219,137.1762237548828,48.21783447265625,92.31111145019531
448,3,461.6300354003906,136.5050048828125,50.570159912109375,92.77764892578125
449,3,464.7198486328125,136.26370239257812,47.84002685546875,93.39488220214844
450,3,469.4810791015625,136.1399688720703,44.2877197265625,93.17515563964844
451,3,476.5033874511719,136.19390869140625,37.671905517578125,92.54444885253906
452,3,481.73199462890625,135.36563110351562,34.99658203125,91.81623840332031
453,3,487.0076599121094,135.10870361328125,32.271942138671875,90.19010925292969
454,3,493.6996154785156,135.48794555664062,27.917877197265625,89.91561889648438
455,3,495.3226318359375,135.22865295410156,31.81201171875,94.31318664550781
456,3,496.0927429199219,134.5714111328125,35.546417236328125,95.42353820800781
457,3,496.3039245605469,134.2465057373047,41.669097900390625,93.64775085449219
458,3,496.4302978515625,134.67831420898438,49.181640625,93.05467224121094
459,3,498.7622985839844,136.5340576171875,52.199432373046875,91.74479675292969
460,3,497.9528503417969,135.51766967773438,54.518402099609375,92.71342468261719
461,3,499.8184509277344,135.66009521484375,55.545623779296875,92.76322937011719
462,3,502.1805419921875,135.78382873535156,55.01190185546875,93.07402038574219
463,3,508.0921630859375,136.04940795898438,48.97491455078125,93.79501342773438
464,3,514.2726440429688,134.84576416015625,41.28057861328125,94.08380126953125
465,3,520.2122192382812,136.45985412597656,34.83380126953125,92.64877319335938
466,3,527.0850219726562,135.40386962890625,29.6806640625,92.99114990234375
467,3,535.216552734375,136.02622985839844,25.456298828125,92.37530517578125
468,3,533.9857177734375,136.72532653808594,27.63189697265625,94.63839721679688
469,3,534.9288330078125,138.0902862548828,31.41558837890625,91.76666259765625
470,3,535.4423828125,136.38015747070312,46.8115234375,93.11140441894531
471,3,535.8261108398438,137.37374877929688,48.59527587890625,92.08935546875
472,3,536.4375610351562,136.9936981201172,48.52239990234375,92.44477844238281
473,3,538.1373291015625,137.87637329101562,46.64801025390625,91.84806823730469
474,3,543.2046508789062,135.96681213378906,43.0860595703125,93.97946166992188
475,3,548.3511352539062,136.07774353027344,38.28143310546875,94.57293701171875
476,3,554.388916015625,138.19088745117188,35.4385986328125,90.42073059082031
477,3,560.4451293945312,136.35743713378906,31.71087646484375,92.67506408691406
478,3,565.5140991210938,136.61354064941406,30.2908935546875,94.40478515625
479,3,569.5370483398438,136.8540802001953,30.25164794921875,94.03938293457031
480,3,569.6453247070312,136.3267364501953,37.609375,94.64115905761719
481,3,569.2977905273438,137.34461975097656,44.23785400390625,92.87646484375
482,3,569.7196044921875,138.07896423339844,48.6563720703125,92.38265991210938
483,3,569.5,138.7013702392578,53.3857421875,92.15464782714844
484,3,569.8787231445312,139.1102294921875,55.1600341796875,91.90513610839844
485,3,570.8185424804688,139.88055419921875,54.81011962890625,91.65957641601562
486,3,574.254638671875,139.6829833984375,53.76422119140625,91.83807373046875
487,3,580.03173828125,140.0876007080078,48.219970703125,91.44059753417969
488,3,585.1311645507812,139.96502685546875,43.1168212890625,91.952392578125
489,3,590.9210815429688,140.41998291015625,38.68719482421875,91.98643493652344
490,3,596.421875,139.71859741210938,36.3284912109375,91.94561767578125
491,3,603.7420654296875,138.54966735839844,32.44073486328125,92.08502197265625
492,3,603.8854370117188,138.80474853515625,36.0902099609375,93.4041748046875
493,3,605.6568603515625,139.39706420898438,37.2655029296875,91.79402160644531
494,3,607.142578125,142.69322204589844,42.16387939453125,87.61984252929688
495,3,607.3651123046875,142.2159423828125,44.44329833984375,88.99995422363281
496,3,608.2679443359375,142.16651916503906,45.9874267578125,89.56358337402344
497,3,610.4816284179688,142.1881561279297,45.46978759765625,89.72761535644531
498,3,616.44482421875,142.70399475097656,42.3336181640625,87.78073120117188
499,3,620.7554321289062,141.544921875,41.4639892578125,88.32260131835938
500,3,625.669921875,140.9700164794922,38.25213623046875,88.72064208984375
501,3,631.9290771484375,140.19439697265625,34.8846435546875,88.9566650390625
502,3,634.4571533203125,141.19998168945312,36.26898193359375,88.09748840332031
503,3,635.65576171875,140.8080291748047,36.96038818359375,90.49101257324219
504,3,636.2384643554688,140.7448272705078,39.74090576171875,89.30192565917969
505,3,636.5962524414062,142.49526977539062,42.088623046875,88.134765625
506,3,636.5691528320312,143.5180206298828,46.7237548828125,86.42404174804688
507,3,637.7869873046875,142.4439239501953,47.97357177734375,88.36721801757812
508,3,638.376708984375,142.78245544433594,48.25274658203125,87.15943908691406
509,3,641.4459228515625,143.47607421875,47.7205810546875,87.38807678222656
510,3,645.1450805664062,143.1136474609375,45.6337890625,87.65940856933594
511,3,649.5030517578125,142.77749633789062,44.0828857421875,87.84028625488281
512,3,654.4945678710938,142.1222686767578,41.3795166015625,88.04238891601562
513,3,660.4229736328125,142.39913940429688,37.70135498046875,87.56858825683594
514,3,666.7054443359375,141.78855895996094,33.144775390625,86.25051879882812
515,3,669.5704956054688,141.2826690673828,33.24957275390625,88.83245849609375
516,3,670.7361450195312,141.32827758789062,34.24847412109375,88.97084045410156
517,3,671.9639282226562,142.3338165283203,35.1707763671875,86.610595703125
518,3,671.829345703125,142.27420043945312,40.36962890625,86.77926635742188
519,3,672.2479248046875,142.80572509765625,43.694580078125,87.33670043945312
520,3,674.5035400390625,143.12713623046875,43.50537109375,86.97555541992188
521,3,678.0811767578125,143.8443603515625,41.142333984375,86.20634460449219
522,3,683.1300659179688,142.9680633544922,39.300537109375,84.8759765625
523,3,688.9891357421875,142.81597900390625,37.907470703125,84.86329650878906
524,3,692.7980346679688,144.08058166503906,34.49530029296875,82.98651123046875
525,3,695.7685546875,142.9276123046875,33.4273681640625,85.14765930175781
526,3,696.50341796875,144.5462188720703,35.99169921875,85.2371826171875
527,3,697.5435180664062,144.0250244140625,36.237548828125,85.44367980957031
528,3,697.7108764648438,146.17405700683594,41.82220458984375,83.87313842773438
529,3,698.3397827148438,147.0901336669922,43.9490966796875,81.81130981445312
530,3,698.3253173828125,147.2129364013672,45.843017578125,81.57313537597656
531,3,698.7423095703125,147.10647583007812,47.75604248046875,82.06625366210938
532,3,700.649169921875,149.27772521972656,47.63763427734375,80.66696166992188
533,3,704.08251953125,150.15135192871094,44.18304443359375,79.83493041992188
534,3,708.5048217773438,145.9793701171875,45.00726318359375,84.49549865722656
535,3,714.0781860351562,146.51541137695312,41.29351806640625,83.4896240234375
536,3,718.908203125,146.59033203125,39.9783935546875,83.04153442382812
537,3,724.8629150390625,145.1729278564453,36.61993408203125,84.4266357421875
538,3,727.6000366210938,144.34811401367188,34.51605224609375,85.44053649902344
539,3,730.2969360351562,145.502685546875,34.1627197265625,83.52195739746094
540,3,730.988525390625,147.4124298095703,35.68084716796875,81.697265625
541,3,732.4002685546875,145.09988403320312,37.285888671875,83.89918518066406
542,3,732.9293823242188,146.26707458496094,40.39459228515625,82.82572937011719
543,3,733.5297241210938,146.5467529296875,42.60406494140625,82.68055725097656
544,3,736.529296875,144.34669494628906,43.0390625,85.02882385253906
545,3,740.3347778320312,144.08485412597656,40.63116455078125,85.40605163574219
546,3,744.3021240234375,144.2101593017578,39.16973876953125,85.10928344726562
547,3,749.8314208984375,144.5558319091797,36.66546630859375,84.2337646484375
548,3,755.639404296875,142.45645141601562,36.98779296875,84.42071533203125
549,3,757.1116943359375,142.26791381835938,38.7420654296875,86.6219482421875
550,3,757.973388671875,140.32186889648438,38.3389892578125,89.61827087402344
551,3,757.5322265625,141.92977905273438,38.9871826171875,89.07516479492188
552,3,758.5324096679688,143.3950653076172,41.65521240234375,87.87178039550781
553,3,758.0587158203125,144.10630798339844,43.82403564453125,85.44448852539062
554,3,759.2153930664062,144.31065368652344,46.154052734375,85.75393676757812
555,3,760.443115234375,145.42861938476562,46.24188232421875,85.11370849609375
556,3,761.3884887695312,145.58169555664062,49.0218505859375,85.17913818359375
557,3,764.7221069335938,144.2499237060547,52.439453125,86.90762329101562
558,3,769.1364135742188,144.08108520507812,47.35406494140625,87.38502502441406
559,3,773.3361206054688,145.0475616455078,43.54400634765625,86.58737182617188
560,3,778.4987182617188,146.71768188476562,39.0675048828125,84.83316040039062
561,3,783.8101806640625,146.44677734375,35.5960693359375,83.94404602050781
562,3,788.5465087890625,147.03334045410156,33.4515380859375,83.27668762207031
563,3,789.781982421875,146.095703125,34.15765380859375,84.98153686523438
564,3,790.1626586914062,145.38778686523438,36.2283935546875,86.37178039550781
565,3,790.0355224609375,146.33859252929688,38.36480712890625,84.82151794433594
566,3,790.960205078125,148.6144561767578,42.365234375,81.84248352050781
567,3,792.9225463867188,148.98483276367188,42.1815185546875,81.16195678710938
568,3,795.8079833984375,151.18089294433594,41.87603759765625,79.68624877929688
569,3,800.4323120117188,151.9753875732422,39.5826416015625,78.54833984375
570,3,805.2733154296875,147.76675415039062,39.13677978515625,82.49920654296875
571,3,811.0108032226562,147.15769958496094,34.96795654296875,81.99726867675781
572,3,814.393798828125,146.0848388671875,33.42474365234375,83.75540161132812
573,3,814.8238525390625,144.8257598876953,34.09124755859375,85.96266174316406
574,3,815.0828857421875,144.48963928222656,36.5936279296875,87.26217651367188
575,3,815.628662109375,147.02955627441406,37.03759765625,84.91831970214844
576,3,815.3897705078125,149.06504821777344,38.90728759765625,82.69381713867188
577,3,815.7014770507812,149.24395751953125,39.4422607421875,82.09959411621094
578,3,815.9889526367188,148.75540161132812,39.49102783203125,83.35954284667969
579,3,816.354736328125,152.2877960205078,39.102783203125,80.35943603515625
580,3,819.1160278320312,155.33999633789062,36.343505859375,77.15617370605469
581,3,823.2223510742188,160.98228454589844,32.29803466796875,71.54878234863281
582,3,827.6226806640625,160.9657745361328,28.04180908203125,72.6058349609375
583,3,832.8784790039062,161.27349853515625,22.87921142578125,70.85873413085938
584,3,836.7886962890625,162.4265899658203,18.94622802734375,70.00454711914062
585,3,842.093017578125,166.27395629882812,13.54205322265625,66.58303833007812
