0,1,424.8479309082031,87.17204284667969,25.0408935546875,69.68063354492188
1,1,426.0968933105469,86.87673950195312,23.5543212890625,70.55180358886719
2,1,428.4761657714844,86.91966247558594,21.114044189453125,70.69046020507812
3,1,429.17584228515625,87.38352966308594,20.787506103515625,69.67576599121094
4,1,430.3543701171875,88.02989196777344,20.371978759765625,70.00125122070312
5,1,431.2427978515625,89.10159301757812,19.944061279296875,68.85464477539062
6,1,431.9050598144531,89.87150573730469,20.0003662109375,69.98365783691406
7,1,431.93695068359375,90.77114868164062,20.947967529296875,70.58331298828125
8,1,431.9522705078125,91.87785339355469,22.09375,70.37274169921875
9,1,430.8097229003906,92.80025482177734,24.48577880859375,70.8366470336914
10,1,431.611328125,93.25762939453125,24.578521728515625,71.70152282714844
10,2,655.8890380859375,57.96908187866211,24.5394287109375,56.86580276489258
11,1,431.4295349121094,93.66340637207031,25.751861572265625,71.81336975097656
12,1,431.6267395019531,93.82640838623047,26.76959228515625,71.48035430908203
13,1,432.8380126953125,94.27938842773438,26.83416748046875,71.13092041015625
14,1,435.9707336425781,94.16899871826172,24.271331787109375,71.66080474853516
15,1,437.4389953613281,94.25653839111328,23.62078857421875,71.45850372314453
16,1,438.2130126953125,94.79922485351562,23.761199951171875,71.80900573730469
17,1,437.814208984375,95.86742401123047,25.376739501953125,71.63666534423828
18,1,438.377197265625,96.6982421875,25.802398681640625,73.28968811035156
19,1,438.94512939453125,97.72235870361328,26.849700927734375,74.43599700927734
20,1,439.4485778808594,98.99494934082031,27.7781982421875,74.64926147460938
21,1,440.16729736328125,100.0743179321289,28.10162353515625,73.95055389404297
22,1,440.85791015625,100.43350982666016,27.0745849609375,74.21697235107422
23,1,441.5298156738281,100.74423217773438,28.2254638671875,74.79389953613281
24,1,442.1803283691406,101.21424102783203,28.03802490234375,75.41829681396484
25,1,442.981201171875,101.47149658203125,26.800201416015625,75.12858581542969
26,1,443.6097717285156,101.43167877197266,26.6827392578125,75.16280364990234
27,1,444.879150390625,101.49396514892578,25.35626220703125,75.13213348388672
28,1,447.5365905761719,101.46198272705078,22.74462890625,74.9906234741211
29,1,448.9783020019531,102.52302551269531,21.723358154296875,75.17243957519531
30,1,449.3930969238281,103.36237335205078,22.17584228515625,76.64398956298828
31,1,449.7415771484375,104.55033111572266,23.020965576171875,77.5365982055664
32,1,450.1613464355469,105.73206329345703,24.134857177734375,77.81549835205078
33,1,450.2324523925781,107.27986907958984,24.834197998046875,77.42060089111328
34,1,449.7999572753906,108.20081329345703,26.802581787109375,78.12969207763672
35,1,448.80291748046875,108.9149169921875,29.01226806640625,78.46649169921875
36,1,449.7157897949219,109.72799682617188,29.185089111328125,78.69992065429688
37,1,451.039306640625,110.59122467041016,29.531280517578125,78.32437896728516
38,1,453.1004333496094,110.63111114501953,28.613311767578125,78.21981048583984
39,1,456.10638427734375,110.47441101074219,26.681915283203125,77.84799194335938
40,1,457.15625,110.9017333984375,26.655303955078125,77.46890258789062
41,1,457.5657653808594,110.84194946289062,27.808074951171875,78.98941040039062
42,1,458.0883483886719,111.91519927978516,29.69482421875,80.04247283935547
43,1,458.8479309082031,112.96328735351562,30.47979736328125,81.4222412109375
44,1,459.1534118652344,114.80944061279297,31.611663818359375,79.48665618896484
45,1,460.14306640625,116.01012420654297,32.270294189453125,78.59014129638672
46,1,461.46258544921875,117.18989562988281,31.749725341796875,80.86589050292969
47,1,462.55450439453125,117.76038360595703,31.648651123046875,82.62821197509766
48,1,464.5449523925781,118.85399627685547,30.675567626953125,82.5621109008789
49,1,465.90301513671875,119.3089599609375,29.4774169921875,82.73594665527344
50,1,468.10809326171875,119.25924682617188,27.922760009765625,83.15711975097656
51,1,470.1945495605469,119.66502380371094,27.0208740234375,82.78353881835938
52,1,472.3421630859375,120.21322631835938,25.4615478515625,81.80183410644531
53,1,473.089111328125,120.92247009277344,25.650390625,83.00228881835938
54,1,472.0640563964844,121.74381256103516,28.066925048828125,84.21004486083984
55,1,472.48529052734375,123.6416015625,29.333831787109375,84.93592834472656
56,1,471.8042297363281,125.11738586425781,32.066436767578125,85.00607299804688
57,1,471.2851867675781,126.65717315673828,34.494415283203125,85.75943756103516
58,1,471.52716064453125,127.85426330566406,35.575592041015625,86.33615112304688
59,1,473.3974304199219,128.49270629882812,35.680999755859375,87.73748779296875
60,1,474.9853210449219,129.00912475585938,35.54669189453125,87.21188354492188
61,1,476.54119873046875,129.75772094726562,35.70635986328125,87.28889465332031
62,1,479.4556884765625,130.08924865722656,34.4425048828125,86.80819702148438
63,1,484.2471923828125,130.32919311523438,31.73626708984375,86.3577880859375
64,1,487.4548645019531,131.04513549804688,29.803192138671875,85.47271728515625
65,1,488.60955810546875,131.8922576904297,31.35137939453125,86.78962707519531
66,1,489.4300537109375,132.9065704345703,32.7728271484375,88.94987487792969
67,1,490.72723388671875,135.0976104736328,34.76141357421875,90.30293273925781
68,1,492.50225830078125,136.7079620361328,35.14910888671875,90.36369323730469
69,1,493.2188720703125,138.16856384277344,37.67926025390625,90.47799682617188
70,1,494.6735534667969,139.30563354492188,38.691436767578125,91.49313354492188
71,1,496.1235656738281,140.30517578125,38.886260986328125,92.94683837890625
72,1,500.5301818847656,141.60069274902344,35.099578857421875,92.74813842773438
73,1,504.5157165527344,141.96047973632812,31.474151611328125,91.42819213867188
74,1,507.4075622558594,142.54208374023438,28.942962646484375,90.75502014160156
75,1,510.70343017578125,143.13079833984375,26.5931396484375,90.8001708984375
76,1,511.29248046875,143.7481231689453,28.32763671875,90.30888366699219
77,1,510.9405212402344,145.2832489013672,30.473480224609375,89.61369323730469
78,1,510.3485412597656,147.1885986328125,33.005340576171875,92.04342651367188
79,1,510.2699279785156,149.19699096679688,36.730438232421875,92.70315551757812
80,1,509.7093200683594,150.48373413085938,40.977020263671875,93.09005737304688
81,1,510.25738525390625,152.06982421875,41.3917236328125,93.81594848632812
82,1,511.4244689941406,153.57528686523438,42.087005615234375,93.975830078125
83,1,512.47314453125,154.34109497070312,43.695068359375,94.16453552246094
84,1,516.4328002929688,155.605224609375,43.02105712890625,94.51483154296875
85,1,520.0723876953125,155.92698669433594,41.797119140625,94.14869689941406
86,1,525.5553588867188,156.1436004638672,38.46600341796875,94.39981079101562
87,1,530.4133911132812,156.42100524902344,35.5030517578125,93.873046875
88,1,535.6884765625,157.70587158203125,32.94635009765625,94.82020568847656
89,1,536.2667846679688,159.08688354492188,35.6397705078125,95.57499694824219
90,1,537.01806640625,160.7247772216797,38.3607177734375,97.95396423339844
91,1,538.1345825195312,162.27792358398438,42.580078125,101.67724609375
92,1,540.205078125,164.3661651611328,44.708740234375,100.79838562011719
93,1,541.7798461914062,166.4027557373047,46.4473876953125,101.20890808105469
94,1,542.7357788085938,167.77716064453125,48.17486572265625,100.75601196289062
95,1,546.2640380859375,168.82789611816406,45.72900390625,100.92970275878906
96,1,553.6343994140625,171.07847595214844,38.62896728515625,99.18052673339844
97,1,557.4308471679688,171.0269012451172,35.553466796875,98.82823181152344
98,1,561.5950317382812,171.82762145996094,32.87841796875,99.59065246582031
99,1,563.830810546875,172.70968627929688,32.4241943359375,95.75302124023438
99,3,371.2837829589844,0.0,11.151519775390625,17.56902503967285
100,1,563.2007446289062,174.173583984375,35.16705322265625,99.46990966796875
101,1,563.9651489257812,175.99073791503906,37.64984130859375,99.12156677246094
102,1,564.0950317382812,177.80697631835938,41.6607666015625,102.17117309570312
103,1,563.2412719726562,180.55125427246094,48.46954345703125,103.16465759277344
103,3,373.1566162109375,0.0,11.580841064453125,18.381271362304688
104,1,563.832275390625,181.29330444335938,50.9954833984375,104.7008056640625
105,1,564.2775268554688,183.2958221435547,52.3343505859375,104.35655212402344
105,3,375.1648254394531,0.24185439944267273,10.20013427734375,18.39394500851631
106,1,565.6393432617188,185.58847045898438,53.0341796875,103.01385498046875
107,1,568.0662841796875,185.85928344726562,54.43572998046875,103.47314453125
108,1,574.8694458007812,187.2391357421875,50.5555419921875,102.90713500976562
108,3,377.2984619140625,0.0,11.271514892578125,20.27057647705078
109,1,580.9246826171875,187.377197265625,48.0284423828125,103.18136596679688
109,3,377.63592529296875,0.0,11.27935791015625,20.77187156677246
110,1,586.95068359375,187.7361602783203,44.61749267578125,103.16075134277344
110,3,377.92938232421875,0.0,11.040740966796875,20.94005584716797
111,1,596.0888671875,189.19662475585938,38.93829345703125,102.49630737304688
111,3,378.7037658691406,0.0,10.9398193359375,21.142589569091797
112,1,599.1678466796875,191.0403594970703,38.62579345703125,104.75889587402344
112,3,379.03070068359375,0.0,11.32989501953125,20.943145751953125
113,1,599.5535278320312,192.84605407714844,43.8427734375,109.19401550292969
113,3,379.4276428222656,0.0,11.013153076171875,21.400981903076172
114,1,599.0787963867188,195.41046142578125,50.1461181640625,110.28207397460938
114,3,379.8297424316406,0.0,11.154449462890625,21.782325744628906
115,1,599.5123901367188,197.6063690185547,56.49407958984375,110.18205261230469
115,3,380.2871398925781,0.0,11.110382080078125,21.810651779174805
116,1,600.6015014648438,199.732666015625,59.92169189453125,110.15469360351562
116,3,380.6566467285156,0.0,11.280426025390625,21.931676864624023
117,1,602.0741577148438,202.2510986328125,62.26959228515625,108.4005126953125
117,3,380.9701232910156,0.1058276817202568,11.568450927734375,21.978623993694782
118,1,604.9078369140625,203.32432556152344,61.4134521484375,110.43992614746094
118,3,381.4516296386719,0.20546390116214752,11.50921630859375,22.10809849202633
119,1,610.1724853515625,203.8837890625,56.4830322265625,111.0745849609375
119,3,381.736083984375,0.2684066593647003,11.54107666015625,22.498627871274948
120,1,621.201904296875,206.13844299316406,44.90447998046875,108.00953674316406
120,3,382.6159362792969,0.15051493048667908,11.422454833984375,23.53386464715004
121,1,628.1759643554688,206.70249938964844,40.55810546875,108.15428161621094
121,3,383.0186767578125,0.023356404155492783,11.3511962890625,23.995480570942163
122,1,632.0486450195312,207.36746215820312,39.61993408203125,108.49508666992188
122,3,383.3055419921875,0.0,11.592681884765625,24.343128204345703
123,1,633.901123046875,209.53399658203125,41.21875,106.09616088867188
123,3,384.2292175292969,0.0,11.344268798828125,24.52130699157715
124,1,633.357177734375,211.13748168945312,46.205810546875,108.2169189453125
124,3,384.76348876953125,0.0,11.26165771484375,24.8570613861084
125,1,632.9536743164062,213.88087463378906,50.75482177734375,109.23246765136719
125,3,385.07806396484375,0.05779469385743141,11.201904296875,25.483436461538076
126,1,632.729736328125,216.606689453125,56.625,110.79013061523438
126,3,385.5252685546875,0.0,11.236236572265625,25.56684684753418
127,1,632.8094482421875,216.7049102783203,63.19451904296875,111.72563171386719
127,3,386.2814025878906,0.34320685267448425,11.291351318359375,25.63476899266243
128,1,633.7306518554688,219.85157775878906,63.8565673828125,112.00263977050781
128,3,386.8193359375,0.3007543683052063,11.653961181640625,26.010713756084442
129,1,635.7666625976562,222.61325073242188,65.98681640625,111.97964477539062
129,3,387.2989807128906,0.2908230125904083,11.38238525390625,26.393676728010178
130,1,639.1475219726562,223.7079315185547,66.11065673828125,113.10096740722656
130,3,387.9633483886719,0.2207767516374588,11.532440185546875,26.6842792481184
131,1,646.871826171875,226.29905700683594,62.36370849609375,109.85691833496094
131,3,388.7903137207031,0.18355651199817657,11.4384765625,27.046063467860222
132,1,652.9564819335938,225.9518585205078,61.56719970703125,110.65232849121094
132,3,389.0135803222656,0.18109089136123657,11.48419189453125,27.596567571163177
133,1,661.6807250976562,225.6248779296875,55.59222412109375,111.71304321289062
133,3,389.60003662109375,0.008043551817536354,11.621673583984375,27.569118237122893
134,1,669.93212890625,227.88169860839844,51.4508056640625,109.48570251464844
134,3,389.9422607421875,0.0,11.709503173828125,28.429943084716797
135,1,680.1986083984375,228.3664093017578,45.34210205078125,111.08360290527344
135,3,390.3261413574219,0.0,11.56793212890625,28.742746353149414
136,1,680.9002075195312,229.614501953125,49.91119384765625,114.6414794921875
136,3,390.40936279296875,0.0,11.705108642578125,29.190160751342773
137,1,681.2312622070312,232.5817413330078,55.73101806640625,119.82658386230469
137,3,390.9389343261719,0.07995209097862244,11.5841064453125,29.65139976143837
138,1,680.4161376953125,236.1319122314453,64.2303466796875,119.29005432128906
138,3,392.3153076171875,0.37353408336639404,11.084808349609375,29.935938954353333
139,1,681.4179077148438,238.81202697753906,70.019775390625,118.25102233886719
139,3,392.47607421875,0.43544748425483704,11.3260498046875,30.326835840940475
140,1,683.2643432617188,239.94625854492188,73.06732177734375,119.21511840820312
140,3,393.5569152832031,0.3457757830619812,11.695281982421875,30.819524586200714
141,1,683.7528686523438,241.89614868164062,76.75250244140625,117.91921997070312
141,3,394.1445617675781,0.40165719389915466,11.7080078125,30.745262056589127
142,1,688.1547241210938,243.84800720214844,74.65234375,121.81974792480469
142,3,394.6514587402344,0.3074471056461334,11.533905029296875,30.984903663396835
143,1,693.2525024414062,246.0050506591797,69.84814453125,120.12281799316406
143,3,395.5583801269531,0.475994348526001,11.0294189453125,31.99660849571228
144,1,710.4276733398438,249.39395141601562,54.05218505859375,117.4500732421875
144,3,396.86224365234375,0.6631261706352234,10.726715087890625,31.890230000019073
145,1,718.7874145507812,249.9095001220703,49.67822265625,116.12071228027344
145,3,396.973876953125,0.47527366876602173,11.707550048828125,31.880004346370697
146,1,725.3782348632812,251.43292236328125,48.093505859375,114.26962280273438
146,3,397.0994873046875,1.955902099609375,11.998138427734375,30.808231353759766
147,1,724.2732543945312,254.0992431640625,53.75128173828125,113.13702392578125
147,3,397.2064208984375,2.104776620864868,12.222991943359375,30.90030837059021
148,1,723.0369873046875,255.84817504882812,59.36956787109375,117.56137084960938
148,3,398.4657287597656,0.8104344010353088,12.0050048828125,32.462991654872894
149,1,723.6444702148438,259.3595275878906,63.10247802734375,118.7750244140625
149,3,398.8021240234375,1.0656851530075073,11.930084228515625,32.46553432941437
150,1,722.8134155273438,262.388671875,69.66986083984375,118.53173828125
150,3,399.337646484375,1.3923979997634888,12.15179443359375,32.35615622997284
151,1,723.69384765625,264.6510925292969,74.16937255859375,119.92431640625
151,3,399.6893005371094,1.817123293876648,12.408782958984375,32.27884304523468
152,1,725.07275390625,266.2044372558594,75.99798583984375,121.688720703125
152,3,399.91278076171875,2.0874037742614746,12.664215087890625,32.22540903091431
153,1,728.5786743164062,268.3855285644531,78.52655029296875,123.49710083007812
153,3,399.95196533203125,2.33491849899292,13.27685546875,32.66662645339966
154,1,735.1273193359375,270.9009704589844,78.14154052734375,121.61141967773438
154,3,401.4009704589844,2.5837953090667725,12.7255859375,32.94101166725159
155,1,742.7384643554688,271.8193359375,75.283203125,121.59152221679688
155,3,401.8304443359375,3.216454029083252,13.3062744140625,33.39156675338745
156,1,751.3770141601562,272.4496154785156,71.296630859375,121.8538818359375
156,3,402.8421325683594,3.18173885345459,13.36309814453125,33.07148456573486
156,4,0.0,205.27975463867188,22.38451385498047,55.688201904296875
157,1,760.7324829101562,273.9403381347656,66.9127197265625,119.37661743164062
157,3,403.5549011230469,3.6224365234375,13.271820068359375,33.16142272949219
157,4,0.0,199.1796417236328,27.329137802124023,61.42042541503906
158,1,769.8933715820312,276.17706298828125,61.96697998046875,117.24346923828125
158,4,0.0,187.0499267578125,28.309537887573242,75.27001953125
158,3,404.0704345703125,3.8700263500213623,13.091156005859375,33.026965379714966
159,1,777.4574584960938,278.1219482421875,58.536865234375,121.42449951171875
159,4,0.0,169.88595581054688,29.7128963470459,94.44107055664062
159,3,405.3125305175781,4.500020503997803,12.247314453125,32.5174355506897
160,1,776.4314575195312,281.1905517578125,63.3673095703125,126.47561645507812
160,4,0.027001895010471344,170.8106231689453,30.753464184701443,93.39192199707031
160,3,405.656005859375,4.422898769378662,12.353179931640625,32.99469995498657
161,1,775.1397705078125,283.9732971191406,72.23297119140625,130.484375
161,4,0.016978705301880836,169.76187133789062,31.831062829121947,94.83770751953125
161,3,406.164794921875,5.790474891662598,12.413848876953125,31.83816432952881
162,1,776.1506958007812,287.333251953125,78.750244140625,129.8465576171875
162,4,0.07675176113843918,168.60008239746094,30.7867526486516,95.70393371582031
162,3,407.4251403808594,6.115285873413086,12.21783447265625,31.614206314086914
163,1,777.4862670898438,290.0687561035156,77.9395751953125,128.89804077148438
163,4,0.20437203347682953,168.52899169921875,30.241459265351295,95.43109130859375
163,3,408.5168762207031,6.696977615356445,12.477264404296875,31.800920486450195
164,1,779.0376586914062,293.309326171875,76.32666015625,128.69265747070312
164,4,0.64156574010849,167.81704711914062,28.37097316980362,96.18276977539062
164,3,409.5734558105469,7.665591716766357,12.04400634765625,30.99567461013794
165,1,783.1699829101562,296.1806640625,72.38714599609375,130.8536376953125
165,4,4.012643337249756,167.26760864257812,27.44166612625122,98.62307739257812
165,3,409.8422546386719,6.909235000610352,12.3607177734375,32.23033332824707
166,4,5.95968770980835,167.8656463623047,30.373228549957275,98.38716125488281
166,1,789.4482421875,297.9913024902344,66.07794189453125,130.00076293945312
166,3,410.8818054199219,6.206897735595703,12.50762939453125,33.77349853515625
167,4,6.8462018966674805,168.80613708496094,38.67585468292236,97.70790100097656
167,1,797.573486328125,307.0831604003906,58.03497314453125,120.357177734375
167,3,411.0801696777344,6.171836853027344,12.553436279296875,34.082305908203125
168,4,13.58856201171875,170.54367065429688,47.74853515625,97.55734252929688
168,1,815.5025024414062,320.6379089355469,40.25152587890625,107.67813110351562
168,3,412.3957824707031,6.719922065734863,12.78961181640625,34.648329734802246
169,4,4.5185627937316895,172.0654754638672,61.31457471847534,97.45866394042969
169,3,413.01214599609375,6.639180660247803,12.964447021484375,35.191771030426025
169,1,824.6717529296875,330.400390625,30.96759033203125,97.44796752929688
170,4,14.05773639678955,173.76084899902344,53.82305431365967,96.51161193847656
170,3,413.8881530761719,6.505995273590088,12.67205810546875,35.23705816268921
170,1,825.896484375,334.0057067871094,29.7646484375,94.6123046875
171,4,19.133342742919922,173.78807067871094,49.68143844604492,97.16215515136719
171,3,413.8817443847656,6.516391754150391,13.224639892578125,35.506893157958984
171,1,825.6133422851562,339.4929504394531,30.03656005859375,90.79373168945312
172,4,17.31901741027832,173.11866760253906,51.66824913024902,97.94306945800781
172,3,414.01019287109375,7.083624362945557,13.322845458984375,35.300694942474365
172,1,824.0792236328125,345.3325500488281,31.62396240234375,84.45474243164062
173,4,28.12645721435547,173.85826110839844,41.078704833984375,97.01756286621094
173,3,415.19647216796875,8.189655303955078,12.8121337890625,34.32439041137695
173,1,824.8717651367188,358.0492858886719,30.79107666015625,71.64459228515625
174,4,34.06080627441406,172.53115844726562,34.32496643066406,99.2655029296875
174,3,415.11920166015625,8.16574478149414,13.73370361328125,35.14727020263672
175,4,37.98322296142578,173.11546325683594,30.257408142089844,96.98597717285156
175,3,416.7354431152344,9.485132217407227,12.863739013671875,33.56992149353027
176,4,40.445953369140625,173.13832092285156,32.15205383300781,96.27348327636719
176,3,417.5614929199219,9.83590316772461,13.00341796875,34.10017013549805
177,4,43.64027786254883,172.2829132080078,36.22946548461914,96.91313171386719
177,3,418.5382080078125,10.902783393859863,12.23956298828125,33.42008113861084
178,4,46.543113708496094,173.1071014404297,40.728004455566406,96.10481262207031
178,3,418.9631652832031,11.116525650024414,12.510345458984375,33.601484298706055
179,4,49.431396484375,174.5801239013672,47.60832214355469,95.76719665527344
179,3,419.7068176269531,11.21359920501709,12.78814697265625,33.81679630279541
180,4,51.86002731323242,173.4642333984375,51.80826950073242,97.9051513671875
180,3,420.18670654296875,11.182887077331543,12.587310791015625,34.1599702835083
181,4,52.5910530090332,174.9785614013672,55.84242630004883,96.23173522949219
181,3,421.0831298828125,11.640256881713867,12.334503173828125,34.15328025817871
182,4,52.48580551147461,175.86952209472656,58.12546157836914,95.61988830566406
182,3,421.65576171875,11.311098098754883,12.13153076171875,35.02340126037598
183,4,53.81120300292969,175.12831115722656,57.91553497314453,97.00450134277344
183,3,422.0691223144531,11.681690216064453,11.927276611328125,34.89351272583008
184,4,59.386138916015625,175.235595703125,51.928619384765625,97.11614990234375
184,3,422.51092529296875,11.567010879516602,11.884368896484375,35.18782615661621
185,4,65.76349639892578,175.38076782226562,46.16252899169922,96.81512451171875
185,3,422.9575500488281,11.838627815246582,12.41015625,35.93818187713623
186,4,71.99592590332031,175.9672088623047,39.334495544433594,96.36756896972656
186,3,423.6603698730469,13.095039367675781,12.189361572265625,34.90836715698242
187,4,79.25359344482422,175.42698669433594,29.693191528320312,96.17515563964844
187,3,424.185791015625,13.611888885498047,12.488037109375,34.713043212890625
188,4,82.36421966552734,175.52052307128906,28.355819702148438,98.76451110839844
188,3,424.7509460449219,13.503484725952148,13.008453369140625,35.007577896118164
189,4,87.77556610107422,174.7487030029297,28.104400634765625,100.70036315917969
189,3,425.4700927734375,14.115433692932129,12.90673828125,34.45693492889404
190,4,89.5587158203125,175.53213500976562,32.557342529296875,99.726806640625
190,3,426.0713806152344,13.967785835266113,12.980377197265625,35.07850170135498
191,4,89.55680084228516,175.83175659179688,42.87676239013672,99.763427734375
191,3,426.6590881347656,14.27495002746582,12.782196044921875,35.03483009338379
192,4,95.5110092163086,178.67190551757812,53.719398498535156,98.76370239257812
192,3,428.28082275390625,14.423070907592773,12.522491455078125,36.434255599975586
193,4,95.71699523925781,178.97274780273438,55.9697265625,98.94119262695312
193,3,428.6184387207031,14.536967277526855,13.10455322265625,36.903958320617676
194,4,96.05455017089844,180.25770568847656,59.684326171875,99.00926208496094
194,3,429.79730224609375,15.707601547241211,12.801025390625,35.847333908081055
195,4,99.54240417480469,178.4813690185547,57.601043701171875,100.43132019042969
195,3,429.77386474609375,15.692305564880371,13.97967529296875,36.15653324127197
196,4,104.11579895019531,180.3863067626953,53.124725341796875,97.60072326660156
196,3,430.7134704589844,16.422693252563477,13.48065185546875,35.69317817687988
197,4,111.88624572753906,179.33843994140625,45.38018798828125,98.30978393554688
197,3,431.3690185546875,16.466636657714844,13.49237060546875,36.34725570678711
198,4,119.61785888671875,179.01516723632812,37.03880310058594,99.1837158203125
198,3,431.62652587890625,17.235671997070312,13.85052490234375,36.375911712646484
199,4,124.93121337890625,178.42591857910156,31.471710205078125,99.91535949707031
199,3,431.8589782714844,17.411745071411133,13.844970703125,36.56512641906738
200,4,127.80099487304688,177.73692321777344,31.396621704101562,100.51255798339844
200,3,433.5014953613281,17.957683563232422,12.8319091796875,36.648372650146484
201,4,130.7298126220703,178.2977294921875,33.887359619140625,99.32540893554688
201,3,434.3963317871094,17.02029800415039,12.92413330078125,37.85823059082031
202,4,133.0130615234375,179.3417510986328,36.41993713378906,98.50953674316406
202,3,435.21722412109375,17.142494201660156,12.92340087890625,38.03676223754883
203,4,136.5707244873047,179.24383544921875,45.385650634765625,99.58636474609375
203,3,435.8360900878906,17.47032928466797,12.76593017578125,38.50825119018555
204,4,138.86276245117188,181.06655883789062,52.04051208496094,98.71640014648438
204,3,436.81280517578125,17.788049697875977,12.3310546875,38.738882064819336
205,4,138.90505981445312,181.60643005371094,56.4935302734375,99.26737976074219
205,3,437.5678405761719,18.596960067749023,12.69097900390625,38.21648597717285
206,4,139.2523651123047,181.29837036132812,58.916534423828125,99.64309692382812
206,3,438.2200927734375,18.89504051208496,12.861358642578125,37.983633041381836
207,4,140.28858947753906,182.80709838867188,60.4669189453125,99.31271362304688
207,3,438.6672058105469,19.401885986328125,13.738677978515625,37.93593215942383
208,4,143.74002075195312,182.11434936523438,58.6552734375,100.15542602539062
208,3,439.1625061035156,20.058063507080078,13.81256103515625,37.84357833862305
209,4,149.4919891357422,183.10098266601562,51.37628173828125,98.977783203125
209,3,439.58245849609375,19.546873092651367,14.832763671875,39.09836769104004
210,4,155.9469757080078,183.403564453125,45.00628662109375,99.24447631835938
210,3,440.3464660644531,19.62944793701172,14.537567138671875,39.125144958496094
211,4,164.70054626464844,181.87863159179688,36.25053405761719,101.72314453125
211,3,440.9933776855469,19.234254837036133,14.97381591796875,40.30746269226074
212,4,171.834716796875,182.74905395507812,29.429534912109375,100.12167358398438
212,3,441.4767761230469,18.92742347717285,14.983795166015625,41.14544105529785
213,4,174.8415069580078,182.07882690429688,29.048416137695312,102.80987548828125
213,3,442.07244873046875,20.16541290283203,14.81036376953125,40.11643981933594
214,4,177.28688049316406,182.3578643798828,32.73027038574219,103.33674621582031
214,3,442.63385009765625,21.583566665649414,14.875762939453125,39.42863655090332
215,4,178.91543579101562,180.7300262451172,42.35893249511719,106.07106018066406
215,3,443.88134765625,21.365673065185547,14.96417236328125,40.56541061401367
216,4,179.0748291015625,185.39535522460938,60.45375061035156,102.336181640625
216,3,445.5721740722656,23.203994750976562,14.47210693359375,39.627193450927734
217,4,180.93743896484375,185.75941467285156,62.07861328125,102.22883605957031
217,3,446.3093566894531,22.892353057861328,14.60595703125,40.39243698120117
218,4,185.26364135742188,185.96353149414062,61.28863525390625,102.1907958984375
218,3,447.2401123046875,22.848718643188477,14.354766845703125,41.07975959777832
219,4,188.18560791015625,187.62826538085938,59.34307861328125,101.35690307617188
219,3,448.0419616699219,22.747455596923828,14.452667236328125,41.8187141418457
220,4,192.99716186523438,186.3018341064453,54.44371032714844,102.83979797363281
220,3,449.0917053222656,23.425701141357422,14.53631591796875,42.02509689331055
221,4,200.18849182128906,186.9684295654297,48.41131591796875,103.55259704589844
221,3,449.6304931640625,24.535085678100586,14.749298095703125,41.46731758117676
222,4,207.9521026611328,185.82623291015625,39.23976135253906,104.78665161132812
222,3,450.34619140625,25.197402954101562,14.732330322265625,41.07532501220703
223,4,216.95863342285156,186.1907501220703,29.425811767578125,103.97282409667969
223,3,451.15716552734375,26.774484634399414,14.668426513671875,40.08429527282715
224,4,220.20022583007812,186.08517456054688,30.666000366210938,103.15652465820312
224,3,451.93634033203125,26.315227508544922,15.075775146484375,41.38557815551758
225,4,222.8238525390625,186.39710998535156,34.88323974609375,102.92103576660156
225,3,452.8849792480469,26.47858238220215,15.07379150390625,41.70426368713379
226,4,226.018798828125,187.17181396484375,42.9813232421875,101.31295776367188
226,3,453.4896240234375,26.58216667175293,15.42340087890625,41.96206855773926
227,4,228.7469940185547,188.4274139404297,47.00193786621094,100.76261901855469
227,3,454.2236633300781,26.825946807861328,15.130859375,42.34159469604492
228,4,230.20785522460938,189.4169158935547,53.394073486328125,100.96937561035156
228,3,454.9769287109375,27.70458984375,15.30279541015625,41.95752716064453
229,4,230.589599609375,190.0703887939453,58.606658935546875,100.49031066894531
229,3,455.7255554199219,27.71938705444336,15.69970703125,42.2446403503418
230,3,456.3623962402344,28.586753845214844,16.298736572265625,41.966033935546875
230,4,229.95205688476562,190.68812561035156,62.77459716796875,100.80265808105469
231,4,231.2344970703125,190.99534606933594,64.63409423828125,102.06166076660156
231,3,457.4146728515625,29.288333892822266,15.4512939453125,41.810062408447266
232,4,236.3957977294922,190.99842834472656,61.05772399902344,102.79447937011719
232,3,457.87225341796875,29.95301628112793,16.233612060546875,41.68996620178223
233,4,241.4624786376953,191.12210083007812,56.61860656738281,102.83248901367188
233,3,458.7702941894531,30.389326095581055,16.223724365234375,41.73729133605957
234,4,247.541259765625,191.44175720214844,50.6002197265625,103.22767639160156
234,3,459.75958251953125,31.951343536376953,16.185028076171875,40.70890426635742
235,4,258.09393310546875,190.62042236328125,37.326934814453125,104.53802490234375
235,3,460.47686767578125,31.93706512451172,16.25994873046875,41.178497314453125
236,4,267.2963562011719,190.568359375,28.696044921875,104.35903930664062
236,3,461.77001953125,33.64799880981445,15.971649169921875,40.01607131958008
237,4,271.41009521484375,190.5896453857422,29.500274658203125,106.16560363769531
237,3,462.365234375,34.77067565917969,15.854156494140625,39.381492614746094
238,3,462.7771911621094,34.83388137817383,16.68194580078125,40.327213287353516
238,4,274.17230224609375,190.15203857421875,31.63397216796875,106.66921997070312
239,4,275.45709228515625,192.5222930908203,39.652130126953125,106.23408508300781
239,3,463.24603271484375,34.711177825927734,16.7908935546875,40.93796920776367
240,4,274.39898681640625,193.4009246826172,61.484100341796875,107.43986511230469
240,3,464.02203369140625,36.067481994628906,17.10406494140625,41.00768280029297
241,4,274.9879150390625,194.9267578125,65.1429443359375,106.19473266601562
241,3,465.2650451660156,36.37804412841797,17.084716796875,41.85900115966797
242,4,277.9357604980469,196.69027709960938,63.93365478515625,105.09341430664062
242,3,465.8462829589844,37.83455276489258,17.235107421875,41.1445426940918
243,4,281.15673828125,196.3822479248047,61.124237060546875,106.10728454589844
243,3,466.4952087402344,40.67023849487305,17.551666259765625,39.3046989440918
244,4,286.9619140625,196.58201599121094,56.2039794921875,106.18611145019531
244,3,466.4364318847656,42.161346435546875,19.2408447265625,37.86487579345703
245,4,294.0484619140625,196.79931640625,48.5064697265625,106.4852294921875
245,3,466.8022766113281,42.53078079223633,20.34405517578125,38.02860641479492
246,4,302.59600830078125,197.4197998046875,39.936920166015625,104.87539672851562
246,3,466.9836120605469,43.879756927490234,21.18597412109375,37.14744186401367
247,4,314.3441467285156,196.4599609375,30.254852294921875,106.40383911132812
247,3,467.49566650390625,44.07327651977539,21.97528076171875,37.881778717041016
248,4,318.4565124511719,197.17440795898438,31.0123291015625,103.696533203125
248,3,469.4829406738281,44.63106155395508,21.91357421875,37.86642837524414
249,4,322.7645263671875,195.90274047851562,32.516204833984375,105.3226318359375
249,3,471.9773254394531,45.16152572631836,20.871185302734375,38.552066802978516
250,4,323.85223388671875,198.0211639404297,43.167633056640625,103.17970275878906
250,3,474.35943603515625,45.009883880615234,20.80731201171875,40.386600494384766
251,3,476.6658020019531,45.19529342651367,20.07843017578125,40.10713577270508
251,4,323.94061279296875,198.06204223632812,51.010498046875,104.0181884765625
252,4,324.8978271484375,198.70086669921875,58.11480712890625,104.01400756835938
252,3,478.3033447265625,45.82604217529297,19.95245361328125,39.853599548339844
253,4,323.3313293457031,198.89569091796875,64.88055419921875,103.87747192382812
253,3,480.480712890625,45.56843566894531,19.52264404296875,41.89508056640625
254,3,481.4842529296875,46.861637115478516,19.56475830078125,41.30238723754883
254,4,323.6278076171875,199.8395538330078,68.15216064453125,102.92524719238281
255,3,482.9080810546875,47.97491455078125,19.677825927734375,40.65321350097656
255,4,327.7588806152344,200.44349670410156,66.84210205078125,102.68186950683594
256,4,331.2119445800781,199.45860290527344,65.87130737304688,104.19154357910156
256,3,484.9774169921875,48.47312927246094,18.60296630859375,41.00859832763672
257,4,341.1706848144531,199.54319763183594,55.737579345703125,104.62623596191406
257,3,486.6686706542969,49.08134460449219,18.369659423828125,41.509490966796875
258,4,350.08477783203125,199.39657592773438,45.487091064453125,104.72174072265625
258,3,488.20635986328125,49.4858512878418,17.74365234375,42.23976516723633
259,4,359.8333740234375,199.72129821777344,34.3902587890625,104.49647521972656
259,3,489.16644287109375,50.49876022338867,19.0531005859375,41.8048210144043
260,3,490.045654296875,52.4959716796875,19.16241455078125,40.64134216308594
260,4,368.8238220214844,198.6202392578125,29.940765380859375,105.10308837890625
261,4,372.2762756347656,198.80142211914062,32.0999755859375,108.2669677734375
261,3,491.4156494140625,53.65255355834961,18.985992431640625,40.47823715209961
262,3,492.3617248535156,54.395931243896484,19.125579833984375,41.545467376708984
262,4,373.9345397949219,199.49668884277344,35.05206298828125,107.76188659667969
263,3,492.8260498046875,57.300201416015625,19.718994140625,38.86809539794922
263,4,374.5440368652344,200.03904724121094,45.8594970703125,108.34785461425781
264,4,374.631103515625,202.23263549804688,62.5146484375,104.40216064453125
264,3,492.6783447265625,56.20399475097656,24.7218017578125,42.62836456298828
265,4,374.7060241699219,202.5404052734375,65.74053955078125,104.84375
265,3,493.80328369140625,56.60438537597656,25.71221923828125,43.407012939453125
266,3,496.24017333984375,56.2125358581543,25.7159423828125,44.56233596801758
266,4,376.97918701171875,203.0588836669922,63.208892822265625,103.60572814941406
267,4,380.8382873535156,203.58465576171875,58.800628662109375,104.5186767578125
267,3,500.023193359375,56.858314514160156,24.745361328125,45.38433837890625
268,4,388.0224609375,203.24644470214844,52.69989013671875,104.34010314941406
268,3,503.57037353515625,57.27659225463867,23.59637451171875,45.81021499633789
269,3,506.1640625,57.36323547363281,23.01507568359375,47.02007293701172
269,4,393.9952087402344,203.4585723876953,48.10101318359375,104.37626647949219
270,4,403.08892822265625,202.83517456054688,41.580780029296875,105.397216796875
270,3,509.09210205078125,58.146507263183594,21.8306884765625,46.96807861328125
271,4,412.69012451171875,202.08441162109375,36.22607421875,105.0811767578125
271,3,511.5364685058594,59.351341247558594,21.629425048828125,46.577781677246094
272,3,513.8104248046875,59.83080291748047,20.8961181640625,47.39056396484375
272,4,421.552978515625,203.1173095703125,36.48101806640625,104.44937133789062
273,4,422.71160888671875,201.4350128173828,43.911865234375,106.17216491699219
273,3,516.2609252929688,59.88356018066406,20.65008544921875,48.41107177734375
274,4,424.3230895996094,202.8144989013672,50.838470458984375,104.48509216308594
274,3,518.3864135742188,60.810977935791016,20.4552001953125,48.501033782958984
275,3,519.8355102539062,61.92989730834961,21.57159423828125,49.048709869384766
275,4,424.579345703125,203.74404907226562,55.241912841796875,103.16351318359375
276,4,422.9795837402344,203.7445831298828,65.01864624023438,103.81077575683594
276,3,521.6586303710938,63.007869720458984,21.51690673828125,48.82375717163086
277,4,424.8503112792969,205.0098876953125,68.90380859375,102.19793701171875
277,3,523.8097534179688,63.837650299072266,21.28466796875,48.999324798583984
278,4,423.8207092285156,205.9497833251953,71.6702880859375,101.69218444824219
278,3,525.4683227539062,64.54694366455078,21.4056396484375,49.397499084472656
279,3,527.3421020507812,66.20156860351562,21.78192138671875,48.854164123535156
279,4,426.4476013183594,205.61671447753906,69.84304809570312,102.58375549316406
280,4,434.4658203125,203.6839141845703,62.85064697265625,104.14039611816406
280,3,529.276611328125,68.8929443359375,22.60589599609375,49.6060791015625
281,3,530.0167236328125,71.2109375,23.66845703125,48.01300048828125
281,4,438.1398620605469,204.3949432373047,57.455841064453125,102.73918151855469
282,3,530.5924682617188,71.88284301757812,25.5296630859375,48.09843444824219
282,4,446.9381103515625,203.6201171875,48.501495361328125,103.60302734375
283,3,530.5725708007812,72.76092529296875,28.42236328125,48.81536865234375
283,4,458.2985534667969,203.56753540039062,37.45867919921875,102.22634887695312
284,4,464.56982421875,203.13375854492188,35.3062744140625,103.255126953125
284,3,531.9227294921875,71.83273315429688,31.19287109375,51.152252197265625
285,4,470.2311096191406,202.24586486816406,33.70013427734375,107.07862854003906
285,3,535.4365844726562,71.00897979736328,31.52740478515625,53.04615783691406
286,3,541.3558349609375,71.7864761352539,28.34075927734375,54.42273712158203
286,4,470.42236328125,203.26268005371094,37.5057373046875,104.81874084472656
287,3,546.8768310546875,71.30907440185547,27.30804443359375,58.136070251464844
287,4,470.2785949707031,204.21473693847656,44.238739013671875,104.29676818847656
288,4,470.16009521484375,207.12452697753906,62.84423828125,102.04713439941406
288,3,553.1968383789062,72.87371063232422,27.38116455078125,58.185630798339844
289,4,469.48828125,208.846923828125,65.52288818359375,100.90475463867188
289,3,556.391845703125,72.99540710449219,26.35498046875,58.92433166503906
290,4,471.0042724609375,209.24766540527344,65.04388427734375,101.12651062011719
290,3,559.864501953125,74.25437927246094,25.4384765625,59.24565124511719
291,4,474.5354919433594,208.49330139160156,61.538421630859375,101.69572448730469
291,3,563.0048217773438,76.58722686767578,24.162109375,58.555442810058594
292,3,565.3345336914062,77.6381607055664,24.0509033203125,59.82788848876953
292,4,478.3771057128906,209.0645751953125,58.397003173828125,100.58135986328125
293,3,568.8208618164062,77.52767944335938,22.67449951171875,62.245086669921875
293,4,486.3979797363281,208.90911865234375,53.144561767578125,100.64532470703125
294,3,571.0511474609375,79.12357330322266,23.42437744140625,63.15308380126953
294,4,495.5003662109375,208.18727111816406,46.4073486328125,102.10328674316406
295,3,575.1338500976562,80.71663665771484,22.01812744140625,63.126060485839844
295,4,506.79132080078125,208.78573608398438,39.86285400390625,101.478271484375
296,3,578.937744140625,81.29257202148438,21.08197021484375,62.538909912109375
296,4,514.9610595703125,207.76893615722656,38.82000732421875,100.18931579589844
297,3,581.5347290039062,82.35353088378906,22.70306396484375,64.58375549316406
297,4,518.48681640625,207.66827392578125,42.88031005859375,103.15386962890625
297,5,0.02062929980456829,285.8581237792969,21.937691317871213,72.6719970703125
298,3,584.9451293945312,83.15087127685547,22.22198486328125,64.68050384521484
298,4,520.6529541015625,208.4562530517578,49.6348876953125,101.51451110839844
298,5,0.0,270.6195373535156,27.314857482910156,91.79989624023438
299,3,587.3963012695312,84.30663299560547,23.64105224609375,65.61258697509766
299,4,519.80615234375,209.2058868408203,56.43359375,101.26759338378906
299,5,0.03907104954123497,256.2127685546875,31.464968714863062,108.5458984375
300,3,591.90673828125,86.4061508178711,22.7490234375,66.0367202758789
300,4,519.6026611328125,210.63528442382812,63.09808349609375,99.95712280273438
300,5,0.0,252.720703125,33.38236999511719,113.42742919921875
301,3,594.9766235351562,88.47323608398438,22.90386962890625,65.29472351074219
301,4,519.6543579101562,211.36207580566406,66.36956787109375,99.46607971191406
301,5,0.0,252.545654296875,35.926918029785156,115.96298217773438
302,3,597.4873657226562,89.3892593383789,24.13311767578125,65.65038299560547
302,4,520.234619140625,211.0563201904297,69.798095703125,99.46260070800781
302,5,0.0,238.20265197753906,35.70667266845703,130.61439514160156
303,3,601.7528076171875,90.5921630859375,23.11785888671875,66.046142578125
303,5,0.0,236.69198608398438,35.46108627319336,133.05374145507812
303,4,521.4375610351562,211.54881286621094,72.42919921875,99.37660217285156
304,3,604.1755981445312,91.78985595703125,24.6031494140625,67.44425964355469
304,5,0.0,236.36016845703125,35.538448333740234,134.16046142578125
304,4,526.9446411132812,210.62608337402344,68.2342529296875,99.69349670410156
305,5,0.0,237.77096557617188,36.31980895996094,132.42401123046875
305,3,607.88818359375,93.0127182006836,24.55426025390625,66.7229232788086
305,4,532.6180419921875,210.51136779785156,65.80902099609375,100.22544860839844
306,5,0.0,238.67478942871094,38.94679641723633,131.8331756591797
306,3,610.95361328125,94.46061706542969,26.03240966796875,68.41392517089844
306,4,542.2940673828125,210.55311584472656,52.0247802734375,99.31346130371094
307,5,0.029098883271217346,238.42852783203125,41.582618340849876,134.88064575195312
307,3,614.8679809570312,95.63397979736328,25.7764892578125,69.29479217529297
307,4,550.1904296875,209.99525451660156,42.68194580078125,99.45158386230469
308,5,0.05774112045764923,240.65574645996094,43.932951018214226,138.16981506347656
308,3,618.9563598632812,98.53142547607422,25.51007080078125,68.11669158935547
308,4,559.43701171875,209.50039672851562,33.694091796875,100.75424194335938
309,5,0.10904841870069504,241.9114532470703,45.79566425830126,141.91212463378906
309,3,623.48974609375,99.53804779052734,25.135009765625,68.8722152709961
309,4,563.9474487304688,209.87449645996094,34.43072509765625,102.57102966308594
310,5,0.28426674008369446,244.05564880371094,47.756584852933884,144.22837829589844
310,3,626.64404296875,99.97245025634766,26.49932861328125,71.14287567138672
310,4,565.5929565429688,209.52052307128906,36.95538330078125,101.94657897949219
311,5,1.0438122749328613,246.498046875,51.72315549850464,142.56918334960938
311,3,629.0123291015625,103.24274444580078,27.99566650390625,69.6511001586914
311,4,564.5170288085938,209.62930297851562,41.892578125,102.44122314453125
312,5,5.175886631011963,250.68896484375,57.42583608627319,140.81805419921875
312,4,564.6182861328125,211.6350555419922,57.78076171875,100.38301086425781
312,3,635.8695678710938,106.44190979003906,29.91961669921875,70.73387145996094
313,5,7.586056709289551,251.77578735351562,56.40356731414795,141.08001708984375
313,3,639.6961059570312,108.36182403564453,31.5853271484375,70.1286392211914
313,4,563.9931640625,212.13082885742188,61.525634765625,100.09027099609375
314,5,8.58230972290039,253.3214874267578,55.68124008178711,139.1920928955078
314,3,644.3110961914062,110.73843383789062,31.73248291015625,69.96063232421875
314,4,565.6229858398438,213.76416015625,60.56524658203125,99.41909790039062
315,5,10.259273529052734,254.06893920898438,53.99168014526367,139.33224487304688
315,3,646.8514404296875,112.14756774902344,33.9149169921875,72.14552307128906
315,4,566.247802734375,214.38815307617188,61.161376953125,99.306884765625
316,5,11.806207656860352,256.0177917480469,52.06774711608887,137.11712646484375
316,3,652.472412109375,112.18737030029297,32.6038818359375,74.5447769165039
316,4,573.9459228515625,214.14846801757812,55.494140625,99.314453125
317,5,14.840611457824707,256.63079833984375,49.63200664520264,136.94317626953125
317,3,658.9199829101562,113.85784149169922,31.03936767578125,74.78594207763672
317,4,580.944091796875,213.5279083251953,51.85931396484375,100.18336486816406
318,5,18.0900936126709,256.8836364746094,52.66521644592285,135.927490234375
318,3,662.8035278320312,117.01087188720703,32.21746826171875,73.73783111572266
318,4,587.1824340820312,212.42330932617188,48.63311767578125,101.447509765625
319,5,19.885997772216797,257.419921875,59.302555084228516,136.16781616210938
319,3,669.7578125,118.64573669433594,31.1773681640625,74.64329528808594
319,4,596.4971923828125,212.87454223632812,42.78204345703125,101.55105590820312
320,5,22.01784896850586,259.6424255371094,64.39230728149414,138.38006591796875
320,3,673.51953125,120.24828338623047,31.51190185546875,75.47696685791016
320,4,606.6552124023438,212.91810607910156,37.43505859375,99.68843078613281
321,5,24.21347427368164,261.76708984375,67.1640739440918,141.97067260742188
321,3,680.0540771484375,122.49048614501953,29.9578857421875,75.68712615966797
321,4,610.3286743164062,212.62667846679688,42.41656494140625,102.03744506835938
322,5,26.991395950317383,263.65179443359375,66.59077262878418,144.80154418945312
322,3,684.9430541992188,123.77192687988281,30.53424072265625,76.53340148925781
322,4,611.876220703125,212.70669555664062,48.59124755859375,100.05560302734375
323,5,30.229236602783203,266.0198059082031,64.28004837036133,145.72976684570312
323,3,692.279541015625,126.88484954833984,27.8944091796875,76.81864166259766
323,4,610.9131469726562,213.64559936523438,57.4326171875,99.43106079101562
324,5,31.783138275146484,268.05950927734375,62.880741119384766,147.12060546875
324,3,696.1886596679688,128.00979614257812,29.70465087890625,79.33203125
324,4,611.6032104492188,214.98959350585938,60.35235595703125,98.40213012695312
325,5,33.981201171875,269.93310546875,60.948631286621094,147.01535034179688
325,3,701.6585693359375,130.41944885253906,29.5399169921875,78.70524597167969
325,4,613.89794921875,216.68069458007812,62.60406494140625,96.30914306640625
326,5,36.9028205871582,271.21453857421875,57.58646774291992,145.98605346679688
326,3,707.214599609375,131.9086456298828,29.37518310546875,79.59342956542969
326,4,610.6126098632812,215.7395477294922,69.46435546875,98.30009460449219
327,3,713.9463500976562,134.05422973632812,27.95330810546875,80.89250183105469
327,5,39.2981071472168,272.29803466796875,55.52139663696289,144.71279907226562
327,4,611.7245483398438,215.9784698486328,71.080078125,98.08799743652344
328,5,42.50851821899414,273.83013916015625,52.79201889038086,144.09405517578125
328,3,718.9135131835938,136.2377471923828,28.84423828125,81.63729858398438
328,4,617.232421875,216.9357147216797,68.76727294921875,97.29170227050781
329,3,722.2778930664062,138.20956420898438,30.82501220703125,82.00279235839844
329,5,44.216922760009766,275.7934875488281,52.18148422241211,142.03762817382812
329,4,623.952392578125,215.6087646484375,63.77630615234375,97.02182006835938
330,3,726.6436157226562,140.50469970703125,31.81524658203125,81.40129089355469
330,5,47.2099609375,277.10498046875,51.687225341796875,144.60934448242188
330,4,630.066162109375,213.07623291015625,58.25738525390625,99.21307373046875
331,5,48.545005798339844,278.7459411621094,52.33489990234375,151.95150756835938
331,3,734.0144653320312,143.05502319335938,30.65673828125,81.8507080078125
331,4,638.490234375,214.85610961914062,47.1116943359375,97.72970581054688
332,5,51.20466613769531,281.2037658691406,51.642616271972656,157.90567016601562
332,3,733.901611328125,145.34922790527344,36.7010498046875,82.90660095214844
332,4,647.0530395507812,215.26612854003906,38.06536865234375,96.66380310058594
332,6,0.016944266855716705,346.290283203125,25.920311592519283,123.1033935546875
333,3,743.1906127929688,146.34080505371094,32.77301025390625,85.64376831054688
333,5,52.86591720581055,283.8941345214844,52.97756576538086,161.02325439453125
333,4,652.0472412109375,215.2877960205078,36.04913330078125,99.78083801269531
333,6,0.19003625214099884,338.5835266113281,32.727108523249626,134.48251342773438
334,5,54.53725051879883,286.6980895996094,53.6577033996582,158.69857788085938
334,3,746.0175170898438,151.2503662109375,36.59222412109375,83.13638305664062
334,4,651.9073486328125,215.0869140625,40.05596923828125,99.201416015625
334,6,0.036784008145332336,347.5624694824219,33.83584325015545,127.68734741210938
335,5,56.054473876953125,291.0556640625,56.43254089355469,157.14035034179688
335,3,755.2006225585938,151.8788604736328,34.7060546875,86.02743530273438
335,4,651.4334716796875,216.10623168945312,44.1646728515625,98.76220703125
335,6,0.11197323352098465,353.2281799316406,33.45661883801222,123.69796752929688
336,3,765.1419677734375,159.25167846679688,34.97747802734375,83.64881896972656
336,5,60.63168716430664,296.19732666015625,56.94753646850586,156.3787841796875
336,4,651.9598388671875,217.08543395996094,54.78497314453125,97.43983459472656
336,6,0.14833375811576843,341.85504150390625,34.83231046795845,136.04873657226562
337,3,770.5264892578125,162.39598083496094,35.59039306640625,84.57675170898438
337,5,63.212162017822266,297.4865417480469,55.15578079223633,156.29092407226562
337,4,651.3756713867188,219.23434448242188,58.4884033203125,96.13198852539062
337,6,0.09942957758903503,344.50628662109375,34.31623890995979,133.76272583007812
338,3,776.1190185546875,162.44976806640625,36.92822265625,87.59461975097656
338,5,64.92617797851562,298.57769775390625,55.272430419921875,154.97695922851562
338,4,652.6498413085938,219.85479736328125,59.355712890625,95.76321411132812
338,6,0.17662140727043152,347.9142761230469,33.32055953145027,130.18536376953125
339,5,66.2718505859375,299.7580871582031,55.42759704589844,153.9766845703125
339,3,782.5552978515625,165.64212036132812,36.6927490234375,86.99629211425781
339,4,655.232421875,220.17532348632812,58.2413330078125,94.93267822265625
339,6,0.14726103842258453,347.1891174316406,33.12970505654812,130.90292358398438
340,3,788.5803833007812,166.6902313232422,36.41229248046875,91.63517761230469
340,5,68.88951110839844,302.0494689941406,54.337677001953125,151.86004638671875
340,4,658.5171508789062,219.66497802734375,59.03143310546875,95.67178344726562
340,6,0.0,335.68988037109375,34.6331672668457,143.76162719726562
341,5,70.3166275024414,302.9948425292969,57.33533477783203,150.98773193359375
341,3,795.512451171875,169.6958465576172,37.24688720703125,91.81687927246094
341,6,0.0,335.04168701171875,36.0597038269043,144.34112548828125
341,4,665.6201171875,219.49903869628906,54.911376953125,96.04856872558594
342,5,71.1416244506836,303.89080810546875,63.38086700439453,150.48516845703125
342,3,800.62841796875,171.8438262939453,38.43792724609375,90.91639709472656
342,4,671.6256103515625,217.65115356445312,52.06683349609375,96.74276733398438
342,6,0.0,336.7832336425781,35.85133361816406,142.72042846679688
343,5,73.29560089111328,306.2586669921875,68.13617706298828,156.33639526367188
343,3,807.5031127929688,176.32200622558594,38.9935302734375,92.36451721191406
343,4,680.556396484375,218.4998779296875,47.16845703125,97.06973266601562
343,6,0.0372597835958004,339.6656799316406,37.6105788089335,139.154052734375
344,5,75.7278060913086,308.67474365234375,70.2929916381836,161.29501342773438
344,3,813.267333984375,178.5747528076172,39.21282958984375,93.63197326660156
344,4,689.0108642578125,219.6361083984375,42.462158203125,95.00732421875
344,6,0.02924046665430069,342.6283264160156,38.4111777767539,136.11160278320312
345,5,77.82797241210938,312.99725341796875,69.46209716796875,161.2147216796875
345,3,820.2732543945312,182.28936767578125,35.29241943359375,91.66070556640625
345,6,0.0,345.2524719238281,38.11766052246094,133.5042724609375
345,4,696.2359619140625,219.72560119628906,39.142822265625,95.46330261230469
346,5,80.91669464111328,316.03753662109375,66.41638946533203,161.439453125
346,3,826.7352905273438,178.79989624023438,28.8876953125,100.0556640625
346,6,0.0,348.14495849609375,38.21282958984375,130.46145629882812
346,4,697.7752685546875,219.33950805664062,45.6514892578125,96.19024658203125
347,5,83.3978042602539,319.1600646972656,62.46417999267578,158.43734741210938
347,6,0.0,351.1654052734375,39.573204040527344,127.67337036132812
347,4,697.6444091796875,220.32676696777344,53.567626953125,94.51268005371094
347,3,832.5751953125,191.97267150878906,23.122314453125,88.39546203613281
348,5,86.2059555053711,321.2835693359375,58.14417266845703,156.48483276367188
348,4,697.9459838867188,221.281982421875,60.7166748046875,93.68026733398438
348,6,0.035408977419137955,354.6382751464844,40.709444995969534,123.68438720703125
348,3,839.7852172851562,196.8873748779297,15.91534423828125,83.30433654785156
349,5,87.94832611083984,323.34844970703125,58.651344299316406,154.8052978515625
349,4,697.861083984375,221.06410217285156,63.29791259765625,94.69709777832031
349,6,0.03666410595178604,357.746337890625,47.409171007573605,120.71649169921875
350,5,89.8843002319336,324.95233154296875,59.522132873535156,153.21084594726562
350,4,700.16455078125,223.61741638183594,62.640625,91.93196105957031
350,6,0.1412685513496399,360.25067138671875,53.02903860807419,118.7371826171875
351,5,93.02478790283203,327.505615234375,58.576271057128906,150.74188232421875
351,6,0.2091425508260727,362.01519775390625,56.17225469648838,116.52847290039062
351,4,700.2206420898438,223.04098510742188,67.3050537109375,92.77780151367188
352,5,93.58282470703125,328.4606018066406,60.10585021972656,149.44931030273438
352,6,0.04926898702979088,362.9779357910156,61.91362163797021,115.47235107421875
352,4,705.0543823242188,222.2590789794922,63.80340576171875,93.40568542480469
353,5,94.63848114013672,330.6487731933594,60.784706115722656,147.434814453125
353,6,0.19244319200515747,364.18798828125,62.79214161634445,114.5574951171875
353,4,709.6328735351562,220.364013671875,61.564697265625,95.59796142578125
354,5,97.2013168334961,332.44952392578125,59.24315643310547,144.9599609375
354,6,1.5634440183639526,366.10198974609375,65.64580738544464,112.3897705078125
354,4,718.7827758789062,221.69090270996094,51.9267578125,93.27488708496094
355,5,100.16378784179688,335.9488220214844,55.947509765625,141.61196899414062
355,4,725.781982421875,221.89527893066406,45.273681640625,93.09263610839844
355,6,3.948164701461792,368.1852722167969,65.18791317939758,110.36480712890625
356,5,102.46541595458984,339.0423889160156,57.524925231933594,138.56744384765625
356,4,731.5698852539062,220.26699829101562,40.67681884765625,96.08676147460938
356,6,6.623368740081787,371.28143310546875,65.36051034927368,106.80569458007812
357,5,103.98621368408203,342.9527587890625,58.28466033935547,134.66253662109375
357,4,736.0523071289062,221.03164672851562,39.045166015625,97.29815673828125
357,6,9.462388038635254,373.1890563964844,65.02051448822021,104.9686279296875
358,5,107.02029418945312,347.6171569824219,56.90812683105469,130.53036499023438
358,4,734.9158325195312,221.9508514404297,43.32440185546875,95.20545959472656
358,6,13.65491771697998,376.4676208496094,58.75444507598877,101.53399658203125
359,5,109.69839477539062,352.0848083496094,56.31401062011719,126.2864990234375
359,4,733.8857421875,222.188720703125,47.714599609375,95.5611572265625
359,6,17.107635498046875,380.0417175292969,62.88115692138672,97.88583374023438
360,5,114.55630493164062,358.1649169921875,57.19581604003906,120.30642700195312
360,4,734.01953125,223.96461486816406,55.80877685546875,92.65510559082031
360,6,25.055355072021484,385.2986755371094,60.75094223022461,93.20278930664062
361,4,733.8551635742188,225.2405242919922,59.29864501953125,91.33885192871094
361,5,115.71513366699219,360.5637512207031,58.953125,117.84213256835938
361,6,28.482799530029297,387.3944396972656,64.42694473266602,90.78338623046875
362,4,737.431884765625,225.4829559326172,58.39923095703125,91.51539611816406
362,5,117.8409423828125,361.7619323730469,59.59938049316406,115.84445190429688
362,6,31.45017433166504,389.9690856933594,68.96145439147949,87.61138916015625
363,5,119.96356201171875,363.8831787109375,58.87733459472656,113.76577758789062
363,4,740.6414794921875,225.72195434570312,60.5101318359375,91.91098022460938
363,6,33.654823303222656,391.6735534667969,67.98137664794922,86.42257690429688
364,4,745.6799926757812,225.96746826171875,58.72979736328125,91.96212768554688
364,5,122.79695892333984,366.9246826171875,58.805763244628906,111.18875122070312
364,6,35.959869384765625,393.3453674316406,73.97843933105469,85.167236328125
365,4,753.0736694335938,222.61534118652344,54.08355712890625,95.27912902832031
365,5,125.15742492675781,368.82952880859375,60.18345642089844,109.423095703125
365,6,38.234195709228516,395.69830322265625,67.3039436340332,82.91152954101562
366,4,761.2389526367188,222.93585205078125,49.59429931640625,95.2440185546875
366,5,128.54629516601562,371.3783264160156,59.24845886230469,107.13363647460938
366,6,41.021419525146484,398.5223388671875,61.8143196105957,80.645751953125
367,4,770.3593139648438,223.1670379638672,42.64520263671875,95.22377014160156
367,5,130.46954345703125,374.09295654296875,60.29432678222656,104.62844848632812
367,6,43.63500213623047,401.8528137207031,56.951560974121094,77.18023681640625
368,4,775.5224609375,224.08114624023438,41.41204833984375,93.52450561523438
368,5,133.94720458984375,377.4432067871094,59.9281005859375,101.14630126953125
368,6,46.69613265991211,406.0503845214844,57.7202033996582,73.05972290039062
369,4,776.4703979492188,224.128662109375,47.07061767578125,94.275634765625
369,5,137.86474609375,380.9802551269531,58.58380126953125,97.61318969726562
369,6,49.345848083496094,409.88177490234375,54.86707305908203,68.7664794921875
370,4,776.7747192382812,224.4475555419922,52.4805908203125,92.69859313964844
370,5,142.3977813720703,384.5484924316406,58.713104248046875,93.50827026367188
370,6,51.6590690612793,414.2051086425781,53.01753616333008,64.1966552734375
371,4,776.1356201171875,225.94830322265625,57.76458740234375,91.13442993164062
371,5,145.52346801757812,388.0762939453125,57.96348571777344,90.4375
371,6,54.41900634765625,417.76043701171875,54.351478576660156,60.676513671875
372,4,776.8092041015625,227.15277099609375,60.56201171875,90.02670288085938
372,5,148.29202270507812,391.3724670410156,61.005828857421875,87.23825073242188
372,6,55.96165084838867,421.6038513183594,54.35918045043945,57.03314208984375
373,4,776.0079956054688,226.49720764160156,64.2335205078125,92.01991271972656
373,5,152.18838500976562,393.8664245605469,62.078125,85.10107421875
373,6,58.272674560546875,425.2367858886719,54.89915466308594,53.3546142578125
374,4,779.8193969726562,228.5521240234375,62.94232177734375,88.97738647460938
374,5,155.89276123046875,396.054931640625,62.370330810546875,82.75796508789062
374,6,61.02412414550781,428.9119567871094,54.58527374267578,49.96923828125
375,4,784.5924682617188,227.91470336914062,59.05377197265625,89.63299560546875
375,5,159.23944091796875,398.0649719238281,62.837127685546875,81.13510131835938
375,6,63.84901809692383,431.96710205078125,53.06525802612305,46.8511962890625
376,4,793.0510864257812,227.65785217285156,51.8372802734375,88.31028747558594
376,5,163.3723907470703,400.0193786621094,62.63783264160156,78.79144287109375
376,6,67.0904769897461,434.71136474609375,50.75696563720703,43.958648681640625
377,4,797.119873046875,227.3213653564453,49.09759521484375,88.91923522949219
377,5,166.20913696289062,402.274169921875,64.37083435058594,76.61050415039062
377,6,69.59568786621094,437.0899963378906,52.62659454345703,41.83795166015625
378,4,802.5472412109375,226.6499786376953,44.92071533203125,89.22450256347656
378,5,169.9888458251953,405.1184997558594,64.4337158203125,73.31619262695312
378,6,72.99383544921875,440.3841857910156,52.42173767089844,38.508148193359375
379,4,809.2348022460938,227.1654815673828,39.07403564453125,90.21305847167969
379,5,172.25997924804688,409.458984375,66.76593017578125,69.32168579101562
379,6,76.61775207519531,444.11767578125,37.64508819580078,34.563323974609375
380,4,813.3017578125,226.9517822265625,37.50390625,92.31497192382812
380,5,176.0401611328125,413.5273742675781,66.89414978027344,65.55743408203125
380,6,79.44141387939453,447.755615234375,35.66145324707031,30.948486328125
381,4,811.2201538085938,226.90951538085938,43.02728271484375,92.57522583007812
381,5,179.73654174804688,419.1614074707031,67.04426574707031,59.44049072265625
381,6,83.40524291992188,451.9725341796875,34.16053771972656,27.05450439453125
382,4,811.47412109375,227.6316375732422,43.69537353515625,93.01612854003906
382,5,182.98037719726562,424.5123596191406,66.16450500488281,53.806060791015625
382,6,90.33121490478516,456.44561767578125,31.845611572265625,22.143707275390625
383,4,811.5889282226562,229.6592559814453,44.08673095703125,90.65992736816406
383,5,188.30523681640625,428.89013671875,64.71835327148438,50.016326904296875
383,6,96.522705078125,460.25799560546875,29.73554229736328,18.60980224609375
384,4,812.9517211914062,228.5041046142578,42.56585693359375,91.54631042480469
384,5,204.42579650878906,437.7876892089844,47.66722106933594,41.27923583984375
384,6,107.79271697998047,466.47216796875,26.72222137451172,12.20599365234375
385,4,812.5975952148438,233.2937774658203,43.0570068359375,86.23030090332031
385,5,207.43431091308594,442.2425537109375,43.22540283203125,36.5321044921875
386,4,814.8344116210938,243.46197509765625,40.8826904296875,76.551513671875
386,5,211.38687133789062,445.06842041015625,44.27412414550781,33.726165771484375
387,4,821.1392822265625,251.81906127929688,34.618896484375,69.02395629882812
387,5,216.53662109375,448.13946533203125,42.090362548828125,30.6763916015625
388,5,220.4814910888672,449.8707275390625,40.10569763183594,29.046630859375
389,5,225.11114501953125,453.1900634765625,38.042266845703125,25.647369384765625
390,5,229.23561096191406,456.32318115234375,34.84339904785156,22.568603515625
