0,1,36.67211151123047,93.968994140625,53.02136993408203,106.91461181640625
0,2,53.736324310302734,72.4019775390625,43.12953567504883,92.44900512695312
1,1,36.786128997802734,93.94190216064453,52.976016998291016,106.80870819091797
1,2,53.8676872253418,72.34369659423828,42.98385238647461,92.8338851928711
2,1,38.618194580078125,93.0300064086914,51.8284912109375,107.5632553100586
2,2,56.90470504760742,72.105224609375,39.56191635131836,92.23689270019531
3,1,43.43907928466797,92.60836791992188,49.28843688964844,107.48747253417969
3,2,60.55651092529297,71.50662231445312,38.464210510253906,93.54631042480469
4,2,63.93075942993164,72.32537841796875,40.1751823425293,92.02323913574219
4,1,47.97476577758789,92.83397674560547,42.72636032104492,106.11238861083984
5,1,49.84963607788086,90.6725082397461,37.87190628051758,111.0265884399414
5,2,66.6298599243164,73.4835205078125,45.39707946777344,89.24543762207031
6,1,53.13589859008789,91.10033416748047,39.68320846557617,106.01421356201172
6,2,71.5037841796875,72.23585510253906,46.354530334472656,89.31744384765625
7,1,56.26986312866211,91.22124481201172,42.556949615478516,106.76799774169922
7,2,74.12935638427734,72.00139617919922,48.606605529785156,90.81981658935547
8,1,60.91825485229492,91.4871597290039,44.18472671508789,107.11701202392578
8,2,77.65008544921875,72.23931884765625,48.39446258544922,90.24482727050781
9,1,63.51577377319336,90.52117919921875,51.39022445678711,107.23745727539062
9,2,81.68939208984375,73.14999389648438,46.83721923828125,92.52589416503906
10,1,67.94136810302734,90.03925323486328,57.56272888183594,106.67230987548828
10,2,85.60619354248047,74.11426544189453,43.609031677246094,90.35128021240234
11,1,70.8337173461914,90.77754211425781,57.45288848876953,105.01727294921875
11,2,89.7430191040039,73.02753448486328,39.99498748779297,91.0313491821289
12,1,73.62837219238281,90.3309097290039,57.78755187988281,105.51335906982422
12,2,92.60055541992188,71.963134765625,35.343955993652344,91.86605834960938
13,1,76.25457763671875,88.54780578613281,58.58067321777344,107.45574951171875
13,2,95.46009826660156,71.50161743164062,35.053009033203125,94.23345947265625
14,1,79.53388977050781,89.96259307861328,57.38519287109375,105.61646270751953
14,2,97.98726654052734,71.47660827636719,37.50128936767578,93.7613525390625
15,1,82.43173217773438,90.93490600585938,53.79054260253906,104.45939636230469
15,2,100.56853485107422,70.78075408935547,42.826988220214844,97.6061782836914
16,1,86.8162612915039,90.38502502441406,48.86650848388672,105.46939086914062
16,2,103.26819610595703,71.03917694091797,45.92894744873047,99.93891143798828
17,1,91.4086685180664,89.17545318603516,44.047218322753906,106.05196380615234
17,2,106.3530502319336,69.51231384277344,48.01654815673828,106.28028869628906
18,1,94.98755645751953,88.4927978515625,39.889198303222656,107.20770263671875
18,2,110.2121810913086,71.41537475585938,48.238624572753906,105.18116760253906
19,1,97.14204406738281,88.02822875976562,39.19288635253906,107.69459533691406
19,2,113.11678314208984,72.36234283447266,47.01795196533203,102.21448516845703
20,1,101.43167877197266,87.83305358886719,36.946189880371094,107.41691589355469
20,2,116.44149017333984,73.10289001464844,46.301597595214844,100.01426696777344
21,1,103.72525787353516,87.58907318115234,43.069175720214844,107.58211517333984
21,2,120.2445297241211,72.6006851196289,45.95197296142578,101.40392303466797
22,1,107.47772979736328,86.77899932861328,52.24620819091797,107.12635040283203
22,2,123.71894073486328,71.74845886230469,44.562705993652344,106.40147399902344
23,2,128.14076232910156,73.12767028808594,42.75596618652344,110.19332885742188
23,1,110.58757781982422,87.80924224853516,58.50257110595703,107.9446029663086
24,1,117.22039794921875,86.45368957519531,56.730377197265625,108.27760314941406
25,1,118.62169647216797,87.15574645996094,56.99286651611328,107.67509460449219
25,2,135.58970642089844,72.86581420898438,39.580230712890625,110.06382751464844
26,1,120.2840347290039,85.77603912353516,58.38184356689453,108.33707427978516
26,2,138.3404083251953,73.20125579833984,39.5130615234375,96.66246795654297
27,1,122.87870025634766,87.07017517089844,56.34876251220703,107.08660888671875
27,2,142.5542755126953,73.2069320678711,47.56910705566406,93.48719024658203
28,1,127.1760025024414,85.82742309570312,51.94306182861328,107.56230163574219
28,2,145.53982543945312,72.17986297607422,54.69439697265625,96.58806610107422
29,1,131.32627868652344,83.4157485961914,48.22216796875,109.14765167236328
29,2,149.63375854492188,73.30093383789062,57.01020812988281,94.81724548339844
30,1,136.65321350097656,84.20978546142578,42.70367431640625,108.74213409423828
30,2,154.06312561035156,72.98080444335938,53.68841552734375,96.59968566894531
31,1,140.3029022216797,83.3874740600586,40.37803649902344,108.86151885986328
31,2,158.0247039794922,72.91573333740234,43.791290283203125,97.32280731201172
32,1,143.86244201660156,82.87345123291016,41.92823791503906,110.97948455810547
32,2,162.14175415039062,71.94947052001953,39.25946044921875,97.67440032958984
33,1,146.5508270263672,82.61206817626953,47.50347900390625,113.0930404663086
33,2,165.5640411376953,71.72383880615234,34.145751953125,97.75804901123047
34,1,150.69638061523438,82.9435806274414,46.291595458984375,112.3008804321289
34,2,168.7114715576172,70.93268585205078,30.572250366210938,98.7149887084961
35,1,155.12420654296875,83.16582489013672,51.02409362792969,113.60218048095703
35,2,172.50830078125,71.2146987915039,34.405242919921875,96.27376556396484
36,1,158.63795471191406,84.13228607177734,54.378387451171875,108.54720306396484
36,2,176.11569213867188,72.50623321533203,37.63816833496094,93.79508209228516
37,1,161.45816040039062,83.46776580810547,57.824798583984375,109.03617095947266
37,2,178.9043731689453,71.05909729003906,41.8480224609375,97.89474487304688
38,1,162.5246124267578,83.65411376953125,59.526702880859375,110.71487426757812
38,2,181.8170928955078,73.30261993408203,45.4281005859375,97.19368743896484
39,1,163.83865356445312,85.28321075439453,59.101409912109375,110.4875717163086
39,2,186.683837890625,70.75178527832031,51.88385009765625,99.90821838378906
40,1,168.77493286132812,84.88365173339844,56.01512145996094,110.17588806152344
40,2,190.3417510986328,71.35681915283203,51.82212829589844,98.86640167236328
41,1,172.40541076660156,83.93621063232422,52.68309020996094,111.66362762451172
41,2,194.22842407226562,71.16023254394531,49.36921691894531,99.08352661132812
42,1,178.92987060546875,85.8776626586914,45.87977600097656,109.6417465209961
42,2,199.3110809326172,71.67210388183594,45.512725830078125,98.98715209960938
43,1,185.95755004882812,84.81904602050781,38.42921447753906,110.78474426269531
43,2,202.1641082763672,72.49098205566406,43.16523742675781,97.26737976074219
44,2,208.02496337890625,71.16092681884766,38.050048828125,99.68770599365234
44,1,189.06369018554688,82.3630142211914,35.37060546875,113.23578643798828
45,2,210.10107421875,71.08463287353516,36.626312255859375,99.08057403564453
45,1,191.5388946533203,82.97917175292969,34.96923828125,112.59159851074219
46,1,196.86447143554688,82.55467987060547,33.94026184082031,112.7016372680664
46,2,214.02809143066406,71.04570770263672,33.8785400390625,100.09856414794922
47,1,200.5621337890625,81.93246459960938,38.55476379394531,113.17912292480469
47,2,217.73175048828125,69.85772705078125,34.91532897949219,107.05833435058594
48,1,203.69593811035156,84.53345489501953,52.35185241699219,110.40784454345703
48,2,222.21401977539062,71.17301940917969,38.861053466796875,95.16473388671875
49,1,206.4867401123047,82.6027603149414,57.57804870605469,112.39400482177734
49,2,226.53286743164062,69.75614929199219,45.2371826171875,95.76365661621094
50,1,206.6357421875,81.09109497070312,62.510589599609375,114.19073486328125
50,2,229.9459686279297,68.99761962890625,50.08531188964844,96.26507568359375
51,1,207.13243103027344,82.67012023925781,64.21376037597656,113.05303955078125
51,2,233.6865234375,71.34465026855469,48.893341064453125,95.29052734375
52,1,208.8341064453125,83.19168853759766,64.19009399414062,110.95858001708984
52,2,238.68927001953125,70.85970306396484,46.570587158203125,95.68537139892578
53,1,213.46829223632812,83.87789154052734,59.1708984375,110.13516998291016
53,2,241.7075653076172,70.90365600585938,44.63932800292969,94.88446044921875
54,1,220.8923797607422,81.21106719970703,52.23368835449219,111.77127838134766
54,2,244.99429321289062,71.27407836914062,41.237701416015625,95.17240905761719
55,1,228.31173706054688,79.49264526367188,44.6815185546875,112.66607666015625
55,2,249.22933959960938,68.9169921875,35.814910888671875,97.61231994628906
56,1,237.80836486816406,78.98056030273438,35.43247985839844,112.48910522460938
56,2,253.03866577148438,68.67967987060547,32.489898681640625,97.9326400756836
57,1,241.45347595214844,80.07267761230469,34.17887878417969,113.29595947265625
57,2,255.87948608398438,69.03378295898438,30.0042724609375,98.36454772949219
58,1,245.6953125,77.04254150390625,38.4031982421875,117.57951354980469
58,2,259.2840881347656,66.6354751586914,31.216552734375,101.45415496826172
59,1,249.3447723388672,79.44563293457031,38.51713562011719,114.35403442382812
59,2,263.7882080078125,68.62835693359375,31.8450927734375,100.90750122070312
60,1,252.57003784179688,78.36961364746094,48.167205810546875,114.77169799804688
60,2,267.86083984375,69.92864227294922,37.059539794921875,98.51630401611328
61,1,253.35302734375,78.57408905029297,57.772369384765625,113.04778289794922
61,2,272.28204345703125,71.3335189819336,43.681121826171875,97.83602142333984
62,1,254.27688598632812,78.64097595214844,63.18304443359375,112.86363220214844
62,2,274.9255065917969,70.93313598632812,45.4285888671875,97.73812866210938
63,1,254.6815643310547,77.71900939941406,66.30570983886719,114.21194458007812
63,2,280.02978515625,70.63346862792969,43.3848876953125,97.29264831542969
64,1,257.30572509765625,80.84320068359375,65.54739379882812,110.38485717773438
64,2,284.35858154296875,71.02652740478516,41.10235595703125,97.31572723388672
65,1,261.1244201660156,79.72720336914062,62.073272705078125,110.81430053710938
65,2,287.95233154296875,70.035400390625,38.128021240234375,97.67852783203125
66,1,267.78680419921875,76.88001251220703,55.35955810546875,114.23253631591797
66,2,291.84381103515625,68.61685180664062,34.163330078125,99.75569152832031
67,1,276.4857177734375,80.34432220458984,45.9093017578125,109.84183502197266
67,2,296.22528076171875,69.97521209716797,30.274688720703125,98.48177337646484
68,1,285.6639404296875,77.35603332519531,36.8599853515625,113.70509338378906
68,2,299.7084045410156,67.17901611328125,26.922027587890625,101.83903503417969
69,1,293.12274169921875,79.49009704589844,30.901519775390625,110.82218933105469
69,2,300.5201110839844,67.74944305419922,29.545257568359375,76.38089752197266
70,1,296.3838806152344,76.60035705566406,34.61224365234375,115.00816345214844
70,2,304.4077453613281,66.92215728759766,28.3157958984375,78.31645965576172
71,1,300.1205749511719,78.33702087402344,35.726776123046875,112.63349914550781
71,2,308.725341796875,66.81168365478516,29.89801025390625,103.49768829345703
72,1,303.7911682128906,77.042236328125,45.069854736328125,113.31138610839844
72,2,311.59344482421875,65.61702728271484,39.558380126953125,104.2795639038086
73,1,305.0150146484375,75.27953338623047,53.037261962890625,114.3591079711914
73,2,317.2972106933594,67.75809478759766,21.977020263671875,51.309364318847656
74,1,305.3891906738281,77.80308532714844,58.956878662109375,113.57200622558594
74,2,320.64581298828125,67.91558837890625,21.8177490234375,51.57920837402344
75,1,305.2270202636719,72.87010955810547,62.492034912109375,118.82401275634766
76,1,308.3374938964844,77.63185119628906,62.215545654296875,113.24510192871094
76,2,328.282470703125,66.43555450439453,24.913970947265625,54.9947509765625
77,1,312.31060791015625,68.26490783691406,58.3721923828125,122.54963684082031
78,1,319.5181884765625,79.29704284667969,52.686676025390625,109.89828491210938
78,2,334.92083740234375,65.12857818603516,19.786407470703125,43.177459716796875
79,1,328.0046081542969,77.62896728515625,44.6595458984375,110.62611389160156
80,1,336.3410949707031,71.72630310058594,35.847747802734375,116.84001159667969
81,1,343.9421081542969,65.33992004394531,31.86285400390625,122.80052185058594
82,1,347.3006286621094,65.88988494873047,33.496917724609375,124.6243667602539
83,1,349.0337829589844,67.12103271484375,40.70526123046875,124.22764587402344
84,1,349.94744873046875,67.086669921875,50.04736328125,122.18898010253906
85,1,349.78912353515625,68.08558654785156,59.740814208984375,120.19235229492188
86,1,350.74200439453125,69.6017837524414,65.54705810546875,117.25518035888672
87,1,354.168212890625,72.96124267578125,65.80789184570312,114.2330322265625
88,1,357.0419616699219,75.19998931884766,66.10321044921875,112.13426971435547
89,1,361.24176025390625,75.02139282226562,62.7601318359375,112.8687744140625
89,2,375.9962158203125,65.96270751953125,18.20867919921875,65.80908203125
90,1,366.45623779296875,73.17158508300781,57.106781005859375,114.87747192382812
90,2,380.4864807128906,65.81544494628906,18.4774169921875,45.194183349609375
91,1,373.7742004394531,74.28788757324219,49.732269287109375,114.15020751953125
91,2,384.3862609863281,65.31459045410156,17.551422119140625,36.93256378173828
92,1,382.98583984375,75.99852752685547,39.9273681640625,112.2696762084961
92,2,388.4228820800781,64.6332015991211,17.9354248046875,40.57099151611328
93,1,392.1081848144531,74.90191650390625,34.5953369140625,113.73542785644531
93,2,391.86541748046875,63.92521286010742,19.067108154296875,63.77395248413086
94,1,396.67645263671875,72.96151733398438,37.261260986328125,116.15371704101562
94,2,388.7759094238281,65.16523742675781,23.73638916015625,101.31318664550781
95,1,400.56890869140625,75.89283752441406,42.4354248046875,111.69755554199219
95,2,390.3285217285156,64.34595489501953,27.3953857421875,102.31522369384766
96,1,401.85015869140625,75.76721954345703,46.58245849609375,113.51435089111328
96,2,389.2126770019531,65.22634887695312,32.099273681640625,99.9609375
97,1,402.7361145019531,76.29226684570312,53.35009765625,113.27195739746094
97,2,392.0933837890625,65.36461639404297,32.24383544921875,96.06182098388672
98,1,397.9817810058594,76.29386138916016,62.764801025390625,111.05762481689453
98,2,395.4480895996094,63.120628356933594,34.7550048828125,102.66638946533203
99,1,401.8175964355469,76.85018157958984,62.916229248046875,110.6117935180664
99,2,403.3016662597656,64.3082275390625,31.694366455078125,72.62106323242188
100,1,405.1054992675781,77.2116928100586,61.632843017578125,110.27245330810547
100,2,408.2434997558594,63.0131721496582,30.43023681640625,73.96873092651367
101,1,408.4722900390625,73.0206527709961,59.91851806640625,114.93793487548828
101,2,417.9904479980469,62.143436431884766,24.5948486328125,68.00786972045898
102,1,414.5971984863281,75.76493072509766,57.021453857421875,111.9313735961914
102,2,420.5201416015625,62.62997817993164,24.972320556640625,75.51255416870117
103,1,423.24053955078125,76.2774887084961,48.92529296875,108.07109832763672
103,2,428.7694091796875,61.94097137451172,19.523956298828125,98.89270782470703
104,1,432.387451171875,74.442138671875,37.8525390625,109.80157470703125
104,2,428.7576904296875,62.297603607177734,24.746368408203125,96.92816543579102
105,1,436.2625427246094,72.78748321533203,33.253814697265625,109.85712432861328
105,2,429.2725524902344,64.77332305908203,26.124908447265625,96.17755889892578
106,1,443.93084716796875,71.5040054321289,30.289520263671875,114.48223114013672
106,2,430.4106140136719,64.1306381225586,28.386383056640625,95.31145477294922
107,1,447.0657653808594,72.59435272216797,37.642333984375,113.99910736083984
107,2,429.9998779296875,66.16664123535156,34.4395751953125,93.52409362792969
108,1,445.2020568847656,73.0710220336914,43.787200927734375,113.6392593383789
108,2,433.30859375,65.37422180175781,33.681182861328125,93.40478515625
109,1,448.3216552734375,75.06520080566406,51.061065673828125,112.12080383300781
109,2,436.86773681640625,65.56636047363281,35.453155517578125,93.58332824707031
110,1,449.771728515625,74.80256652832031,60.443328857421875,110.50430297851562
110,2,442.3470458984375,62.245479583740234,34.0247802734375,94.08536148071289
111,1,449.490234375,74.29632568359375,66.98486328125,110.12751770019531
111,2,461.5916442871094,63.62594223022461,19.182098388671875,62.25742721557617
112,1,450.9778137207031,74.75704193115234,66.34616088867188,109.03722381591797
112,2,456.02716064453125,62.90456771850586,29.644927978515625,92.14990615844727
113,1,455.5987854003906,75.45905303955078,62.621673583984375,109.5897445678711
113,2,466.47064208984375,62.65189743041992,22.368011474609375,82.5818977355957
114,1,458.88201904296875,74.56590270996094,60.3536376953125,109.74751281738281
114,2,466.5852355957031,61.925045013427734,24.214599609375,91.64032363891602
115,1,465.41790771484375,74.26031494140625,55.63067626953125,110.15855407714844
115,2,467.3076171875,61.90682601928711,30.063812255859375,104.59782791137695
116,1,473.0142517089844,73.34723663330078,55.215972900390625,111.17424774169922
116,2,471.0913391113281,62.631832122802734,28.31976318359375,99.56183242797852
117,1,480.9093322753906,73.09484100341797,59.424652099609375,111.98322296142578
117,2,471.624755859375,62.10204315185547,30.9410400390625,99.56951141357422
118,1,489.6882629394531,71.62568664550781,55.765045166015625,112.60881042480469
118,2,470.4988708496094,62.280853271484375,36.267120361328125,101.3253173828125
119,1,497.2430114746094,73.44145965576172,49.588470458984375,111.0200424194336
119,2,472.886474609375,62.4672966003418,37.449615478515625,100.7397346496582
120,1,497.93902587890625,72.80875396728516,56.71258544921875,112.06000518798828
120,2,475.8338623046875,61.9157829284668,37.3251953125,100.00508499145508
121,1,497.2482604980469,73.06644439697266,61.011688232421875,111.3116683959961
121,2,481.0439758300781,62.697330474853516,36.733734130859375,97.99807357788086
122,1,499.2921142578125,73.56114959716797,60.9873046875,111.07610321044922
122,2,490.1130065917969,61.42993927001953,31.477935791015625,99.68584442138672
123,1,499.8325500488281,74.8639907836914,61.441741943359375,110.18746185302734
123,2,496.55767822265625,60.788394927978516,27.62701416015625,96.71934127807617
124,1,500.31890869140625,72.06043243408203,63.274169921875,112.8180160522461
124,2,503.11151123046875,60.674827575683594,25.5540771484375,96.06034088134766
125,1,501.8804626464844,72.36824035644531,62.160064697265625,113.09768676757812
125,2,508.0780029296875,60.13056564331055,23.4024658203125,98.40152359008789
126,1,506.6574401855469,73.6803207397461,58.822174072265625,111.44074249267578
126,2,509.65924072265625,61.04695129394531,25.2701416015625,98.77137756347656
127,1,512.7471313476562,73.01332092285156,54.31072998046875,110.36550903320312
127,2,511.0675354003906,61.40967559814453,27.866180419921875,97.51399993896484
128,2,510.1205139160156,61.54095458984375,32.251312255859375,97.50660705566406
128,1,519.828369140625,72.08926391601562,49.693359375,108.86164855957031
129,2,510.9636535644531,62.2532958984375,36.215850830078125,97.05815124511719
129,1,527.4312744140625,71.63304138183594,44.2681884765625,107.0537109375
130,1,534.3353881835938,72.0816879272461,41.26922607421875,106.08379364013672
130,2,511.565185546875,62.888427734375,39.2320556640625,95.60455322265625
131,2,512.2030029296875,63.15074157714844,40.919189453125,96.18751525878906
131,1,537.5742797851562,71.77359008789062,42.10369873046875,110.31106567382812
132,1,540.605224609375,70.25401306152344,45.63232421875,111.57257080078125
132,2,517.1334838867188,63.64464569091797,39.10394287109375,94.9457778930664
133,2,519.4590454101562,63.35968017578125,41.92132568359375,95.61376953125
133,1,542.4915161132812,71.55046081542969,49.71063232421875,108.58753967285156
134,1,544.8987426757812,70.7820816040039,50.5738525390625,108.89595794677734
134,2,526.5595703125,61.320152282714844,38.15631103515625,105.95873260498047
135,2,535.832763671875,60.53864669799805,30.63531494140625,102.16995620727539
135,1,542.9779052734375,71.22871398925781,58.943115234375,107.61212158203125
136,1,544.9411010742188,71.48075866699219,61.4896240234375,106.49098205566406
136,2,544.031494140625,60.72238540649414,27.4798583984375,97.39556503295898
137,1,545.8665771484375,70.91944122314453,62.50909423828125,106.96480560302734
137,2,546.6668701171875,61.42538833618164,27.499267578125,108.10113143920898
138,1,547.97998046875,71.74530792236328,63.7744140625,106.8642807006836
138,2,548.70849609375,60.21207809448242,28.4097900390625,107.94437026977539
139,1,552.273193359375,71.30294036865234,63.52191162109375,106.97864532470703
139,2,547.60595703125,61.13311767578125,33.16650390625,101.75312805175781
140,1,556.512939453125,71.23346710205078,63.45281982421875,107.6280288696289
140,2,548.4091796875,61.373775482177734,35.61627197265625,100.28799819946289
141,2,549.2340087890625,60.851905822753906,38.360107421875,100.30529022216797
141,1,562.3911743164062,71.41990661621094,61.41790771484375,106.76864624023438
142,1,568.1234130859375,70.21339416503906,58.62261962890625,108.24650573730469
142,2,550.1549682617188,62.27341079711914,39.97308349609375,98.5991325378418
143,1,578.30859375,69.69034576416016,51.151123046875,109.66765594482422
143,2,553.7649536132812,61.06275939941406,39.9459228515625,102.72421264648438
144,1,586.3228759765625,69.46855163574219,47.40728759765625,108.648681640625
144,2,559.8507080078125,60.340721130371094,36.02789306640625,100.54935455322266
145,1,590.1827392578125,69.60179901123047,45.421142578125,109.86666107177734
145,2,566.2544555664062,60.91263198852539,32.86004638671875,95.71538925170898
146,1,589.958251953125,69.67255401611328,48.3328857421875,109.91593170166016
146,2,572.0775146484375,59.5064697265625,30.35455322265625,95.88963317871094
147,1,591.142822265625,70.5467300415039,49.846923828125,108.72089385986328
147,2,580.4222412109375,58.72660446166992,24.17889404296875,95.67807388305664
148,1,591.1809692382812,71.34024047851562,52.96832275390625,107.63856506347656
148,2,582.5846557617188,59.04180908203125,25.7919921875,97.47941589355469
149,1,591.15478515625,70.86802673339844,56.3392333984375,108.64498901367188
149,2,583.2101440429688,58.956424713134766,29.0360107421875,96.68243026733398
150,1,592.3721923828125,71.33598327636719,58.0931396484375,107.83941650390625
150,2,583.8272094726562,59.415069580078125,31.326416015625,96.37411499023438
151,1,594.67822265625,70.80354309082031,59.76751708984375,108.32989501953125
151,2,584.014404296875,60.121910095214844,34.12286376953125,95.10648345947266
152,1,598.0322875976562,68.81293487548828,58.3582763671875,109.91698455810547
152,2,584.287841796875,59.607791900634766,40.7242431640625,96.70135116577148
153,2,585.029541015625,59.96955490112305,41.62359619140625,96.41524124145508
153,1,604.6580810546875,70.05343627929688,52.77532958984375,106.37959289550781
154,2,586.0869140625,59.90908432006836,44.12286376953125,96.80667495727539
154,1,611.93603515625,69.16901397705078,46.87664794921875,106.36380767822266
155,2,588.0150756835938,59.6488037109375,43.70086669921875,95.80552673339844
155,1,621.7073974609375,68.60017395019531,38.83404541015625,105.92134094238281
156,2,592.1475830078125,59.17070007324219,41.26031494140625,96.74786376953125
156,1,623.993896484375,67.53675079345703,38.46710205078125,109.51801300048828
157,2,598.0659790039062,58.541961669921875,39.0888671875,96.33621215820312
157,1,625.5311279296875,68.1685562133789,39.05975341796875,109.19367218017578
158,1,626.994873046875,68.59178161621094,40.0059814453125,107.501708984375
158,2,604.3408203125,58.028648376464844,36.21978759765625,95.0201644897461
159,1,627.185302734375,66.99676513671875,44.6790771484375,108.14521789550781
159,2,612.5845947265625,57.96678924560547,30.4285888671875,94.71492767333984
160,1,627.5027465820312,68.80438995361328,54.0736083984375,105.71439361572266
160,2,618.4507446289062,57.425960540771484,27.73101806640625,96.22661209106445
161,2,618.1405029296875,57.46987533569336,30.374267578125,96.66659927368164
161,1,627.2505493164062,69.57638549804688,58.273681640625,105.49072265625
162,2,617.2813110351562,57.987998962402344,34.852294921875,95.7623062133789
162,1,627.4405517578125,68.54313659667969,59.826171875,105.95547485351562
163,2,616.9141235351562,57.81454086303711,37.559814453125,96.81715774536133
163,1,627.67236328125,68.73049926757812,59.3875732421875,107.07386779785156
164,2,617.8759155273438,57.74679183959961,39.828857421875,99.0710334777832
164,1,632.705810546875,68.8033218383789,54.3232421875,105.53485870361328
165,1,636.2012329101562,69.37702941894531,52.10760498046875,105.08885192871094
165,2,619.644287109375,57.90983963012695,41.68695068359375,97.94576644897461
166,1,642.094970703125,68.22163391113281,48.41827392578125,105.3607177734375
166,2,622.803466796875,57.6122932434082,40.5438232421875,97.7415885925293
167,1,657.3851928710938,67.73626708984375,36.5728759765625,106.07054138183594
167,2,628.1474609375,57.31785583496094,37.83624267578125,97.92234802246094
167,3,0.0,64.67561340332031,14.966545104980469,74.33345031738281
168,1,656.672607421875,66.87284088134766,43.2047119140625,105.4647445678711
168,2,634.6876831054688,56.90966796875,36.56280517578125,93.06568908691406
168,3,0.12503348290920258,59.00984573364258,20.403658762574196,79.40151596069336
169,2,639.9500122070312,56.26186752319336,32.66619873046875,92.44112014770508
169,1,664.56396484375,66.53285217285156,39.878662109375,105.03764343261719
169,3,0.37423691153526306,57.72710037231445,25.638416439294815,79.67350387573242
170,2,646.6790771484375,55.70820617675781,28.38653564453125,96.52546691894531
170,1,669.156005859375,66.01408386230469,41.1236572265625,106.18719482421875
170,3,0.138429194688797,59.907569885253906,30.251717060804367,77.87195587158203
171,2,648.4381103515625,56.42328643798828,29.99359130859375,95.2123031616211
171,1,670.0221557617188,66.1218032836914,45.13604736328125,106.62410736083984
171,3,0.08975588530302048,56.06010818481445,34.325374729931355,81.77111434936523
172,1,669.410888671875,65.60264587402344,49.80145263671875,106.99815368652344
172,2,649.3604736328125,56.35748291015625,31.25921630859375,93.46353149414062
172,3,0.029940739274024963,53.184669494628906,36.54475484788418,85.18329620361328
173,1,670.1817626953125,66.21485137939453,51.909423828125,106.32317352294922
173,2,649.2384033203125,56.29738998413086,35.23052978515625,92.71915054321289
173,3,0.12088287621736526,53.70891189575195,37.320218198001385,85.74882125854492
174,1,670.8655395507812,66.43486022949219,56.39697265625,106.64614868164062
174,2,649.6935424804688,57.044090270996094,37.47454833984375,92.3072738647461
174,3,0.0,52.8056526184082,36.361351013183594,85.93741989135742
175,1,671.9542236328125,66.43399810791016,57.504638671875,106.45099639892578
175,2,649.4042358398438,57.49217224121094,40.7774658203125,92.11422729492188
175,3,0.0,52.20587158203125,36.33724594116211,86.90029907226562
176,1,674.097900390625,65.27200317382812,57.140625,108.41677856445312
176,2,650.2067260742188,56.97469711303711,41.88507080078125,92.52276992797852
176,3,0.46981945633888245,51.458168029785156,37.20022830367088,87.44306182861328
177,1,677.4368286132812,65.05643463134766,55.38336181640625,107.46178436279297
177,2,652.0350341796875,57.272953033447266,43.2669677734375,92.23134994506836
177,3,1.7936190366744995,50.14479064941406,36.14843571186066,88.83197021484375
178,1,686.6875,64.54817962646484,47.979736328125,100.69255828857422
178,3,3.4071521759033203,49.96438217163086,35.35790824890137,88.80022048950195
178,2,654.7784423828125,57.15774917602539,43.64739990234375,93.05843734741211
179,1,692.214599609375,63.927032470703125,43.19659423828125,101.01556396484375
179,3,5.6357197761535645,49.8411750793457,34.804866313934326,88.78362655639648
179,2,659.3751220703125,56.929630279541016,42.01458740234375,92.68206405639648
180,1,698.4661865234375,63.25370788574219,37.27398681640625,100.49449157714844
180,2,665.4354248046875,56.365989685058594,39.1400146484375,92.68573760986328
180,3,7.808952331542969,49.584556579589844,35.428592681884766,88.7505874633789
181,1,701.3496704101562,63.24842834472656,35.1224365234375,104.07550048828125
181,3,10.578534126281738,50.065338134765625,40.829936027526855,86.82839965820312
181,2,672.2074584960938,55.84145736694336,35.55963134765625,93.42375564575195
182,1,702.0606079101562,62.93904113769531,35.3115234375,104.79743957519531
182,3,13.661352157592773,49.65121078491211,46.474496841430664,87.49879837036133
182,2,679.84619140625,55.62898254394531,30.44744873046875,93.59111022949219
183,1,701.6314697265625,62.65656280517578,37.8741455078125,103.63117218017578
183,2,681.7335815429688,55.35518264770508,32.7596435546875,94.04916000366211
183,3,15.6702241897583,49.586055755615234,49.337931632995605,87.02627944946289
184,1,702.4156494140625,62.69921112060547,40.14849853515625,102.8384017944336
184,3,17.075359344482422,49.340858459472656,50.958194732666016,87.75052642822266
184,2,682.23388671875,55.8000373840332,34.8389892578125,94.00962448120117
185,2,681.6902465820312,55.135955810546875,36.75750732421875,94.48612976074219
185,1,702.2930908203125,63.42476272583008,47.8060302734375,100.4101676940918
185,3,21.088157653808594,49.099693298339844,48.260986328125,88.1734848022461
186,1,701.7338256835938,63.63627624511719,52.59027099609375,99.96699523925781
186,3,23.332605361938477,49.300750732421875,47.809858322143555,87.99189758300781
186,2,681.63525390625,56.10913848876953,39.3138427734375,93.3581314086914
187,1,703.7728271484375,63.28368377685547,50.68280029296875,100.57617950439453
187,2,682.3658447265625,55.92156982421875,41.79052734375,95.60513305664062
187,3,24.90454864501953,49.436317443847656,47.36174011230469,87.4743423461914
188,2,684.3388671875,55.5997314453125,43.38299560546875,96.01435852050781
188,1,705.1148681640625,63.11411666870117,49.7623291015625,101.0733528137207
188,3,27.327125549316406,48.580360412597656,45.92985534667969,88.04187774658203
189,2,686.9682006835938,55.525577545166016,46.20330810546875,95.16096115112305
189,1,706.9533081054688,63.44105911254883,50.40325927734375,100.74834823608398
189,3,30.917343139648438,47.88430404663086,41.48765563964844,87.74155044555664
190,2,694.43017578125,54.869815826416016,40.53900146484375,93.50667953491211
190,1,710.3096313476562,63.34047317504883,50.2447509765625,99.97097396850586
190,3,33.50688171386719,47.30481719970703,39.53746795654297,87.90071868896484
191,2,700.4500122070312,54.7166862487793,35.019775390625,91.77365493774414
191,1,715.8197631835938,62.39318084716797,47.79913330078125,99.87076568603516
191,3,35.98753356933594,47.03017044067383,36.428749084472656,88.76646041870117
192,2,705.72509765625,54.15531921386719,30.8145751953125,88.35801696777344
192,1,721.5663452148438,62.19054412841797,49.4000244140625,99.43187713623047
192,3,38.954071044921875,47.0709342956543,33.49592590332031,88.62050247192383
193,1,728.172119140625,61.734737396240234,51.47991943359375,100.24271011352539
193,2,709.3065795898438,53.662574768066406,30.1697998046875,93.49040985107422
193,3,40.8156852722168,46.53395462036133,38.64006423950195,88.88418197631836
194,1,733.5559692382812,60.85796356201172,52.15185546875,100.93975067138672
194,3,43.541412353515625,46.123130798339844,38.00697326660156,91.31476593017578
194,2,709.1510009765625,53.92255783081055,33.70098876953125,91.96574783325195
195,3,45.16399002075195,45.689517974853516,38.83396530151367,90.69710922241211
195,2,710.3627319335938,54.86075973510742,34.935546875,89.0195198059082
195,1,736.7882080078125,60.5975456237793,53.20166015625,101.9197883605957
196,2,710.587890625,54.948089599609375,38.213623046875,89.71469116210938
196,3,48.220096588134766,47.138545989990234,45.55512619018555,90.80932998657227
196,1,737.6646728515625,59.89106750488281,55.7513427734375,103.42140197753906
197,2,711.3306274414062,55.524627685546875,40.83929443359375,90.30882263183594
197,1,738.8140869140625,61.14773178100586,56.78369140625,100.4297981262207
197,3,50.68186950683594,47.51823043823242,43.14064025878906,86.7867317199707
198,1,738.21533203125,61.033233642578125,58.7900390625,101.50294494628906
198,2,712.0137329101562,56.136146545410156,41.98284912109375,88.71756744384766
198,3,53.31862258911133,47.67736053466797,44.99794387817383,87.4375991821289
199,1,739.08349609375,61.09416961669922,60.26702880859375,102.1530990600586
199,3,56.280189514160156,48.45706558227539,42.664527893066406,86.21039962768555
199,2,712.421142578125,56.670692443847656,44.0152587890625,88.6249771118164
200,1,740.7431030273438,60.03413009643555,59.623779296875,103.06485366821289
200,3,58.915863037109375,48.235904693603516,43.41210174560547,86.6331901550293
200,2,713.5333862304688,56.29930877685547,46.316162109375,87.91777801513672
201,1,743.2030029296875,59.43157196044922,59.06390380859375,103.45836639404297
201,3,61.05248260498047,47.46676254272461,42.39287567138672,87.51266860961914
201,2,718.1119384765625,56.145233154296875,45.42535400390625,89.53176879882812
202,1,750.2672119140625,59.60017776489258,54.4105224609375,95.95151901245117
202,3,63.92749786376953,47.170196533203125,40.74889373779297,88.54568481445312
202,2,722.8121337890625,55.361446380615234,43.4339599609375,89.92255020141602
203,1,756.2743530273438,59.11611557006836,47.4849853515625,95.45708084106445
203,2,729.8541259765625,54.484619140625,39.307373046875,90.20611572265625
203,3,66.16426849365234,47.0335807800293,39.2900390625,89.01147842407227
204,2,736.4678344726562,54.785221099853516,34.78826904296875,89.83576583862305
204,3,68.87557983398438,46.122108459472656,36.339324951171875,88.6720962524414
204,1,759.1062622070312,57.520294189453125,47.3770751953125,96.91584777832031
205,2,743.6614990234375,54.472259521484375,30.27252197265625,91.21250915527344
205,1,762.4010009765625,57.405826568603516,45.3466796875,97.21421432495117
205,3,70.84619903564453,44.47742462158203,34.34375,90.26903533935547
206,1,763.8054809570312,56.952701568603516,42.99444580078125,100.26797103881836
206,2,744.4376831054688,54.645233154296875,31.43316650390625,91.83311462402344
206,3,73.32475280761719,44.89376449584961,34.379730224609375,89.54672622680664
207,1,764.6075439453125,57.534908294677734,39.531005859375,98.95016860961914
207,2,744.227783203125,54.44718551635742,34.935791015625,91.14862442016602
207,3,76.11881256103516,43.81538391113281,34.554054260253906,90.3272705078125
208,2,743.6071166992188,54.67033004760742,37.071044921875,91.94221878051758
208,1,765.4588623046875,57.45431900024414,38.01446533203125,97.99071884155273
208,3,79.21917724609375,44.298858642578125,37.881866455078125,88.479248046875
209,2,743.7660522460938,55.05025863647461,38.31402587890625,92.16463088989258
209,1,765.7792358398438,57.4709587097168,39.31976318359375,96.06523513793945
209,3,81.20008850097656,44.977176666259766,45.564186096191406,88.18569564819336
210,2,744.2730102539062,54.93612289428711,40.44842529296875,93.59814834594727
210,1,765.779541015625,57.40084457397461,43.7396240234375,95.19162368774414
210,3,83.72149658203125,44.690032958984375,51.50532531738281,88.42214965820312
211,2,747.0311889648438,54.72307205200195,41.1978759765625,94.32017135620117
211,1,766.3462524414062,57.789554595947266,46.8865966796875,94.97283554077148
211,3,86.7557601928711,43.40025329589844,51.46302032470703,90.53811645507812
212,2,751.6568603515625,53.717708587646484,38.70550537109375,95.84109878540039
212,1,767.47119140625,57.879268646240234,46.44854736328125,95.0225715637207
212,3,87.5883560180664,44.90155792236328,51.554649353027344,88.42510223388672
213,2,757.7361450195312,53.83494567871094,34.046875,89.07447814941406
213,1,768.1146240234375,57.271507263183594,47.39520263671875,95.43244171142578
213,3,90.31485748291016,44.36835861206055,50.219444274902344,89.5605354309082
214,2,763.1007080078125,53.07630920410156,30.79974365234375,88.43974304199219
214,3,94.04378509521484,43.742393493652344,48.320152282714844,89.59880828857422
214,1,768.5418701171875,57.12043380737305,49.33831787109375,94.66713333129883
215,2,767.654052734375,52.901485443115234,28.95050048828125,92.3908576965332
215,3,96.33580017089844,43.86677169799805,46.58880615234375,88.75052261352539
215,1,773.547607421875,57.09890365600586,46.4447021484375,94.27727127075195
216,2,769.3260498046875,52.93149948120117,30.19024658203125,89.02217483520508
216,1,779.13134765625,56.88189697265625,44.17047119140625,93.810546875
216,3,101.40760040283203,42.212623596191406,39.414146423339844,87.43477630615234
217,2,768.9888305664062,52.56354522705078,32.52203369140625,87.39867401123047
217,1,786.5719604492188,56.156864166259766,40.9344482421875,95.24114608764648
217,3,104.30888366699219,41.17026138305664,35.403350830078125,88.94820785522461
218,2,768.8199462890625,52.841678619384766,34.64794921875,87.77762985229492
218,1,791.6004638671875,55.65840148925781,39.66180419921875,95.67189025878906
218,3,106.72274780273438,40.248783111572266,31.027938842773438,89.46407699584961
219,2,768.1577758789062,52.98578643798828,37.8681640625,89.14159393310547
219,3,109.112548828125,40.731571197509766,32.29292297363281,89.8155632019043
219,1,792.89453125,55.47697448730469,41.63916015625,95.82316589355469
220,2,769.002197265625,53.16817855834961,39.2657470703125,89.56767654418945
220,3,111.32808685302734,39.57758331298828,34.195045471191406,93.1468734741211
220,1,795.0361938476562,55.04465103149414,42.81109619140625,96.09586715698242
221,2,769.7718505859375,52.696449279785156,40.99932861328125,88.69104766845703
221,1,796.6837768554688,54.42182540893555,45.96759033203125,96.95448684692383
221,3,113.575927734375,39.03730010986328,37.06932067871094,92.32170867919922
222,1,798.5598754882812,55.09291458129883,46.64532470703125,96.09643173217773
222,2,770.2620849609375,53.092315673828125,42.48394775390625,87.6893310546875
222,3,116.60428619384766,39.03419876098633,41.513282775878906,93.59576034545898
223,1,798.1873168945312,54.82794189453125,48.3499755859375,96.48280334472656
223,2,773.2376708984375,53.023162841796875,42.89862060546875,88.25889587402344
223,3,118.48898315429688,40.637142181396484,45.79985046386719,90.18791580200195
224,2,776.181640625,52.2276725769043,42.201171875,87.36154556274414
224,1,797.5845336914062,55.16921615600586,49.41729736328125,97.0616340637207
224,3,122.1102523803711,40.83614730834961,43.73937225341797,89.73750686645508
225,2,780.9110717773438,51.54139709472656,40.1143798828125,86.56993103027344
225,1,798.6546020507812,55.46500778198242,49.779541015625,95.04434585571289
225,3,124.4818344116211,40.88890838623047,46.47551727294922,89.45317840576172
226,2,785.92333984375,50.16547393798828,36.385498046875,88.08129119873047
226,1,800.2711181640625,54.903419494628906,49.1800537109375,94.71062469482422
226,3,127.01089477539062,41.38727569580078,46.40679931640625,89.30486297607422
227,2,791.2473754882812,50.526241302490234,32.4854736328125,86.23427200317383
227,1,804.7817993164062,56.08871078491211,46.300537109375,91.12436294555664
227,3,128.70352172851562,42.02663803100586,45.70823669433594,89.42802810668945
228,2,792.2035522460938,50.54988479614258,33.90838623046875,87.53322982788086
228,3,130.24813842773438,41.34552764892578,45.75242614746094,90.6262435913086
228,1,814.2156982421875,59.439945220947266,39.49102783203125,85.76578903198242
229,2,791.7075805664062,49.33073043823242,36.46466064453125,88.6722297668457
229,3,133.3492431640625,40.86771774291992,43.14305114746094,91.36816787719727
229,1,816.6578369140625,59.72564697265625,37.93963623046875,85.23103332519531
230,2,790.9503784179688,50.46268081665039,39.7359619140625,87.50364303588867
230,3,137.7550506591797,40.22106170654297,39.158447265625,91.33734893798828
230,1,819.2431640625,60.078636169433594,34.6812744140625,85.51151275634766
231,2,791.0322265625,51.061405181884766,41.97088623046875,89.01951217651367
231,3,141.00680541992188,39.58672332763672,35.27595520019531,91.40338897705078
231,1,820.27099609375,59.748268127441406,34.6561279296875,86.47322845458984
232,2,792.442626953125,51.157981872558594,41.88372802734375,88.01030731201172
232,3,143.74960327148438,39.54168701171875,33.48881530761719,92.45240783691406
232,1,819.7054443359375,60.11520004272461,35.63067626953125,87.97523880004883
233,2,794.427490234375,49.468589782714844,40.16973876953125,90.17908477783203
233,3,145.21405029296875,39.64992141723633,33.98988342285156,92.87719345092773
233,1,820.2610473632812,61.36967849731445,34.990478515625,85.02402877807617
234,2,797.8914794921875,50.825904846191406,38.75384521484375,88.73882293701172
234,3,148.64089965820312,40.07979965209961,33.55552673339844,91.81756973266602
234,1,819.5701904296875,61.086402893066406,35.7813720703125,84.1380386352539
235,2,801.7866821289062,48.8354377746582,35.453857421875,83.50825119018555
235,3,151.10812377929688,39.46497344970703,40.92204284667969,90.63726043701172
235,1,819.4456176757812,61.53990173339844,36.028076171875,83.36946105957031
236,2,805.4912109375,49.03144073486328,36.068603515625,83.0823745727539
236,3,153.12039184570312,39.919952392578125,46.86817932128906,91.90481567382812
236,1,818.4031982421875,59.21352767944336,37.09521484375,85.28004837036133
237,2,809.6961669921875,49.68948745727539,33.31878662109375,82.56765365600586
237,3,154.42359924316406,40.17805099487305,51.79853820800781,92.00427627563477
237,1,819.6258544921875,59.05084228515625,36.10675048828125,85.88775634765625
238,2,813.2821044921875,49.67820358276367,29.121826171875,81.31778335571289
238,3,157.3566131591797,40.15668869018555,51.67645263671875,91.70328140258789
238,1,821.006591796875,58.321022033691406,34.3135986328125,86.0925521850586
239,3,161.4326629638672,40.37160110473633,48.45045471191406,91.33721542358398
239,2,813.0715942382812,51.785240173339844,30.96539306640625,78.24077606201172
239,1,823.1432495117188,55.610931396484375,32.4464111328125,88.45298767089844
240,3,161.62094116210938,38.20128631591797,48.75895690917969,93.3226547241211
240,2,813.0370483398438,50.56761932373047,33.31829833984375,79.59407806396484
240,1,826.1599731445312,69.06088256835938,29.496826171875,74.9306640625
241,3,162.31619262695312,38.75007247924805,49.567474365234375,91.84358596801758
241,2,813.6759643554688,51.074283599853516,34.2427978515625,80.11367416381836
242,3,165.97483825683594,39.15925598144531,44.82249450683594,90.054931640625
242,2,814.36181640625,50.691001892089844,34.8201904296875,79.54546356201172
243,2,814.163818359375,50.98100280761719,36.7091064453125,79.2012939453125
243,3,170.0219268798828,38.51872634887695,39.559478759765625,91.14915084838867
244,2,813.7052001953125,50.43153381347656,40.29888916015625,80.51811218261719
244,3,175.0156707763672,37.24272155761719,35.81355285644531,91.0399169921875
245,2,814.7498779296875,49.839176177978516,39.983154296875,80.73238754272461
245,3,178.3837127685547,36.35810089111328,31.068222045898438,91.36911010742188
246,3,181.4709014892578,35.90951919555664,31.900283813476562,91.6530647277832
246,2,817.1472778320312,50.00445556640625,37.6829833984375,80.24441528320312
247,3,183.68519592285156,35.677669525146484,32.77128601074219,93.65610122680664
247,2,819.2501831054688,49.08985137939453,36.01043701171875,80.0720443725586
248,3,185.9193878173828,35.871307373046875,39.68328857421875,92.60185241699219
248,2,822.40673828125,48.44492721557617,33.0123291015625,79.53327560424805
249,3,188.0482635498047,36.908203125,44.399261474609375,92.51182556152344
249,2,827.5922241210938,47.36336898803711,28.01239013671875,80.21300888061523
250,3,189.92877197265625,36.845577239990234,48.76200866699219,91.96040725708008
250,2,832.0131225585938,46.490272521972656,23.66082763671875,81.0008773803711
251,3,193.5077667236328,37.66830825805664,47.772125244140625,90.7688102722168
251,2,833.4480590820312,47.4938850402832,22.290771484375,80.20026779174805
252,3,196.69320678710938,38.627349853515625,45.806243896484375,89.75271606445312
252,2,833.8440551757812,50.693389892578125,21.89483642578125,77.08458709716797
253,3,198.25294494628906,38.70273208618164,46.018646240234375,89.8123893737793
253,2,834.1943969726562,54.311641693115234,21.488037109375,73.33861923217773
254,3,200.569580078125,38.50436019897461,46.885162353515625,90.45602798461914
254,2,835.1185913085938,53.3606071472168,20.5980224609375,74.53097915649414
255,3,202.64942932128906,38.8403205871582,45.74932861328125,90.60432052612305
255,2,836.472412109375,52.536746978759766,19.2158203125,74.94659805297852
256,3,205.6710662841797,38.73868942260742,42.51411437988281,90.90864944458008
256,2,837.3856201171875,53.666324615478516,18.3026123046875,74.66448593139648
257,3,209.332763671875,37.692962646484375,39.66062927246094,90.47332763671875
257,2,839.3955688476562,53.00865936279297,16.291015625,74.18340301513672
258,3,214.01319885253906,37.27352523803711,33.05242919921875,92.89168167114258
259,3,218.00357055664062,36.963165283203125,28.901123046875,92.90309143066406
260,3,219.69805908203125,36.53006362915039,30.032119750976562,93.09487533569336
261,3,223.4810028076172,36.9721565246582,31.098724365234375,93.32297897338867
262,3,226.6803436279297,36.80872344970703,35.92475891113281,92.83773040771484
263,3,228.8192596435547,36.532047271728516,45.43013000488281,92.86433029174805
264,3,230.2331085205078,37.29962158203125,51.49552917480469,92.87335205078125
265,3,231.2555389404297,37.163143157958984,54.47026062011719,92.79748916625977
266,3,234.61575317382812,37.63908767700195,51.239593505859375,92.58465194702148
267,3,235.31634521484375,36.80384826660156,51.107696533203125,94.48332214355469
268,3,237.43601989746094,37.329132080078125,50.19447326660156,93.56132507324219
269,3,241.3975067138672,37.017879486083984,46.35624694824219,93.46890640258789
270,3,244.32662963867188,35.43895721435547,44.126434326171875,95.27156829833984
271,3,251.21885681152344,35.863128662109375,36.32707214355469,94.173095703125
272,3,257.6734619140625,36.04682922363281,28.703643798828125,94.040283203125
273,3,261.0709533691406,35.89651107788086,28.2154541015625,93.54314041137695
274,3,263.6059875488281,34.526039123535156,32.966033935546875,99.30606842041016
275,3,265.9729309082031,31.953784942626953,37.668121337890625,98.41613388061523
276,3,268.8228759765625,31.166913986206055,41.77813720703125,100.14987373352051
277,3,270.4153137207031,31.372623443603516,45.266143798828125,98.22246932983398
278,3,272.09466552734375,30.83231544494629,48.587677001953125,98.85747337341309
279,3,271.39910888671875,31.56389808654785,54.501251220703125,98.29891014099121
280,3,271.97625732421875,32.684661865234375,55.24261474609375,97.45114135742188
281,3,275.9807434082031,37.07139205932617,52.113677978515625,94.05945205688477
282,3,278.832275390625,37.70248794555664,49.437469482421875,93.23470687866211
283,3,284.0149841308594,39.151634216308594,44.623077392578125,91.74996185302734
284,3,290.633544921875,37.430511474609375,37.606201171875,92.96319580078125
285,3,295.80645751953125,35.92106628417969,32.327301025390625,94.36619567871094
286,3,299.8135681152344,35.299354553222656,29.7740478515625,95.17578887939453
287,3,302.4409484863281,35.28964614868164,30.03179931640625,95.50628280639648
288,3,305.1855773925781,35.72407531738281,31.92938232421875,94.47184753417969
289,3,309.8503723144531,35.90822219848633,41.42974853515625,94.58173751831055
290,3,309.9028625488281,36.49153518676758,49.3936767578125,93.15755844116211
291,3,310.7601623535156,35.898067474365234,55.040283203125,93.97575759887695
292,3,311.9898681640625,35.26917266845703,55.132598876953125,94.53398895263672
293,3,312.2269287109375,35.59234619140625,55.658172607421875,93.81776428222656
294,3,316.40155029296875,35.04300308227539,52.535003662109375,95.02949142456055
295,3,323.6312255859375,34.280975341796875,45.477783203125,94.29489135742188
296,3,333.0177001953125,33.39944076538086,34.636199951171875,94.28207015991211
297,3,333.44366455078125,32.40251541137695,33.263336181640625,94.60044479370117
298,3,339.3360900878906,32.31412887573242,28.64080810546875,94.66427993774414
299,3,344.6708068847656,32.46708297729492,26.820037841796875,94.47397232055664
300,3,347.9783630371094,32.5622673034668,29.278472900390625,95.57980728149414
301,3,350.4053039550781,32.81383514404297,34.369842529296875,94.47972106933594
302,3,352.3741455078125,32.75701904296875,41.081085205078125,95.53688049316406
303,3,351.4499816894531,33.72141647338867,48.669952392578125,93.87457656860352
304,3,351.24945068359375,34.30031967163086,52.341461181640625,93.04251480102539
305,3,351.54620361328125,34.80484390258789,55.30010986328125,92.91859817504883
306,3,352.5904235839844,34.20164108276367,57.234466552734375,93.39523696899414
307,3,354.41998291015625,34.668006896972656,56.536468505859375,93.20462036132812
308,3,359.24725341796875,34.152503967285156,52.005615234375,93.45793914794922
309,3,364.9886169433594,33.16487503051758,46.298553466796875,94.76506423950195
310,3,372.190185546875,33.10795211791992,37.70672607421875,94.57186508178711
311,3,379.43695068359375,32.6480598449707,29.745574951171875,95.05074691772461
312,3,383.5196533203125,32.518367767333984,28.143585205078125,93.3989143371582
313,3,386.6264343261719,32.386253356933594,29.06915283203125,93.74413299560547
314,3,389.6077575683594,31.989336013793945,31.31549072265625,95.32547569274902
315,3,391.4044494628906,32.452945709228516,42.539031982421875,94.36186599731445
316,3,392.485595703125,33.17792892456055,49.216461181640625,93.38659286499023
317,3,393.5445861816406,32.947547912597656,53.1964111328125,94.49150085449219
318,3,393.7007141113281,31.669416427612305,55.6802978515625,95.31250190734863
319,3,394.8678283691406,31.555418014526367,55.14593505859375,95.13576698303223
320,3,399.244384765625,32.11690139770508,52.02471923828125,94.56549453735352
321,3,404.15692138671875,31.707958221435547,46.427001953125,94.03242111206055
322,3,409.81658935546875,31.791545867919922,40.718658447265625,92.84253311157227
323,3,415.73150634765625,30.455026626586914,33.561676025390625,94.1988582611084
324,3,423.70941162109375,30.212663650512695,28.038604736328125,92.10282707214355
325,3,429.9284973144531,30.13727378845215,25.8822021484375,93.81473731994629
326,3,432.9408264160156,30.337671279907227,29.951873779296875,93.89679527282715
327,3,434.5125732421875,30.886550903320312,35.585662841796875,92.5723648071289
328,3,434.687255859375,31.374664306640625,42.4228515625,94.0354995727539
329,3,434.89617919921875,32.4581184387207,48.894439697265625,93.10829544067383
330,3,434.06756591796875,32.04951477050781,53.227813720703125,92.474609375
331,3,433.69390869140625,33.34758377075195,56.28204345703125,91.70762252807617
332,3,435.2916259765625,31.986106872558594,57.50360107421875,93.55094146728516
333,3,437.4580078125,32.88589096069336,57.1448974609375,92.42476272583008
334,3,442.5285339355469,32.332523345947266,52.828155517578125,93.08253860473633
335,3,448.0979919433594,31.196271896362305,47.074493408203125,94.22856330871582
336,3,456.34295654296875,32.07386016845703,35.913665771484375,93.09441375732422
337,3,464.2673645019531,31.645523071289062,28.925628662109375,92.97080993652344
338,3,467.8565368652344,31.239028930664062,29.335052490234375,93.78296661376953
339,3,471.75299072265625,31.28130531311035,29.559051513671875,92.76830101013184
340,3,473.6551513671875,31.775489807128906,32.323944091796875,92.38011932373047
341,3,475.131103515625,32.13975143432617,41.94610595703125,91.0195426940918
342,3,475.6663513183594,31.368684768676758,50.734893798828125,93.46722221374512
343,3,476.0678405761719,32.08464050292969,52.611785888671875,92.83973693847656
344,3,478.0564880371094,32.60560989379883,52.185699462890625,92.41019821166992
345,3,479.52410888671875,32.057838439941406,52.83050537109375,92.81404113769531
346,3,483.0671691894531,31.916248321533203,47.485198974609375,93.09496688842773
347,3,489.3887023925781,31.76297950744629,41.193328857421875,92.21082878112793
348,3,494.6321716308594,31.302518844604492,35.901580810546875,91.88936805725098
349,3,501.55267333984375,30.812284469604492,31.20208740234375,91.0900821685791
350,3,507.6425476074219,30.277767181396484,28.829559326171875,90.96770095825195
351,3,512.28173828125,30.187942504882812,27.52606201171875,93.48548889160156
352,3,513.5655517578125,30.334421157836914,31.98907470703125,93.08409690856934
353,3,513.0999755859375,31.212860107421875,39.9996337890625,93.05992889404297
354,3,512.4994506835938,32.239898681640625,46.29949951171875,92.0131607055664
355,3,512.835693359375,32.36357116699219,50.40826416015625,91.46892547607422
356,3,512.9260864257812,32.422122955322266,53.47308349609375,91.9610481262207
357,3,513.387939453125,33.23733901977539,56.2598876953125,91.46750259399414
358,3,516.1101684570312,33.08586502075195,54.68597412109375,91.51913833618164
359,3,519.9100341796875,32.165706634521484,52.82684326171875,92.77280807495117
360,3,525.8031616210938,32.306339263916016,47.8846435546875,92.03506851196289
361,3,532.5038452148438,31.990310668945312,41.197265625,92.60718536376953
362,3,539.9561157226562,32.392208099365234,32.86505126953125,92.14536666870117
363,3,546.8004760742188,31.41721534729004,29.40106201171875,92.0060863494873
364,3,550.3612670898438,31.929410934448242,29.2974853515625,91.63309669494629
365,3,551.1531372070312,32.00377655029297,32.8118896484375,91.9955062866211
366,3,551.334228515625,32.13173294067383,39.68511962890625,91.25349044799805
367,3,551.349365234375,32.64826965332031,47.76715087890625,91.6600112915039
368,3,551.0508422851562,33.20905685424805,52.06719970703125,91.14003372192383
369,3,552.28515625,32.86991882324219,50.56298828125,90.77978515625
370,3,554.4798583984375,32.21113204956055,49.27490234375,91.64430618286133
371,3,562.4434814453125,32.933895111083984,43.5296630859375,89.81320571899414
372,3,565.2479858398438,31.951671600341797,40.39251708984375,90.7713508605957
373,3,570.9061889648438,31.386552810668945,36.47100830078125,90.47834587097168
374,3,577.430419921875,31.06016731262207,32.3404541015625,90.28714561462402
375,3,585.0064086914062,30.976696014404297,28.2777099609375,91.2061882019043
376,3,589.201171875,30.795513153076172,26.4583740234375,91.29717636108398
377,3,588.0509643554688,31.75836181640625,33.5047607421875,90.87694549560547
378,3,588.0491333007812,31.66884422302246,38.7967529296875,91.87556648254395
379,3,588.0648193359375,32.39547348022461,47.5386962890625,91.41498184204102
380,3,587.7229614257812,32.143280029296875,52.48260498046875,90.89299011230469
381,3,587.7213134765625,32.96183776855469,55.6793212890625,90.56116485595703
382,3,588.906005859375,33.73078536987305,56.32891845703125,89.68479537963867
383,3,591.4488525390625,33.26445770263672,55.41925048828125,90.90633392333984
384,3,595.5228271484375,32.7909049987793,52.6705322265625,92.26269149780273
385,3,598.375244140625,33.42557907104492,51.50274658203125,90.80929183959961
386,3,606.5227661132812,32.36161422729492,41.2349853515625,91.71076583862305
387,3,613.9938354492188,32.314720153808594,36.32666015625,92.10968017578125
388,3,623.8150024414062,32.56128692626953,30.421630859375,90.90691375732422
389,3,627.2511596679688,32.78770065307617,30.42279052734375,90.8703727722168
390,3,627.7525634765625,32.99245834350586,35.771484375,90.27573776245117
391,3,627.8448486328125,33.13121795654297,42.425537109375,90.02564239501953
392,3,627.4915161132812,33.5485725402832,47.87628173828125,89.76597213745117
393,3,627.5377807617188,33.79121017456055,51.176513671875,90.75338363647461
394,3,628.8297729492188,33.90464401245117,51.7406005859375,90.80233383178711
395,3,629.0560302734375,33.52811813354492,54.56793212890625,91.10190963745117
396,3,640.7453002929688,34.49515914916992,43.88983154296875,88.7152214050293
397,3,643.843017578125,34.24802017211914,41.8087158203125,89.46808242797852
398,3,645.6607666015625,34.11565017700195,40.3099365234375,89.51112747192383
399,3,651.617919921875,34.07389450073242,35.54266357421875,89.1075553894043
400,3,657.4317626953125,33.56477737426758,30.72503662109375,88.54192733764648
401,3,664.3606567382812,33.586021423339844,26.64532470703125,90.23208618164062
402,3,664.5755615234375,33.84731674194336,29.4560546875,89.51043319702148
403,3,664.19970703125,33.4848747253418,36.81976318359375,89.63580703735352
404,3,664.5125732421875,33.64024353027344,42.718505859375,91.91477966308594
405,3,664.102294921875,33.98960876464844,48.3785400390625,91.00862121582031
406,3,663.760009765625,34.96448516845703,53.43206787109375,89.77269744873047
407,3,663.6395874023438,35.827857971191406,53.40960693359375,89.01253509521484
408,3,665.8399658203125,35.8759765625,55.344970703125,88.89555358886719
409,3,668.6980590820312,35.752418518066406,52.7177734375,89.48171997070312
410,3,671.0966186523438,35.663414001464844,51.98895263671875,90.1500244140625
411,3,676.6171264648438,35.864707946777344,47.042236328125,89.1309814453125
412,3,682.5078735351562,35.640743255615234,40.0948486328125,90.03351211547852
413,3,691.093017578125,35.33027648925781,34.1651611328125,89.66098022460938
414,3,697.0924682617188,35.21275329589844,32.65972900390625,89.49913024902344
415,3,701.1192016601562,35.27068328857422,34.0455322265625,89.68236541748047
416,3,701.3671875,34.981605529785156,39.49774169921875,90.11822509765625
417,3,700.7203979492188,35.27961730957031,43.69476318359375,89.18663787841797
418,3,700.5875854492188,35.262149810791016,46.35211181640625,89.4567985534668
419,3,700.7108764648438,36.125797271728516,50.30413818359375,88.37084579467773
420,3,701.93505859375,36.38494110107422,50.7401123046875,88.14824676513672
421,3,705.3523559570312,36.399757385253906,49.33990478515625,87.05291748046875
422,3,704.9346923828125,35.80168914794922,51.38763427734375,88.40696716308594
423,3,707.6778564453125,35.98004913330078,49.920654296875,88.60455322265625
424,3,715.223388671875,35.28343200683594,42.5269775390625,87.82469940185547
425,3,720.2626342773438,35.44358444213867,37.17572021484375,86.84158706665039
426,3,727.2647094726562,35.039005279541016,31.9586181640625,85.21563339233398
427,3,732.5,35.237911224365234,28.845703125,88.07399368286133
428,3,732.9821166992188,34.94948959350586,31.05657958984375,88.07162094116211
429,3,732.6845703125,34.98948669433594,33.27423095703125,87.95126342773438
430,3,732.7240600585938,35.26545715332031,39.26641845703125,88.38187408447266
431,3,732.8848876953125,35.7451057434082,43.5552978515625,87.26047134399414
432,3,732.885498046875,36.225730895996094,49.7493896484375,86.28262329101562
433,3,733.0778198242188,36.43446731567383,50.598876953125,86.25887680053711
434,3,733.9912109375,37.19966125488281,47.5362548828125,85.92294311523438
435,3,734.348876953125,36.58028030395508,48.7437744140625,86.63898086547852
436,3,738.4210205078125,35.89889144897461,48.06280517578125,87.49180221557617
437,3,742.8021850585938,35.63747787475586,44.7589111328125,87.38654708862305
438,3,748.615234375,36.24200439453125,41.931884765625,86.50482177734375
439,3,754.4053955078125,36.229652404785156,37.7796630859375,85.8739242553711
440,3,761.6436767578125,35.41062927246094,35.3482666015625,86.68538665771484
441,3,764.8408813476562,34.46957015991211,35.99041748046875,88.15210342407227
442,3,764.210693359375,34.81618118286133,40.8076171875,88.42316055297852
443,3,764.9805297851562,34.97969055175781,43.43212890625,87.46022033691406
444,3,764.3502197265625,35.8497314453125,47.54949951171875,86.19793701171875
445,3,765.0869750976562,36.86838912963867,49.81353759765625,84.8888053894043
446,3,766.9436645507812,36.83661651611328,49.76898193359375,84.68766021728516
447,3,771.1052856445312,36.434898376464844,46.91033935546875,83.89041900634766
448,3,771.7224731445312,36.952823638916016,47.55810546875,84.0920295715332
449,3,775.4244384765625,36.33078384399414,43.9443359375,83.95012283325195
450,3,781.37646484375,35.51232147216797,39.7530517578125,83.7285385131836
451,3,787.0743408203125,36.82465362548828,33.97003173828125,81.35195922851562
452,3,792.5595092773438,36.17637252807617,29.82269287109375,81.98593521118164
453,3,793.1929321289062,38.29218292236328,30.46710205078125,81.38514709472656
454,3,792.927490234375,39.314048767089844,33.94085693359375,81.28276062011719
455,3,810.4968872070312,41.580928802490234,19.60943603515625,76.58829116821289
456,3,793.4984741210938,37.97167205810547,39.291015625,82.35892486572266
457,3,793.4680786132812,37.40719223022461,43.20245361328125,82.15742874145508
458,3,793.8001098632812,37.28640365600586,44.28948974609375,82.39125442504883
459,3,793.6844482421875,36.71645736694336,45.66241455078125,83.29475021362305
460,3,794.666748046875,37.23564910888672,45.81768798828125,82.9930419921875
461,3,798.0989990234375,37.0341682434082,44.98956298828125,82.93047714233398
462,3,801.5707397460938,37.25078201293945,43.0657958984375,82.82223892211914
463,3,806.2705078125,36.803829193115234,41.24224853515625,83.12686538696289
464,3,811.4781494140625,36.453392028808594,39.59271240234375,83.67475128173828
465,3,818.7720336914062,36.93916320800781,34.74365234375,82.71979522705078
466,3,823.0420532226562,37.27934265136719,32.02264404296875,82.44673919677734
467,3,824.2924194335938,36.94681930541992,31.25390625,83.61191940307617
468,3,824.4524536132812,36.36764907836914,31.16925048828125,84.44690322875977
469,3,824.5816040039062,36.73171615600586,31.03826904296875,83.68594741821289
470,3,824.8253173828125,42.13336944580078,30.83135986328125,78.62516021728516
471,3,825.0243530273438,45.176109313964844,30.68560791015625,75.32770538330078
472,3,825.7017211914062,46.137569427490234,29.91253662109375,74.25503921508789
473,3,827.8909301757812,48.588401794433594,27.77581787109375,71.16876983642578
474,3,832.2960205078125,48.43906021118164,23.27972412109375,71.48215103149414
495,4,564.0466918945312,460.0838623046875,32.26171875,18.806976318359375
496,4,560.9802856445312,455.3715515136719,30.92156982421875,23.089752197265625
497,4,556.52490234375,450.6689453125,31.662841796875,27.869476318359375
498,4,553.4016723632812,445.4543151855469,32.2374267578125,33.181488037109375
499,4,550.171875,440.4819641113281,45.44171142578125,38.25384521484375
500,4,546.1411743164062,435.1412658691406,48.34564208984375,43.789642333984375
501,4,539.7798461914062,429.9273376464844,56.9168701171875,49.123016357421875
502,4,532.4221801757812,424.4555358886719,64.74652099609375,54.589080810546875
502,5,568.27685546875,454.0140686035156,31.609130859375,24.769378662109375
503,4,526.4564819335938,420.5126647949219,66.89288330078125,58.016021728515625
504,4,520.4817504882812,416.5074462890625,78.022705078125,62.065582275390625
505,4,516.7439575195312,412.46405029296875,75.9107666015625,66.03921508789062
506,4,511.5503845214844,409.7550048828125,57.751434326171875,68.91220092773438
507,4,507.7215270996094,406.6402893066406,55.239715576171875,71.84921264648438
508,4,503.07135009765625,403.7311096191406,52.30078125,74.91928100585938
509,4,498.1021423339844,402.0225830078125,52.325164794921875,76.543701171875
510,4,492.22216796875,399.32403564453125,52.89886474609375,79.155517578125
511,4,487.249755859375,396.09796142578125,52.02813720703125,82.44342041015625
512,4,479.6427001953125,392.7128601074219,55.90167236328125,86.45062255859375
513,4,473.4033203125,389.1561279296875,56.38995361328125,89.44302368164062
514,4,468.3470458984375,384.6159362792969,55.81414794921875,94.249755859375
515,4,464.2936096191406,380.4354553222656,57.126129150390625,98.06692504882812
516,4,456.7474365234375,376.9281311035156,60.032958984375,101.33139038085938
517,4,447.660400390625,373.2222900390625,67.4163818359375,105.749267578125
518,4,440.8807678222656,369.06317138671875,67.236328125,109.2615966796875
519,4,435.1986083984375,365.2216491699219,68.48638916015625,112.927001953125
520,4,430.0891418457031,362.04730224609375,71.37640380859375,115.87619018554688
521,4,424.6908264160156,358.6378173828125,73.41268920898438,119.19720458984375
522,4,420.2928466796875,356.16253662109375,72.64352416992188,121.64303588867188
523,4,417.5284118652344,353.27166748046875,71.00799560546875,124.37298583984375
524,4,415.54656982421875,350.4562072753906,67.91925048828125,127.09539794921875
525,4,411.4847412109375,346.94329833984375,67.962158203125,130.90121459960938
526,4,408.87933349609375,342.3099670410156,68.36141967773438,135.65921020507812
527,4,407.53240966796875,337.9786682128906,65.35546875,139.92193603515625
528,4,403.3036804199219,334.1398620605469,67.0740966796875,144.03115844726562
529,4,401.93927001953125,330.09405517578125,63.630523681640625,148.16226196289062
530,4,399.7776794433594,327.01849365234375,62.1312255859375,151.3515625
531,4,398.9354553222656,323.4198303222656,59.46405029296875,154.70745849609375
532,4,398.1371765136719,320.5027160644531,55.893707275390625,157.41085815429688
533,4,394.01165771484375,318.7745056152344,58.064361572265625,158.32901000976562
534,4,388.2018127441406,317.3622741699219,62.075225830078125,159.69174194335938
535,4,375.71307373046875,315.9726867675781,74.33663940429688,161.96249389648438
536,4,367.7506103515625,315.27020263671875,82.81341552734375,162.1339111328125
537,4,364.0676574707031,314.2787780761719,86.2965087890625,163.2158203125
538,4,363.5271301269531,312.6202087402344,86.34884643554688,163.83935546875
539,4,361.804443359375,310.2639465332031,86.46426391601562,163.5771484375
540,4,361.66119384765625,307.2775573730469,85.16180419921875,162.11978149414062
541,4,362.3155822753906,304.6575622558594,77.60800170898438,162.665771484375
542,4,362.1240539550781,303.00018310546875,71.7265625,160.90280151367188
543,4,358.8838806152344,299.5907897949219,67.13525390625,156.61029052734375
544,4,352.8121032714844,297.2657165527344,64.187744140625,154.32949829101562
545,4,343.9176940917969,294.8822021484375,62.3721923828125,156.0159912109375
546,4,336.1451110839844,291.6369323730469,61.47381591796875,159.59075927734375
547,4,329.6197509765625,289.55499267578125,61.618011474609375,161.33645629882812
548,4,322.8194274902344,287.4595031738281,65.42364501953125,163.27200317382812
549,4,318.26898193359375,285.52001953125,70.13980102539062,165.97198486328125
550,4,313.57110595703125,282.9972839355469,74.56759643554688,167.59884643554688
551,4,310.8887634277344,281.5093688964844,77.27108764648438,168.82247924804688
552,4,308.296142578125,279.1044921875,79.60296630859375,170.00601196289062
553,4,305.7488098144531,276.24432373046875,81.75942993164062,171.51052856445312
554,4,304.20587158203125,272.58538818359375,81.18032836914062,169.14306640625
555,4,302.93084716796875,269.6318359375,76.99337768554688,167.74517822265625
556,4,302.77008056640625,266.2329406738281,72.55117797851562,169.72872924804688
557,4,302.1134338378906,262.90447998046875,67.04507446289062,164.94747924804688
558,4,301.90582275390625,260.05889892578125,61.414306640625,161.18032836914062
559,4,301.25360107421875,256.67724609375,54.806976318359375,158.67999267578125
560,4,300.822998046875,254.9631805419922,53.74639892578125,153.35401916503906
561,4,299.5207824707031,253.35240173339844,53.763519287109375,155.0373077392578
562,4,297.5533752441406,251.69525146484375,55.809112548828125,156.17636108398438
563,4,294.6387939453125,250.20928955078125,57.6138916015625,157.67257690429688
564,4,288.4109802246094,249.301513671875,63.952850341796875,158.3870849609375
565,4,283.98504638671875,248.44566345214844,68.35247802734375,158.65122985839844
566,4,283.4237060546875,247.876708984375,68.72796630859375,158.97201538085938
567,4,281.7259521484375,246.25201416015625,69.05169677734375,158.57858276367188
568,4,278.768310546875,244.2034454345703,69.45858764648438,156.5511932373047
569,4,275.1933288574219,241.2010498046875,69.74554443359375,154.96023559570312
570,4,271.59765625,239.00238037109375,68.76495361328125,155.5693359375
571,4,266.27520751953125,236.2451171875,68.71932983398438,154.25747680664062
572,4,262.75799560546875,233.81463623046875,66.87640380859375,149.52337646484375
573,4,258.6867370605469,232.07467651367188,65.89535522460938,148.7645263671875
574,4,254.63494873046875,229.54159545898438,63.405548095703125,150.81097412109375
575,4,249.89048767089844,227.3013458251953,60.17503356933594,153.5282440185547
576,4,246.98513793945312,224.67031860351562,57.7320556640625,156.48211669921875
577,4,242.6839599609375,224.05726623535156,62.184173583984375,156.11973571777344
578,4,240.45347595214844,222.31301879882812,65.38554382324219,157.52691650390625
579,4,238.49949645996094,221.3059844970703,67.60386657714844,158.7686309814453
580,4,236.46261596679688,219.0225372314453,69.2598876953125,160.3865509033203
581,4,235.48171997070312,217.13230895996094,69.66653442382812,161.08055114746094
582,4,232.99900817871094,214.4403076171875,69.29313659667969,160.31808471679688
583,4,231.31314086914062,212.21438598632812,68.21356201171875,159.52874755859375
584,4,229.63162231445312,210.28907775878906,65.28671264648438,158.26979064941406
585,4,228.16448974609375,207.7415008544922,62.12310791015625,154.52622985839844
586,4,226.76194763183594,205.30479431152344,59.27015686035156,150.91603088378906
587,4,225.6090850830078,203.37339782714844,55.57139587402344,147.06541442871094
588,4,223.7244873046875,201.59405517578125,55.010650634765625,144.64413452148438
589,4,222.66725158691406,200.78639221191406,56.52394104003906,145.14414978027344
590,4,221.87603759765625,199.827880859375,57.941741943359375,146.70159912109375
591,4,219.90695190429688,198.6931610107422,59.61871337890625,147.2205047607422
592,4,217.16009521484375,198.32521057128906,62.063201904296875,147.0974578857422
593,4,213.869873046875,197.9199676513672,63.934967041015625,147.8746795654297
594,4,211.18496704101562,197.68678283691406,65.740234375,147.30943298339844
595,4,207.59230041503906,195.75241088867188,68.26029968261719,147.00173950195312
596,4,204.13174438476562,193.6541748046875,70.08782958984375,145.33395385742188
597,4,200.88308715820312,192.4054718017578,69.71536254882812,145.03309631347656
598,4,197.82398986816406,190.7171173095703,68.11351013183594,144.9532928466797
599,4,195.4082489013672,188.85887145996094,65.72569274902344,141.58119201660156
600,4,192.78912353515625,186.64804077148438,63.593170166015625,138.4356689453125
601,4,190.8748321533203,184.44293212890625,60.013946533203125,139.74566650390625
602,4,187.67173767089844,183.37681579589844,57.53001403808594,140.14329528808594
603,4,184.6268768310547,182.2923126220703,55.66156005859375,142.5422821044922
604,4,182.11163330078125,180.2899627685547,55.528656005859375,144.35325622558594
605,4,179.649658203125,179.77719116210938,58.06419372558594,144.806640625
606,4,178.02664184570312,178.572509765625,59.50364685058594,146.37283325195312
607,4,175.6584014892578,177.20819091796875,61.75868225097656,147.602294921875
608,4,173.61190795898438,176.54476928710938,63.08662414550781,148.53094482421875
609,4,171.95260620117188,174.97805786132812,63.03498840332031,149.24456787109375
610,4,170.90895080566406,173.53018188476562,62.25787353515625,146.4034423828125
611,4,169.08140563964844,171.231201171875,61.76568603515625,147.26803588867188
612,4,166.79808044433594,168.6940155029297,60.061492919921875,146.2787322998047
613,4,164.85317993164062,167.28163146972656,58.37251281738281,143.5532684326172
614,4,163.50767517089844,165.9944305419922,54.638427734375,140.8929901123047
615,4,162.5084686279297,164.04087829589844,50.1409912109375,139.3674774169922
616,4,160.80931091308594,162.88412475585938,52.259246826171875,137.2032470703125
617,4,159.39401245117188,161.96534729003906,53.18998718261719,136.1638641357422
618,4,158.10301208496094,161.38710021972656,53.60107421875,137.40525817871094
619,4,156.0036163330078,160.716552734375,55.881622314453125,137.943359375
620,4,154.06077575683594,161.0799560546875,57.409912109375,137.25259399414062
621,4,152.2002716064453,161.2164764404297,58.212921142578125,136.6411895751953
622,4,149.7925567626953,160.7044677734375,59.814727783203125,136.97021484375
623,4,146.5638885498047,160.2923583984375,62.66920471191406,136.14120483398438
624,4,143.82203674316406,158.26034545898438,64.30923461914062,136.44183349609375
625,4,140.7943115234375,156.975341796875,65.133544921875,135.16885375976562
626,4,138.3238067626953,154.7544403076172,64.12832641601562,134.59474182128906
627,4,135.30130004882812,153.20082092285156,62.83929443359375,135.87217712402344
628,4,133.14691162109375,151.41036987304688,60.28179931640625,133.1363525390625
629,4,130.26483154296875,149.72019958496094,58.63307189941406,132.58958435058594
630,4,128.58934020996094,148.26402282714844,55.251220703125,133.32350158691406
631,4,126.29414367675781,146.75436401367188,53.45640563964844,133.61050415039062
632,4,123.7412109375,146.02232360839844,52.53887939453125,135.07261657714844
633,4,121.55020904541016,145.587646484375,52.599388122558594,135.71002197265625
634,4,119.79479217529297,145.15402221679688,55.996788024902344,136.616943359375
635,4,118.9349365234375,143.818359375,54.99372863769531,137.02947998046875
636,4,117.55864715576172,142.26119995117188,55.807090759277344,139.96041870117188
637,4,115.60418701171875,141.17811584472656,57.36334228515625,141.0028533935547
638,4,114.52671813964844,139.9261474609375,57.33665466308594,140.30950927734375
639,4,114.18790435791016,138.00131225585938,56.545692443847656,138.99899291992188
640,4,112.74847412109375,136.39662170410156,55.73577880859375,136.73182678222656
641,4,111.94210052490234,134.53512573242188,52.63213348388672,135.26351928710938
642,4,111.72294616699219,131.22547912597656,50.63606262207031,136.98133850097656
643,4,110.67965698242188,131.40383911132812,48.37617492675781,129.32977294921875
644,4,110.0866470336914,129.7181396484375,47.44927215576172,128.63360595703125
645,4,108.97919464111328,128.87461853027344,48.57886505126953,127.07752990722656
646,4,107.6046142578125,127.47393035888672,49.3848876953125,127.5232925415039
647,4,105.41592407226562,127.68523406982422,51.4559326171875,127.45795440673828
648,4,103.40963745117188,126.27058410644531,53.20549011230469,128.63658142089844
649,4,101.29613494873047,127.02389526367188,55.608482360839844,128.15771484375
650,4,99.38895416259766,125.70519256591797,57.66436004638672,129.78653717041016
651,4,97.34300994873047,125.48321533203125,59.20215606689453,130.25755310058594
652,4,96.07752990722656,124.83372497558594,59.98304748535156,129.43370056152344
653,4,94.69142150878906,123.72220611572266,59.69956970214844,128.54621124267578
654,4,93.14630126953125,122.35726165771484,59.80757141113281,126.47077178955078
655,4,90.31576538085938,119.82048797607422,59.231109619140625,127.75260162353516
656,4,89.36480712890625,119.59762573242188,57.008880615234375,125.978271484375
657,4,87.80207824707031,117.82390594482422,55.973236083984375,122.4023666381836
658,4,87.05375671386719,115.4349136352539,52.4141845703125,122.30530548095703
659,4,86.03154754638672,113.80963134765625,50.81884002685547,123.059814453125
660,4,83.58268737792969,112.83748626708984,50.75592041015625,124.80054473876953
661,4,82.04946899414062,111.52096557617188,51.04045104980469,126.745849609375
662,4,80.98323822021484,111.16767120361328,50.749855041503906,125.92578887939453
663,4,80.73650360107422,110.99532318115234,49.54351043701172,125.9182357788086
664,4,80.19042205810547,110.36492156982422,49.280906677246094,126.77103424072266
665,4,79.55763244628906,108.40166473388672,49.901641845703125,127.46204376220703
666,4,78.77252197265625,105.6780776977539,50.85569763183594,130.07137298583984
667,4,78.29640197753906,105.20319366455078,51.1112060546875,129.75020599365234
668,4,77.24897003173828,104.03172302246094,49.812042236328125,127.35154724121094
669,4,77.26387023925781,102.4239730834961,48.278831481933594,128.71475982666016
670,4,75.92684173583984,100.55362701416016,47.98451232910156,126.72313690185547
671,4,74.60299682617188,98.98821258544922,48.10869598388672,122.4609146118164
672,4,73.8447265625,97.85398864746094,48.93479919433594,118.92601013183594
673,4,72.44305419921875,97.0298843383789,48.96044921875,118.78990936279297
674,4,72.83580780029297,96.42367553710938,48.14813232421875,118.66305541992188
675,4,71.54955291748047,96.45104217529297,48.9415283203125,118.53597259521484
676,4,70.12026977539062,96.85477447509766,50.160400390625,116.90450286865234
677,4,68.5311279296875,96.75982666015625,51.599998474121094,117.56080627441406
678,4,67.62893676757812,95.35189056396484,52.452308654785156,119.80399322509766
679,4,66.36682891845703,95.60840606689453,53.02313995361328,119.1645278930664
680,4,65.44807434082031,95.81546783447266,52.70537567138672,116.94341278076172
681,4,64.0737533569336,94.79302978515625,52.35791778564453,115.53233337402344
682,4,62.695133209228516,92.44424438476562,51.984928131103516,116.69882202148438
683,4,60.70928192138672,91.6900405883789,51.956275939941406,114.40889739990234
684,4,58.87466812133789,89.50634002685547,51.66543960571289,112.24401092529297
685,4,57.580711364746094,88.16326904296875,48.52342224121094,111.87210083007812
686,4,57.14125061035156,87.3781509399414,46.851463317871094,112.2271499633789
687,4,56.43208312988281,87.07916259765625,46.044593811035156,112.35121154785156
688,4,54.066226959228516,86.216796875,47.2147102355957,113.17355346679688
689,4,52.75621032714844,85.93468475341797,47.071449279785156,113.68741607666016
690,4,51.83230209350586,84.5793685913086,46.331295013427734,115.58101654052734
691,4,50.49201202392578,84.27685546875,47.110191345214844,115.49099731445312
692,4,49.768367767333984,84.23585510253906,47.85029983520508,115.92385864257812
693,4,48.46751022338867,84.15234375,48.83632278442383,116.40066528320312
694,4,48.036277770996094,82.71897888183594,48.89271545410156,115.56002807617188
695,4,47.7387809753418,80.8365478515625,46.9262580871582,116.55702209472656
696,4,47.92439651489258,80.03538513183594,43.9350700378418,111.32058715820312
697,4,47.048946380615234,77.91482543945312,42.48466873168945,108.75958251953125
698,4,46.78264617919922,76.38540649414062,41.65397644042969,105.99568176269531
699,4,46.02113723754883,76.00045776367188,42.25603103637695,105.32289123535156
700,4,45.42932891845703,76.51416778564453,43.34217834472656,105.3041763305664
701,4,44.07657241821289,75.04309844970703,44.37820053100586,105.4184799194336
702,4,42.20167922973633,75.28640747070312,45.694889068603516,104.78704833984375
703,4,40.328163146972656,75.55718231201172,46.46814727783203,103.59954071044922
704,4,38.53391647338867,75.33057403564453,48.64713668823242,104.03917694091797
705,4,37.20222091674805,75.53875732421875,50.462711334228516,104.30732727050781
706,4,35.63126754760742,74.33808135986328,52.08211135864258,105.48188018798828
707,4,33.974212646484375,73.36126708984375,53.132293701171875,105.96893310546875
708,4,31.673572540283203,73.72595977783203,52.93281173706055,103.54241180419922
709,4,30.06161880493164,72.41448211669922,51.60770797729492,105.47588348388672
710,4,27.98325538635254,70.99437713623047,51.546674728393555,107.32355499267578
711,4,26.482929229736328,71.95863342285156,48.703861236572266,103.50813293457031
712,4,24.48862075805664,70.32630920410156,46.951480865478516,105.76994323730469
713,4,24.12093734741211,70.35152435302734,43.87308120727539,104.8730239868164
714,4,22.77658462524414,69.38003540039062,41.404300689697266,102.45671081542969
715,4,20.605737686157227,68.87421417236328,42.075578689575195,103.77022552490234
716,4,18.653667449951172,68.90763092041016,43.671932220458984,103.94107818603516
717,4,17.192243576049805,67.0589599609375,45.04794883728027,106.40657043457031
718,4,15.89299488067627,67.11698913574219,46.809576988220215,107.11911010742188
719,4,15.49951171875,67.26275634765625,47.55160903930664,107.93803405761719
720,4,14.550923347473145,66.74868774414062,47.43110179901123,108.27815246582031
