0,1,349.284423828125,128.06028747558594,32.96917724609375,104.83546447753906
0,2,331.6357727050781,139.4441375732422,28.16790771484375,99.96348571777344
1,1,351.0426330566406,127.88348388671875,31.70465087890625,105.21173095703125
1,2,333.6095275878906,139.14981079101562,27.30413818359375,102.40997314453125
2,1,353.9350280761719,127.44416809082031,28.004547119140625,105.652099609375
2,2,336.9569396972656,140.340087890625,29.20611572265625,100.46131896972656
3,1,355.30926513671875,127.51819610595703,25.628570556640625,105.37036895751953
3,2,337.93817138671875,137.7106170654297,32.138031005859375,104.62741088867188
4,1,358.1317443847656,127.43722534179688,23.992706298828125,105.9580078125
4,2,340.61346435546875,142.78738403320312,31.00665283203125,98.77853393554688
5,1,360.720458984375,127.84272766113281,23.30950927734375,105.80430603027344
5,2,342.6641540527344,142.43130493164062,37.22021484375,99.9813232421875
6,1,362.62371826171875,126.90848541259766,24.009124755859375,110.57588958740234
6,2,344.6730041503906,143.41015625,30.61016845703125,91.17669677734375
7,1,364.8465270996094,126.61390686035156,24.4871826171875,109.15911865234375
7,2,346.6448059082031,143.5416259765625,29.852691650390625,90.802001953125
8,1,367.08135986328125,126.47992706298828,25.188262939453125,104.85750579833984
8,2,347.962158203125,144.60044860839844,36.11346435546875,90.61843872070312
9,2,349.0185852050781,145.59446716308594,39.30523681640625,97.21896362304688
9,1,369.32427978515625,126.83322143554688,26.822723388671875,104.12300109863281
10,1,372.5192565917969,126.8381576538086,32.1771240234375,102.31810760498047
10,2,350.8245544433594,144.56027221679688,38.8062744140625,94.70730590820312
11,1,374.71697998046875,126.52088165283203,37.15283203125,102.90387725830078
11,2,355.2317199707031,144.20806884765625,35.028961181640625,98.43977355957031
12,1,377.44134521484375,127.1036148071289,39.3076171875,102.88701629638672
12,2,358.59271240234375,145.29368591308594,32.294464111328125,97.02377319335938
13,1,379.7645263671875,127.35846710205078,40.703857421875,103.32691192626953
13,2,361.4721374511719,145.1841583251953,31.0457763671875,98.13534545898438
14,1,385.02142333984375,126.8814468383789,33.37994384765625,104.72248077392578
14,2,366.45196533203125,142.0611572265625,28.705718994140625,102.19679260253906
15,1,388.5636291503906,126.41731262207031,30.8670654296875,103.94491577148438
15,2,368.5056457519531,143.40000915527344,29.892608642578125,100.352294921875
16,1,390.8025207519531,127.11932373046875,28.412994384765625,102.13671875
16,2,370.1548767089844,145.73208618164062,31.60968017578125,96.72567749023438
17,1,394.6043701171875,126.1266098022461,23.0501708984375,104.04834747314453
17,2,372.65423583984375,144.02520751953125,28.45477294921875,98.93116760253906
18,1,396.2032470703125,125.5185546875,23.613861083984375,108.86433410644531
18,2,375.0119934082031,145.0985565185547,24.514373779296875,97.09933471679688
19,1,398.8833923339844,125.86225891113281,23.6260986328125,106.27105712890625
19,2,376.82269287109375,145.85894775390625,41.121185302734375,96.21783447265625
20,2,376.87078857421875,146.80982971191406,44.441741943359375,96.09954833984375
20,1,401.0636291503906,125.44759368896484,23.378082275390625,95.4429702758789
21,1,403.003662109375,125.75727844238281,26.11407470703125,108.23542785644531
21,2,376.8397216796875,146.71348571777344,44.846893310546875,96.63618469238281
22,1,405.5055236816406,125.46226501464844,26.798309326171875,110.54776000976562
22,2,378.0484619140625,145.94052124023438,43.162322998046875,97.20712280273438
23,1,407.54302978515625,127.35326385498047,32.16644287109375,106.24993133544922
23,2,380.24237060546875,144.74276733398438,39.013702392578125,99.2896728515625
24,1,410.8009033203125,127.37528991699219,37.03985595703125,104.87008666992188
24,2,381.6993408203125,145.54931640625,36.745086669921875,97.92596435546875
25,1,413.5030822753906,127.36221313476562,39.754791259765625,103.79237365722656
25,2,385.2298583984375,145.1285400390625,38.6697998046875,98.57427978515625
25,3,0.1478375792503357,159.32838439941406,10.66029554605484,66.467041015625
26,1,415.84130859375,127.58882904052734,40.341400146484375,104.19214630126953
26,2,393.6978454589844,143.7361602783203,28.574554443359375,91.68251037597656
26,3,0.10570331662893295,158.29930114746094,14.6832971945405,69.14179992675781
27,1,418.5588073730469,127.80963134765625,38.49932861328125,103.37416076660156
27,2,396.17535400390625,143.68235778808594,28.584808349609375,98.62165832519531
27,3,0.0,155.62548828125,18.67022132873535,72.05264282226562
28,1,420.8349304199219,127.88740539550781,36.897735595703125,103.90083312988281
28,2,400.5355529785156,143.30349731445312,25.93218994140625,99.40325927734375
28,3,0.02709501050412655,152.3855438232422,24.65187723375857,75.55903625488281
29,1,424.0064697265625,127.80027770996094,34.623809814453125,104.19456481933594
29,2,404.3114013671875,143.16749572753906,24.971527099609375,99.19076538085938
29,3,0.0,142.07139587402344,28.41910171508789,86.50372314453125
30,1,426.5970458984375,128.6407470703125,32.368011474609375,101.56016540527344
30,3,0.0,140.68670654296875,29.6340274810791,87.65074157714844
30,2,408.23223876953125,143.39801025390625,25.470855712890625,100.22038269042969
31,1,429.9367980957031,128.0722198486328,28.43927001953125,102.88015747070312
31,2,409.4499206542969,143.78916931152344,30.1708984375,100.26602172851562
31,3,0.004307496827095747,140.2034454345703,32.656649839598686,88.27479553222656
32,1,432.4835205078125,127.20590209960938,26.491943359375,103.62033081054688
32,3,0.00926679465919733,139.9005126953125,33.00259309913963,89.32731628417969
32,2,410.7032775878906,143.787109375,34.864715576171875,100.19869995117188
33,1,435.52923583984375,126.8672103881836,24.743316650390625,103.41138458251953
33,3,0.008614993654191494,140.580078125,32.16282131616026,88.16513061523438
33,2,410.9379577636719,144.6400604248047,41.099884033203125,99.26901245117188
34,3,0.04977792873978615,139.13031005859375,32.217510279268026,89.64468383789062
34,1,438.4059143066406,126.4923095703125,24.131072998046875,104.8294677734375
34,2,411.1280822753906,144.946533203125,42.942047119140625,96.8638916015625
35,2,411.01123046875,145.6864013671875,45.916473388671875,97.38812255859375
35,3,0.4549224376678467,138.41845703125,30.895848512649536,90.23562622070312
35,1,440.7794189453125,126.64205932617188,24.51812744140625,104.21769714355469
36,3,0.4116676151752472,139.028076171875,30.44544145464897,88.86161804199219
36,2,411.8318176269531,145.29254150390625,46.50311279296875,98.24739074707031
36,1,443.14837646484375,126.39414978027344,25.946807861328125,104.2171630859375
37,3,0.4095400273799896,138.65135192871094,33.40403571724892,90.19035339355469
37,1,445.6476745605469,126.94530487060547,25.46832275390625,101.4542465209961
37,2,413.9175109863281,146.79847717285156,45.216796875,95.30986022949219
38,3,3.6728405952453613,137.93118286132812,36.2451434135437,89.44795227050781
38,1,448.6126708984375,127.65911102294922,36.47119140625,99.21056365966797
38,2,424.22052001953125,147.54196166992188,38.04071044921875,95.37811279296875
39,3,5.821664333343506,138.7786407470703,41.21704721450806,89.69172668457031
39,1,451.8128662109375,127.60580444335938,38.925628662109375,99.64576721191406
39,2,430.8498229980469,146.26205444335938,32.22186279296875,96.3673095703125
40,3,8.485526084899902,138.37452697753906,46.72671604156494,89.21188354492188
40,1,454.1170349121094,127.9423828125,39.504913330078125,99.15608215332031
40,2,434.663818359375,146.039794921875,31.713470458984375,96.45748901367188
40,4,0.1611650586128235,174.9552001953125,19.52230280637741,61.17030334472656
41,3,11.6995849609375,138.55230712890625,48.742069244384766,92.27359008789062
41,1,456.2132568359375,127.60598754882812,38.51361083984375,99.94548034667969
41,2,438.27508544921875,145.62857055664062,29.725738525390625,97.06430053710938
41,4,0.15473315119743347,182.33494567871094,22.395483523607254,52.62858581542969
42,3,14.674165725708008,137.86289978027344,48.918447494506836,94.08163452148438
42,1,458.6315002441406,127.27832794189453,36.522308349609375,101.18346405029297
42,2,440.7595520019531,145.19985961914062,26.958251953125,97.73208618164062
42,4,0.0,164.11203002929688,26.117834091186523,70.51902770996094
43,3,15.720710754394531,137.70010375976562,48.70890808105469,92.89613342285156
43,1,463.2932434082031,127.785400390625,30.5977783203125,100.1512451171875
43,2,442.62200927734375,145.52540588378906,27.68511962890625,96.60592651367188
43,4,0.0,157.91830444335938,26.70933723449707,78.52481079101562
44,2,445.1353759765625,145.61326599121094,32.687835693359375,96.56935119628906
44,3,17.478485107421875,137.25161743164062,46.97456359863281,91.30744934082031
44,1,466.2679748535156,127.38539123535156,28.361785888671875,99.41044616699219
44,4,0.0,154.72068786621094,28.109615325927734,81.22769165039062
45,2,446.5104064941406,146.5147247314453,37.16168212890625,94.41087341308594
45,3,19.144365310668945,136.91465759277344,44.7283878326416,89.51246643066406
45,4,0.07036768645048141,149.353759765625,29.69787610322237,86.43850708007812
45,1,469.3823547363281,126.60633850097656,26.1585693359375,100.58235168457031
46,2,446.2898864746094,146.3382568359375,39.5810546875,95.86260986328125
46,3,21.157926559448242,136.9346160888672,42.687517166137695,89.03587341308594
46,1,473.27294921875,126.67549896240234,24.252960205078125,101.5713882446289
46,4,0.09617950767278671,150.94471740722656,31.374323345720768,85.27810668945312
47,3,23.2866153717041,136.315185546875,40.53566551208496,89.57009887695312
47,2,446.1146240234375,146.14093017578125,42.695587158203125,97.409423828125
47,1,475.3211975097656,125.58216857910156,25.31463623046875,103.65927124023438
47,4,0.2284669727087021,149.87721252441406,31.84430219233036,88.23698425292969
48,4,0.10766063630580902,148.20089721679688,28.966012611985207,90.34944152832031
48,3,28.405071258544922,135.2725372314453,35.66816329956055,89.3253173828125
48,2,446.7358093261719,146.6716766357422,45.541290283203125,95.75393676757812
48,1,478.6695251464844,125.57135009765625,24.161041259765625,101.52621459960938
49,4,0.17953090369701385,149.0214080810547,25.256992533802986,88.72439575195312
49,3,31.362390518188477,135.7799072265625,31.98179817199707,87.75096130371094
49,2,447.5390930175781,146.62332153320312,48.43914794921875,96.8369140625
49,1,480.21881103515625,126.06848907470703,26.408203125,103.89392852783203
50,3,32.232444763183594,135.1832275390625,31.109561920166016,89.73741149902344
50,4,0.3396340608596802,148.01063537597656,27.17714488506317,90.97285461425781
50,2,448.6792297363281,145.39031982421875,48.192962646484375,97.18382263183594
50,1,483.0532531738281,125.85423278808594,25.70751953125,104.895751953125
50,5,0.009863109327852726,221.3002166748047,21.25098970439285,39.74131774902344
51,4,0.6550022959709167,148.46763610839844,29.06512099504471,92.15255737304688
51,1,484.94049072265625,125.70928192138672,28.31854248046875,104.1910171508789
51,3,34.69337463378906,135.7039794921875,32.37458801269531,88.62092590332031
51,2,454.8587341308594,144.64105224609375,41.012603759765625,95.47845458984375
51,5,0.0,202.93121337890625,22.8983211517334,58.946197509765625
52,4,1.2832832336425781,148.18463134765625,32.02607345581055,93.37675476074219
52,1,487.4129943847656,125.85879516601562,34.440948486328125,102.71253967285156
52,3,35.01073455810547,135.26983642578125,32.18418884277344,91.68414306640625
52,2,460.696533203125,142.1262664794922,35.36163330078125,97.43930053710938
52,5,0.0,179.30081176757812,24.757482528686523,84.30606079101562
53,4,3.732283353805542,148.0691680908203,36.884793519973755,93.89302062988281
53,3,37.474876403808594,136.16773986816406,37.233131408691406,90.40847778320312
53,1,490.4151306152344,126.64898681640625,36.904022216796875,101.78311157226562
53,2,468.8970947265625,142.7362823486328,27.61932373046875,93.60209655761719
54,4,6.1936564445495605,147.83106994628906,40.31895875930786,92.53738403320312
54,3,38.97238540649414,135.8015594482422,42.195735931396484,90.44889831542969
54,1,491.95318603515625,127.43635559082031,38.76922607421875,100.74284362792969
54,2,473.2078552246094,142.2811279296875,25.8758544921875,97.27249145507812
54,5,0.0,163.0505828857422,25.039228439331055,99.32527160644531
55,4,9.267285346984863,148.17919921875,40.71924114227295,92.01145935058594
55,3,41.70063781738281,136.76019287109375,44.661231994628906,89.45173645019531
55,1,495.2293701171875,127.97798156738281,36.339111328125,99.52175903320312
55,5,0.007739973720163107,169.12783813476562,24.459285783115774,92.84609985351562
55,2,476.9558410644531,142.65322875976562,26.906341552734375,97.42623901367188
56,4,9.906610488891602,148.45603942871094,44.09116172790527,92.73715209960938
56,3,44.22334289550781,136.93093872070312,45.83527374267578,89.36911010742188
56,1,498.5352478027344,128.21543884277344,33.678863525390625,98.86524963378906
56,5,0.0,167.24610900878906,25.425838470458984,96.77714538574219
56,2,478.7091979980469,142.68841552734375,27.66796875,97.85494995117188
57,3,46.16039276123047,137.44424438476562,45.39960479736328,88.87060546875
57,4,12.300578117370605,148.99346923828125,43.58112812042236,91.79129028320312
57,5,0.0,165.73947143554688,26.381589889526367,99.28485107421875
57,1,501.2622985839844,128.660888671875,31.500640869140625,99.54136657714844
57,2,481.8670959472656,143.44741821289062,28.7742919921875,97.4515380859375
58,4,14.830850601196289,148.1782989501953,41.56734275817871,92.35551452636719
58,3,47.969993591308594,137.0489044189453,45.11689758300781,89.97001647949219
58,5,0.06509078294038773,166.00794982910156,28.97236191481352,100.62333679199219
58,2,480.53515625,143.84552001953125,36.93194580078125,97.19190979003906
58,1,504.6209411621094,128.2058868408203,27.850433349609375,99.76113891601562
59,4,17.509153366088867,147.92898559570312,39.0329647064209,92.77372741699219
59,5,0.1080828383564949,167.5254364013672,36.36247914284468,99.45436096191406
59,3,49.6065559387207,136.97349548339844,43.05183029174805,89.90928649902344
59,1,506.99114990234375,127.5215835571289,26.90667724609375,99.81412506103516
59,2,480.419921875,144.95724487304688,42.72186279296875,95.94607543945312
60,4,18.79130744934082,148.2991943359375,37.12979698181152,92.341552734375
60,5,0.10798206925392151,166.92861938476562,46.60862788558006,100.00775146484375
60,3,53.5675163269043,137.87332153320312,39.05629348754883,88.71559143066406
60,2,479.65777587890625,145.29978942871094,46.61627197265625,94.82298278808594
60,1,509.85595703125,127.10797882080078,25.18682861328125,100.73795318603516
61,3,55.96590805053711,136.419677734375,36.8868293762207,90.11827087402344
61,4,21.592144012451172,146.9931640625,34.25072479248047,93.69003295898438
61,5,0.2690597474575043,166.03440856933594,50.21528473496437,101.97282409667969
61,2,480.28192138671875,145.51266479492188,49.1256103515625,95.00888061523438
61,1,512.4306640625,127.25691986083984,24.99200439453125,101.18318939208984
62,5,4.387873649597168,167.8166046142578,50.046509742736816,99.19746398925781
62,3,61.17337417602539,136.4889678955078,30.493289947509766,89.60972595214844
62,4,25.781024932861328,146.36830139160156,31.99765396118164,94.08778381347656
62,1,517.6209716796875,126.06640625,25.2471923828125,101.50065612792969
62,2,481.9752197265625,145.3231201171875,47.9774169921875,94.04037475585938
63,5,5.231518268585205,166.77316284179688,50.88024091720581,100.45675659179688
63,3,61.86682891845703,135.0786895751953,31.207420349121094,89.86463928222656
63,4,28.849029541015625,146.5218963623047,31.070011138916016,93.74496459960938
63,1,520.3569946289062,126.49896240234375,24.09869384765625,100.34254455566406
63,2,481.6922302246094,145.46861267089844,49.386444091796875,94.28804016113281
64,5,9.5940523147583,167.77359008789062,46.96432399749756,99.49496459960938
64,3,62.73663330078125,134.45184326171875,34.76686096191406,91.38475036621094
64,4,30.99148178100586,147.85655212402344,33.377254486083984,91.53030395507812
64,1,522.26611328125,126.37922668457031,25.78778076171875,98.74031066894531
64,2,488.1259765625,145.19308471679688,47.252685546875,95.47624206542969
65,5,13.024918556213379,167.09765625,44.15597438812256,99.93295288085938
65,3,64.91991424560547,134.8697509765625,36.35169982910156,90.28048706054688
65,4,32.08396530151367,147.345703125,36.193546295166016,90.31697082519531
65,1,524.072998046875,126.37198638916016,29.97113037109375,98.46985626220703
65,2,496.9568786621094,144.97259521484375,37.361175537109375,94.91719055175781
66,5,13.506412506103516,166.40460205078125,45.55237579345703,99.86514282226562
66,3,59.94609069824219,134.90823364257812,48.64844512939453,90.22456359863281
66,4,34.91195297241211,148.02108764648438,39.918216705322266,89.30899047851562
66,1,526.99072265625,127.17041778564453,34.63641357421875,97.50846099853516
66,2,504.80126953125,143.9223175048828,30.7874755859375,95.35028076171875
67,5,19.821697235107422,164.78182983398438,40.757408142089844,101.38442993164062
67,3,69.44596099853516,135.71006774902344,46.83485412597656,89.90782165527344
67,2,510.2920837402344,142.4499053955078,26.033111572265625,96.60572814941406
67,4,37.99626541137695,146.79782104492188,46.41171646118164,90.06973266601562
67,1,528.265625,127.9295883178711,36.53070068359375,97.78290557861328
68,5,23.861068725585938,165.4161376953125,42.78052520751953,100.89349365234375
68,4,41.056678771972656,146.1491241455078,44.00300598144531,90.08171081542969
68,3,71.29625701904297,135.667724609375,50.325782775878906,91.06661987304688
68,2,513.4693603515625,143.19744873046875,26.09375,95.77261352539062
68,1,531.0909423828125,128.55528259277344,34.8780517578125,97.34480285644531
69,5,27.785367965698242,166.8218231201172,48.0972843170166,98.77320861816406
69,4,42.72096252441406,146.35623168945312,43.930885314941406,91.83210754394531
69,3,72.2674331665039,135.15342712402344,51.90412902832031,93.12095642089844
69,1,536.1038818359375,127.63419342041016,30.6029052734375,98.38790130615234
69,2,515.8561401367188,143.16244506835938,27.193115234375,97.09477233886719
70,5,29.759172439575195,167.121337890625,54.755422592163086,98.9473876953125
70,3,76.94462585449219,135.00367736816406,48.11967468261719,90.38145446777344
70,4,44.246280670166016,145.8576202392578,44.409793853759766,94.567626953125
70,2,518.3607788085938,143.86717224121094,27.241455078125,95.57298278808594
70,1,538.5886840820312,126.99649047851562,28.48828125,98.29005432128906
71,5,33.24785232543945,165.38763427734375,55.71897506713867,102.48065185546875
71,3,78.56658172607422,135.70465087890625,46.336265563964844,89.50070190429688
71,2,520.0055541992188,144.2769317626953,31.83056640625,95.06716918945312
71,4,48.80818176269531,145.42202758789062,41.984619140625,91.8172607421875
71,1,541.3933715820312,127.27012634277344,25.94677734375,97.53492736816406
72,5,35.58168029785156,164.0941619873047,57.36143493652344,103.84977722167969
72,3,78.48038482666016,136.0720977783203,47.069847106933594,89.29368591308594
72,2,519.2273559570312,145.2180633544922,36.79119873046875,93.47773742675781
72,4,51.49101257324219,144.0555877685547,38.236289978027344,92.6934814453125
72,1,543.7716064453125,126.72770690917969,24.08294677734375,99.39750671386719
73,5,37.31269454956055,166.6403350830078,58.07978439331055,100.26255798339844
73,3,79.79576110839844,133.08433532714844,45.03131866455078,92.32102966308594
73,2,518.8154907226562,145.14659118652344,42.50482177734375,94.10359191894531
73,4,51.88267517089844,144.7490997314453,32.410491943359375,88.3199462890625
73,1,546.5774536132812,126.03526306152344,24.2364501953125,100.53054809570312
74,5,39.93898391723633,166.56216430664062,55.23025894165039,101.74337768554688
74,3,83.80400848388672,130.52532958984375,40.49290466308594,93.79341125488281
74,1,549.3261108398438,126.2895736694336,24.07952880859375,100.02176666259766
74,4,54.80130386352539,144.92694091796875,28.296131134033203,80.42367553710938
74,2,518.2177734375,145.5365447998047,43.46563720703125,94.02587890625
75,5,45.28614044189453,166.46522521972656,50.239501953125,102.32469177246094
75,3,87.28900146484375,130.74734497070312,37.14936828613281,93.3275146484375
75,1,551.8167114257812,125.8970718383789,24.067138671875,102.2098159790039
75,2,518.9763793945312,145.34295654296875,43.8565673828125,94.2459716796875
75,4,57.81411361694336,145.1312255859375,25.867488861083984,60.534149169921875
76,5,50.04465866088867,167.00379943847656,46.14669418334961,100.74879455566406
76,3,91.20986938476562,130.48577880859375,33.849571228027344,93.3240966796875
76,1,554.3927612304688,125.52645111083984,23.46014404296875,98.43924713134766
76,2,522.7621459960938,146.1886444091797,41.42926025390625,92.62281799316406
76,4,60.0505485534668,145.3302001953125,26.523983001708984,66.53292846679688
77,5,55.241943359375,164.66107177734375,40.74372100830078,103.56240844726562
77,3,94.27411651611328,129.8356170654297,33.05559539794922,95.228515625
77,1,556.7027587890625,125.83411407470703,23.90972900390625,100.27385711669922
77,2,525.777099609375,144.92349243164062,39.60888671875,94.51327514648438
77,4,61.956443786621094,146.29940795898438,25.32636260986328,48.61311340332031
78,5,56.95648956298828,166.1309814453125,40.943031311035156,102.41607666015625
78,3,95.44447326660156,129.86122131347656,34.11293029785156,95.75053405761719
78,1,558.3319091796875,125.9111328125,24.47137451171875,103.93280029296875
78,2,530.456298828125,144.52178955078125,35.00030517578125,93.26303100585938
78,4,64.2693862915039,146.87796020507812,23.53577423095703,41.90443420410156
79,5,59.988792419433594,166.3037109375,42.19293975830078,102.1082763671875
79,3,97.1822738647461,129.9129180908203,36.094215393066406,96.21731567382812
79,1,562.9954223632812,126.70443725585938,23.4739990234375,101.67340087890625
79,2,536.3794555664062,143.7901611328125,31.896728515625,93.19474792480469
79,4,63.65116500854492,150.53370666503906,29.735599517822266,70.10139465332031
80,5,63.27656555175781,166.192138671875,45.68988800048828,103.65557861328125
80,1,564.60986328125,126.85017395019531,28.14666748046875,102.37550354003906
80,3,98.84191131591797,129.07186889648438,38.563072204589844,98.04171752929688
80,2,543.2832641601562,140.7994384765625,28.18621826171875,95.59623718261719
80,4,68.32999420166016,144.42788696289062,26.701637268066406,43.998748779296875
81,5,65.1231918334961,166.46759033203125,49.688018798828125,104.5450439453125
81,3,101.32396697998047,128.98834228515625,40.78687286376953,97.97503662109375
81,2,549.998779296875,143.698486328125,22.8592529296875,89.11282348632812
81,1,567.648681640625,126.88763427734375,30.39990234375,101.53739929199219
81,4,70.87174224853516,145.82479858398438,25.459190368652344,42.074249267578125
82,5,69.2372817993164,167.38221740722656,52.89570617675781,102.37303161621094
82,3,104.1107406616211,130.1280059814453,43.22138214111328,95.93122863769531
82,2,551.3679809570312,143.75811767578125,24.9493408203125,94.15625
82,1,570.687744140625,126.87480163574219,31.87713623046875,100.81401062011719
82,4,72.86808776855469,146.83033752441406,24.70867156982422,40.006805419921875
83,5,73.15734100341797,169.0724639892578,53.09014129638672,100.75352478027344
83,3,105.12184143066406,129.87539672851562,46.77540588378906,97.37451171875
83,2,551.1460571289062,142.90045166015625,28.875732421875,96.78965759277344
83,1,573.77392578125,128.0690460205078,30.58087158203125,99.65072631835938
83,4,75.38025665283203,147.23741149902344,23.705467224121094,38.35313415527344
84,5,77.2571029663086,168.7736053466797,51.87914276123047,101.33085632324219
84,3,107.33707427978516,131.0322723388672,45.88556671142578,95.34880065917969
84,1,575.7803344726562,128.22723388671875,30.66448974609375,99.01651000976562
84,2,552.0031127929688,144.93377685546875,33.744873046875,94.64511108398438
84,4,77.56401062011719,145.82809448242188,22.654327392578125,42.9422607421875
85,5,80.32760620117188,170.65956115722656,49.214935302734375,99.80616760253906
85,3,107.67971801757812,133.7202606201172,47.00048828125,92.99736022949219
85,2,552.7551879882812,145.26898193359375,39.98541259765625,94.157470703125
85,1,578.2599487304688,128.02183532714844,29.05078125,99.49763488769531
85,4,79.7663803100586,145.52503967285156,24.093215942382812,43.16767883300781
86,5,86.65531921386719,168.3478240966797,45.70075988769531,104.62406921386719
86,3,113.51189422607422,133.4391632080078,42.57550811767578,93.6766357421875
86,1,583.89697265625,128.450927734375,22.798828125,98.80337524414062
86,2,552.1559448242188,146.5136260986328,48.0880126953125,93.25651550292969
86,4,84.97531127929688,144.6822967529297,22.57280731201172,44.15913391113281
87,5,90.7197494506836,169.37942504882812,42.497291564941406,101.57318115234375
87,3,115.73139953613281,134.144287109375,40.41749572753906,92.86114501953125
87,2,552.6806640625,146.9932861328125,47.864990234375,92.35604858398438
87,1,586.475830078125,128.04595947265625,21.2584228515625,99.97767639160156
87,4,86.56810760498047,143.16358947753906,23.33611297607422,86.91152954101562
88,5,94.34703063964844,170.47654724121094,39.50740051269531,99.79411315917969
88,3,119.00738525390625,133.74578857421875,33.8009033203125,93.29177856445312
88,2,553.7047729492188,146.9827880859375,45.573486328125,92.96882629394531
88,1,588.586669921875,126.66503143310547,21.6397705078125,101.7021255493164
88,4,88.8926773071289,143.84817504882812,22.18871307373047,80.97193908691406
89,5,96.89637756347656,169.05029296875,40.85760498046875,100.78921508789062
89,3,121.95948028564453,132.64361572265625,32.304908752441406,93.34748840332031
89,1,590.6688232421875,126.74321746826172,22.09539794921875,101.03620147705078
89,2,555.669189453125,147.07168579101562,44.79132080078125,91.86814880371094
89,4,91.53750610351562,142.33143615722656,22.202796936035156,80.16043090820312
90,5,99.44132232666016,167.86451721191406,48.488563537597656,102.43458557128906
90,3,125.13523864746094,133.1765899658203,31.677566528320312,93.65728759765625
90,1,593.5489501953125,127.38835144042969,21.595703125,97.55693054199219
90,4,93.22793579101562,144.23721313476562,22.643417358398438,89.54144287109375
90,2,560.08544921875,147.07151794433594,43.93121337890625,91.27777099609375
91,5,105.222412109375,170.31417846679688,51.49647521972656,100.50042724609375
91,3,127.53292083740234,133.6256561279297,32.03740692138672,91.68521118164062
91,2,577.5126342773438,146.8353271484375,28.08294677734375,91.92048645019531
91,1,596.016357421875,126.84854125976562,23.0172119140625,98.64215087890625
91,4,96.30931091308594,145.04124450683594,21.48443603515625,93.68983459472656
92,5,105.29450225830078,170.12124633789062,57.260780334472656,101.22317504882812
92,3,129.8771209716797,133.78456115722656,35.243377685546875,92.07113647460938
92,2,581.243896484375,140.82980346679688,27.23828125,99.14974975585938
92,4,98.76250457763672,145.5706329345703,22.892379760742188,96.37763977050781
92,1,597.7076416015625,127.68486785888672,27.8284912109375,97.53199005126953
93,5,106.69188690185547,169.65074157714844,58.74262237548828,102.61149597167969
93,3,131.32481384277344,133.2938690185547,42.07411193847656,92.456298828125
93,4,102.68341827392578,150.03224182128906,26.85773468017578,92.83187866210938
93,1,601.65478515625,128.33865356445312,28.41650390625,96.58847045898438
93,2,581.4044799804688,145.07943725585938,27.98370361328125,93.54292297363281
94,5,110.62959289550781,170.74879455566406,58.27326965332031,102.52629089355469
94,3,134.78086853027344,133.2958221435547,44.474639892578125,91.60643005371094
94,4,102.89558410644531,144.6731414794922,25.11114501953125,97.88093566894531
94,2,587.6845703125,143.31048583984375,23.94219970703125,96.46517944335938
94,1,600.5576171875,128.76380920410156,33.87408447265625,97.9837646484375
95,5,108.42051696777344,170.13137817382812,62.99732971191406,103.20980834960938
95,4,102.841064453125,144.79627990722656,28.850357055664062,97.36578369140625
95,3,136.0879364013672,132.41159057617188,45.35163879394531,92.32089233398438
95,1,589.3179931640625,127.87666320800781,49.8245849609375,105.19297790527344
95,2,588.7772216796875,139.98976135253906,25.47943115234375,93.89044189453125
96,5,118.84786224365234,170.15283203125,52.291099548339844,102.52651977539062
96,4,104.92514038085938,145.00347900390625,32.64320373535156,96.07432556152344
96,3,139.31817626953125,131.63699340820312,42.84043884277344,94.52261352539062
96,1,606.9716796875,129.1755828857422,34.03900146484375,97.24913024902344
96,2,590.2257690429688,143.73138427734375,26.9564208984375,95.61341857910156
97,4,106.88146209716797,144.00772094726562,32.802284240722656,96.85365295410156
97,5,124.90901184082031,170.68348693847656,46.79356384277344,101.88230895996094
97,3,142.1341552734375,133.18589782714844,41.24378967285156,92.73182678222656
97,1,610.4033813476562,129.5659942626953,32.1199951171875,98.72500610351562
97,2,590.66357421875,146.09642028808594,31.8348388671875,92.957763671875
98,5,130.88442993164062,170.85235595703125,40.530670166015625,102.12014770507812
98,4,112.65154266357422,144.85606384277344,31.867897033691406,95.19557189941406
98,3,144.68072509765625,135.25218200683594,37.39338684082031,90.50424194335938
98,1,613.2561645507812,129.8328857421875,31.5501708984375,97.31269836425781
98,2,590.7954711914062,144.1596221923828,36.05029296875,94.12187194824219
99,5,135.56671142578125,170.17935180664062,37.70941162109375,104.73580932617188
99,3,147.00372314453125,136.9659423828125,34.41456604003906,88.70443725585938
99,4,115.9442367553711,144.7866973876953,33.39470672607422,95.2847900390625
99,2,589.5414428710938,144.92808532714844,40.17498779296875,93.749755859375
99,1,615.802001953125,128.56637573242188,29.96173095703125,99.092529296875
100,5,137.32394409179688,170.77337646484375,34.58192443847656,104.75350952148438
100,3,148.60858154296875,131.34925842285156,32.58404541015625,93.83378601074219
100,4,119.84486389160156,144.07534790039062,26.944534301757812,98.24755859375
100,1,618.6632080078125,128.92428588867188,27.0191650390625,99.49000549316406
100,2,589.7246704101562,150.0351104736328,41.3822021484375,88.22529602050781
101,5,141.33099365234375,171.2005157470703,37.79083251953125,106.76881408691406
101,1,621.6395263671875,128.48377990722656,23.14910888671875,99.0682373046875
101,3,151.099609375,135.73086547851562,31.270065307617188,88.82164001464844
101,4,123.2456283569336,144.41229248046875,25.966331481933594,91.69259643554688
101,2,591.3860473632812,148.39645385742188,42.919921875,90.71060180664062
102,5,144.76190185546875,168.80502319335938,42.814971923828125,110.28375244140625
102,4,126.52825927734375,144.1896209716797,27.000091552734375,90.36349487304688
102,2,593.7322387695312,144.02166748046875,41.87579345703125,95.7216796875
102,1,624.4049682617188,128.6537322998047,21.4302978515625,98.94288635253906
102,3,153.20730590820312,136.82408142089844,27.533050537109375,71.84295654296875
103,5,147.0009307861328,171.37423706054688,49.819915771484375,107.76507568359375
103,4,128.55029296875,143.05311584472656,32.01881408691406,98.43373107910156
103,2,596.2669677734375,143.37171936035156,41.94781494140625,96.54690551757812
103,1,625.9171752929688,128.94308471679688,22.1268310546875,94.93487548828125
103,3,155.0131072998047,132.26980590820312,31.239349365234375,74.68716430664062
104,5,150.19064331054688,171.7918701171875,52.51213073730469,108.07321166992188
104,1,626.8950805664062,128.91310119628906,23.251220703125,97.06275939941406
104,4,130.84115600585938,143.45826721191406,26.639617919921875,95.23823547363281
104,3,158.2564239501953,133.11553955078125,29.925994873046875,71.17771911621094
105,5,152.42115783691406,172.9839324951172,54.54936218261719,106.91767883300781
105,4,132.9110870361328,144.9893035888672,27.97637939453125,92.6131591796875
105,1,624.7991943359375,125.5654067993164,29.01220703125,108.05506134033203
105,3,160.51864624023438,132.63780212402344,30.341476440429688,72.1295166015625
106,5,157.7152557373047,175.1724090576172,52.99432373046875,105.05326843261719
106,4,134.98997497558594,143.0597381591797,29.06561279296875,95.04180908203125
106,1,628.1921997070312,127.69499206542969,28.38604736328125,104.74476623535156
106,2,612.7743530273438,133.4072265625,34.2017822265625,106.26925659179688
106,3,162.09385681152344,131.9657440185547,33.91156005859375,70.61717224121094
107,5,159.8319549560547,175.21189880371094,52.5341796875,105.41368103027344
107,4,135.9812774658203,142.67494201660156,39.12248229980469,97.08451843261719
107,1,635.421630859375,128.9933624267578,24.4388427734375,103.13551330566406
107,3,163.7908172607422,134.13961791992188,33.086273193359375,66.98680114746094
108,5,163.85049438476562,173.2280731201172,49.04248046875,107.63758850097656
108,4,138.59580993652344,143.4792938232422,43.75410461425781,96.04289245605469
108,1,639.17919921875,128.7675018310547,28.8974609375,101.30143737792969
108,3,165.3554229736328,135.1720428466797,40.654388427734375,75.75520324707031
109,5,170.17819213867188,174.0280303955078,42.373626708984375,107.83946228027344
109,4,140.02001953125,145.12429809570312,45.40460205078125,96.08369445800781
109,1,641.3164672851562,129.62371826171875,31.22589111328125,100.68258666992188
109,2,622.2164306640625,141.3557586669922,30.25494384765625,98.16938781738281
109,3,169.8931427001953,135.9093475341797,33.25721740722656,58.023529052734375
110,5,177.248779296875,173.5157928466797,37.002166748046875,108.01496887207031
110,4,146.4983367919922,144.8749542236328,30.523590087890625,96.27421569824219
110,1,647.41748046875,131.48472595214844,29.24456787109375,98.70562744140625
110,2,622.7938232421875,137.87889099121094,39.00689697265625,104.26814270019531
110,3,175.79254150390625,135.93594360351562,23.804428100585938,55.718109130859375
111,5,181.66217041015625,173.77496337890625,36.40312194824219,107.09292602539062
111,4,150.9488067626953,144.348388671875,30.095413208007812,97.743408203125
111,1,650.6961059570312,130.832275390625,27.3536376953125,100.17678833007812
111,2,623.1351928710938,141.8768768310547,44.42095947265625,99.06504821777344
111,3,178.2523956298828,136.2407989501953,27.090469360351562,57.61177062988281
112,5,187.88070678710938,174.89895629882812,38.165191650390625,106.66561889648438
112,4,154.6888885498047,143.98728942871094,29.553176879882812,98.69548034667969
112,1,654.0880737304688,131.1984405517578,23.58721923828125,99.1490478515625
112,2,623.5315551757812,142.3988037109375,47.017578125,100.15217590332031
112,3,181.69537353515625,135.9364471435547,32.75140380859375,59.24552917480469
113,4,157.01412963867188,144.11361694335938,28.480255126953125,98.55467224121094
113,5,188.42269897460938,173.80667114257812,48.83528137207031,107.73648071289062
113,1,655.3792724609375,132.11036682128906,23.94146728515625,95.48941040039062
113,2,624.4822998046875,149.7787322998047,47.88983154296875,92.38597106933594
113,3,185.19236755371094,136.0463104248047,26.577682495117188,61.76025390625
114,4,160.5089569091797,143.72552490234375,29.357192993164062,98.41221618652344
114,5,188.6759490966797,175.09852600097656,57.22560119628906,106.06257629394531
114,1,658.2311401367188,130.99578857421875,21.52581787109375,102.18185424804688
114,2,625.2354736328125,132.55014038085938,52.37969970703125,108.19122314453125
114,3,186.35935974121094,136.18487548828125,27.333084106445312,65.78204345703125
115,4,162.632568359375,144.54217529296875,28.500091552734375,97.38027954101562
115,5,190.0279998779297,171.60153198242188,60.88697814941406,110.20669555664062
115,3,189.4005889892578,135.60003662109375,25.487655639648438,68.32350158691406
115,2,627.0016479492188,131.98980712890625,55.4317626953125,106.947021484375
116,4,164.83843994140625,145.16082763671875,32.417388916015625,96.49809265136719
116,5,193.6441192626953,174.84909057617188,59.312255859375,107.22006225585938
116,2,631.0415649414062,131.94749450683594,54.09814453125,106.06867980957031
116,3,191.7258758544922,134.74378967285156,26.910202026367188,76.85453796386719
117,4,166.89126586914062,144.89915466308594,34.24870300292969,97.22366333007812
117,5,196.69235229492188,175.208740234375,57.81414794921875,107.37994384765625
117,2,644.190185546875,129.84976196289062,42.7421875,107.50642395019531
117,3,193.7091827392578,133.4992218017578,28.659439086914062,104.041748046875
118,4,168.98468017578125,145.47413635253906,38.29083251953125,96.67878723144531
118,5,201.1410675048828,174.25784301757812,53.40440368652344,107.75308227539062
118,2,656.1253051757812,130.15966796875,34.594482421875,102.69979858398438
118,3,197.5292510986328,134.1409912109375,26.6170654296875,104.76771545410156
119,4,171.02926635742188,146.66937255859375,39.81169128417969,95.39517211914062
119,5,208.47935485839844,174.45999145507812,45.7418212890625,107.55853271484375
119,2,650.4769897460938,130.18121337890625,43.83514404296875,103.44380187988281
119,3,200.1794891357422,134.07179260253906,26.79364013671875,91.64222717285156
120,4,171.81353759765625,146.94754028320312,42.01835632324219,94.99935913085938
120,5,217.78189086914062,173.82305908203125,36.13111877441406,106.22509765625
120,3,202.43666076660156,134.61642456054688,30.182052612304688,94.98489379882812
120,2,656.8831176757812,129.86448669433594,42.6251220703125,110.84115600585938
121,4,172.5997314453125,146.81727600097656,40.38954162597656,94.98997497558594
121,5,222.8702392578125,174.0794677734375,32.04383850097656,106.8541259765625
121,3,204.1494903564453,133.77313232421875,31.217803955078125,105.352294921875
121,2,659.480712890625,130.91477966308594,43.81597900390625,108.24554443359375
122,4,174.1002655029297,146.59022521972656,45.66316223144531,96.09620666503906
122,5,227.99853515625,174.3536376953125,32.187103271484375,109.58334350585938
122,3,204.54714965820312,134.5093994140625,35.705474853515625,103.22154235839844
122,2,658.39501953125,131.11700439453125,47.9459228515625,108.74356079101562
123,4,177.0893096923828,146.4390411376953,44.280731201171875,96.04069519042969
123,5,231.44378662109375,176.14559936523438,34.809539794921875,108.97991943359375
123,3,206.51455688476562,134.8766326904297,38.75926208496094,102.06849670410156
123,2,666.647216796875,131.06556701660156,42.395263671875,101.97245788574219
124,4,182.05172729492188,145.07896423339844,40.519134521484375,97.49020385742188
124,5,233.31971740722656,174.952880859375,46.46461486816406,109.55160522460938
124,3,208.54513549804688,135.38796997070312,39.6029052734375,105.717041015625
124,2,659.8540649414062,132.9665069580078,46.20751953125,106.74803161621094
125,5,236.87799072265625,174.98614501953125,53.79168701171875,109.26480102539062
125,4,187.4548797607422,144.57058715820312,35.43060302734375,97.16786193847656
125,3,203.6991424560547,134.742919921875,51.28575134277344,108.58184814453125
125,2,677.1676025390625,131.1547393798828,35.9805908203125,96.61604309082031
126,5,237.0137481689453,176.2587890625,57.94642639160156,107.24310302734375
126,4,192.06076049804688,146.01934814453125,30.691268920898438,96.17306518554688
126,3,214.64198303222656,135.09507751464844,43.08204650878906,110.32534790039062
126,2,676.2655639648438,132.54576110839844,38.0264892578125,95.37353515625
127,5,237.67721557617188,177.69166564941406,58.90106201171875,105.95860290527344
127,4,194.16477966308594,144.33396911621094,27.816146850585938,98.001220703125
127,3,219.0564422607422,135.52261352539062,31.180145263671875,94.50703430175781
127,2,682.8648071289062,131.668212890625,31.9127197265625,98.94393920898438
128,5,242.26109313964844,177.16229248046875,58.65983581542969,107.17196655273438
128,4,196.9380340576172,144.16188049316406,28.869674682617188,100.7542724609375
128,3,224.84239196777344,135.27195739746094,25.756591796875,93.12858581542969
128,2,663.5289306640625,131.4609832763672,49.72442626953125,108.85188293457031
129,4,199.77984619140625,145.39414978027344,33.00154113769531,100.43553161621094
129,5,247.9615020751953,176.9185791015625,53.74900817871094,107.32867431640625
129,3,228.16250610351562,135.70848083496094,26.79437255859375,91.49447631835938
129,2,666.6671752929688,131.4615478515625,47.91461181640625,108.8642578125
130,4,201.50840759277344,147.49642944335938,36.25935363769531,96.84707641601562
130,5,255.49179077148438,176.9315948486328,46.526153564453125,107.34773254394531
130,3,230.06411743164062,135.3075408935547,28.918365478515625,97.20892333984375
130,2,683.2099609375,129.77618408203125,34.25518798828125,98.13212585449219
131,4,201.60276794433594,147.06021118164062,42.981475830078125,98.76748657226562
131,3,233.94822692871094,135.6620635986328,29.260299682617188,94.2647705078125
131,5,263.0342102050781,176.4212188720703,38.335418701171875,108.27043151855469
131,2,687.281005859375,130.46282958984375,32.39532470703125,98.53030395507812
132,4,203.99977111816406,146.2798614501953,45.40541076660156,101.03892517089844
132,3,236.84600830078125,136.3011016845703,31.28887939453125,93.48495483398438
132,5,269.334228515625,175.1778106689453,33.541107177734375,107.24723815917969
132,2,686.0070190429688,129.76234436035156,35.60589599609375,106.91102600097656
133,4,206.33506774902344,147.4677276611328,44.87617492675781,99.15774536132812
133,3,238.19375610351562,137.25257873535156,33.439056396484375,93.51826477050781
133,5,273.00274658203125,175.9002685546875,34.5701904296875,109.51904296875
133,2,688.564453125,128.80340576171875,36.14581298828125,111.21365356445312
134,4,209.65623474121094,146.8134765625,44.740386962890625,101.03280639648438
134,3,239.75064086914062,137.24476623535156,39.37579345703125,95.16673278808594
134,5,281.5145263671875,176.12918090820312,44.231231689453125,108.59048461914062
134,2,710.3338623046875,135.3051300048828,19.6005859375,95.47230529785156
134,6,691.8414916992188,131.00814819335938,37.32122802734375,109.89456176757812
135,4,213.85105895996094,147.84890747070312,40.59877014160156,99.58668518066406
135,3,242.59217834472656,137.06959533691406,39.56510925292969,96.00820922851562
135,5,282.38067626953125,175.87057495117188,52.86309814453125,109.4639892578125
135,2,691.9487915039062,134.73545837402344,38.84722900390625,108.1578369140625
136,3,245.01937866210938,137.7013397216797,38.466278076171875,95.44337463378906
136,4,218.11077880859375,147.568359375,36.42439270019531,100.4521484375
136,5,283.8408203125,177.2247772216797,59.858306884765625,108.09880065917969
136,2,692.3887329101562,132.58567810058594,42.17596435546875,110.40135192871094
137,4,223.4199676513672,147.07113647460938,30.276535034179688,102.50741577148438
137,3,245.97457885742188,137.86387634277344,39.138702392578125,94.71014404296875
137,5,284.68035888671875,178.0430450439453,61.970550537109375,107.09983825683594
137,2,691.9681396484375,132.74533081054688,46.367431640625,110.72703552246094
138,4,228.10362243652344,146.89349365234375,26.16522216796875,101.85604858398438
138,3,252.9550323486328,137.4186248779297,33.00917053222656,96.33674621582031
138,5,286.5033264160156,177.5303192138672,62.933380126953125,107.11311340332031
138,2,691.2133178710938,134.44309997558594,49.00982666015625,110.23402404785156
139,4,230.53173828125,147.30223083496094,29.043853759765625,101.06289672851562
139,5,294.2247619628906,177.31085205078125,55.555267333984375,106.19393920898438
139,3,254.78128051757812,137.43409729003906,32.808837890625,96.68458557128906
139,2,692.0595092773438,134.3936767578125,50.22479248046875,108.39179992675781
140,4,233.1602325439453,147.68838500976562,30.827804565429688,99.56927490234375
140,5,302.25555419921875,177.08265686035156,45.97149658203125,105.58735656738281
140,3,261.8197021484375,136.97393798828125,26.866943359375,96.13766479492188
140,2,694.9140625,135.19973754882812,48.39739990234375,108.23464965820312
141,4,235.52249145507812,147.9801483154297,33.240997314453125,99.31550598144531
141,3,265.52850341796875,137.2151336669922,26.8116455078125,96.02902221679688
141,5,311.4826965332031,176.83140563964844,36.708770751953125,105.20475769042969
141,2,698.2402954101562,135.9185028076172,46.8565673828125,107.92015075683594
142,4,237.4440155029297,147.4073028564453,39.02656555175781,100.43331909179688
142,3,268.5741882324219,136.4173126220703,27.927703857421875,97.05844116210938
142,5,316.75677490234375,177.41305541992188,33.61102294921875,106.91690063476562
142,2,702.1549682617188,134.46383666992188,45.3848876953125,109.26200866699219
143,4,240.00494384765625,148.99081420898438,45.654022216796875,98.14820861816406
143,3,270.6686706542969,136.91616821289062,30.56268310546875,98.5240478515625
143,5,323.1217956542969,177.50340270996094,31.82781982421875,108.45518493652344
143,2,713.3834228515625,132.6622772216797,37.62060546875,111.4268798828125
144,4,240.92465209960938,148.79649353027344,49.24981689453125,98.34574890136719
144,3,272.8081970214844,137.17398071289062,35.79071044921875,96.55096435546875
144,5,326.0224914550781,176.27259826660156,35.10137939453125,110.38801574707031
144,2,710.793701171875,132.99205017089844,41.06610107421875,111.60319519042969
145,4,240.2159881591797,149.94122314453125,51.11955261230469,97.39492797851562
145,5,329.10113525390625,176.6393280029297,42.40179443359375,110.92518615722656
145,3,274.59075927734375,136.9008026123047,41.403228759765625,95.51246643066406
145,2,717.5189208984375,132.34434509277344,36.49554443359375,110.34861755371094
146,4,241.06277465820312,149.00396728515625,51.702362060546875,98.51846313476562
146,5,330.2516784667969,178.39376831054688,53.926544189453125,108.24676513671875
146,3,276.4232482910156,137.34371948242188,43.821258544921875,95.27325439453125
146,2,722.290771484375,134.02110290527344,34.66644287109375,109.26690673828125
147,4,242.57855224609375,148.79364013671875,50.50189208984375,98.39181518554688
147,5,332.6346435546875,178.53280639648438,58.587890625,108.53073120117188
147,3,278.2838439941406,138.18930053710938,45.966796875,95.58634948730469
147,2,725.7249145507812,133.93455505371094,34.351806640625,109.68960571289062
148,5,332.874755859375,178.09841918945312,61.161651611328125,107.859130859375
148,4,246.19110107421875,148.7537841796875,46.933868408203125,98.97846984863281
148,2,727.644287109375,134.0116729736328,35.2548828125,109.20140075683594
148,3,278.0546875,137.6432342529297,47.560394287109375,98.86451721191406
149,4,250.9365997314453,147.91151428222656,42.17271423339844,99.71624755859375
149,5,336.50067138671875,178.29461669921875,60.53802490234375,108.06686401367188
149,3,279.752197265625,137.83062744140625,46.992340087890625,96.09971618652344
149,2,727.0296630859375,132.85134887695312,39.0911865234375,110.27070617675781
150,5,343.0357666015625,178.94590759277344,55.402496337890625,108.27781677246094
150,4,258.2886962890625,147.4466552734375,33.84735107421875,100.01866149902344
150,3,282.96429443359375,136.6242218017578,43.4327392578125,96.37727355957031
150,2,726.9933471679688,133.84890747070312,42.72406005859375,109.32034301757812
151,4,263.70672607421875,148.14720153808594,27.486419677734375,99.74526977539062
151,3,289.0174560546875,136.27853393554688,37.145263671875,97.45065307617188
151,5,350.3670959472656,179.12265014648438,48.9158935546875,108.357421875
151,2,727.0408325195312,134.5746612548828,45.50836181640625,109.243896484375
152,4,266.9832458496094,147.62818908691406,27.2462158203125,100.26260375976562
152,5,357.9783935546875,177.3330535888672,40.577728271484375,110.14244079589844
152,3,292.3756103515625,136.9537353515625,33.814483642578125,95.68722534179688
152,2,727.5587158203125,135.83132934570312,46.78704833984375,107.18502807617188
153,4,269.8489990234375,147.57444763183594,28.6971435546875,102.69473266601562
153,5,365.5353698730469,176.81297302246094,34.334259033203125,110.65007019042969
153,3,299.8275146484375,135.83364868164062,26.92266845703125,96.68112182617188
153,2,727.7243041992188,134.3427734375,47.29901123046875,108.72512817382812
154,4,272.2118225097656,147.80621337890625,30.4378662109375,103.29518127441406
154,3,302.87078857421875,136.46023559570312,26.64642333984375,97.94387817382812
154,5,371.2377014160156,176.84828186035156,32.650299072265625,110.05494689941406
154,2,730.4478149414062,134.34878540039062,45.5538330078125,108.36714172363281
155,4,273.88336181640625,148.05462646484375,35.254547119140625,104.48149108886719
155,5,376.5590515136719,176.92581176757812,31.766204833984375,107.9371337890625
155,3,305.4480895996094,136.56643676757812,29.026702880859375,100.62501525878906
155,2,733.72802734375,136.07571411132812,43.56085205078125,107.21168518066406
156,4,275.23065185546875,149.08343505859375,41.9578857421875,103.5516357421875
156,3,309.118896484375,137.39224243164062,30.496978759765625,95.48590087890625
156,5,377.9657897949219,176.91329956054688,41.224945068359375,110.2630615234375
156,2,744.0275268554688,135.34820556640625,34.7872314453125,101.90870666503906
157,4,275.2477722167969,149.42214965820312,48.519775390625,102.35279846191406
157,3,310.9607849121094,137.45791625976562,32.081451416015625,96.61312866210938
157,5,379.05914306640625,177.73793029785156,52.790283203125,109.38954162597656
157,2,743.0839233398438,134.6091766357422,39.27764892578125,102.62165832519531
158,4,276.325927734375,150.84776306152344,52.549224853515625,101.92349243164062
158,3,311.84112548828125,137.38031005859375,43.94610595703125,97.91578674316406
158,5,381.4001770019531,178.05638122558594,60.963134765625,109.68577575683594
158,2,752.0108032226562,135.73951721191406,33.9754638671875,102.95881652832031
159,3,313.1580505371094,138.47401428222656,45.132720947265625,96.32907104492188
159,4,277.5079345703125,151.1082305908203,51.224395751953125,101.51934814453125
159,5,383.2437744140625,178.27362060546875,61.73699951171875,109.6466064453125
159,2,755.5035400390625,137.2586212158203,33.439453125,99.90042114257812
160,4,282.1280517578125,150.8109893798828,46.95880126953125,101.88352966308594
160,3,315.418212890625,138.06765747070312,46.502838134765625,97.23448181152344
160,5,389.0492858886719,178.0979461669922,56.1151123046875,109.72193908691406
160,2,755.9208374023438,149.6928253173828,32.99114990234375,92.48306274414062
161,4,287.31512451171875,150.71853637695312,41.110443115234375,101.32963562011719
161,3,317.2712707519531,138.35076904296875,44.8707275390625,97.15921020507812
161,5,395.90972900390625,177.1994171142578,48.8883056640625,109.79408264160156
161,2,756.7384643554688,136.52767944335938,42.0078125,103.09382629394531
162,4,294.4487609863281,150.2835693359375,33.860565185546875,103.11053466796875
162,3,316.972412109375,137.9969482421875,47.081787109375,98.16902160644531
162,5,408.1463623046875,176.1094970703125,37.766082763671875,107.94744873046875
162,2,755.7343139648438,137.13101196289062,43.74566650390625,104.82640075683594
163,4,301.9078369140625,149.5883026123047,26.29327392578125,104.21699523925781
163,3,318.5765686035156,137.96791076660156,43.580291748046875,98.00738525390625
163,5,416.0535888671875,176.8622283935547,31.5791015625,106.61415100097656
163,2,756.9197387695312,139.0243377685547,44.5819091796875,101.31346130371094
164,4,305.2468566894531,150.1348419189453,26.3099365234375,102.34658813476562
164,3,320.7294921875,137.69508361816406,42.5048828125,99.22264099121094
164,5,421.576171875,176.44754028320312,31.76275634765625,110.86065673828125
164,2,756.7568969726562,138.4930419921875,47.09722900390625,104.75498962402344
165,4,307.5471496582031,150.4921112060547,28.52655029296875,100.496337890625
165,3,328.7493896484375,138.15542602539062,34.19989013671875,99.78506469726562
165,5,422.9156188964844,177.40696716308594,35.736175537109375,110.37580871582031
165,2,756.173095703125,139.74356079101562,50.41094970703125,101.83555603027344
166,4,309.933349609375,149.99087524414062,31.029144287109375,101.33860778808594
166,5,426.42547607421875,176.4662322998047,41.40606689453125,111.58439636230469
166,3,340.727783203125,137.43719482421875,26.142059326171875,100.40785217285156
166,2,756.1172485351562,141.2509307861328,50.59613037109375,100.9744873046875
167,3,344.5203857421875,137.92239379882812,25.4500732421875,97.3858642578125
167,5,426.98388671875,177.37159729003906,52.13165283203125,110.21571350097656
167,4,312.3833923339844,150.55921936035156,36.492156982421875,101.41868591308594
167,2,757.9179077148438,141.03268432617188,52.09112548828125,100.7684326171875
168,4,313.07440185546875,151.01089477539062,41.923858642578125,100.21258544921875
168,3,347.7996520996094,137.60227966308594,27.49859619140625,97.95196533203125
168,5,427.739013671875,178.75906372070312,59.293182373046875,109.18865966796875
168,2,760.00830078125,141.00112915039062,53.45965576171875,102.40380859375
169,4,312.7440490722656,151.44862365722656,48.723236083984375,99.86518859863281
169,5,429.2332458496094,178.95294189453125,61.328765869140625,108.35836791992188
169,3,348.01959228515625,138.14105224609375,33.440521240234375,98.08901977539062
169,2,763.5012817382812,140.61618041992188,50.7850341796875,102.30827331542969
170,4,312.8230285644531,151.66986083984375,51.18670654296875,100.02493286132812
170,5,429.9712219238281,180.0226593017578,62.75311279296875,107.52760314941406
170,3,349.0921325683594,138.19647216796875,38.494842529296875,97.19322204589844
170,2,766.647216796875,141.97637939453125,48.390380859375,101.57902526855469
171,4,313.25885009765625,151.91220092773438,53.06793212890625,99.97372436523438
171,5,433.305419921875,179.6513671875,61.270538330078125,107.77581787109375
171,3,350.7607421875,138.48248291015625,42.76025390625,95.60856628417969
171,2,772.6913452148438,144.8386993408203,44.63909912109375,97.98834228515625
172,4,314.7358093261719,151.4418487548828,52.57000732421875,100.17866516113281
172,5,443.13848876953125,178.2111053466797,51.013916015625,109.45518493652344
172,3,351.868408203125,138.6284637451172,45.43548583984375,95.62350463867188
172,2,779.91064453125,140.31922912597656,41.8157958984375,99.26777648925781
173,4,318.2363586425781,151.3539581298828,49.659759521484375,100.1395263671875
173,5,451.76446533203125,178.09442138671875,44.4404296875,110.44219970703125
173,3,353.7994384765625,137.73756408691406,44.490814208984375,97.73649597167969
173,2,783.5028076171875,139.16725158691406,39.5889892578125,100.83674621582031
174,4,323.4659423828125,150.95379638671875,44.078338623046875,100.06723022460938
174,5,459.979736328125,178.24462890625,37.563323974609375,110.24249267578125
174,2,788.2979125976562,140.38365173339844,35.8953857421875,98.27204895019531
174,3,353.90191650390625,137.87283325195312,46.002777099609375,97.88833618164062
175,4,330.6953125,150.2100372314453,36.109161376953125,100.03720092773438
175,5,466.86663818359375,178.83802795410156,34.360626220703125,109.29762268066406
175,2,788.6212158203125,139.81968688964844,39.16595458984375,103.29611206054688
175,3,352.4990234375,136.7929229736328,47.277252197265625,99.74832153320312
176,4,337.44537353515625,149.8877410888672,30.72625732421875,101.57464599609375
176,5,471.2132263183594,177.34756469726562,33.804931640625,110.04025268554688
176,3,364.1624450683594,136.88941955566406,35.80450439453125,99.04493713378906
176,2,792.8975219726562,140.1370391845703,37.70703125,102.72428894042969
177,4,344.81341552734375,149.93463134765625,25.609649658203125,102.23956298828125
177,3,374.2618713378906,136.58795166015625,26.10784912109375,98.66181945800781
177,5,475.8586730957031,177.69412231445312,34.662017822265625,109.91220092773438
177,2,791.1533203125,150.6248016357422,38.27435302734375,91.39439392089844
178,5,477.0467834472656,178.415771484375,43.022735595703125,110.35836791992188
178,3,376.4867248535156,135.89085388183594,24.3309326171875,99.31367492675781
178,4,347.4245910644531,150.57684326171875,27.058990478515625,101.07427978515625
178,2,790.2455444335938,139.98800659179688,42.35986328125,103.753173828125
179,3,378.9924621582031,135.86932373046875,22.99847412109375,99.81890869140625
179,4,350.1140441894531,150.39700317382812,29.021484375,100.41769409179688
179,5,477.27392578125,178.19317626953125,52.26153564453125,110.371826171875
179,2,789.9264526367188,155.82876586914062,42.0546875,88.69158935546875
179,7,819.141845703125,140.46836853027344,16.89752197265625,63.1771240234375
180,4,350.6112060546875,150.69229125976562,33.22076416015625,102.514404296875
180,3,380.54376220703125,135.89581298828125,26.62591552734375,103.18780517578125
180,5,476.98638916015625,179.54335021972656,56.70306396484375,108.20704650878906
180,2,790.7978515625,147.42506408691406,45.53900146484375,97.22969055175781
181,3,383.2330322265625,136.10792541503906,29.50714111328125,100.6124267578125
181,4,350.4319763183594,151.02044677734375,42.039154052734375,103.59715270996094
181,5,479.242431640625,179.13925170898438,57.53570556640625,108.32522583007812
181,2,791.9485473632812,147.8463134765625,46.8623046875,97.43043518066406
182,3,386.46728515625,136.36529541015625,34.677459716796875,101.27877807617188
182,4,350.760986328125,152.20216369628906,54.245819091796875,101.30584716796875
182,5,493.7552490234375,178.0909423828125,44.61260986328125,107.593017578125
182,2,799.3866577148438,141.2594757080078,44.76531982421875,103.13943481445312
183,3,387.3058776855469,137.55821228027344,40.609893798828125,101.52867126464844
183,4,350.38421630859375,151.90109252929688,56.386993408203125,100.96675109863281
183,5,502.0486755371094,178.8284454345703,38.517120361328125,105.55986022949219
183,2,803.8756713867188,152.46974182128906,40.29107666015625,89.98614501953125
184,3,387.77276611328125,137.64657592773438,44.9608154296875,102.46952819824219
184,4,351.79949951171875,152.39324951171875,55.22869873046875,100.62818908691406
184,5,509.3439025878906,178.8549041748047,34.713226318359375,106.10060119628906
184,2,808.0289306640625,142.26625061035156,40.678466796875,98.20262145996094
185,3,390.0001525878906,138.08416748046875,44.10125732421875,101.94673156738281
185,4,355.8663330078125,151.92532348632812,49.620330810546875,100.91934204101562
185,5,516.1815185546875,176.2064971923828,32.32196044921875,108.46833801269531
185,2,812.0668334960938,142.43955993652344,37.761474609375,96.91075134277344
186,3,390.755615234375,137.57992553710938,45.000701904296875,102.16464233398438
186,4,360.7659912109375,153.01223754882812,44.988311767578125,99.84049987792969
186,5,521.0028076171875,176.85206604003906,32.612548828125,109.04780578613281
186,2,817.1786499023438,142.5609893798828,34.556884765625,95.34370422363281
187,5,521.6463623046875,177.26162719726562,37.31939697265625,108.6873779296875
187,4,375.7588806152344,151.8795928955078,30.030303955078125,100.53312683105469
187,3,391.6739807128906,137.82843017578125,41.431396484375,103.55499267578125
187,2,818.6832275390625,141.28843688964844,35.401123046875,105.77638244628906
188,4,376.83984375,151.42906188964844,31.062255859375,103.33065795898438
188,3,406.0744934082031,137.47048950195312,28.032562255859375,101.42062377929688
188,5,521.4528198242188,178.2208709716797,47.5927734375,108.10932922363281
188,2,817.5411376953125,155.4950408935547,33.91064453125,91.01776123046875
189,3,408.8168029785156,137.2845001220703,23.329925537109375,101.81503295898438
189,4,383.2396240234375,150.8599395751953,25.27886962890625,102.07200622558594
189,5,521.570068359375,179.76632690429688,57.0596923828125,105.56552124023438
189,2,818.4563598632812,145.18099975585938,35.90069580078125,101.06175231933594
190,5,522.2742309570312,180.4530792236328,61.87957763671875,104.62828063964844
190,3,405.8876037597656,137.09046936035156,27.620391845703125,101.75311279296875
190,4,386.17730712890625,151.57852172851562,29.2647705078125,101.06877136230469
190,2,819.1195678710938,144.8757781982422,35.9482421875,103.58372497558594
191,3,414.122314453125,137.74205017089844,23.083709716796875,101.89520263671875
191,5,523.448486328125,178.84857177734375,61.82733154296875,105.85806274414062
191,2,818.1849365234375,144.71478271484375,37.18646240234375,103.29132080078125
191,4,388.9289245605469,150.90150451660156,31.71307373046875,101.48040771484375
192,5,527.4592895507812,178.65101623535156,58.85809326171875,106.45854187011719
192,3,417.5160217285156,137.30174255371094,24.209869384765625,101.40493774414062
192,4,390.74072265625,151.79774475097656,33.53839111328125,101.47715759277344
192,2,819.5254516601562,145.926025390625,35.99835205078125,101.78143310546875
193,5,533.3382568359375,179.78106689453125,53.0328369140625,105.439453125
193,3,419.9438171386719,137.1365203857422,25.521392822265625,102.95635986328125
193,4,390.5943298339844,152.83993530273438,38.5733642578125,99.81629943847656
193,2,820.1282958984375,158.87503051757812,35.35772705078125,87.05314636230469
194,3,421.5207824707031,137.644775390625,28.592071533203125,96.73013305664062
194,5,539.7998046875,179.36880493164062,48.57684326171875,106.169921875
194,2,820.923583984375,158.66677856445312,34.55084228515625,84.65562438964844
194,4,390.1092834472656,152.29046630859375,45.07269287109375,100.14186096191406
195,3,422.5537414550781,137.8500213623047,32.36334228515625,98.97434997558594
195,5,549.0794067382812,177.96383666992188,41.97320556640625,107.43087768554688
195,4,390.48712158203125,152.5092010498047,48.948974609375,99.80381774902344
195,2,821.1334838867188,158.42071533203125,34.459716796875,89.23271179199219
196,3,425.86444091796875,138.02561950683594,35.84228515625,98.78353881835938
196,5,559.628662109375,176.795166015625,36.95166015625,108.61636352539062
196,4,391.1575927734375,152.35049438476562,51.70574951171875,100.46218872070312
196,2,823.2559814453125,156.60171508789062,32.29510498046875,90.20680236816406
197,3,429.85601806640625,138.75399780273438,36.951812744140625,97.21937561035156
197,5,565.7633056640625,177.2787628173828,34.18212890625,107.65895080566406
197,4,391.9549255371094,153.23690795898438,52.97589111328125,99.42881774902344
197,2,826.3423461914062,165.60374450683594,29.236572265625,78.37408447265625
198,5,568.964111328125,178.3199920654297,35.424072265625,106.31843566894531
198,4,393.5815734863281,151.8974609375,52.00225830078125,101.00685119628906
198,3,432.13812255859375,138.8838348388672,37.66748046875,97.60090637207031
198,2,830.7080688476562,170.32435607910156,24.8953857421875,76.97372436523438
198,7,831.9360961914062,207.54830932617188,23.47674560546875,39.31172180175781
199,5,568.8807373046875,179.34031677246094,39.028564453125,106.63041687011719
199,3,434.69329833984375,139.00262451171875,35.01507568359375,98.51303100585938
199,4,398.9375,152.13229370117188,46.422271728515625,100.55213928222656
199,7,835.3870849609375,206.62339782714844,20.41302490234375,39.431640625
200,5,568.7369995117188,179.97093200683594,47.4681396484375,105.24009704589844
200,3,438.84722900390625,138.8644561767578,31.935089111328125,98.72859191894531
200,4,405.855712890625,152.34715270996094,40.349090576171875,98.99153137207031
200,7,840.8431396484375,207.57742309570312,14.78448486328125,38.01441955566406
201,5,570.0321655273438,179.6510009765625,52.833984375,105.40499877929688
201,3,438.49444580078125,138.5803985595703,33.4500732421875,97.93086242675781
201,4,414.93829345703125,151.9501495361328,31.533477783203125,98.3009033203125
202,5,570.1091918945312,180.58778381347656,56.49212646484375,104.77000427246094
202,3,444.0272216796875,138.14239501953125,27.94854736328125,100.7149658203125
202,4,422.0253601074219,151.48275756835938,28.23223876953125,99.43869018554688
203,5,573.3740844726562,180.15155029296875,55.05755615234375,105.11080932617188
203,3,447.28173828125,139.61798095703125,23.971649169921875,98.38070678710938
203,4,426.2558288574219,151.41558837890625,27.862518310546875,101.52046203613281
204,5,579.0621337890625,179.92886352539062,50.5396728515625,105.37948608398438
204,3,449.8785705566406,137.80992126464844,20.87542724609375,100.61276245117188
204,4,428.0167541503906,151.9163055419922,27.67034912109375,101.3448486328125
205,5,588.5098876953125,179.82310485839844,44.26568603515625,103.80180358886719
205,3,451.7948303222656,137.6650848388672,21.286590576171875,102.97329711914062
205,4,428.3876037597656,152.37655639648438,31.098663330078125,100.43287658691406
206,4,427.9992980957031,152.7647247314453,49.609710693359375,102.05635070800781
206,5,605.9519653320312,177.53656005859375,34.99493408203125,104.43484497070312
206,3,457.2629089355469,138.19869995117188,24.01702880859375,97.77162170410156
207,5,611.9408569335938,177.665771484375,32.79241943359375,106.399658203125
207,4,428.35162353515625,153.79348754882812,52.955108642578125,100.60578918457031
207,3,460.9194030761719,137.39869689941406,24.613525390625,103.936279296875
208,4,427.99774169921875,154.4688262939453,54.951141357421875,101.56065368652344
208,5,611.9901123046875,178.0087432861328,38.020751953125,106.72886657714844
208,3,463.6085510253906,137.79461669921875,26.3687744140625,102.33062744140625
209,4,429.475341796875,154.3568115234375,53.292388916015625,101.82546997070312
209,5,611.0220947265625,178.91390991210938,42.83538818359375,105.76608276367188
209,3,465.4058837890625,139.26840209960938,32.918121337890625,101.15211486816406
210,4,432.7360534667969,152.4501953125,51.116363525390625,103.7078857421875
210,5,611.7171630859375,179.31024169921875,51.0045166015625,104.4288330078125
210,3,468.7525939941406,138.9480743408203,34.90325927734375,102.11172485351562
211,5,612.0079345703125,180.79200744628906,58.72723388671875,103.55232238769531
211,3,471.9532470703125,140.09967041015625,33.05218505859375,101.08023071289062
211,4,437.4316711425781,153.7662353515625,46.08197021484375,102.40139770507812
212,5,613.189453125,181.2108612060547,58.5120849609375,103.61213684082031
212,4,445.2932434082031,153.73826599121094,37.93310546875,102.65336608886719
212,3,473.6766662597656,140.35887145996094,33.934661865234375,102.12181091308594
213,5,614.9678955078125,181.77206420898438,58.37152099609375,102.69778442382812
213,4,454.4712829589844,153.36898803710938,30.157440185546875,102.6729736328125
213,3,477.666015625,140.3997344970703,27.97967529296875,100.3505859375
214,5,620.7540893554688,181.69090270996094,53.4075927734375,102.87068176269531
214,3,481.5480041503906,140.1411590576172,24.324127197265625,100.09951782226562
214,4,461.3420104980469,153.47970581054688,27.269683837890625,102.2806396484375
215,5,626.1382446289062,180.3777313232422,50.5928955078125,104.57795715332031
215,3,484.027587890625,139.76329040527344,21.109893798828125,100.94317626953125
215,4,465.4734191894531,152.69802856445312,27.841705322265625,102.89134216308594
216,5,633.9744262695312,179.73472595214844,47.494140625,105.40760803222656
216,3,487.1597595214844,140.60865783691406,18.939208984375,100.98538208007812
216,4,467.5633544921875,153.1283721923828,31.4945068359375,102.72775268554688
217,5,644.0682373046875,179.831787109375,41.86944580078125,105.62551879882812
217,3,487.3993225097656,139.9876251220703,21.193878173828125,102.33724975585938
217,4,467.2955017089844,153.40972900390625,36.155609130859375,101.87654113769531
218,5,653.1722412109375,179.16940307617188,35.16015625,105.15939331054688
218,3,492.0123596191406,139.68185424804688,20.855438232421875,106.17256164550781
218,4,467.6704406738281,153.56980895996094,40.58087158203125,101.96054077148438
219,5,656.426025390625,180.52920532226562,35.25445556640625,104.71383666992188
219,4,466.82757568359375,154.4563446044922,49.2315673828125,101.15525817871094
219,3,492.9440612792969,141.4608154296875,24.787261962890625,110.65829467773438
220,5,656.8878173828125,180.1522979736328,39.10711669921875,104.93028259277344
220,3,497.8981628417969,138.2152557373047,23.665496826171875,102.91766357421875
220,4,466.92401123046875,155.17623901367188,52.717529296875,100.27392578125
221,5,657.1605834960938,179.66734313964844,42.06793212890625,104.96583557128906
221,3,500.6644287109375,140.069091796875,26.10552978515625,97.68702697753906
221,4,467.7457580566406,155.4382781982422,55.504791259765625,100.04234313964844
222,5,657.794677734375,180.8313751220703,46.97662353515625,103.51246643066406
222,3,504.2323913574219,139.75100708007812,27.956573486328125,98.23037719726562
222,4,468.88232421875,155.82647705078125,55.58001708984375,99.62236022949219
223,5,659.3840942382812,181.31143188476562,49.70166015625,103.8504638671875
223,3,507.4746398925781,141.32440185546875,28.779937744140625,96.29515075683594
223,4,472.19354248046875,154.34007263183594,51.79278564453125,101.18325805664062
224,5,661.1572265625,182.0524444580078,50.6497802734375,102.84419250488281
224,4,477.9398193359375,155.03219604492188,48.31353759765625,100.84165954589844
224,3,508.41217041015625,148.0515899658203,31.04962158203125,90.03439331054688
225,5,666.1569213867188,181.77566528320312,48.39605712890625,102.17385864257812
225,4,483.0979919433594,155.2989501953125,45.131805419921875,100.04463195800781
225,3,512.7476196289062,143.57122802734375,29.6337890625,93.89974975585938
226,5,674.2127685546875,180.8321990966797,43.59576416015625,102.58131408691406
226,3,515.0560913085938,143.440185546875,29.05419921875,94.54225158691406
226,4,491.024169921875,154.62319946289062,32.3487548828125,100.46757507324219
227,5,682.1677856445312,179.95590209960938,39.3599853515625,101.11514282226562
227,3,517.54296875,141.93186950683594,28.58343505859375,96.9666748046875
227,4,497.3908996582031,154.27012634277344,28.248870849609375,99.88577270507812
228,5,690.2105102539062,178.77871704101562,34.856689453125,102.67819213867188
228,3,521.1097412109375,141.22386169433594,25.939697265625,96.92111206054688
228,4,501.5951232910156,154.3048553466797,31.413848876953125,100.80622863769531
229,5,695.80419921875,178.03028869628906,33.22119140625,104.01905822753906
229,3,524.1484985351562,140.5475311279297,23.15301513671875,103.06623840332031
229,4,504.8409423828125,148.06744384765625,41.05059814453125,110.25836181640625
230,5,695.4702758789062,179.45152282714844,40.052978515625,102.95213317871094
230,4,505.2208557128906,153.9536590576172,42.145599365234375,104.87535095214844
230,3,530.6561279296875,140.0222625732422,22.2216796875,79.10650634765625
231,5,695.8720703125,179.25794982910156,45.23272705078125,102.21330261230469
231,4,505.3470458984375,153.9807586669922,48.49920654296875,105.10804748535156
231,3,529.8811645507812,140.20899963378906,26.719970703125,84.6126708984375
232,5,696.106201171875,180.24229431152344,51.36492919921875,100.82868957519531
232,4,505.37579345703125,155.66824340820312,53.44921875,104.03851318359375
232,3,531.8270874023438,140.4435272216797,27.56878662109375,87.86050415039062
233,5,697.437744140625,181.01219177246094,53.54241943359375,100.22468566894531
233,4,506.111572265625,153.74069213867188,54.50567626953125,105.31246948242188
233,3,537.6234741210938,141.10791015625,23.1478271484375,113.73703002929688
234,5,699.3494262695312,181.31707763671875,53.32452392578125,99.85546875
234,4,506.4423522949219,157.42616271972656,54.950408935546875,101.81208801269531
234,3,539.93115234375,141.73941040039062,22.08734130859375,100.8056640625
235,5,702.6940307617188,181.20562744140625,51.4281005859375,100.48214721679688
235,4,509.55999755859375,155.63919067382812,52.4661865234375,103.713623046875
235,3,543.0883178710938,142.31549072265625,23.4840087890625,101.32093811035156
236,5,706.4615478515625,180.92994689941406,50.772216796875,99.95802307128906
236,3,548.6838989257812,143.21336364746094,23.0823974609375,102.64089965820312
236,4,514.6657104492188,153.40481567382812,47.636962890625,106.55764770507812
237,5,713.4324340820312,180.30332946777344,47.2855224609375,100.40519714355469
237,4,518.606689453125,151.8875732421875,49.45379638671875,109.3193359375
237,3,550.4957885742188,144.12283325195312,26.50628662109375,100.82803344726562
238,5,721.8335571289062,178.9025115966797,42.01861572265625,101.54560852050781
238,4,526.3702392578125,156.34271240234375,43.20867919921875,104.59933471679688
238,3,553.2118530273438,143.55458068847656,23.90887451171875,101.30154418945312
239,5,730.5009155273438,178.3708953857422,36.89605712890625,101.32048034667969
239,3,555.3203735351562,142.982666015625,23.44561767578125,102.55905151367188
239,4,530.7261352539062,156.7728271484375,34.54376220703125,103.65057373046875
240,5,735.5169677734375,178.2726287841797,35.020263671875,101.53379821777344
240,3,560.7014770507812,142.86878967285156,17.06793212890625,102.5064697265625
240,4,535.4312133789062,156.6514129638672,38.3729248046875,102.04667663574219
241,5,735.9745483398438,178.9986572265625,37.36669921875,100.0911865234375
241,3,561.78271484375,142.9878692626953,18.69012451171875,102.98159790039062
241,4,539.0641479492188,156.68057250976562,37.04833984375,102.7464599609375
242,5,736.0751342773438,178.44212341308594,40.587158203125,100.22584533691406
242,4,544.1593627929688,156.75135803222656,39.0791015625,102.72877502441406
242,3,566.0972900390625,142.45364379882812,17.11688232421875,62.11122131347656
243,5,737.1859741210938,179.26925659179688,42.73419189453125,100.35845947265625
243,4,544.17333984375,157.85462951660156,41.6497802734375,101.59159851074219
243,3,566.2664184570312,142.2312469482422,20.3106689453125,63.632598876953125
244,5,738.1018676757812,179.46926879882812,45.25421142578125,99.21597290039062
244,4,544.0260620117188,158.01780700683594,45.94110107421875,101.53001403808594
244,3,570.34033203125,142.49664306640625,19.48614501953125,61.80046081542969
245,5,739.0904541015625,179.94090270996094,46.18914794921875,99.03718566894531
245,4,543.8049926757812,159.39373779296875,50.29315185546875,101.51437377929688
245,3,571.6159057617188,142.78082275390625,22.34930419921875,58.82392883300781
246,5,743.1116943359375,179.51473999023438,45.58062744140625,97.76324462890625
246,4,543.8916015625,159.9580841064453,54.68951416015625,100.83137512207031
246,3,573.0359497070312,143.43582153320312,27.3544921875,56.96339416503906
247,5,748.119140625,179.380615234375,43.968994140625,95.14846801757812
247,4,546.0682373046875,160.0277557373047,55.89691162109375,99.07359313964844
247,3,575.4393310546875,143.24417114257812,29.44866943359375,55.46681213378906
248,5,753.74365234375,178.42636108398438,41.33013916015625,95.65505981445312
248,4,547.8754272460938,159.74806213378906,53.8221435546875,99.59086608886719
248,3,576.926025390625,143.4064178466797,31.843994140625,55.289794921875
249,5,760.6911010742188,177.5515899658203,38.61151123046875,96.10325622558594
249,3,578.8551025390625,140.76480102539062,33.9697265625,101.48617553710938
249,4,552.4380493164062,158.2393035888672,58.55877685546875,101.45091247558594
250,5,766.0022583007812,176.71876525878906,36.1165771484375,100.32035827636719
250,4,557.3250122070312,158.60301208496094,54.8636474609375,100.53724670410156
250,3,584.3836059570312,153.97900390625,30.56207275390625,85.93051147460938
251,5,767.845703125,177.46759033203125,37.3699951171875,99.40615844726562
251,4,564.0948486328125,156.61317443847656,52.26568603515625,101.80400085449219
251,3,582.603271484375,144.4442138671875,36.006103515625,100.54806518554688
252,5,767.2146606445312,177.41407775878906,41.8118896484375,98.12803649902344
252,4,568.11767578125,157.30259704589844,50.99835205078125,100.56825256347656
252,3,586.9669189453125,143.9983673095703,33.7454833984375,100.49720764160156
253,5,767.9615478515625,177.23846435546875,43.48883056640625,97.646240234375
253,4,572.1286010742188,149.20228576660156,50.030029296875,109.37007141113281
254,5,768.3606567382812,179.56808471679688,49.40374755859375,94.827392578125
254,4,580.3141479492188,151.78875732421875,41.3875732421875,109.5987548828125
255,5,769.977783203125,179.26718139648438,49.99737548828125,94.75637817382812
255,4,579.5357055664062,155.16647338867188,41.04608154296875,107.08404541015625
255,3,595.8671264648438,143.1316375732422,25.627197265625,60.071075439453125
256,5,771.9276123046875,179.63922119140625,50.88818359375,94.282958984375
256,4,580.1898193359375,157.35134887695312,45.88824462890625,104.85787963867188
257,5,776.0079956054688,179.13626098632812,50.54144287109375,94.84429931640625
257,4,580.3855590820312,158.53485107421875,50.7049560546875,104.68765258789062
257,3,599.9618530273438,143.34840393066406,24.96063232421875,34.0360107421875
258,5,780.6636962890625,178.6247100830078,49.05096435546875,94.86491394042969
258,4,580.118896484375,154.42959594726562,54.052490234375,109.18768310546875
259,5,791.9144897460938,177.52391052246094,40.83966064453125,95.97624206542969
259,4,580.2582397460938,146.0120086669922,55.03045654296875,116.80848693847656
260,5,796.423095703125,177.23690795898438,38.30975341796875,95.70391845703125
260,4,583.8456420898438,153.8971405029297,51.3612060546875,107.85163879394531
261,5,802.3853759765625,176.77981567382812,34.7950439453125,95.29483032226562
261,4,587.4204711914062,159.47996520996094,52.18048095703125,101.50828552246094
261,3,610.27392578125,144.695068359375,25.338134765625,32.31585693359375
262,5,802.4684448242188,175.9029541015625,38.263916015625,95.51974487304688
262,4,590.6583251953125,152.64813232421875,56.64630126953125,109.79238891601562
263,5,802.8638916015625,177.08505249023438,41.07342529296875,94.48980712890625
263,4,611.2045288085938,156.10523986816406,32.10308837890625,105.96873474121094
263,3,616.0277099609375,146.34214782714844,25.29522705078125,33.8477783203125
264,5,803.6412963867188,176.90280151367188,43.3966064453125,94.86944580078125
264,4,607.8015747070312,147.47598266601562,37.973388671875,115.1005859375
265,5,804.4468994140625,178.6293487548828,43.509033203125,93.66807556152344
265,4,612.1156005859375,155.25064086914062,34.637939453125,106.61126708984375
265,3,622.2242431640625,145.76681518554688,25.20245361328125,70.42276000976562
266,5,805.9237060546875,178.52978515625,43.88543701171875,92.65625
266,4,610.3057861328125,154.2515869140625,41.5494384765625,107.39688110351562
266,3,626.5703735351562,145.99278259277344,25.0521240234375,64.21044921875
267,5,809.2453002929688,180.2637939453125,44.022705078125,91.32388305664062
267,4,613.5322265625,155.8072967529297,39.7601318359375,105.56797790527344
267,3,628.734375,146.43186950683594,26.684814453125,59.20066833496094
268,5,813.1681518554688,176.9686737060547,41.8197021484375,93.86616516113281
268,4,617.8153076171875,157.92967224121094,44.21112060546875,103.79344177246094
268,3,630.9324340820312,145.90956115722656,29.2633056640625,55.951202392578125
269,5,818.5523681640625,179.7783660888672,37.18548583984375,91.02986145019531
269,4,616.9176635742188,162.04200744628906,48.8175048828125,99.81562805175781
269,3,633.3082885742188,145.96310424804688,31.39630126953125,55.70042419433594
270,4,617.9026489257812,163.2965545654297,50.0504150390625,98.98954772949219
270,5,824.47802734375,181.19000244140625,31.52197265625,90.11013793945312
270,3,636.0117797851562,146.1642303466797,32.8199462890625,52.299407958984375
271,4,617.9737548828125,162.2382354736328,53.3441162109375,100.34584045410156
271,5,830.1668090820312,180.70668029785156,25.61871337890625,91.22846984863281
271,3,638.7577514648438,146.45120239257812,34.20269775390625,49.834197998046875
272,4,618.2684936523438,161.538330078125,57.2720947265625,100.467041015625
272,5,832.0858764648438,182.08705139160156,23.67498779296875,89.58876037597656
272,3,641.2619018554688,146.9324188232422,35.6796875,47.28572082519531
273,4,619.1758422851562,163.23818969726562,61.248291015625,99.01986694335938
273,5,832.1954956054688,190.16732788085938,23.5252685546875,80.48727416992188
273,3,643.6273803710938,147.41323852539062,36.10760498046875,44.480926513671875
274,4,621.5089721679688,154.8870086669922,60.339599609375,107.16053771972656
274,5,832.7247314453125,191.19532775878906,22.9515380859375,79.28373718261719
274,3,646.769287109375,147.72169494628906,36.5350341796875,42.717315673828125
275,4,626.7477416992188,151.80958557128906,58.339111328125,110.25050354003906
275,5,833.285400390625,194.24545288085938,22.40985107421875,74.85336303710938
276,4,631.2582397460938,152.55059814453125,56.2354736328125,109.08621215820312
276,3,653.4280395507812,149.11318969726562,33.796142578125,36.9735107421875
276,5,833.45458984375,214.72235107421875,22.17193603515625,54.087371826171875
277,4,635.2900390625,151.44837951660156,55.20672607421875,110.20771789550781
277,5,835.4692993164062,220.91676330566406,20.0528564453125,46.67076110839844
278,4,642.3240966796875,150.1177978515625,53.21136474609375,111.90188598632812
279,4,646.9158325195312,148.63876342773438,51.3240966796875,115.360595703125
280,4,651.131591796875,149.07870483398438,48.93499755859375,115.63604736328125
281,4,650.9122924804688,149.0546417236328,51.3018798828125,116.12800598144531
282,4,651.3999633789062,148.8915557861328,53.40618896484375,116.58210754394531
283,4,652.1336669921875,148.5409393310547,54.77911376953125,117.17048645019531
284,4,652.9352416992188,149.51800537109375,55.87384033203125,115.4840087890625
285,4,653.7509155273438,149.9244384765625,54.3873291015625,115.30398559570312
286,4,654.6532592773438,149.97775268554688,54.820556640625,115.29373168945312
287,4,658.2987670898438,151.71746826171875,53.72686767578125,112.94021606445312
288,4,664.1892700195312,152.74606323242188,50.56280517578125,111.904296875
289,4,667.184814453125,151.61419677734375,51.05181884765625,113.03128051757812
290,4,675.928466796875,152.67770385742188,45.649658203125,112.59237670898438
291,4,681.1994018554688,152.86959838867188,43.63446044921875,112.1019287109375
292,4,680.4496459960938,151.5305938720703,47.9425048828125,115.31986999511719
293,4,685.71923828125,150.5492401123047,46.27374267578125,114.36412048339844
294,4,687.7659912109375,151.27293395996094,47.71392822265625,114.02818298339844
295,4,687.624267578125,151.3701629638672,50.6593017578125,113.52433776855469
296,4,688.5355834960938,153.28599548339844,52.09246826171875,111.74681091308594
297,4,689.3889770507812,158.0998077392578,53.14666748046875,106.69807434082031
298,4,690.8526000976562,155.34254455566406,55.17791748046875,109.15748596191406
299,4,691.1942138671875,161.5646209716797,57.3748779296875,102.66307067871094
300,4,694.9861450195312,157.30764770507812,54.3900146484375,106.75473022460938
301,4,702.2234497070312,152.9341278076172,49.50335693359375,110.11750793457031
302,4,709.1854858398438,152.00079345703125,47.19488525390625,110.31216430664062
303,4,713.3771362304688,152.48117065429688,45.66845703125,110.55242919921875
304,4,718.7911376953125,153.0214080810547,43.04681396484375,112.68443298339844
305,4,720.4536743164062,153.08717346191406,42.72161865234375,112.43113708496094
306,4,720.2860717773438,153.51065063476562,44.23175048828125,112.09548950195312
307,4,720.0341796875,152.49224853515625,47.12762451171875,113.77752685546875
308,4,720.064697265625,152.30538940429688,53.56451416015625,113.99563598632812
309,4,720.7157592773438,152.94790649414062,53.71795654296875,113.2137451171875
310,4,720.0994873046875,152.6231231689453,55.28289794921875,113.01329040527344
311,4,721.7203369140625,153.40234375,55.6368408203125,112.14791870117188
312,4,724.294677734375,153.2520751953125,56.9197998046875,112.90158081054688
313,4,728.8938598632812,154.99839782714844,54.519775390625,111.59477233886719
314,4,734.2620239257812,155.12374877929688,50.1219482421875,111.85540771484375
315,4,741.9313354492188,167.1643829345703,41.993408203125,99.09602355957031
316,4,749.2583618164062,166.4723358154297,38.7666015625,99.14591979980469
317,4,746.0198974609375,165.32376098632812,45.7960205078125,99.1236572265625
318,4,752.1558837890625,164.4787139892578,44.2601318359375,100.88929748535156
319,4,755.4581909179688,165.63055419921875,44.50628662109375,98.8876953125
320,4,755.664306640625,166.82093811035156,46.91864013671875,98.50886535644531
321,4,754.77294921875,166.96246337890625,50.45220947265625,98.59884643554688
321,8,758.4073486328125,160.25628662109375,34.40911865234375,38.37998962402344
322,4,755.1630249023438,166.60662841796875,51.85443115234375,99.08108520507812
322,8,754.6636962890625,158.88694763183594,44.50030517578125,74.92433166503906
323,4,756.370361328125,165.47109985351562,52.802978515625,100.6201171875
323,8,755.3298950195312,156.95101928710938,46.1690673828125,41.18501281738281
324,4,758.1253051757812,162.65118408203125,52.839111328125,102.36691284179688
324,8,758.23046875,161.2124786376953,36.64166259765625,83.24125671386719
325,4,762.4940795898438,163.4971160888672,49.52569580078125,101.24021911621094
325,8,756.5315551757812,156.95858764648438,48.43902587890625,46.82600402832031
326,4,769.4100952148438,165.0651092529297,42.47296142578125,98.57933044433594
326,8,763.170166015625,161.55369567871094,35.9990234375,86.82170104980469
326,9,795.9577026367188,158.49388122558594,16.01080322265625,29.066879272460938
327,4,766.98828125,164.45877075195312,45.35418701171875,98.55926513671875
327,8,759.3779296875,154.9306182861328,51.5054931640625,38.48921203613281
327,9,797.787353515625,158.2533721923828,15.51580810546875,33.28851318359375
328,4,769.748779296875,163.5980224609375,43.9869384765625,99.94607543945312
328,8,764.3011474609375,154.4624786376953,44.22320556640625,40.832122802734375
329,4,777.0189819335938,167.13148498535156,38.82049560546875,98.59288024902344
329,8,769.9093627929688,154.53179931640625,35.1060791015625,86.24385070800781
330,4,783.4237670898438,169.78924560546875,34.29779052734375,95.32867431640625
330,8,777.72314453125,155.68011474609375,29.01654052734375,87.66490173339844
331,4,784.3521118164062,165.3242645263672,35.71673583984375,100.03489685058594
331,8,783.4427490234375,153.83502197265625,25.23138427734375,85.42901611328125
332,4,785.4052734375,171.8329620361328,38.05572509765625,94.37535095214844
332,8,784.4371948242188,156.11790466308594,30.2552490234375,84.98725891113281
333,4,785.7135620117188,170.95298767089844,44.84039306640625,95.10447692871094
333,8,784.4321899414062,154.0500030517578,32.54168701171875,89.66600036621094
334,4,785.6883544921875,167.5750732421875,47.22308349609375,98.11148071289062
334,8,783.8511352539062,154.58631896972656,43.339599609375,87.1405029296875
335,4,786.4991455078125,172.4772186279297,46.67938232421875,93.11744689941406
335,8,784.6617431640625,153.94630432128906,45.358642578125,90.63502502441406
336,4,786.6825561523438,175.68199157714844,46.64776611328125,89.63392639160156
336,8,785.5519409179688,153.55589294433594,41.11651611328125,90.91409301757812
337,4,789.1215209960938,172.16275024414062,47.14251708984375,92.8370361328125
337,8,785.78125,154.45236206054688,44.4576416015625,87.33380126953125
338,4,792.6945190429688,173.7914581298828,44.15643310546875,91.99467468261719
338,8,785.8101196289062,154.5312957763672,46.12548828125,88.46885681152344
339,4,796.494873046875,174.022216796875,43.67083740234375,92.42068481445312
339,8,786.2471923828125,154.67015075683594,45.33392333984375,87.30258178710938
340,4,801.64599609375,172.54141235351562,41.1568603515625,93.9781494140625
340,8,787.2144165039062,153.88380432128906,50.3909912109375,91.01905822753906
341,4,807.5894165039062,172.8754425048828,39.2049560546875,93.07987976074219
341,8,789.2750244140625,153.4576873779297,47.9014892578125,89.61920166015625
342,4,812.589111328125,172.22178649902344,37.47479248046875,93.27769470214844
342,8,792.057373046875,154.88394165039062,46.30633544921875,88.07823181152344
343,4,816.2088012695312,171.59268188476562,37.85980224609375,95.19000244140625
343,8,796.8607177734375,155.01719665527344,43.2020263671875,86.14356994628906
344,4,816.5267333984375,171.86570739746094,37.367919921875,93.81050109863281
344,8,803.9589233398438,154.9154510498047,37.8077392578125,86.06837463378906
345,4,816.8585815429688,171.99560546875,37.662109375,93.43609619140625
345,8,806.7802124023438,154.40501403808594,37.63372802734375,86.56770324707031
346,4,816.7144165039062,172.4356689453125,38.6278076171875,93.19515991210938
346,8,811.330078125,155.60330200195312,33.85528564453125,86.776611328125
347,4,816.7013549804688,174.55511474609375,38.8594970703125,92.10488891601562
347,8,811.9320068359375,157.09059143066406,32.54559326171875,85.01431274414062
348,8,811.4274291992188,154.6232452392578,37.41619873046875,87.70108032226562
348,4,817.3004150390625,173.6572723388672,38.20867919921875,93.49034118652344
349,8,812.616455078125,154.5406494140625,39.8177490234375,87.24293518066406
349,4,818.5892333984375,174.83425903320312,37.03399658203125,91.467529296875
350,8,813.5692749023438,154.91314697265625,41.971923828125,85.391845703125
350,4,825.5371704101562,173.28744506835938,30.46282958984375,91.59042358398438
351,8,814.0925903320312,154.82241821289062,41.2755126953125,85.24227905273438
351,4,831.0789794921875,158.42311096191406,24.7471923828125,105.97770690917969
352,8,816.2134399414062,155.01658630371094,39.18682861328125,86.14637756347656
353,8,821.0994262695312,156.96627807617188,34.10101318359375,85.16452026367188
353,4,840.7977294921875,182.92807006835938,14.8712158203125,83.69232177734375
354,8,827.36962890625,161.50193786621094,27.9212646484375,79.00703430175781
355,8,830.6961059570312,160.11119079589844,24.7979736328125,81.54141235351562
356,8,833.023193359375,158.4003448486328,22.79302978515625,79.71957397460938
357,8,832.4286499023438,159.4061279296875,23.30096435546875,79.137939453125
357,5,843.0038452148438,219.3426055908203,12.76287841796875,44.61933898925781
358,8,833.9500122070312,159.4337158203125,21.78057861328125,79.56326293945312
359,8,834.4531860351562,161.760986328125,21.21978759765625,77.10711669921875
360,8,834.2833862304688,163.3964385986328,21.3704833984375,75.2230224609375
361,8,835.181640625,194.8130645751953,20.400634765625,43.34197998046875
362,8,834.829345703125,195.28744506835938,20.6700439453125,42.51289367675781
