0,1,268.3481140136719,179.0968475341797,51.027618408203125,106.70606994628906
0,2,359.7187194824219,0.1504320204257965,14.37933349609375,22.232802003622055
1,1,268.8336181640625,178.6331787109375,56.731964111328125,107.10964965820312
1,2,359.6107482910156,0.15951259434223175,14.562530517578125,22.507389947772026
2,1,270.7142639160156,178.81834411621094,59.385223388671875,106.69532775878906
2,2,359.56842041015625,0.18034087121486664,15.173004150390625,22.5662392526865
3,1,272.0144348144531,179.09042358398438,59.150146484375,106.28799438476562
3,2,360.0313720703125,0.19980305433273315,14.781158447265625,22.902102768421173
4,1,274.3310852050781,178.37252807617188,57.778533935546875,106.54946899414062
4,2,360.16021728515625,0.19679661095142365,15.063446044921875,22.49487666785717
5,1,277.6140441894531,178.1387481689453,56.214813232421875,106.79096984863281
5,2,361.0237731933594,0.2237883061170578,14.30438232421875,22.760609582066536
6,1,283.1809387207031,177.781982421875,51.401519775390625,107.11557006835938
6,2,361.0394592285156,0.154822438955307,14.432342529296875,22.879298120737076
7,1,289.0622863769531,177.78834533691406,45.91339111328125,105.60655212402344
7,2,360.8983154296875,0.16733548045158386,14.89520263671875,23.16764834523201
8,1,296.7674560546875,177.77810668945312,36.025146484375,105.628662109375
8,2,361.49859619140625,0.14069965481758118,14.42529296875,23.29427883028984
9,1,305.3334045410156,176.4934844970703,28.73370361328125,107.06709289550781
9,3,365.19671630859375,0.0,12.50933837890625,23.132572174072266
9,2,361.21600341796875,0.0,13.61981201171875,23.238651275634766
10,1,311.9322204589844,176.45654296875,27.647857666015625,109.46182250976562
10,3,365.5364074707031,0.0,11.67120361328125,23.293991088867188
10,2,360.77154541015625,0.0,12.39605712890625,23.22222137451172
11,1,313.9117431640625,177.24313354492188,30.330963134765625,107.91152954101562
11,3,367.0256652832031,0.0,11.3775634765625,23.33281707763672
11,2,360.50146484375,0.0,12.077178955078125,23.27581024169922
12,1,313.94525146484375,177.66201782226562,39.71826171875,107.30221557617188
12,3,368.0307312011719,0.0,11.49609375,23.647436141967773
12,2,360.39154052734375,0.0,11.960205078125,23.247743606567383
13,1,313.5270080566406,177.7766876220703,51.111358642578125,106.75956726074219
13,3,368.77001953125,0.0,11.33935546875,23.80129623413086
13,2,360.2810974121094,0.0,11.543182373046875,23.634614944458008
14,1,314.22955322265625,177.69178771972656,55.881195068359375,107.63554382324219
14,3,369.39447021484375,0.036156442016363144,10.960906982421875,23.567651007324457
14,2,360.2355651855469,0.0,11.52142333984375,23.81270408630371
15,1,314.55157470703125,176.7937469482422,59.440887451171875,107.81428527832031
15,2,360.35333251953125,0.0,12.186737060546875,24.154075622558594
15,3,369.6700744628906,0.10529451072216034,10.349884033203125,23.417856886982918
16,1,316.78271484375,177.90086364746094,57.2808837890625,106.54795837402344
16,3,369.6309814453125,0.12474648654460907,10.1463623046875,23.549552753567696
16,2,360.5603332519531,0.0,12.2672119140625,24.29582405090332
17,1,317.4017028808594,177.2538299560547,57.338165283203125,107.26878356933594
17,3,370.92864990234375,0.024510767310857773,10.426910400390625,23.57834491506219
17,2,360.5110168457031,0.0,12.869110107421875,24.01468849182129
18,1,321.92364501953125,178.18212890625,52.9671630859375,106.15716552734375
18,3,371.38616943359375,0.0,10.72113037109375,23.534963607788086
18,2,360.55230712890625,0.0,12.822418212890625,24.30784797668457
19,1,328.4471740722656,178.4014434814453,47.542633056640625,106.55979919433594
19,2,360.52508544921875,0.0,13.036376953125,24.754024505615234
19,3,369.60205078125,0.006978476420044899,10.465606689453125,23.931866204366088
20,1,335.2416076660156,177.74603271484375,40.8363037109375,107.45095825195312
20,2,360.66326904296875,0.0,12.924774169921875,24.587778091430664
20,3,370.4947204589844,0.0,10.331817626953125,23.922922134399414
21,1,342.52691650390625,177.09661865234375,32.73748779296875,108.21624755859375
21,3,369.1600341796875,0.02318037860095501,10.302764892578125,23.764600383117795
21,2,360.8746032714844,0.0,12.7620849609375,24.14853858947754
22,1,352.33233642578125,176.1716766357422,26.098388671875,109.72538757324219
22,3,372.82183837890625,0.0,10.833465576171875,23.87373161315918
22,2,360.8114318847656,0.0,12.84478759765625,24.431917190551758
23,1,355.7784118652344,177.1777801513672,26.730560302734375,108.04618835449219
23,2,360.762451171875,0.0,12.94256591796875,24.690046310424805
23,3,372.9471435546875,0.0,10.731842041015625,24.223079681396484
24,1,357.20062255859375,177.21717834472656,33.82452392578125,108.22132873535156
24,2,360.9830627441406,0.0,12.794647216796875,24.759889602661133
24,3,373.14453125,0.0,10.692962646484375,24.245744705200195
25,1,356.0681457519531,175.49864196777344,43.621978759765625,109.36360168457031
25,2,361.04364013671875,0.0,12.950653076171875,24.86859703063965
25,3,371.88580322265625,0.024301579222083092,10.88311767578125,24.45821757055819
26,1,355.8039245605469,175.6957550048828,52.16961669921875,109.35862731933594
26,2,361.0908508300781,0.0,12.699493408203125,24.9499454498291
26,3,373.4097900390625,0.01094667986035347,10.841552734375,24.577024053782225
27,1,356.5675048828125,177.18821716308594,55.459381103515625,107.89924621582031
27,3,373.6817626953125,0.03812587633728981,10.704986572265625,24.391145821660757
27,2,361.30853271484375,0.0,12.05718994140625,25.255502700805664
28,1,357.00714111328125,177.7964324951172,57.378875732421875,106.89811706542969
28,3,373.1898193359375,0.2372095286846161,11.634063720703125,24.536458760499954
28,2,361.1377868652344,0.04776640236377716,12.55712890625,25.00698022544384
29,1,358.43707275390625,177.24594116210938,56.349395751953125,106.7833251953125
29,2,361.2484130859375,0.0,12.41375732421875,25.036283493041992
29,3,372.6504821777344,0.0,11.568511962890625,24.712852478027344
30,1,360.48211669921875,176.5158233642578,55.84527587890625,107.87416076660156
30,3,374.004150390625,0.0,11.144989013671875,24.78136444091797
30,2,361.17462158203125,0.004784548655152321,12.3157958984375,25.158583676442504
31,1,366.2220764160156,176.50987243652344,51.5513916015625,107.85887145996094
31,2,361.4416809082031,0.0,11.38287353515625,25.693023681640625
31,3,374.8206787109375,0.0,10.58465576171875,24.660795211791992
32,1,372.279296875,175.7400360107422,45.144866943359375,106.63349914550781
32,3,374.789794921875,0.0,10.801300048828125,24.971277236938477
32,2,361.4352111816406,0.0,11.620819091796875,25.967451095581055
33,1,378.4598693847656,175.571044921875,37.819000244140625,106.14068603515625
33,3,374.7718200683594,0.0,10.99774169921875,25.359817504882812
33,2,361.34246826171875,0.0,11.7181396484375,25.98145866394043
34,1,386.3974304199219,175.0629119873047,31.069061279296875,107.06492614746094
34,2,361.2796936035156,0.0,11.603515625,26.187538146972656
34,3,374.8147277832031,0.0,11.63323974609375,26.23944854736328
35,1,394.4822692871094,174.63084411621094,26.94390869140625,105.62260437011719
35,2,361.07330322265625,0.16588518023490906,12.00714111328125,25.58928754925728
35,3,375.2073974609375,0.0,11.785888671875,26.371755599975586
36,1,398.6667785644531,174.71551513671875,26.92681884765625,109.60943603515625
36,2,361.0528869628906,0.19414348900318146,12.024383544921875,25.72518138587475
36,3,375.585693359375,0.0,11.91143798828125,26.06410026550293
37,1,398.2881164550781,175.87010192871094,32.38677978515625,107.24253845214844
37,3,375.82037353515625,0.0,11.872283935546875,26.19687271118164
37,2,361.1826477050781,0.0,11.682403564453125,26.23235321044922
38,1,397.8494567871094,176.22808837890625,42.4189453125,105.52938842773438
38,3,376.3111572265625,0.0,11.604766845703125,26.149187088012695
38,2,361.4414367675781,0.0,11.51495361328125,26.406896591186523
39,1,397.4997863769531,176.16310119628906,51.439788818359375,105.53700256347656
39,3,376.63232421875,0.00023980141850188375,11.6104736328125,25.95259528158931
39,2,364.6102600097656,0.0,14.02740478515625,26.292749404907227
40,1,398.4078063964844,176.51690673828125,55.433013916015625,104.42672729492188
40,2,361.1357727050781,0.12551181018352509,12.121002197265625,25.982608154416084
40,3,377.14678955078125,0.0,11.63568115234375,26.363468170166016
41,1,398.6175231933594,176.7032470703125,55.68878173828125,104.0093994140625
41,2,361.23638916015625,0.03020094893872738,12.264678955078125,26.094062814489007
41,3,377.4803466796875,0.0,11.804412841796875,26.78230857849121
42,1,399.37603759765625,176.4773712158203,56.17596435546875,103.86753845214844
42,2,361.1787414550781,0.007868803106248379,12.297088623046875,26.301108323968947
42,3,378.0760803222656,0.0,11.758636474609375,27.168603897094727
43,1,401.6040344238281,176.26866149902344,54.90045166015625,104.01423645019531
43,2,361.3966369628906,0.007802475243806839,12.302703857421875,26.36561442539096
43,3,378.5690612792969,0.0,11.311614990234375,27.10824966430664
44,1,406.3373718261719,176.3337860107422,50.599609375,103.84281921386719
44,2,361.5674133300781,0.0,12.392425537109375,26.517925262451172
44,3,378.97662353515625,0.05908426642417908,11.141815185546875,27.163142830133438
45,1,412.639892578125,175.59605407714844,43.66107177734375,104.93742370605469
45,2,361.7966613769531,0.0,12.43768310546875,26.815820693969727
45,3,379.05792236328125,0.0,11.03070068359375,27.239665985107422
46,1,420.2412109375,175.84568786621094,36.274383544921875,105.60041809082031
46,2,362.17816162109375,0.0,12.40655517578125,26.93731689453125
46,3,379.36016845703125,0.0,11.06182861328125,26.61212158203125
47,1,428.0727233886719,175.54815673828125,30.38641357421875,105.31167602539062
47,2,362.64501953125,0.0,12.144683837890625,27.174211502075195
47,3,379.9291687011719,0.0,11.52972412109375,25.893922805786133
48,1,438.7349853515625,174.6896209716797,28.37542724609375,105.41487121582031
48,2,363.50408935546875,0.0,11.869171142578125,27.32529067993164
48,3,380.3616027832031,0.0,11.8603515625,27.45452880859375
49,1,438.18780517578125,174.9661407470703,36.3470458984375,105.55552673339844
49,2,363.7666015625,0.0,11.806549072265625,27.401119232177734
49,3,380.6331481933594,0.0,11.853179931640625,27.55660629272461
50,1,437.0386047363281,174.66064453125,44.94512939453125,105.0604248046875
50,3,381.26116943359375,0.0,11.53814697265625,27.15223503112793
50,2,363.8016052246094,0.0,11.901763916015625,27.318788528442383
51,1,437.5171813964844,174.81773376464844,50.642730712890625,104.63230895996094
51,2,364.2311096191406,0.2499980926513672,11.7955322265625,27.15804100036621
51,3,381.60174560546875,0.24269051849842072,11.52392578125,27.150652453303337
52,1,437.9384765625,174.9139404296875,53.65606689453125,104.1419677734375
52,2,364.6877136230469,0.10008010268211365,11.51519775390625,27.373526006937027
52,3,381.9279479980469,0.3342857360839844,11.348602294921875,26.472444534301758
53,1,439.25067138671875,175.00869750976562,55.281341552734375,104.39227294921875
53,2,364.45770263671875,0.2654015123844147,12.066253662109375,27.701315253973007
53,3,382.0677490234375,0.15968988835811615,11.388336181640625,26.73928166925907
54,1,441.5087890625,174.0421600341797,55.050079345703125,106.22248840332031
54,2,365.1660461425781,0.22452300786972046,11.8779296875,27.711611330509186
54,3,382.2512512207031,0.11974764615297318,12.315399169921875,26.789849750697613
55,1,444.66650390625,174.58517456054688,53.62677001953125,104.98358154296875
55,2,365.37811279296875,0.28281643986701965,12.069732666015625,27.62899348139763
55,3,382.607177734375,0.2381470501422882,12.309844970703125,26.63437721133232
56,1,449.7193603515625,173.16177368164062,48.602325439453125,104.075927734375
56,2,365.822998046875,0.19497130811214447,11.75457763671875,27.73791290819645
56,3,382.8109436035156,0.30937573313713074,12.2177734375,26.91356471180916
57,1,455.7477722167969,172.36961364746094,41.927093505859375,104.96446228027344
57,2,366.27978515625,0.2158506214618683,11.672698974609375,27.624773234128952
57,3,383.3836669921875,0.18548257648944855,12.0045166015625,27.238856717944145
58,1,463.1785583496094,171.9804229736328,35.32928466796875,105.36351013183594
58,2,366.20379638671875,0.12664449214935303,11.99896240234375,28.384116768836975
58,3,383.6259460449219,0.1876254826784134,12.059967041015625,27.469984456896782
59,2,366.2865295410156,0.3946748673915863,12.01953125,28.363044172525406
59,1,470.46826171875,172.0812530517578,30.978363037109375,102.47138977050781
59,3,384.00048828125,0.0024018408730626106,11.90869140625,27.36927746515721
60,2,366.3197021484375,0.2835077941417694,11.96697998046875,28.628365069627762
60,1,476.8448181152344,171.29010009765625,27.372711181640625,104.89215087890625
60,3,384.3192443847656,0.0,11.76678466796875,27.47610092163086
61,2,366.3380126953125,0.35371220111846924,12.014068603515625,28.504363894462585
61,1,476.6588134765625,171.49911499023438,31.060638427734375,104.23269653320312
61,3,384.5805969238281,0.07979137450456619,11.804107666015625,28.108437232673168
62,2,366.57330322265625,0.27309301495552063,12.0738525390625,28.741578310728073
62,1,476.1546325683594,171.18606567382812,36.684539794921875,104.0289306640625
62,3,384.59576416015625,0.04927026480436325,11.91571044921875,28.194652922451496
63,1,476.1773681640625,172.0859375,45.6439208984375,102.796142578125
63,2,366.8632507324219,0.24007311463356018,12.184112548828125,28.84413632750511
63,3,384.7892150878906,0.2133263200521469,12.1893310546875,28.059388294816017
64,1,475.48492431640625,172.89291381835938,51.45440673828125,101.46194458007812
64,2,367.1815185546875,0.20963619649410248,12.12109375,28.77763606607914
64,3,385.2862854003906,0.549311101436615,12.21112060546875,27.810287058353424
65,1,475.28857421875,172.77085876464844,53.93994140625,100.84135437011719
65,2,367.4924011230469,0.13434620201587677,12.071044921875,28.797241017222404
65,3,385.42138671875,1.103476881980896,12.12567138671875,27.50083029270172
66,1,477.1358947753906,171.91119384765625,54.202850341796875,101.68515014648438
66,2,367.46624755859375,0.0,12.306060791015625,28.97942352294922
66,3,385.78338623046875,1.1322989463806152,12.169586181640625,27.53288698196411
67,2,368.4269104003906,0.0,11.9564208984375,29.071195602416992
67,1,478.07659912109375,172.64256286621094,53.46820068359375,100.93479919433594
67,3,385.9593505859375,1.5103994607925415,12.1551513671875,27.649613738059998
68,2,368.93994140625,0.0,11.820098876953125,29.487524032592773
68,1,482.5843811035156,172.5234375,50.029632568359375,100.52639770507812
68,3,386.56634521484375,1.349457025527954,12.455810546875,28.36682677268982
69,2,369.21044921875,0.0,11.76483154296875,29.618236541748047
69,1,488.06451416015625,172.0502166748047,45.8155517578125,100.62760925292969
69,3,387.2535400390625,0.9465574622154236,13.25091552734375,29.01982742547989
70,2,369.52276611328125,0.0,11.783782958984375,29.704988479614258
70,3,387.6815490722656,1.261144995689392,12.7056884765625,28.805152535438538
70,1,494.8946228027344,171.811767578125,40.365509033203125,101.02508544921875
71,1,501.8264465332031,171.1581268310547,36.683563232421875,102.51039123535156
71,2,369.84527587890625,0.21651773154735565,11.973907470703125,29.632517531514168
71,3,388.1420593261719,0.8006816506385803,13.2589111328125,29.442528188228607
72,2,370.42376708984375,0.30418428778648376,12.402313232421875,29.610650688409805
72,1,515.2395629882812,171.25164794921875,30.57977294921875,101.59033203125
72,3,389.5887145996094,0.6235921382904053,13.1329345703125,28.74849534034729
73,1,514.4440307617188,171.34327697753906,38.01885986328125,101.88087463378906
73,2,370.70758056640625,0.47781455516815186,12.43463134765625,29.648043751716614
73,3,390.1190490722656,0.5824840068817139,13.01507568359375,28.43084454536438
74,1,513.8059692382812,171.15065002441406,44.9935302734375,101.43122863769531
74,2,370.9739074707031,0.5420354008674622,12.29693603515625,30.083063781261444
74,3,390.5970764160156,0.440520316362381,12.232940673828125,28.192213982343674
75,1,513.7098388671875,170.6747283935547,49.17413330078125,101.82176208496094
75,2,371.2257995605469,0.44559696316719055,12.362548828125,29.959111899137497
75,3,390.62786865234375,0.2678709328174591,12.262481689453125,29.080861061811447
76,1,514.6109619140625,171.13607788085938,53.10980224609375,100.9610595703125
76,2,371.70068359375,0.22867617011070251,12.14886474609375,30.303899437189102
76,3,390.8953552246094,0.17830511927604675,12.313018798828125,29.998019725084305
77,1,515.71826171875,171.26356506347656,55.39447021484375,100.74476623535156
77,2,371.8073425292969,0.32406356930732727,12.264129638671875,30.197983473539352
77,3,390.5497741699219,0.2580620348453522,12.1962890625,29.924423545598984
78,1,516.928955078125,170.93978881835938,56.51470947265625,101.16946411132812
78,3,391.0240478515625,0.1554984748363495,11.822784423828125,29.799480468034744
78,2,372.6141357421875,0.3899592161178589,12.072052001953125,30.141542553901672
79,1,519.239501953125,170.67108154296875,55.2528076171875,101.74465942382812
79,2,373.146484375,0.35890746116638184,11.8951416015625,30.192320108413696
79,3,391.2607727050781,0.21615420281887054,11.97686767578125,30.307123079895973
80,1,523.684814453125,171.18077087402344,52.2354736328125,100.45994567871094
80,2,373.6447448730469,0.2810485363006592,11.94549560546875,30.154322862625122
80,3,392.1462707519531,0.40427204966545105,11.99383544921875,29.313385039567947
81,1,529.3143310546875,170.38771057128906,46.0238037109375,99.63862609863281
81,2,374.0527648925781,0.32912617921829224,11.9769287109375,29.860393702983856
81,3,392.6031494140625,0.40682438015937805,11.97137451171875,29.08159229159355
82,2,374.3724670410156,0.43221527338027954,11.982635498046875,29.76654952764511
82,1,536.00830078125,170.36917114257812,39.48980712890625,99.111328125
82,3,392.9430236816406,0.4506315290927887,11.554718017578125,28.929951280355453
83,2,374.44342041015625,0.5789673924446106,12.15277099609375,29.94990223646164
83,1,542.8880004882812,169.89126586914062,34.3753662109375,99.32177734375
83,3,393.1861267089844,0.8216859698295593,11.277313232421875,28.965488255023956
84,2,374.58642578125,0.33396556973457336,12.3616943359375,30.13990756869316
84,1,550.4630737304688,169.74850463867188,29.950927734375,99.24639892578125
84,3,393.1791076660156,0.4332612156867981,11.8544921875,29.56245869398117
85,2,375.0859680175781,0.8232676386833191,12.56011962890625,29.883069336414337
85,1,551.8782348632812,169.406005859375,31.814453125,102.4132080078125
85,3,393.4695739746094,0.821109414100647,11.55999755859375,29.21830976009369
86,2,375.3814697265625,0.6442137956619263,12.883819580078125,30.355456233024597
86,1,551.64892578125,169.9156951904297,35.06634521484375,100.85820007324219
86,3,393.77862548828125,0.6986933350563049,11.863555908203125,29.45638746023178
87,1,551.7528686523438,169.9233856201172,39.9091796875,100.90702819824219
87,2,375.27972412109375,0.41450440883636475,13.156707763671875,30.726450562477112
87,3,393.64520263671875,0.3439556062221527,12.48828125,29.77520599961281
88,1,552.0060424804688,170.09996032714844,48.46270751953125,99.50508117675781
88,2,375.3607482910156,0.4811883568763733,13.40093994140625,30.646909177303314
88,3,394.1607360839844,0.3670913279056549,12.065826416015625,30.255474895238876
89,1,552.0999755859375,170.32614135742188,52.4664306640625,99.13827514648438
89,2,375.78564453125,0.8474365472793579,13.228729248046875,30.338018774986267
89,3,394.6060791015625,0.28619152307510376,11.837249755859375,30.3417209982872
90,1,552.2088623046875,170.9850616455078,53.82098388671875,98.22120666503906
90,2,376.3233642578125,0.7709373235702515,13.12969970703125,30.328685402870178
90,3,394.0668029785156,0.35481810569763184,13.043487548828125,30.948339700698853
91,2,377.0382995605469,0.8051460385322571,12.83349609375,30.414277255535126
91,1,553.44384765625,171.31398010253906,53.63958740234375,98.08351135253906
91,3,394.3924865722656,0.26568594574928284,13.294586181640625,30.880018323659897
91,4,0.02120584435760975,146.2236785888672,26.638416348025203,54.26148986816406
92,2,378.0574035644531,0.8448829054832458,12.260711669921875,30.483867704868317
92,4,0.04818733036518097,141.06558227539062,33.268676683306694,69.46897888183594
92,1,555.8487548828125,170.99270629882812,52.680419921875,98.4315185546875
92,3,394.3470153808594,0.3407922685146332,13.5455322265625,30.884974867105484
93,4,0.17541983723640442,140.8319854736328,38.70200631022453,66.14637756347656
93,2,378.752685546875,0.6488745808601379,12.02435302734375,30.958917319774628
93,1,560.7158813476562,171.25576782226562,50.23834228515625,98.40548706054688
93,3,394.4537048339844,0.42116910219192505,13.64276123046875,30.99752253293991
94,4,1.3615847826004028,140.8591766357422,47.20572555065155,61.944915771484375
94,1,566.4560546875,170.4922637939453,45.0345458984375,98.94190979003906
94,2,379.19122314453125,0.4444834291934967,11.9892578125,31.183507293462753
94,3,394.7881774902344,0.46115854382514954,13.38134765625,31.177931040525436
95,4,10.461503028869629,140.66281127929688,44.35995006561279,61.82569885253906
95,2,379.36102294921875,0.7093785405158997,12.193756103515625,31.418112456798553
95,1,573.8635864257812,169.814697265625,39.08587646484375,99.91287231445312
95,3,395.0399169921875,0.6692730188369751,13.30914306640625,31.021053671836853
96,4,25.736330032348633,139.88363647460938,44.33051872253418,62.76451110839844
96,2,380.28082275390625,1.05577552318573,12.2159423828125,32.05883324146271
96,1,588.2474365234375,170.1686248779297,31.88470458984375,99.36885070800781
96,3,395.66949462890625,0.721544623374939,13.049774169921875,31.20574152469635
97,2,380.7355651855469,0.6007102131843567,12.5555419921875,32.01576393842697
97,4,33.006683349609375,138.22325134277344,46.913414001464844,63.91319274902344
97,1,589.5782470703125,169.99688720703125,33.7589111328125,99.74346923828125
97,3,396.5904846191406,1.6272681951522827,12.814910888671875,30.4503036737442
98,1,589.6538696289062,169.79115295410156,39.203857421875,99.39067077636719
98,4,40.57767105102539,138.83790588378906,45.272830963134766,63.02857971191406
98,2,381.3009033203125,0.6266661882400513,12.712554931640625,32.17688834667206
98,3,396.0870666503906,0.4347650706768036,13.51629638671875,31.728477269411087
99,1,589.2412719726562,170.43484497070312,45.72308349609375,98.88137817382812
99,3,396.932373046875,0.64067542552948,12.68951416015625,31.745993733406067
99,4,48.29010772705078,139.3402557373047,43.43031311035156,62.316864013671875
99,2,381.8017883300781,0.3658948838710785,12.539459228515625,32.140014082193375
100,1,589.639892578125,170.07081604003906,49.451171875,98.88526916503906
100,3,397.5416259765625,0.5536989569664001,12.517822265625,31.812141954898834
100,4,57.41149139404297,137.86170959472656,42.821189880371094,63.18388366699219
100,2,382.1894226074219,0.47342541813850403,12.44281005859375,32.135522335767746
101,3,398.50933837890625,0.3764372169971466,12.508453369140625,31.85958954691887
101,1,590.8002319335938,170.6116943359375,53.6173095703125,97.85897827148438
101,2,382.4643249511719,0.5766522884368896,12.429351806640625,32.098514795303345
101,4,64.43778228759766,137.22084045410156,43.88074493408203,63.08338928222656
102,1,591.4332275390625,170.42478942871094,56.18182373046875,98.47013854980469
102,3,399.5339050292969,0.8597391247749329,11.879852294921875,31.342542827129364
102,4,72.67671203613281,137.4926300048828,40.42139434814453,64.37989807128906
102,2,382.9748229980469,0.5912661552429199,12.026397705078125,32.1811261177063
103,1,592.3983764648438,170.2660675048828,57.05108642578125,98.50727844238281
103,4,80.38715362548828,134.31529235839844,46.66986846923828,69.348388671875
103,2,383.13916015625,0.4648320972919464,12.338165283203125,32.28961965441704
103,3,399.7607727050781,0.9747889637947083,11.94769287109375,31.569194495677948
104,1,596.0098266601562,170.28871154785156,55.25347900390625,98.53089904785156
104,3,400.34747314453125,0.9327025413513184,12.044036865234375,31.81349802017212
104,2,383.55517578125,0.5244291424751282,12.355133056640625,32.431274592876434
104,4,88.7989501953125,131.86643981933594,46.66404724121094,71.97453308105469
105,1,600.5951538085938,170.09620666503906,51.5196533203125,98.22181701660156
105,3,400.68218994140625,1.4228770732879639,12.000274658203125,31.394334077835083
105,2,384.40985107421875,0.43628808856010437,12.054229736328125,32.438223630189896
105,4,96.1993637084961,130.5856170654297,47.343650817871094,72.50653076171875
106,1,606.4973754882812,169.92149353027344,45.5894775390625,97.60362243652344
106,2,384.92340087890625,0.4121701717376709,12.0223388671875,32.36889672279358
106,3,401.34521484375,2.6049323081970215,11.98052978515625,30.216192722320557
106,4,104.60450744628906,132.16404724121094,47.577911376953125,70.44288635253906
107,1,612.9082641601562,169.26649475097656,38.6611328125,97.20668029785156
107,2,385.22955322265625,0.28452056646347046,12.42376708984375,33.013639986515045
107,4,112.59407806396484,136.59478759765625,48.520606994628906,66.19044494628906
107,3,401.6761169433594,2.0033011436462402,12.131561279296875,31.05443048477173
108,1,619.5789184570312,169.3016815185547,33.97930908203125,97.19798278808594
108,4,121.29180145263672,135.20314025878906,46.41925811767578,68.30793762207031
108,2,385.398193359375,0.14415891468524933,14.468414306640625,32.936254903674126
108,3,399.2776184082031,0.9798082113265991,12.11505126953125,31.214558243751526
109,1,625.2505493164062,168.70950317382812,31.751953125,100.11984252929688
109,2,385.6589660644531,0.941295862197876,14.688507080078125,32.320945501327515
109,4,129.7296142578125,135.79635620117188,46.03607177734375,67.66490173339844
109,3,402.4577331542969,1.823550820350647,12.072601318359375,31.01932942867279
110,2,385.36602783203125,1.2236671447753906,15.7664794921875,32.465789794921875
110,1,625.6377563476562,169.0211181640625,34.20697021484375,99.75186157226562
110,4,137.67132568359375,132.75262451171875,43.31593322753906,69.30746459960938
110,3,402.913818359375,1.0441783666610718,12.262969970703125,32.08510172367096
111,2,384.74609375,0.831797182559967,16.998260498046875,33.30524963140488
111,1,624.7344970703125,169.52294921875,37.171875,99.357421875
111,3,403.6190185546875,1.1668609380722046,12.13800048828125,32.15688478946686
111,4,146.99066162109375,131.3308563232422,43.2269287109375,70.2071533203125
112,1,625.2349243164062,170.2216033935547,43.35186767578125,98.38584899902344
112,4,155.55075073242188,130.50653076171875,46.415863037109375,72.57382202148438
112,2,383.9912109375,0.8978331089019775,17.519683837890625,33.061891317367554
112,3,403.7543640136719,1.121714472770691,12.354888916015625,31.53264343738556
113,1,625.3462524414062,170.29916381835938,49.458251953125,98.14529418945312
113,4,163.83094787597656,130.04127502441406,42.17222595214844,72.80270385742188
113,2,383.91204833984375,0.9669010043144226,17.301849365234375,32.99067574739456
113,3,403.8349304199219,0.9500116109848022,12.21759033203125,31.944599747657776
114,4,172.806884765625,130.00994873046875,42.90025329589844,74.68295288085938
114,1,625.9683837890625,170.3619384765625,52.54718017578125,97.79940795898438
114,2,384.1468200683594,1.0825822353363037,17.451416015625,33.03519654273987
114,3,404.261474609375,1.4629136323928833,12.241912841796875,31.59344470500946
115,4,182.25938415527344,130.33718872070312,44.9140625,75.02630615234375
115,1,626.6903076171875,171.1511993408203,51.51629638671875,96.87290954589844
115,2,384.63616943359375,1.0062552690505981,17.339508056640625,33.17252051830292
115,3,404.8966369628906,1.1484969854354858,12.177764892578125,31.945024132728577
116,4,190.35357666015625,129.87857055664062,45.78607177734375,77.50773620605469
116,2,385.4092102050781,0.880520224571228,16.74627685546875,33.2318149805069
116,1,627.138671875,170.81834411621094,52.1771240234375,97.50877380371094
116,3,404.8576965332031,0.9629047513008118,12.546905517578125,31.985390841960907
117,4,197.33026123046875,131.00494384765625,45.10740661621094,76.54293823242188
117,2,385.6208190917969,0.9050947427749634,16.907073974609375,33.544631361961365
117,1,629.9241943359375,170.90499877929688,50.89410400390625,97.5531005859375
117,3,405.10137939453125,0.6133776307106018,12.883331298828125,32.707121789455414
117,5,189.87400817871094,142.49464416503906,17.967437744140625,56.410125732421875
118,4,206.825439453125,130.60763549804688,46.19258117675781,77.78282165527344
118,2,386.2296447753906,1.1985186338424683,15.812347412109375,33.28112614154816
118,3,405.0203857421875,0.5721419453620911,13.72735595703125,33.0661980509758
118,1,634.8687133789062,170.96568298339844,48.3931884765625,97.92201232910156
119,4,217.01705932617188,132.41058349609375,45.93902587890625,76.21408081054688
119,2,387.53570556640625,1.088151216506958,14.64892578125,33.436487913131714
119,1,639.9566040039062,170.56883239746094,46.32757568359375,98.09584045410156
119,3,405.1193542480469,0.8287397027015686,14.901641845703125,33.074996411800385
120,4,233.7965087890625,130.0693817138672,47.147613525390625,77.10409545898438
120,2,390.3489074707031,0.9826654195785522,13.2564697265625,33.85347044467926
120,1,655.64404296875,169.637451171875,41.1556396484375,99.58963012695312
120,3,406.0454406738281,1.3258965015411377,15.62884521484375,33.352299451828
121,1,660.7324829101562,169.3992919921875,45.92547607421875,100.18463134765625
121,4,243.9612274169922,130.29171752929688,45.25468444824219,74.82144165039062
121,2,390.8476257324219,0.8189103603363037,13.613372802734375,34.29133057594299
121,3,406.0216979980469,1.7167766094207764,15.935302734375,33.29448056221008
122,1,661.8451538085938,170.54531860351562,52.41314697265625,98.71722412109375
122,4,252.89407348632812,129.9833984375,47.7120361328125,75.20980834960938
122,2,391.1374206542969,1.0531249046325684,13.280059814453125,34.5892128944397
122,3,406.1438293457031,1.5606671571731567,15.51470947265625,33.48748576641083
123,1,661.560302734375,170.03244018554688,58.42364501953125,98.46389770507812
123,4,261.6413269042969,130.12210083007812,46.960723876953125,74.159912109375
123,2,391.42340087890625,1.2942490577697754,13.3912353515625,34.09625768661499
123,3,407.2091064453125,2.8660340309143066,14.905059814453125,32.21507787704468
124,1,661.7717895507812,171.069091796875,57.600341796875,97.89279174804688
124,4,271.0796203613281,129.891845703125,47.5389404296875,72.73440551757812
124,2,392.05682373046875,1.5654836893081665,13.4315185546875,34.12191712856293
124,3,409.2325439453125,4.619338035583496,13.4541015625,30.51094913482666
125,1,661.3502197265625,171.12515258789062,58.9302978515625,96.47579956054688
125,4,280.0301513671875,129.80691528320312,46.7857666015625,70.74058532714844
125,2,392.65625,1.0892099142074585,13.12158203125,34.373032212257385
125,3,410.12786865234375,3.457550048828125,13.200714111328125,31.552349090576172
126,4,289.20611572265625,129.61058044433594,45.7965087890625,69.44755554199219
126,2,392.6539001464844,0.6738994121551514,13.414764404296875,35.20716977119446
126,1,662.5984497070312,171.0835418701172,57.90179443359375,96.62806701660156
126,3,411.59124755859375,3.856466054916382,12.336273193359375,31.372900247573853
127,1,664.3189086914062,170.77688598632812,56.1456298828125,96.84405517578125
127,4,298.5196838378906,129.14100646972656,47.079559326171875,70.56922912597656
127,2,392.89215087890625,0.6519027352333069,13.35028076171875,35.20233005285263
127,3,413.4198913574219,4.952128887176514,11.6627197265625,30.085087299346924
128,4,307.973388671875,129.40670776367188,45.75897216796875,69.15420532226562
128,1,666.2162475585938,170.4724884033203,54.5975341796875,97.73725891113281
128,2,393.3976135253906,0.7236607670783997,13.253509521484375,35.16883343458176
128,3,414.0882568359375,3.839644193649292,11.314788818359375,30.85518765449524
129,1,669.599365234375,170.17733764648438,53.10882568359375,97.51861572265625
129,4,317.63134765625,129.3003387451172,47.297882080078125,68.83261108398438
129,2,393.52197265625,0.6610445380210876,13.243499755859375,35.379505693912506
129,3,414.7435607910156,3.4223809242248535,11.359283447265625,31.736924648284912
130,4,326.8658752441406,129.49534606933594,45.53582763671875,71.28364562988281
130,1,675.4547119140625,169.91546630859375,49.74383544921875,95.78408813476562
130,2,394.4337463378906,0.715891420841217,12.764373779296875,35.28797668218613
130,3,415.1296081542969,4.204611778259277,11.433746337890625,30.74882221221924
131,4,336.4884948730469,129.26942443847656,46.9315185546875,71.34886169433594
131,1,680.6607666015625,170.02883911132812,46.26458740234375,94.77743530273438
131,2,395.3052673339844,0.8056383728981018,12.25457763671875,35.55720418691635
131,3,415.37127685546875,4.864814281463623,12.30633544921875,31.47898530960083
132,2,395.8255920410156,0.9319639801979065,12.166961669921875,35.60712903738022
132,4,345.9070129394531,129.2790069580078,45.613861083984375,72.70204162597656
132,1,686.2733764648438,168.96665954589844,42.99102783203125,95.38932800292969
132,3,416.20440673828125,5.780970573425293,12.48028564453125,30.607213020324707
133,2,396.0574951171875,0.8881824016571045,12.439239501953125,35.63235592842102
133,4,355.1337890625,129.13449096679688,46.1944580078125,73.23104858398438
133,1,692.087646484375,169.01219177246094,38.91925048828125,96.15626525878906
133,3,416.4542541503906,6.027716159820557,12.68634033203125,30.366899013519287
134,2,395.6203918457031,1.1195945739746094,12.949859619140625,35.49736785888672
134,1,695.2537841796875,169.2119903564453,38.1768798828125,96.88453674316406
134,4,364.54327392578125,129.39439392089844,46.317047119140625,71.32893371582031
134,3,416.8929443359375,6.555715560913086,12.635986328125,30.057546615600586
135,2,395.49053955078125,2.4399898052215576,13.231658935546875,34.06452298164368
135,1,694.4856567382812,169.7189178466797,40.8236083984375,95.45393371582031
135,4,374.29742431640625,129.22000122070312,45.055877685546875,68.726318359375
135,3,417.1898193359375,6.564897060394287,12.81500244140625,30.07879114151001
136,2,394.8223571777344,1.432679533958435,14.36590576171875,35.36177313327789
136,4,383.5388488769531,129.19088745117188,46.16571044921875,68.5257568359375
136,1,694.2335815429688,169.98158264160156,42.68572998046875,95.41355895996094
136,3,417.4453430175781,6.545770168304443,12.981842041015625,30.130613803863525
137,2,394.43084716796875,1.6287657022476196,15.236602783203125,35.377124190330505
137,1,694.2241821289062,170.35577392578125,45.71356201171875,94.66580200195312
137,4,392.5377502441406,129.7638397216797,46.421783447265625,68.82260131835938
137,3,417.9358825683594,6.528305530548096,13.030487060546875,30.043567180633545
138,2,394.2923278808594,0.8471266031265259,15.820343017578125,35.99785554409027
138,4,402.0320739746094,129.42701721191406,46.4246826171875,68.00714111328125
138,1,694.0125732421875,170.7324676513672,48.8355712890625,94.16416931152344
138,3,419.1588439941406,5.977560520172119,12.63995361328125,30.14526891708374
139,2,394.39886474609375,0.9458202123641968,16.329437255859375,36.15593683719635
139,4,410.92401123046875,129.0069122314453,46.260406494140625,69.59919738769531
139,1,694.4866943359375,170.83596801757812,50.29864501953125,93.73870849609375
140,2,395.3291320800781,1.250920295715332,15.605804443359375,35.971529960632324
140,4,420.9174499511719,129.43380737304688,46.804107666015625,69.171630859375
140,1,695.218505859375,170.93951416015625,52.4005126953125,93.76736450195312
140,3,421.48065185546875,5.192629337310791,11.777984619140625,30.75195074081421
141,2,396.1893005371094,1.4979170560836792,15.068511962890625,35.69290554523468
141,4,430.4761657714844,129.1073760986328,45.251983642578125,69.7225341796875
141,1,698.2628173828125,170.310546875,52.35955810546875,94.267578125
141,3,421.7723083496094,4.267294406890869,11.772979736328125,31.984952449798584
142,2,396.6558532714844,1.6934610605239868,14.971099853515625,35.92363107204437
142,4,439.7720947265625,128.98043823242188,44.605010986328125,71.5792236328125
142,1,700.9680786132812,169.96214294433594,52.7147216796875,94.46446228027344
142,3,422.1455993652344,3.9444401264190674,11.882415771484375,31.983195066452026
143,2,397.286865234375,2.099106788635254,14.4658203125,36.07460308074951
143,4,449.59808349609375,128.8977508544922,45.48529052734375,72.79415893554688
143,3,422.49993896484375,4.356904983520508,12.094970703125,32.12127494812012
143,1,704.75634765625,169.9102325439453,51.69390869140625,94.35707092285156
144,4,468.5519714355469,128.95553588867188,44.668548583984375,75.51881408691406
144,2,398.9121398925781,1.9663742780685425,13.30169677734375,36.13906395435333
144,3,423.36041259765625,4.8347296714782715,13.011566162109375,32.20133447647095
144,1,716.1670532226562,168.52996826171875,46.86865234375,96.510986328125
145,2,400.1608581542969,1.7727562189102173,12.19537353515625,36.422876715660095
145,4,476.93463134765625,129.03855895996094,44.9813232421875,77.08296203613281
145,1,722.915283203125,168.24537658691406,43.8692626953125,96.44755554199219
145,3,423.60943603515625,5.301504135131836,14.271026611328125,32.009172439575195
146,2,400.4969787597656,1.240061640739441,12.381927490234375,37.61570084095001
146,1,726.4891967773438,168.31153869628906,42.98529052734375,96.17448425292969
146,4,486.3099670410156,129.0797576904297,46.085479736328125,76.97987365722656
146,3,424.0419006347656,4.802079677581787,14.805572509765625,32.78836679458618
147,1,724.865478515625,168.31484985351562,47.18719482421875,96.51199340820312
147,4,495.6673278808594,129.1473388671875,45.583648681640625,77.51947021484375
147,2,400.6419677734375,1.295106291770935,12.43408203125,37.70273458957672
147,3,424.0419006347656,4.749069690704346,15.04278564453125,33.376418590545654
148,1,725.09765625,168.5804901123047,49.13543701171875,95.89027404785156
148,4,504.60888671875,128.88819885253906,44.2579345703125,77.05284118652344
148,2,400.68804931640625,1.6868895292282104,12.790252685546875,37.71724331378937
148,3,424.205322265625,5.147549152374268,15.369354248046875,33.02392530441284
149,1,724.9677734375,168.6947021484375,50.079345703125,95.45443725585938
149,4,513.6210327148438,128.69369506835938,46.1949462890625,75.95967102050781
149,2,401.007080078125,2.6261775493621826,12.689605712890625,36.848607301712036
149,3,424.71514892578125,5.110335350036621,15.244171142578125,32.85373401641846
150,1,726.4902954101562,169.21359252929688,51.19464111328125,94.46231079101562
150,4,522.715087890625,129.333984375,45.5281982421875,76.02946472167969
150,2,401.016357421875,2.599576234817505,13.166168212890625,36.7890727519989
150,3,425.4656982421875,6.624185085296631,14.4114990234375,31.081617832183838
151,1,727.9672241210938,169.84632873535156,53.3408203125,92.85710144042969
151,2,401.6824035644531,2.621882915496826,13.0694580078125,36.92210054397583
151,4,532.4008178710938,129.36935424804688,45.0885009765625,73.47724914550781
151,3,426.8449401855469,4.818055629730225,13.50146484375,33.00630807876587
152,1,729.989501953125,169.28648376464844,52.8914794921875,93.34495544433594
152,4,541.0961303710938,129.3820343017578,44.2276611328125,71.15287780761719
152,2,402.4663391113281,2.44758939743042,12.84625244140625,37.005932331085205
152,3,428.2523498535156,4.677903175354004,12.98046875,32.87349605560303
153,2,402.6787109375,2.871331214904785,12.8917236328125,36.73267650604248
153,4,550.1588134765625,129.69284057617188,45.03741455078125,70.12417602539062
153,1,732.709228515625,169.22274780273438,51.2432861328125,93.91696166992188
153,3,429.09027099609375,5.729344367980957,12.444671630859375,32.007697105407715
154,2,402.9923400878906,3.6842734813690186,13.076385498046875,36.00325322151184
154,4,559.4610595703125,130.2608642578125,44.97308349609375,68.61866760253906
154,1,735.3619995117188,168.5959930419922,51.221923828125,93.13087463378906
154,3,430.84747314453125,6.12105131149292,12.13531494140625,31.477318286895752
155,2,403.8719177246094,3.4570436477661133,12.53155517578125,36.11876964569092
155,1,740.0636596679688,168.10853576660156,49.17633056640625,93.47239685058594
155,4,568.325439453125,130.47378540039062,44.54351806640625,64.77180480957031
155,3,432.0142517089844,6.4779815673828125,11.5628662109375,30.562599182128906
156,2,403.99139404296875,2.9190568923950195,12.65704345703125,36.70257091522217
156,1,744.9098510742188,167.84336853027344,46.20330810546875,92.26585388183594
156,4,577.3257446289062,130.40032958984375,46.4859619140625,66.02317810058594
156,3,432.93023681640625,6.9681396484375,11.30352783203125,30.462261199951172
157,1,749.81689453125,167.4207763671875,43.08148193359375,93.00765991210938
157,2,404.899169921875,2.238400936126709,12.24420166015625,37.1774468421936
157,4,586.00146484375,131.0123291015625,45.1246337890625,67.97406005859375
157,3,433.4050598144531,7.265138626098633,11.709808349609375,31.18613624572754
158,2,404.8035888671875,0.9348671436309814,13.1060791015625,38.70642161369324
158,1,754.69921875,167.25482177734375,40.34490966796875,95.12353515625
158,4,594.8239135742188,131.22418212890625,45.357421875,68.64851379394531
158,3,433.8634033203125,7.628321647644043,12.13177490234375,31.287915229797363
159,2,405.5121154785156,2.9796602725982666,12.6766357421875,36.67934012413025
159,1,755.6377563476562,166.53591918945312,41.20989990234375,95.33587646484375
159,4,602.9365234375,131.44944763183594,44.9771728515625,68.0281982421875
159,3,433.91070556640625,7.904338359832764,12.385650634765625,31.419426441192627
160,2,405.6495666503906,2.110727071762085,12.93145751953125,37.66200852394104
160,1,754.904052734375,167.31576538085938,43.17547607421875,94.391357421875
160,4,612.1522827148438,131.68206787109375,44.67071533203125,67.23928833007812
160,3,434.5056457519531,8.33358383178711,12.449676513671875,31.30162811279297
161,2,405.6086120605469,3.133227586746216,13.779998779296875,37.412068128585815
161,1,755.0592651367188,168.13304138183594,43.3753662109375,92.20195007324219
161,4,621.2180786132812,131.37242126464844,45.75830078125,68.05584716796875
161,3,435.02398681640625,8.69310474395752,12.310577392578125,30.81189250946045
162,2,405.6220397949219,4.336983680725098,13.87078857421875,36.34411907196045
162,4,629.4324340820312,132.28575134277344,44.879638671875,64.40673828125
162,1,754.0556030273438,167.57876586914062,46.62164306640625,92.647216796875
162,3,435.4497375488281,9.251264572143555,12.31378173828125,30.275667190551758
163,2,405.8492736816406,4.163350582122803,14.150054931640625,36.22314691543579
163,1,755.0414428710938,167.54129028320312,49.34967041015625,92.02178955078125
163,4,638.1273193359375,132.58267211914062,45.1507568359375,64.45164489746094
163,3,436.1043395996094,9.184074401855469,11.8966064453125,29.90868377685547
164,2,406.36456298828125,4.604247093200684,14.070037841796875,35.91264057159424
164,4,646.4981079101562,132.8712921142578,45.00177001953125,64.9276123046875
164,1,756.0027465820312,167.81309509277344,51.24542236328125,91.70240783691406
164,3,436.74993896484375,9.207657814025879,11.662872314453125,29.52438259124756
165,2,406.5391845703125,3.960052728652954,14.218353271484375,36.98661017417908
165,1,756.9380493164062,167.92515563964844,54.97955322265625,90.88877868652344
165,4,655.1520385742188,132.7574005126953,44.40478515625,65.5474853515625
165,3,437.0394592285156,8.808256149291992,11.648040771484375,29.700708389282227
166,4,663.5037841796875,132.76206970214844,44.793701171875,64.601318359375
166,1,758.9226684570312,167.65261840820312,54.65606689453125,91.55926513671875
166,2,407.20672607421875,4.350098609924316,13.665618896484375,36.38500118255615
166,3,437.5946960449219,8.917964935302734,11.61187744140625,29.114131927490234
167,2,407.70050048828125,4.471253395080566,13.979827880859375,36.37386989593506
167,1,762.4749755859375,167.16635131835938,53.35711669921875,92.1776123046875
167,4,672.2356567382812,134.1372528076172,43.33563232421875,63.88215637207031
167,3,438.24969482421875,8.58173942565918,11.4305419921875,29.07887077331543
168,2,408.5718994140625,5.613587856292725,13.869140625,36.04046106338501
168,1,769.5950317382812,166.60498046875,51.37786865234375,91.86822509765625
168,4,688.4824829101562,130.56826782226562,43.5789794921875,67.62321472167969
168,3,439.7818603515625,8.596161842346191,12.310302734375,30.002779960632324
169,2,408.90997314453125,5.30117654800415,13.718658447265625,35.685948848724365
169,1,775.6054077148438,167.1068115234375,46.09442138671875,91.04928588867188
169,4,696.4949340820312,135.4716033935547,41.42706298828125,62.81871032714844
169,3,440.2068786621094,9.105469703674316,12.568695068359375,29.338927268981934
170,1,781.9608764648438,166.46621704101562,41.80572509765625,91.5238037109375
170,4,704.469970703125,136.9488525390625,38.87255859375,62.36039733886719
170,2,409.5787048339844,5.563032150268555,13.714447021484375,35.91504096984863
170,3,441.0521545410156,9.839271545410156,12.349761962890625,29.35393524169922
171,4,711.7739868164062,136.1232452392578,37.515625,69.23414611816406
171,1,782.5828857421875,166.52828979492188,42.92877197265625,92.08477783203125
171,2,410.8944396972656,5.287470817565918,12.739166259765625,36.460015296936035
171,3,441.4550476074219,9.482769012451172,12.554718017578125,29.94249725341797
172,2,411.2025146484375,5.013130187988281,12.695068359375,36.853233337402344
172,4,720.9429931640625,135.7071533203125,38.8739013671875,67.81500244140625
172,1,781.5452270507812,167.0111846923828,45.119384765625,91.22398376464844
172,3,441.94378662109375,9.489885330200195,13.984222412109375,30.609296798706055
173,2,411.6083068847656,4.893965721130371,13.19598388671875,37.06860828399658
173,1,781.8451538085938,167.7611083984375,45.541259765625,90.42886352539062
173,4,727.8887329101562,134.8864288330078,39.27911376953125,70.9764404296875
173,3,442.3429870605469,10.033132553100586,14.926361083984375,30.466066360473633
174,2,411.97344970703125,5.357088565826416,13.359344482421875,36.91391897201538
174,1,784.2407836914062,168.14810180664062,45.73248291015625,90.3941650390625
174,4,735.8569946289062,135.65914916992188,39.789794921875,71.38528442382812
174,3,442.7817687988281,11.995147705078125,14.781951904296875,28.72970199584961
175,2,412.6629333496094,5.663660526275635,13.2774658203125,36.72751760482788
175,1,784.7592163085938,168.1443328857422,46.47064208984375,89.43992614746094
175,4,743.9036254882812,134.59634399414062,38.2166748046875,69.93460083007812
175,3,442.8890686035156,11.34897232055664,14.501708984375,29.177783966064453
176,2,413.0906677246094,5.686755657196045,12.96234130859375,36.743507862091064
176,4,751.4834594726562,134.92025756835938,40.3150634765625,71.78054809570312
176,1,785.194091796875,167.76022338867188,47.79833984375,89.63925170898438
176,3,443.2559814453125,9.110054969787598,14.77264404296875,31.437369346618652
177,2,413.5174560546875,6.355496883392334,12.644683837890625,36.267202854156494
177,4,758.552734375,137.01133728027344,41.74169921875,70.27862548828125
177,1,788.5909423828125,168.06939697265625,46.76123046875,89.27093505859375
177,3,443.8097839355469,10.516189575195312,14.4588623046875,30.291240692138672
178,2,413.9252624511719,6.260130882263184,12.473846435546875,36.32631778717041
178,4,767.1210327148438,137.1749267578125,41.5364990234375,68.0242919921875
178,1,792.770751953125,166.85267639160156,43.86895751953125,89.53062438964844
178,3,444.7088317871094,11.317058563232422,13.912139892578125,30.26087188720703
179,2,414.17791748046875,6.547511100769043,12.752197265625,35.94440937042236
179,4,774.4118041992188,137.67771911621094,38.9267578125,68.44053649902344
179,1,795.2520751953125,165.11610412597656,43.14154052734375,89.04837036132812
179,3,445.94281005859375,10.832009315490723,13.034271240234375,30.503844261169434
180,2,414.5206604003906,6.615501403808594,12.745513916015625,36.029720306396484
180,1,798.6480712890625,164.68263244628906,42.0992431640625,89.44384765625
180,4,781.5394897460938,137.00225830078125,32.1259765625,69.54438781738281
180,3,447.1231689453125,9.137882232666016,12.848785400390625,31.79029083251953
181,2,415.2286071777344,6.713048458099365,12.81915283203125,35.82080698013306
181,1,802.2796630859375,165.40078735351562,37.71331787109375,89.68266296386719
181,4,788.8195190429688,136.56834411621094,34.49822998046875,63.62660217285156
181,3,447.86578369140625,9.352960586547852,12.38421630859375,32.38253974914551
182,2,415.85028076171875,6.791627883911133,12.714263916015625,35.900686264038086
182,1,799.65380859375,164.37937927246094,42.9573974609375,88.97776794433594
182,4,794.091796875,138.21890258789062,37.24932861328125,57.08888244628906
182,3,449.02978515625,11.502903938293457,12.016021728515625,29.68247127532959
183,1,801.7804565429688,161.0791473388672,42.1011962890625,91.85096740722656
183,2,416.7780456542969,6.852520942687988,12.460693359375,35.719435691833496
183,4,802.59033203125,138.06336975097656,41.563232421875,47.713134765625
184,1,802.8579711914062,162.22244262695312,41.50262451171875,91.03536987304688
184,2,417.2083435058594,7.249820709228516,12.8890380859375,35.54484558105469
184,4,808.2244262695312,139.73880004882812,40.977783203125,40.40818786621094
185,1,802.6031494140625,162.19659423828125,44.6978759765625,90.77272033691406
185,2,417.3039855957031,7.2417426109313965,13.042083740234375,35.54968881607056
185,4,815.9776000976562,137.94749450683594,38.66131591796875,40.57563781738281
185,3,451.23077392578125,12.336652755737305,11.85064697265625,30.34532356262207
186,2,417.74383544921875,7.6139235496521,13.474029541015625,36.195520877838135
186,1,802.7296142578125,167.8157958984375,44.060302734375,84.6561279296875
186,4,824.0721435546875,139.35760498046875,31.4342041015625,39.061614990234375
186,3,452.040283203125,10.862918853759766,13.04168701171875,32.3856086730957
187,2,418.24053955078125,8.17882251739502,13.116546630859375,35.59621334075928
187,1,803.4231567382812,166.3306121826172,48.9564208984375,85.87237548828125
187,3,452.33172607421875,9.384000778198242,13.3812255859375,33.78101921081543
187,4,833.53759765625,141.78778076171875,22.32177734375,39.70167541503906
188,2,418.0039367675781,7.833261489868164,14.31549072265625,36.54971504211426
188,1,803.7822875976562,165.69784545898438,49.76409912109375,86.34304809570312
188,3,452.9530029296875,9.894182205200195,13.239654541015625,33.666913986206055
188,4,838.2796630859375,148.2384490966797,17.56842041015625,36.23960876464844
189,2,418.4508361816406,7.821543216705322,14.32000732421875,36.96343374252319
189,1,805.4401245117188,164.32894897460938,49.31524658203125,87.862548828125
189,3,453.18829345703125,10.513113975524902,13.4156494140625,32.98450183868408
190,2,418.5732421875,7.977593898773193,14.8199462890625,37.180288791656494
190,1,806.866943359375,163.3571319580078,48.39013671875,88.74005126953125
190,3,453.8039245605469,11.063779830932617,13.085784912109375,32.69546318054199
191,2,418.9677734375,7.841460704803467,14.80230712890625,37.52043962478638
191,1,810.2442626953125,164.6396026611328,45.23382568359375,86.55561828613281
191,3,454.6277770996094,11.266014099121094,12.758270263671875,32.4432258605957
192,2,419.3597412109375,8.921892166137695,15.063690185546875,36.5461483001709
192,1,819.40576171875,163.49002075195312,36.15234375,87.97503662109375
192,3,456.688232421875,11.893192291259766,11.83343505859375,31.721412658691406
193,2,420.2959289550781,8.709354400634766,14.212738037109375,36.75838851928711
193,1,826.153564453125,163.43626403808594,29.57781982421875,87.78340148925781
193,3,457.3261413574219,12.159936904907227,11.253570556640625,31.194257736206055
194,2,420.90631103515625,8.918709754943848,14.08465576171875,36.520941734313965
194,1,829.1956176757812,163.53982543945312,26.5216064453125,87.96554565429688
194,3,457.95733642578125,11.457514762878418,11.559356689453125,31.954129219055176
195,2,422.1033935546875,8.883764266967773,13.602447509765625,36.77163124084473
195,1,829.797119140625,163.59292602539062,25.97674560546875,87.8466796875
195,3,458.62396240234375,11.297439575195312,11.36260986328125,32.13007354736328
196,2,423.0536804199219,8.913995742797852,13.222900390625,36.22629737854004
196,1,830.347900390625,164.15646362304688,25.42669677734375,87.35890197753906
196,3,458.8617248535156,11.7832670211792,12.16656494140625,31.21085834503174
197,2,424.1233215332031,9.023564338684082,12.765350341796875,36.513400077819824
197,3,459.2920227050781,11.74399185180664,12.150970458984375,31.40221405029297
197,1,830.207275390625,168.47682189941406,25.5216064453125,83.16178894042969
198,2,424.94525146484375,9.05049991607666,12.475311279296875,36.75169277191162
198,3,460.08154296875,11.70974063873291,12.140838623046875,31.65079402923584
198,1,830.5471801757812,172.41212463378906,25.2064208984375,78.88075256347656
199,2,425.29339599609375,8.916894912719727,12.796051025390625,36.71233558654785
199,1,831.2462768554688,171.7807159423828,24.42572021484375,79.48945617675781
199,3,460.5833435058594,12.269521713256836,12.8902587890625,31.639211654663086
200,2,425.5629577636719,7.875207424163818,13.566497802734375,37.96660852432251
200,1,832.3274536132812,171.8975372314453,23.341552734375,79.70506286621094
200,3,460.984619140625,12.422080039978027,13.35150146484375,31.461186408996582
201,2,426.3157958984375,8.074713706970215,13.760955810546875,37.99113941192627
201,1,834.343994140625,172.93797302246094,21.29595947265625,78.02264404296875
202,2,426.9190673828125,8.593058586120605,13.90545654296875,37.63395023345947
202,1,838.2293090820312,174.0594482421875,17.49310302734375,75.99864196777344
202,3,461.5341491699219,12.73082447052002,13.978515625,31.78442668914795
203,2,427.2607116699219,9.477495193481445,13.680389404296875,36.824026107788086
203,3,461.7750549316406,13.16226863861084,14.5408935546875,31.68919849395752
203,1,840.02587890625,176.5664825439453,15.67041015625,71.40229797363281
204,2,427.5553283691406,8.97665786743164,14.447845458984375,37.571197509765625
204,1,843.6553955078125,175.6221160888672,12.01446533203125,72.10218811035156
204,3,462.1412658691406,13.249638557434082,14.380340576171875,31.714293479919434
205,2,427.627685546875,9.966976165771484,14.436737060546875,36.64314651489258
205,3,462.62628173828125,13.810480117797852,13.97454833984375,30.997037887573242
206,2,428.4337463378906,10.175189971923828,14.13983154296875,36.18494415283203
206,3,464.08111572265625,13.947078704833984,13.1343994140625,30.761810302734375
207,2,429.1311950683594,10.4966402053833,13.87322998046875,35.80818462371826
207,3,464.81427001953125,14.01116943359375,13.174346923828125,30.786056518554688
208,2,430.1391296386719,11.917495727539062,13.42529296875,34.36808776855469
208,3,465.9320983886719,13.75561809539795,12.68280029296875,31.22240924835205
209,2,431.5740661621094,11.210793495178223,12.775634765625,35.46180248260498
209,3,467.2425537109375,12.992368698120117,12.436309814453125,32.22823143005371
210,3,468.1844177246094,13.07021427154541,12.058990478515625,31.57353115081787
210,2,432.5113220214844,11.184663772583008,12.503387451171875,35.708505630493164
211,2,433.2398681640625,11.714166641235352,12.564117431640625,35.06949043273926
211,3,468.33062744140625,13.533319473266602,12.186981201171875,31.459714889526367
212,2,433.5630187988281,12.406728744506836,12.99908447265625,34.8215274810791
212,3,468.9249267578125,13.973057746887207,12.273681640625,31.925230979919434
213,2,433.58154296875,11.940583229064941,13.6995849609375,35.74426555633545
213,3,469.3622131347656,14.097433090209961,12.7628173828125,33.13669395446777
214,2,433.7510070800781,11.91479778289795,13.52032470703125,36.08186435699463
214,3,470.3344421386719,13.931050300598145,13.302001953125,33.63779354095459
215,3,470.9815368652344,14.478147506713867,13.390045166015625,32.756906509399414
215,2,434.1865539550781,11.973142623901367,13.869781494140625,36.104936599731445
216,2,434.5691223144531,11.573301315307617,14.32684326171875,36.91412162780762
216,3,471.6601867675781,14.979421615600586,13.53729248046875,32.40056800842285
217,2,435.4291076660156,11.645962715148926,14.227569580078125,37.064181327819824
217,3,471.81396484375,15.163983345031738,14.252349853515625,32.51357936859131
218,2,436.2603759765625,12.086457252502441,13.7022705078125,36.87669277191162
218,3,472.5213317871094,15.439757347106934,13.680816650390625,32.62382221221924
219,2,436.7494201660156,12.636688232421875,13.83050537109375,36.38105010986328
219,3,473.17864990234375,15.438157081604004,13.668975830078125,32.37999248504639
220,2,437.6932678222656,11.943367004394531,13.475738525390625,36.80486297607422
220,3,473.902099609375,15.411686897277832,12.94830322265625,31.718287467956543
221,2,438.0815124511719,12.585777282714844,14.0863037109375,36.37686538696289
221,3,474.1783142089844,15.224074363708496,12.610321044921875,31.868245124816895
222,3,474.6910705566406,15.008516311645508,12.539459228515625,32.158525466918945
222,2,439.3116455078125,11.392273902893066,13.17449951171875,37.48800182342529
223,2,440.4263610839844,11.41106128692627,12.31512451171875,37.28604793548584
223,3,475.55615234375,14.92604923248291,11.8983154296875,32.73143291473389
224,3,475.7746276855469,15.433924674987793,12.094085693359375,32.095032691955566
224,2,440.94268798828125,11.5264253616333,12.696533203125,37.84101390838623
225,3,475.96649169921875,15.757719993591309,12.18621826171875,32.354084968566895
225,2,441.5268249511719,11.060587882995605,12.729766845703125,38.646573066711426
226,3,476.28338623046875,15.962950706481934,12.44476318359375,32.53479480743408
226,2,442.2804260253906,11.710790634155273,13.13165283203125,38.3702335357666
227,2,442.8545837402344,11.282039642333984,13.9632568359375,39.275665283203125
227,3,476.62042236328125,15.632716178894043,12.72723388671875,33.28400897979736
228,2,443.2018127441406,11.69228458404541,14.034454345703125,38.58528423309326
228,3,477.09844970703125,15.247136116027832,12.679168701171875,34.1373815536499
229,3,477.1007080078125,15.243413925170898,13.012298583984375,34.18911933898926
229,2,443.3556213378906,11.740924835205078,14.37640380859375,38.87006378173828
230,2,443.8533020019531,11.694812774658203,13.88055419921875,39.103668212890625
230,3,476.7781677246094,15.834659576416016,13.830780029296875,34.12419128417969
231,3,477.0679626464844,15.491602897644043,14.483856201171875,34.495083808898926
231,2,444.12860107421875,12.33471965789795,14.0692138671875,38.50851917266846
232,3,477.45513916015625,15.77545166015625,14.191253662109375,34.470680236816406
232,2,444.5765686035156,11.70487117767334,14.269073486328125,39.20651340484619
232,1,823.5293579101562,184.52403259277344,32.1517333984375,84.36442565917969
233,1,814.1492919921875,181.84243774414062,41.32275390625,76.86557006835938
233,3,478.1087646484375,16.471923828125,14.207427978515625,33.98030090332031
233,2,445.1512451171875,11.346121788024902,14.059326171875,39.494561195373535
234,1,802.2642822265625,180.5988006591797,53.3848876953125,74.83943176269531
234,3,479.0285339355469,15.730043411254883,13.62310791015625,34.584638595581055
234,2,446.1010437011719,11.971839904785156,13.44366455078125,38.76206588745117
235,1,791.065185546875,180.17970275878906,61.2939453125,72.54624938964844
235,3,480.3660888671875,15.483858108520508,12.83270263671875,35.077157974243164
235,2,447.32440185546875,10.913970947265625,12.83441162109375,39.841575622558594
236,1,781.3626098632812,178.44679260253906,62.6551513671875,74.06149291992188
236,3,481.380126953125,16.34100341796875,12.544281005859375,34.0953483581543
236,2,448.2019958496094,10.926065444946289,13.06072998046875,39.65169334411621
237,1,769.285888671875,178.56924438476562,63.88818359375,78.31430053710938
237,2,448.1515808105469,11.68432903289795,13.6468505859375,39.73293399810791
237,3,481.9091796875,15.868303298950195,12.85491943359375,33.709543228149414
238,1,759.538818359375,177.16845703125,64.12591552734375,80.72964477539062
238,2,449.1263122558594,11.23012638092041,13.175567626953125,39.81319332122803
238,3,482.6515197753906,14.801636695861816,14.014617919921875,35.871588706970215
239,2,449.6655578613281,11.564178466796875,14.003326416015625,40.541717529296875
239,1,747.8603515625,176.90220642089844,64.79168701171875,80.93931579589844
239,3,483.3500671386719,15.723957061767578,14.04864501953125,35.850196838378906
240,2,450.39483642578125,12.467206001281738,14.93341064453125,40.188876152038574
240,1,724.4241943359375,175.17100524902344,67.2237548828125,85.54682922363281
240,3,484.1098937988281,15.4059419631958,13.311309814453125,37.46048641204834
241,1,714.1945190429688,174.009521484375,66.31353759765625,84.12908935546875
241,2,450.43890380859375,12.953758239746094,15.463623046875,39.921756744384766
241,3,484.5853271484375,15.13482666015625,13.428558349609375,38.16650390625
242,2,451.23516845703125,13.355283737182617,15.144775390625,39.62882041931152
242,1,703.5436401367188,173.6954803466797,66.379150390625,85.90669250488281
242,3,484.7735900878906,16.14211654663086,13.42364501953125,37.41149139404297
243,1,692.0099487304688,172.4450225830078,65.98370361328125,88.66883850097656
243,2,451.92425537109375,14.227960586547852,14.9334716796875,38.86226463317871
243,3,485.23175048828125,16.292634963989258,13.16314697265625,37.03447151184082
244,1,681.0701904296875,171.77198791503906,66.690185546875,90.81355285644531
244,2,452.69268798828125,14.123214721679688,14.59722900390625,38.975860595703125
244,3,485.8138427734375,15.709067344665527,12.9163818359375,37.155381202697754
245,1,669.4379272460938,170.9237823486328,67.3095703125,90.01368713378906
245,3,486.20880126953125,15.533991813659668,13.00738525390625,37.2997407913208
245,2,453.7865295410156,13.979314804077148,14.20361328125,39.32901573181152
246,1,658.6068725585938,170.6283416748047,67.4676513671875,87.93846130371094
246,3,486.57476806640625,16.01515769958496,13.0595703125,36.712026596069336
246,2,454.8089599609375,13.727222442626953,13.730377197265625,39.56669616699219
247,2,455.951171875,12.978296279907227,14.0401611328125,40.13743019104004
247,1,648.1651000976562,169.78912353515625,65.3026123046875,87.91549682617188
247,3,486.5326843261719,15.962690353393555,13.9090576171875,36.93937110900879
248,1,635.63330078125,168.6058349609375,67.23211669921875,87.7342529296875
248,2,456.8495178222656,13.281622886657715,13.420867919921875,39.68787479400635
248,3,487.2789306640625,16.443729400634766,13.868072509765625,37.032962799072266
249,1,623.9913940429688,167.74038696289062,66.6162109375,86.64753723144531
249,3,488.0777893066406,16.926057815551758,13.34136962890625,36.8507022857666
249,2,458.61712646484375,12.128650665283203,12.5181884765625,41.56630325317383
250,2,459.974365234375,13.037521362304688,12.333099365234375,40.311885833740234
250,1,613.1765747070312,167.4393310546875,65.460693359375,83.50987243652344
250,3,488.7779235839844,17.467832565307617,13.045501708984375,35.64194679260254
251,2,460.5212707519531,12.373429298400879,13.29571533203125,41.361212730407715
251,1,602.5951538085938,166.55584716796875,64.1856689453125,82.05767822265625
251,3,488.95684814453125,17.748376846313477,13.30914306640625,35.59329795837402
252,2,460.5682067871094,12.660089492797852,13.97198486328125,41.329885482788086
252,1,589.2033081054688,166.2300567626953,65.8583984375,81.04238891601562
252,3,489.10845947265625,18.246183395385742,12.8936767578125,35.13557243347168
253,2,460.47265625,13.6564359664917,15.11627197265625,40.979573249816895
253,1,577.9619750976562,165.44676208496094,67.12255859375,81.9979248046875
253,3,489.2876892089844,17.84418296813965,13.98046875,35.797414779663086
254,2,460.91217041015625,14.404026985168457,16.47613525390625,39.97951793670654
254,1,565.7694091796875,164.74131774902344,66.562255859375,82.91647338867188
254,3,489.69970703125,18.727783203125,13.8798828125,34.83155822753906
255,2,461.09735107421875,14.989575386047363,17.2266845703125,39.76639461517334
255,1,553.4171142578125,164.1691131591797,67.1395263671875,83.46710205078125
255,3,489.7009582519531,18.692241668701172,14.666473388671875,35.041568756103516
256,2,460.93505859375,15.155426979064941,18.307861328125,39.66195583343506
256,1,542.085693359375,162.43760681152344,65.98419189453125,83.4620361328125
256,3,489.8998107910156,20.029224395751953,14.913177490234375,34.04624557495117
257,2,461.3014831542969,15.08707332611084,19.05145263671875,39.777878761291504
257,1,529.9086303710938,162.04415893554688,67.2484130859375,76.41363525390625
257,3,489.7998962402344,18.70941925048828,15.995880126953125,35.86703872680664
258,2,462.52008056640625,15.445428848266602,18.210479736328125,39.429861068725586
258,1,517.3711547851562,161.32064819335938,66.257568359375,78.25039672851562
258,3,490.0780334472656,18.981861114501953,16.3197021484375,35.89228820800781
259,2,462.83453369140625,15.419532775878906,18.05560302734375,39.54307556152344
259,1,504.6239013671875,160.8745574951172,65.17364501953125,80.15301513671875
259,3,490.64501953125,19.148090362548828,16.472137451171875,36.242958068847656
260,2,464.43658447265625,15.417643547058105,16.74749755859375,39.47083759307861
260,1,492.9823913574219,160.64064025878906,65.77676391601562,80.45083618164062
260,3,490.42767333984375,20.73626136779785,17.5791015625,34.78714942932129
261,2,467.0032958984375,15.613747596740723,14.302520751953125,39.74424648284912
261,1,481.6771545410156,159.84005737304688,64.64596557617188,80.17942810058594
261,3,492.3985595703125,21.008594512939453,15.85015869140625,34.61945343017578
262,2,468.49169921875,15.565719604492188,12.94781494140625,39.63823699951172
262,1,469.2553405761719,159.85037231445312,64.24752807617188,81.85293579101562
262,3,494.2768859863281,20.667009353637695,15.195953369140625,34.967573165893555
263,2,469.53607177734375,15.274739265441895,13.07452392578125,39.86337184906006
263,1,458.3908386230469,158.9905242919922,63.508514404296875,85.05490112304688
263,3,494.4042053222656,20.38089942932129,15.09283447265625,35.203020095825195
264,1,435.2635803222656,157.2546844482422,63.6875,91.05320739746094
264,2,471.18707275390625,16.905641555786133,12.798248291015625,39.2438907623291
265,1,421.21673583984375,156.36839294433594,60.66644287109375,91.93521118164062
265,2,471.4617919921875,17.01406478881836,13.24462890625,39.18338394165039
265,3,496.28411865234375,19.90302848815918,14.13470458984375,36.651601791381836
266,2,471.3608703613281,17.429519653320312,14.651763916015625,39.31990051269531
266,1,410.0708923339844,155.95166015625,60.166595458984375,93.39210510253906
266,3,497.6566162109375,19.951364517211914,13.298980712890625,36.02810859680176
267,2,471.9004211425781,17.671436309814453,15.043304443359375,39.37006759643555
267,1,397.44207763671875,155.4344024658203,59.408203125,95.64974975585938
267,3,497.8061218261719,20.655881881713867,13.537200927734375,35.98333549499512
268,2,471.8414306640625,17.943845748901367,15.944061279296875,39.52681541442871
268,1,385.4610595703125,155.0429229736328,63.4710693359375,93.4459228515625
268,3,498.10894775390625,20.639537811279297,13.631256103515625,36.641082763671875
269,1,373.40167236328125,154.0608673095703,62.465911865234375,95.62362670898438
269,3,498.6683349609375,21.710939407348633,13.282928466796875,35.8122501373291
269,2,471.85870361328125,17.540130615234375,16.533782958984375,40.02118682861328
270,2,473.3182067871094,17.266891479492188,15.617095947265625,40.74551773071289
270,1,362.0166320800781,153.3657684326172,64.92303466796875,93.9232177734375
270,3,499.3946838378906,21.921871185302734,12.922088623046875,35.500423431396484
271,2,474.39276123046875,17.30003547668457,14.939849853515625,40.76644706726074
271,1,349.32598876953125,153.21229553222656,63.063812255859375,90.94865417480469
271,3,499.2969055175781,22.50136375427246,13.220672607421875,35.27716255187988
272,2,475.59222412109375,17.25092124938965,14.3955078125,40.956735610961914
272,1,338.07891845703125,152.69326782226562,62.83074951171875,86.85133361816406
272,3,499.8360595703125,22.326885223388672,13.1611328125,35.64619064331055
273,2,476.9311828613281,16.743412017822266,14.08441162109375,41.70920944213867
273,1,325.7499694824219,153.2184600830078,63.64324951171875,85.86882019042969
273,3,500.1790771484375,21.321063995361328,13.3360595703125,36.32447814941406
274,2,477.7774963378906,16.127243041992188,13.4090576171875,41.94556427001953
274,1,314.50457763671875,153.13360595703125,63.227447509765625,85.34341430664062
274,3,500.6269226074219,22.494972229003906,13.276885986328125,34.85319137573242
275,2,478.5235900878906,16.910919189453125,13.34881591796875,41.247249603271484
275,1,302.8412780761719,153.03111267089844,63.587554931640625,85.47225952148438
275,3,501.63397216796875,23.69430160522461,13.2393798828125,34.004093170166016
276,1,289.86346435546875,152.34500122070312,65.21353149414062,83.02778625488281
276,2,479.7156677246094,18.242780685424805,13.157196044921875,39.99043846130371
276,3,502.2964782714844,23.019947052001953,13.084075927734375,34.91289138793945
277,1,278.93798828125,152.50308227539062,64.22482299804688,80.89190673828125
277,3,502.834228515625,23.85389518737793,12.91741943359375,33.70800971984863
277,2,480.3724060058594,18.040056228637695,13.231414794921875,40.743452072143555
278,1,266.7813720703125,152.28208923339844,64.92910766601562,80.23934936523438
278,3,503.6551208496094,24.526884078979492,12.626434326171875,33.686330795288086
278,2,480.8609619140625,19.449125289916992,13.65869140625,39.13185691833496
279,2,480.68170166015625,18.736862182617188,15.454071044921875,40.14347839355469
279,1,255.8921661376953,152.14663696289062,64.56532287597656,79.70109558105469
279,3,503.84295654296875,23.89157485961914,12.88079833984375,34.61481857299805
280,2,481.17340087890625,18.226240158081055,15.630645751953125,40.93197059631348
280,3,504.2783203125,23.47920799255371,13.2093505859375,35.12801551818848
280,1,244.6605224609375,151.8859405517578,63.766845703125,79.41444396972656
281,2,481.6751403808594,17.665353775024414,15.258636474609375,41.71492958068848
281,3,504.7636413574219,22.835044860839844,13.816375732421875,35.87624740600586
281,1,233.69378662109375,151.68136596679688,62.739013671875,75.97361755371094
282,2,482.0576477050781,17.98940086364746,16.137664794921875,41.95295524597168
282,3,505.1842956542969,22.806777954101562,14.023162841796875,36.366886138916016
282,1,223.20941162109375,151.63345336914062,60.42840576171875,75.39846801757812
283,2,482.2847900390625,18.4968318939209,16.580535888671875,41.44540596008301
283,3,505.6192932128906,22.758808135986328,13.885772705078125,36.61891555786133
283,1,209.4275360107422,151.37014770507812,64.17527770996094,75.70231628417969
284,2,482.81890869140625,17.996248245239258,16.687255859375,42.068254470825195
284,3,505.7135009765625,21.79314613342285,14.0723876953125,37.85080528259277
284,1,204.81288146972656,151.40541076660156,56.48527526855469,77.35562133789062
285,3,505.6218566894531,23.257511138916016,14.908477783203125,36.68600845336914
285,1,190.24008178710938,147.06246948242188,60.475799560546875,81.30967712402344
285,2,484.1293640136719,18.228065490722656,15.855621337890625,41.68086242675781
286,3,506.43304443359375,22.723054885864258,14.5936279296875,37.58853340148926
286,1,180.762451171875,144.0187225341797,59.18287658691406,83.78436279296875
286,2,485.5383605957031,18.23774528503418,15.18353271484375,41.709726333618164
287,3,507.0636291503906,21.630582809448242,14.711700439453125,38.86282157897949
287,2,486.4783935546875,18.073469161987305,14.98858642578125,42.19415092468262
287,1,172.5843505859375,145.39285278320312,54.41925048828125,82.63005065917969
288,2,487.68218994140625,18.561643600463867,14.8006591796875,42.12284278869629
288,3,509.25421142578125,22.24755096435547,13.37176513671875,38.77664566040039
288,1,149.23193359375,149.67391967773438,58.80055236816406,84.1385498046875
289,2,488.2066345214844,18.94788932800293,14.653900146484375,41.8874454498291
289,3,509.9382019042969,22.322511672973633,13.022308349609375,38.266496658325195
289,1,134.6914825439453,150.85208129882812,60.582366943359375,84.76438903808594
290,2,488.8958435058594,19.90153694152832,14.109619140625,41.1934871673584
290,3,510.43084716796875,22.63019371032715,13.13482666015625,37.60703468322754
290,1,125.37016296386719,149.70977783203125,50.2642822265625,88.69294738769531
291,2,488.9159240722656,19.980798721313477,14.7861328125,41.82398796081543
291,3,511.14190673828125,22.858097076416016,13.08001708984375,37.015838623046875
291,1,116.66000366210938,149.93333435058594,52.70843505859375,89.79475402832031
292,2,490.02227783203125,20.229032516479492,14.57037353515625,41.72912788391113
292,3,511.4077453613281,21.92342758178711,14.095489501953125,39.151710510253906
292,1,105.89876556396484,149.7758026123047,55.95581817626953,89.44793701171875
293,2,490.7876892089844,20.169633865356445,15.836517333984375,42.22204399108887
293,3,512.8937377929688,24.978057861328125,13.83148193359375,37.075443267822266
293,1,96.1753921508789,148.97439575195312,57.595420837402344,87.84132385253906
294,2,490.8642883300781,20.945693969726562,15.9967041015625,41.88226318359375
294,3,513.3056640625,25.19919776916504,13.5792236328125,36.714704513549805
294,1,86.37440490722656,147.48944091796875,51.59690856933594,93.75689697265625
295,2,491.71917724609375,21.172687530517578,15.428924560546875,41.73738098144531
295,3,513.7215576171875,25.6593017578125,13.86700439453125,36.77482604980469
295,1,75.7073745727539,155.59271240234375,56.417518615722656,81.63394165039062
296,2,492.25775146484375,21.78752326965332,14.944580078125,41.30066108703613
296,3,514.1967163085938,26.76649284362793,13.9556884765625,35.95127296447754
296,1,67.4444580078125,147.93788146972656,54.73058319091797,84.73345947265625
297,2,492.5973205566406,21.915279388427734,15.3201904296875,40.91250991821289
297,3,514.0973510742188,27.17223358154297,14.1444091796875,34.678401947021484
297,1,57.22615051269531,148.46287536621094,54.26563262939453,85.3656005859375
298,2,493.31390380859375,21.524032592773438,15.21160888671875,41.657928466796875
298,1,47.77275085449219,147.96742248535156,54.02386474609375,87.22579956054688
298,3,514.6599731445312,26.84842300415039,14.00994873046875,35.55872344970703
299,2,493.77349853515625,21.20964813232422,15.249176025390625,42.31833267211914
299,3,515.0328369140625,26.1375789642334,14.09722900390625,36.325639724731445
299,1,40.7750244140625,147.9064483642578,51.361083984375,83.0269775390625
300,2,494.4330139160156,21.39177894592285,15.156280517578125,42.34980583190918
300,1,30.786243438720703,148.55902099609375,52.27994155883789,79.23475646972656
300,3,515.7359619140625,26.682016372680664,13.54376220703125,36.04323387145996
301,2,495.4088439941406,21.422637939453125,14.295684814453125,42.54167938232422
301,1,22.679386138916016,148.17938232421875,50.31925582885742,77.59095764160156
301,3,516.1763916015625,25.769041061401367,13.203125,37.21360969543457
302,2,495.6543884277344,21.645877838134766,14.81781005859375,42.89067459106445
302,3,516.561767578125,24.709775924682617,13.2105712890625,38.5063419342041
302,1,13.16855239868164,148.6221923828125,49.659568786621094,75.18975830078125
303,2,495.8439636230469,21.615713119506836,15.064666748046875,43.148698806762695
303,3,516.8816528320312,24.458189010620117,13.23248291015625,38.48461723327637
303,1,4.29229736328125,148.21458435058594,49.827884674072266,76.55609130859375
304,2,496.0296630859375,21.520729064941406,15.64569091796875,43.11481475830078
304,3,517.38037109375,24.897146224975586,13.25653076171875,37.47169303894043
304,1,0.0,149.12782287597656,44.911338806152344,73.49508666992188
305,2,496.2493591308594,22.798160552978516,16.011138916015625,41.86252975463867
305,3,517.6171264648438,26.434558868408203,13.3472900390625,36.94130325317383
305,1,0.1852414906024933,151.33010864257812,36.46387121081352,64.03068542480469
306,2,496.2718505859375,22.644332885742188,16.41827392578125,42.081298828125
306,3,518.0492553710938,26.686325073242188,13.584716796875,36.84056091308594
307,2,496.6756591796875,22.627458572387695,16.02679443359375,42.26267051696777
307,3,518.7135620117188,27.62900733947754,13.44805908203125,35.63102149963379
308,2,497.2922058105469,23.01055335998535,16.139190673828125,42.017324447631836
308,3,519.505859375,27.24193572998047,13.5836181640625,35.98824691772461
309,2,497.829345703125,23.948875427246094,16.37542724609375,41.150535583496094
309,3,519.8424072265625,27.958086013793945,13.98321533203125,35.294424057006836
310,2,498.97381591796875,25.064468383789062,15.89544677734375,40.09910583496094
310,3,519.9596557617188,28.055282592773438,14.291748046875,35.3048210144043
311,2,500.0414733886719,24.01325798034668,15.339202880859375,41.19235420227051
311,3,520.3047485351562,27.743907928466797,14.4619140625,35.555702209472656
312,2,502.1591491699219,24.1599178314209,14.548614501953125,41.46008491516113
312,3,522.1015625,28.11368179321289,14.77032470703125,37.033267974853516
313,2,502.531982421875,24.09244155883789,14.55029296875,41.8790397644043
313,3,522.9507446289062,27.845611572265625,14.73297119140625,37.275230407714844
314,2,502.9334716796875,24.40517234802246,14.77264404296875,41.962045669555664
314,3,524.1460571289062,27.323091506958008,13.764404296875,37.58611869812012
315,2,503.2864990234375,23.89459991455078,14.88079833984375,43.54527282714844
315,3,524.3380126953125,27.511592864990234,13.7786865234375,38.96702194213867
316,2,503.3642883300781,24.31058120727539,15.575286865234375,43.40687942504883
316,3,525.2946166992188,27.87448501586914,13.315673828125,37.48427200317383
317,2,503.6766357421875,24.55410385131836,15.33697509765625,43.0779914855957
317,3,526.0165405273438,28.043476104736328,13.02911376953125,36.27395248413086
318,2,504.0821838378906,24.853866577148438,15.731964111328125,43.17317199707031
318,3,526.3919677734375,27.28108024597168,13.6243896484375,40.384286880493164
319,2,504.7720031738281,25.650527954101562,15.230316162109375,42.71192932128906
319,3,526.8757934570312,28.1142578125,13.41485595703125,38.441062927246094
320,2,505.1062927246094,26.40445899963379,15.295135498046875,41.922468185424805
320,3,527.3081665039062,29.236684799194336,13.52740478515625,38.63054847717285
321,2,505.1813659667969,26.345216751098633,15.688323974609375,42.17425346374512
321,3,527.6513671875,29.516571044921875,13.7933349609375,38.41725158691406
322,2,506.05255126953125,26.908525466918945,15.7021484375,42.15450096130371
322,3,527.8212890625,29.840206146240234,14.42376708984375,38.92160415649414
323,2,507.6602783203125,26.589771270751953,14.0941162109375,42.865962982177734
323,3,527.7550659179688,29.52203941345215,14.9781494140625,39.007272720336914
324,2,508.1785583496094,27.209413528442383,13.596893310546875,42.50745964050293
324,3,528.5481567382812,29.856019973754883,15.1112060546875,37.9705867767334
325,2,508.44354248046875,27.19609832763672,14.07470703125,42.24104309082031
325,3,529.3826904296875,29.837987899780273,14.69036865234375,38.72892951965332
326,2,508.75286865234375,26.750986099243164,14.38238525390625,43.02530479431152
326,3,529.4180908203125,29.67646026611328,15.38128662109375,38.82945251464844
327,2,509.3605041503906,26.938570022583008,14.023284912109375,42.8391170501709
327,3,530.76318359375,29.54153060913086,14.47491455078125,39.20779037475586
328,2,509.6036071777344,26.919879913330078,14.572235107421875,43.419071197509766
328,3,531.7769165039062,29.060152053833008,14.0633544921875,39.989797592163086
329,2,510.0168151855469,26.909299850463867,14.490264892578125,43.711740493774414
329,3,532.2392578125,29.166627883911133,14.3038330078125,40.39303398132324
330,2,510.1439514160156,27.479753494262695,15.234649658203125,43.518110275268555
330,3,532.9854736328125,28.25535774230957,14.1109619140625,41.61236381530762
331,2,510.4588317871094,27.865280151367188,15.255218505859375,43.27925109863281
331,3,533.5435791015625,28.568016052246094,13.898681640625,40.448974609375
332,2,510.7733459472656,28.14647102355957,15.569366455078125,43.39364433288574
332,3,533.6312866210938,28.673559188842773,14.39208984375,41.36651039123535
333,2,511.29931640625,28.731454849243164,15.507080078125,42.740530014038086
333,3,534.2576293945312,28.58860206604004,14.2137451171875,40.913862228393555
334,2,511.622314453125,28.691068649291992,15.8497314453125,42.88138008117676
334,3,535.1807250976562,29.866605758666992,13.87420654296875,39.60556983947754
335,2,511.96295166015625,29.052871704101562,15.993408203125,42.3739013671875
335,3,536.2744140625,29.982786178588867,13.684814453125,40.34946632385254
336,2,514.02099609375,28.811983108520508,15.38616943359375,42.902700424194336
336,3,536.6721801757812,31.151275634765625,14.38568115234375,39.673431396484375
337,2,515.111572265625,28.525829315185547,14.75152587890625,43.40009689331055
337,3,537.2865600585938,31.895153045654297,14.55426025390625,38.83198928833008
338,2,515.7311401367188,28.696521759033203,15.06256103515625,43.4553337097168
338,3,536.4332275390625,31.97587013244629,15.90155029296875,38.967336654663086
339,2,515.9982299804688,29.03205680847168,15.372314453125,43.630510330200195
339,3,537.4346923828125,31.99711799621582,15.71142578125,39.76059532165527
340,2,516.55126953125,28.75641441345215,15.5684814453125,44.386980056762695
340,3,538.2982788085938,31.827608108520508,15.392578125,40.04518699645996
341,2,517.2534790039062,29.1699275970459,15.48291015625,45.02966499328613
341,3,540.4949951171875,31.429603576660156,13.9638671875,40.50080871582031
342,2,517.3290405273438,29.82555389404297,15.86395263671875,44.98345184326172
342,3,541.2296752929688,31.49634552001953,13.5169677734375,41.023223876953125
343,2,517.6708374023438,30.027849197387695,16.22589111328125,44.871931076049805
343,3,541.4381103515625,31.305723190307617,14.0247802734375,41.227853775024414
344,2,517.9496459960938,30.2580509185791,16.74188232421875,44.80285453796387
344,3,542.0403442382812,31.30594825744629,14.27587890625,40.42850303649902
345,2,518.4976806640625,30.782018661499023,16.8095703125,44.43737983703613
345,3,542.6202392578125,31.232969284057617,15.33343505859375,42.80520057678223
346,2,518.9729614257812,31.15553855895996,16.614013671875,44.31540870666504
346,3,543.2153930664062,32.41014099121094,16.7830810546875,42.1722412109375
347,2,519.9420166015625,31.080324172973633,16.39501953125,44.272756576538086
347,3,543.4342651367188,33.30909729003906,17.472900390625,40.05967712402344
348,2,521.400146484375,31.063234329223633,15.32086181640625,44.16631889343262
348,3,544.1422729492188,33.85689926147461,17.18310546875,40.3927116394043
349,2,522.180908203125,30.915983200073242,15.22930908203125,44.6901798248291
349,3,544.9257202148438,33.725982666015625,16.95184326171875,43.299171447753906
350,2,522.5513916015625,30.42233657836914,15.1209716796875,45.01228713989258
350,3,545.587646484375,33.823360443115234,16.8900146484375,43.538448333740234
351,2,523.344482421875,30.371469497680664,14.90716552734375,45.23073387145996
351,3,546.5635986328125,34.54479217529297,15.9776611328125,43.629981994628906
352,2,524.0480346679688,30.785888671875,14.54693603515625,45.61375427246094
352,3,547.1929931640625,34.66920471191406,15.15301513671875,43.497596740722656
353,2,524.31396484375,31.23611831665039,15.09051513671875,45.4819221496582
353,3,548.159423828125,34.69440841674805,14.54437255859375,43.43532180786133
354,2,524.7047729492188,31.82967758178711,15.6922607421875,45.02128219604492
354,3,548.0557861328125,34.505897521972656,14.6708984375,44.01983642578125
355,2,525.66650390625,32.31800842285156,15.600341796875,44.761558532714844
355,3,548.3359985351562,34.86677932739258,14.79095458984375,43.15398025512695
356,2,525.9435424804688,32.80315017700195,15.97589111328125,44.44778823852539
356,3,548.5406494140625,34.54841995239258,14.74932861328125,43.63911056518555
357,2,526.3928833007812,33.29350280761719,16.87628173828125,44.36944580078125
357,3,549.2664184570312,35.152713775634766,14.34954833984375,43.157413482666016
358,2,526.2523803710938,33.48688888549805,18.00335693359375,44.5351676940918
358,3,549.3401489257812,34.770225524902344,14.82220458984375,44.44407653808594
359,2,527.009765625,33.05770492553711,17.66522216796875,45.15621566772461
359,3,549.9200439453125,35.083805084228516,14.69842529296875,43.28652572631836
360,2,528.9796142578125,32.578060150146484,16.84759521484375,45.91994094848633
360,3,551.5436401367188,35.373680114746094,14.14849853515625,42.74897766113281
361,2,529.9168090820312,32.0765495300293,16.39056396484375,46.43513107299805
361,3,551.8511352539062,35.32904815673828,14.32135009765625,42.863372802734375
362,2,531.7535400390625,31.277103424072266,15.50885009765625,47.632328033447266
362,3,551.9725952148438,36.48358917236328,14.5916748046875,42.11613464355469
363,2,532.7099609375,31.19486427307129,15.5001220703125,48.06754112243652
363,3,552.1463623046875,36.18423843383789,14.84521484375,42.68326950073242
364,2,533.1659545898438,31.680158615112305,16.10443115234375,47.615190505981445
364,3,552.4847412109375,36.88669204711914,15.22991943359375,41.85422134399414
365,2,534.3833618164062,32.49497985839844,15.48614501953125,47.22160339355469
365,3,552.699951171875,35.912315368652344,15.6778564453125,43.353126525878906
366,2,534.9998779296875,32.87971115112305,15.8006591796875,46.80850601196289
366,3,554.2526245117188,36.31795120239258,15.44732666015625,41.507686614990234
367,2,535.4454956054688,34.32763671875,16.00128173828125,45.88001251220703
367,3,554.250244140625,36.38226318359375,16.12567138671875,41.60175323486328
368,2,535.7346801757812,34.74148941040039,17.64764404296875,46.14651870727539
368,3,554.818359375,37.69709396362305,15.8236083984375,40.129756927490234
369,2,536.3309326171875,35.95258712768555,17.74163818359375,45.2507209777832
369,3,555.1284790039062,36.89887237548828,15.79339599609375,41.75006866455078
370,2,536.485595703125,35.19391632080078,18.58642578125,46.454933166503906
370,3,555.93701171875,37.166561126708984,15.788330078125,40.744136810302734
371,2,537.1366577148438,35.2525520324707,18.44189453125,46.41865921020508
371,3,556.7547607421875,37.72929382324219,15.65325927734375,38.647705078125
372,2,537.98779296875,36.25472640991211,17.7679443359375,45.21872329711914
372,3,557.2822875976562,38.64619827270508,15.851806640625,40.171993255615234
373,2,539.2034912109375,35.58827209472656,17.23638916015625,46.573463439941406
373,3,557.5496826171875,38.1552619934082,16.84564208984375,42.20637130737305
374,2,540.04931640625,34.82848358154297,16.73248291015625,47.436119079589844
374,3,558.3012084960938,38.85483169555664,17.62811279296875,41.992191314697266
375,2,540.9984741210938,34.320743560791016,16.3486328125,47.6099739074707
375,3,558.823486328125,39.308773040771484,17.53082275390625,41.63142013549805
376,3,560.6026000976562,40.490028381347656,15.61590576171875,40.985267639160156
376,2,541.5167846679688,35.400535583496094,15.90191650390625,46.502525329589844
377,2,542.5950927734375,35.32406234741211,15.2216796875,47.159420013427734
377,3,560.8751220703125,41.49121856689453,15.493408203125,40.70989227294922
378,2,542.9340209960938,35.52384948730469,15.43890380859375,47.627357482910156
378,3,561.4406127929688,41.63576126098633,15.49542236328125,41.38144302368164
379,2,543.8834228515625,37.24403762817383,15.70233154296875,46.346797943115234
379,3,562.2996215820312,41.01719665527344,14.968505859375,41.71626281738281
380,2,544.2978515625,38.820674896240234,16.14862060546875,44.62726974487305
380,3,562.7420043945312,41.6897087097168,14.77764892578125,40.89335250854492
381,2,544.355224609375,38.50913619995117,16.471923828125,45.02433395385742
381,3,562.9220581054688,40.2362174987793,15.12310791015625,42.82844161987305
382,2,544.8847045898438,39.275508880615234,17.8350830078125,44.74612808227539
382,3,563.8793334960938,40.3939208984375,14.466552734375,42.484153747558594
383,2,544.6793212890625,40.06585693359375,18.5703125,44.622169494628906
383,3,563.9051513671875,39.80378723144531,14.69970703125,44.46668243408203
384,3,564.4702758789062,39.45958709716797,15.7896728515625,45.81712341308594
384,2,546.6141357421875,40.5732307434082,16.9736328125,44.374454498291016
385,2,547.8270263671875,40.292964935302734,16.44476318359375,45.16880416870117
385,3,565.2426147460938,40.7433967590332,15.04376220703125,44.102909088134766
386,2,549.1699829101562,39.14915466308594,16.01947021484375,46.130210876464844
386,3,565.7311401367188,41.68967056274414,15.04718017578125,43.15394973754883
387,2,549.609130859375,38.46376419067383,16.51470947265625,47.31608963012695
387,3,565.8094482421875,43.31230926513672,15.5035400390625,41.72344207763672
388,2,550.59423828125,38.18638610839844,16.60357666015625,47.800201416015625
388,3,566.50830078125,42.76902389526367,15.4239501953125,42.75831985473633
389,2,551.6876831054688,37.203086853027344,16.71533203125,49.05531311035156
389,3,567.7597045898438,42.851585388183594,15.095947265625,42.615875244140625
390,2,552.12939453125,37.60233688354492,17.06561279296875,48.87204360961914
390,3,568.3450317382812,43.579307556152344,15.3265380859375,41.97925567626953
391,2,552.6622924804688,37.89374542236328,16.9921875,48.93970489501953
391,3,568.773193359375,43.481109619140625,15.565673828125,42.935813903808594
392,2,553.1295776367188,38.103233337402344,17.6888427734375,49.148155212402344
392,3,568.670166015625,42.875972747802734,16.30352783203125,43.8989372253418
393,2,553.7025146484375,38.886077880859375,17.70703125,48.319190979003906
393,3,568.4393920898438,42.419490814208984,16.97113037109375,45.03055953979492
394,2,554.24462890625,39.009803771972656,17.23797607421875,48.840614318847656
394,3,569.2815551757812,42.33720016479492,16.51800537109375,45.39736557006836
395,2,554.9706420898438,39.3057861328125,17.45623779296875,48.953369140625
395,3,571.1383666992188,42.00434875488281,15.41888427734375,45.43596649169922
396,2,555.8798828125,39.971553802490234,17.0260009765625,48.6508903503418
396,3,572.18115234375,42.878814697265625,15.03729248046875,44.68311309814453
397,2,560.8086547851562,40.845394134521484,16.99725341796875,47.77750015258789
397,3,572.5930786132812,43.195613861083984,15.50390625,44.23005294799805
398,2,556.9492797851562,41.516334533691406,15.904296875,47.663818359375
398,3,572.6226196289062,43.15333938598633,15.60980224609375,43.32394027709961
399,2,558.1160278320312,40.90531539916992,15.970458984375,48.35929489135742
399,3,572.9745483398438,44.21486282348633,16.56463623046875,44.89974594116211
400,2,558.5452270507812,41.60988235473633,16.218505859375,48.18740463256836
400,3,573.7261352539062,44.65919876098633,16.91064453125,45.54472732543945
401,2,559.1676635742188,41.54909896850586,16.722900390625,48.34530258178711
401,3,574.2100219726562,45.029197692871094,17.56884765625,45.595924377441406
402,2,560.1077880859375,41.274932861328125,16.68426513671875,48.94078826904297
402,3,575.1355590820312,45.20838165283203,17.08935546875,44.131568908691406
403,2,561.0193481445312,40.70829391479492,16.7706298828125,49.941951751708984
403,3,576.2622680664062,45.49441146850586,17.030517578125,43.9870719909668
404,2,561.47021484375,41.532936096191406,16.662353515625,49.70679473876953
404,3,576.9111938476562,46.55854797363281,16.53497314453125,44.288856506347656
405,2,561.6461791992188,41.78156661987305,16.36810302734375,50.18899154663086
405,3,577.5955810546875,45.72449493408203,16.00244140625,46.03428649902344
406,2,561.6910400390625,42.015384674072266,16.67279052734375,50.124515533447266
406,3,578.612548828125,46.064762115478516,15.7474365234375,45.669986724853516
407,2,562.6741943359375,42.950599670410156,16.23187255859375,49.30149841308594
407,3,579.2061157226562,45.958580017089844,15.9490966796875,45.6021728515625
408,2,563.6324462890625,42.89047622680664,16.8114013671875,50.0276985168457
408,3,580.97265625,44.95556640625,16.38055419921875,47.01548767089844
409,2,564.1026000976562,43.49136734008789,17.60205078125,49.299617767333984
409,3,581.4335327148438,44.83083724975586,16.23114013671875,47.75883102416992
410,2,563.9450073242188,44.15119171142578,17.77142333984375,49.082618713378906
410,3,581.7418212890625,45.459136962890625,16.307861328125,47.792327880859375
411,2,564.19921875,44.28125,18.2296142578125,49.01002502441406
411,3,583.1170654296875,45.60028076171875,15.46197509765625,46.63794708251953
412,2,565.4633178710938,44.31878662109375,17.8367919921875,49.48448944091797
412,3,583.7581176757812,45.83726501464844,15.11932373046875,46.0130615234375
413,2,567.0028076171875,44.40645980834961,16.8360595703125,49.30784225463867
413,3,584.2552490234375,46.317317962646484,15.39947509765625,46.92983627319336
414,2,568.0514526367188,44.275489807128906,16.479736328125,49.68983459472656
414,3,584.5999755859375,46.58940505981445,15.7750244140625,46.57188034057617
415,2,569.1151733398438,44.79341506958008,16.2242431640625,49.23502731323242
415,3,585.5415649414062,46.560733795166016,16.0252685546875,46.57870101928711
416,2,569.8236694335938,44.69664001464844,16.5853271484375,49.740142822265625
416,3,585.593994140625,46.39493942260742,16.5771484375,47.163578033447266
417,2,569.8585815429688,44.74946975708008,17.70440673828125,50.69411087036133
417,3,586.3290405273438,46.9732666015625,15.87335205078125,47.847320556640625
418,2,570.391357421875,45.254112243652344,17.65264892578125,51.07251739501953
418,3,586.737548828125,47.39833450317383,16.485595703125,47.82217788696289
419,2,570.8429565429688,44.95188903808594,17.751953125,52.16093444824219
419,3,586.8274536132812,47.962867736816406,17.6978759765625,48.30870819091797
420,2,571.7255859375,46.263946533203125,17.22052001953125,51.07501983642578
420,3,587.582275390625,48.52531814575195,17.3363037109375,47.67274856567383
421,2,572.08251953125,46.52859878540039,17.4312744140625,50.71261215209961
421,3,588.81689453125,48.726566314697266,16.89715576171875,47.322452545166016
422,2,572.1634521484375,46.94597625732422,17.12408447265625,50.678070068359375
422,3,589.7139282226562,48.48344802856445,16.8319091796875,47.473079681396484
423,2,572.8206787109375,47.011375427246094,16.38714599609375,50.818695068359375
423,3,590.762939453125,48.08910369873047,16.48883056640625,48.111595153808594
424,2,573.2975463867188,47.5429573059082,16.25469970703125,50.988773345947266
424,3,591.5086059570312,48.21660614013672,16.45343017578125,48.798980712890625
425,2,573.51318359375,47.32792282104492,16.4852294921875,51.6674690246582
425,3,593.4501953125,48.55231857299805,15.3291015625,46.60660171508789
426,2,573.7932739257812,47.07367706298828,16.76336669921875,51.42376708984375
426,3,594.3334350585938,48.83647918701172,15.1400146484375,49.21943664550781
427,2,574.2243041992188,46.918373107910156,17.660400390625,51.39811706542969
427,3,595.3287353515625,49.82858657836914,14.5042724609375,47.89982223510742
428,2,575.180908203125,47.368858337402344,17.7138671875,51.56547546386719
428,3,595.4713745117188,50.23929977416992,15.49774169921875,48.816524505615234
429,2,575.8140869140625,47.08889389038086,17.8580322265625,51.7626838684082
429,3,596.1254272460938,50.22555160522461,17.9498291015625,49.0200309753418
430,2,576.6177978515625,47.383487701416016,17.504150390625,52.473506927490234
430,3,596.3483276367188,50.73027801513672,21.016845703125,50.08564758300781
431,2,576.6885986328125,49.073883056640625,17.21221923828125,51.332313537597656
431,3,598.3013305664062,51.52003860473633,19.14874267578125,50.01375961303711
432,2,577.9466552734375,50.05480194091797,17.08282470703125,50.82209777832031
432,3,600.1541748046875,52.22808837890625,16.14739990234375,48.90338897705078
