0,1,838.28759765625,70.23727416992188,17.45721435546875,52.57353210449219
1,1,839.5931396484375,77.1746826171875,16.14501953125,45.589759826660156
78,1,839.1898803710938,90.37537384033203,16.593505859375,46.76819610595703
79,1,835.5283813476562,67.4610366821289,20.1785888671875,70.40082550048828
80,1,831.5588989257812,59.412353515625,24.2445068359375,79.27091979980469
81,1,828.2550048828125,58.29380416870117,27.4718017578125,80.35071182250977
82,1,822.29052734375,59.3487663269043,33.15179443359375,79.55481338500977
83,1,820.143798828125,59.755943298339844,33.38232421875,78.31743621826172
84,1,816.527587890625,59.45554733276367,31.7791748046875,78.98678970336914
85,1,813.2247314453125,59.262386322021484,31.84808349609375,79.5130500793457
86,1,809.4969482421875,59.24991226196289,31.6949462890625,78.9731559753418
87,1,804.6649169921875,60.20243453979492,32.06390380859375,80.39900588989258
88,1,801.1780395507812,59.20615005493164,29.95220947265625,80.4317741394043
89,1,795.5568237304688,59.73441696166992,30.710205078125,80.91701126098633
90,1,791.9686889648438,60.09590148925781,30.18634033203125,80.33901977539062
91,1,788.248779296875,60.555747985839844,30.2940673828125,79.45037078857422
92,1,783.2844848632812,60.119327545166016,30.5745849609375,81.48832321166992
93,1,779.0638427734375,60.6544075012207,30.686279296875,80.91059494018555
94,1,773.6764526367188,60.25949478149414,31.60528564453125,82.82430648803711
95,1,769.4282836914062,59.8984260559082,30.77197265625,83.2734489440918
96,1,760.248046875,61.65966033935547,31.37725830078125,81.58695220947266
97,1,755.040283203125,61.6254997253418,32.05328369140625,81.90393447875977
98,1,751.0346069335938,62.33287048339844,32.4703369140625,82.30535888671875
99,1,746.450439453125,61.684722900390625,31.2330322265625,83.10073852539062
100,1,741.8677978515625,61.975337982177734,31.368408203125,82.90752029418945
101,1,737.3584594726562,62.548397064208984,31.29754638671875,82.85481643676758
102,1,732.4944458007812,62.66952133178711,31.2498779296875,83.23617935180664
103,1,728.689697265625,62.91606521606445,30.72955322265625,84.43377304077148
104,1,723.2672729492188,64.67235565185547,31.6890869140625,82.1281509399414
105,1,719.2555541992188,64.83509826660156,31.5682373046875,83.92649841308594
106,1,714.712646484375,64.44908142089844,30.958251953125,84.59782409667969
107,1,709.8931274414062,65.2811508178711,30.857666015625,84.86811065673828
108,1,704.9282836914062,64.85671997070312,30.88360595703125,86.00593566894531
109,1,700.8342895507812,64.83731842041016,30.56170654296875,85.43231964111328
110,1,696.289306640625,65.23566436767578,30.56201171875,85.59636688232422
111,1,691.89794921875,65.50833129882812,30.45440673828125,86.51359558105469
111,2,0.0,256.1563415527344,23.50187110900879,28.542755126953125
112,1,686.8850708007812,65.63212585449219,30.631103515625,86.84439086914062
112,2,0.0,251.85865783691406,26.716032028198242,32.08717346191406
113,1,682.455078125,65.12865447998047,31.153564453125,89.78177642822266
113,2,0.0,229.04360961914062,29.073259353637695,54.12420654296875
114,1,677.2559814453125,66.39029693603516,31.92486572265625,88.20719146728516
114,2,0.0,228.09242248535156,31.92092514038086,55.19767761230469
115,1,673.0399169921875,66.16643524169922,33.85955810546875,89.00135040283203
115,2,0.0,228.16494750976562,32.08189010620117,54.877105712890625
116,1,667.4784545898438,66.41424560546875,35.03668212890625,88.40034484863281
116,2,0.049298327416181564,215.81495666503906,31.692526776343584,66.84226989746094
117,1,662.6371459960938,66.94879913330078,33.044677734375,89.87683868408203
117,2,0.0,214.27120971679688,31.965862274169922,67.83621215820312
118,1,657.29736328125,67.81880187988281,32.4326171875,88.81376647949219
118,2,0.0,186.2544403076172,32.82228088378906,97.46595764160156
119,1,651.6907958984375,67.93585205078125,33.1702880859375,90.052001953125
119,2,0.0,183.95082092285156,33.28548049926758,103.58866882324219
120,1,640.2898559570312,68.78009796142578,33.8916015625,92.05274200439453
120,2,0.05617348477244377,163.9143829345703,31.462192375212908,124.45561218261719
121,1,634.8475952148438,69.8625259399414,34.44342041015625,90.5719985961914
121,2,0.06645943224430084,163.96763610839844,38.88650153577328,125.51573181152344
122,1,628.8759155273438,69.91877746582031,35.34710693359375,91.17823791503906
122,2,0.6970236301422119,163.51431274414062,50.412172079086304,125.48617553710938
123,1,624.2178955078125,70.63121032714844,35.57122802734375,91.46855163574219
123,2,0.24154381453990936,163.1378936767578,61.295195534825325,124.89735412597656
124,1,618.578369140625,71.34746551513672,36.094482421875,91.15172576904297
124,2,0.10696163773536682,163.557373046875,70.30900821089745,122.5712890625
125,1,613.3079223632812,71.40797424316406,37.15753173828125,92.67539978027344
125,2,0.18524660170078278,163.78419494628906,74.80287443101406,120.91835021972656
126,1,608.1671752929688,72.03076171875,36.9981689453125,92.74781799316406
126,2,0.12250791490077972,164.37789916992188,78.08366884291172,120.17941284179688
127,1,602.7539672851562,72.33628845214844,37.2344970703125,93.68840026855469
127,2,4.825001239776611,163.91943359375,74.68318510055542,120.83636474609375
128,1,597.385986328125,73.24974060058594,36.81268310546875,92.62393188476562
128,2,8.1494140625,163.69004821777344,72.29802703857422,121.05372619628906
129,1,592.1840209960938,73.20968627929688,36.41168212890625,94.16966247558594
129,2,13.950490951538086,163.0092315673828,67.18643379211426,121.29188537597656
129,3,0.20825478434562683,156.17642211914062,37.92544272542,122.14007568359375
130,1,587.5193481445312,74.5793228149414,36.1866455078125,93.2308578491211
130,2,17.401193618774414,161.66616821289062,63.68234062194824,122.2330322265625
130,3,0.0,153.97970581054688,37.950706481933594,123.61416625976562
131,1,581.707275390625,74.4092788696289,36.48687744140625,95.7397232055664
131,2,22.7003173828125,161.65069580078125,58.50849914550781,123.40582275390625
131,3,0.08109115064144135,155.52076721191406,40.43676544725895,119.74317932128906
132,1,577.5530395507812,75.3777084350586,35.94122314453125,96.3863296508789
132,2,27.1705379486084,161.5607147216797,51.70077705383301,123.01927185058594
132,3,0.23430639505386353,154.6637725830078,42.437343537807465,116.75242614746094
133,1,570.7359619140625,76.08367156982422,36.9404296875,97.2048568725586
133,2,28.630081176757812,160.08154296875,52.13921356201172,125.32733154296875
133,3,0.0,152.79881286621094,47.25907516479492,119.01713562011719
134,1,567.7473754882812,76.65106964111328,34.37115478515625,95.7606430053711
134,2,32.43396759033203,159.45721435546875,53.006629943847656,125.68719482421875
134,3,0.1945248693227768,152.67559814453125,42.37378491461277,117.33734130859375
135,1,559.7711181640625,77.34092712402344,37.4625244140625,95.91885375976562
135,2,36.215049743652344,159.16970825195312,60.8734130859375,126.46340942382812
135,3,0.2612024247646332,151.2374267578125,47.98964062333107,120.74554443359375
136,1,557.4524536132812,77.37501525878906,34.26910400390625,96.67453002929688
136,3,0.9565857648849487,150.44590759277344,50.959689259529114,120.78233337402344
136,2,41.004798889160156,159.62777709960938,67.62264251708984,125.25775146484375
137,1,548.8289184570312,78.27361297607422,37.7490234375,96.32494354248047
137,3,0.8244321942329407,151.36199951171875,58.212307155132294,118.36279296875
137,2,44.21316909790039,159.5298309326172,72.8079948425293,125.35127258300781
138,1,542.6408081054688,78.66168212890625,38.48846435546875,98.70500183105469
138,2,50.221168518066406,159.60826110839844,71.65425872802734,125.21968078613281
138,3,4.690528392791748,152.1072540283203,56.79980134963989,117.32612609863281
139,1,536.8861694335938,78.72547912597656,38.4144287109375,98.09849548339844
139,3,8.65557861328125,151.64535522460938,57.767578125,116.90194702148438
139,2,53.8939094543457,159.17916870117188,70.95187759399414,124.87973022460938
140,1,531.3132934570312,79.49079895019531,38.83746337890625,99.11689758300781
140,3,11.158202171325684,151.80332946777344,60.83376407623291,116.87809753417969
140,2,57.01760482788086,158.08995056152344,69.57226943969727,125.69169616699219
141,1,524.4928588867188,80.58882141113281,39.8721923828125,97.66128540039062
141,3,15.462549209594727,152.18775939941406,61.81768608093262,116.06837463378906
141,2,57.94083023071289,157.5419158935547,69.11287307739258,125.76939392089844
142,1,519.733154296875,80.74585723876953,39.27606201171875,98.76238250732422
142,3,20.269275665283203,151.11778259277344,63.05367660522461,116.60890197753906
142,2,61.29768371582031,156.76206970214844,65.5264663696289,126.11293029785156
143,1,514.3388061523438,81.54025268554688,39.1588134765625,99.99343872070312
143,3,24.95308494567871,151.32752990722656,55.67367744445801,119.63053894042969
143,2,68.8918685913086,157.7699737548828,57.68928527832031,125.58695983886719
144,1,502.5766906738281,82.67829895019531,40.206451416015625,100.40708923339844
144,2,73.84408569335938,155.6510772705078,54.13616180419922,124.87837219238281
144,3,32.321136474609375,150.57969665527344,54.84779357910156,117.41685485839844
145,1,494.7837219238281,82.50753021240234,42.444000244140625,101.2234878540039
145,2,78.7894515991211,154.839111328125,49.278587341308594,127.72109985351562
145,3,35.0330924987793,148.62754821777344,55.06349563598633,119.14045715332031
146,1,489.9619140625,83.75701904296875,41.60443115234375,99.8856201171875
146,3,39.43383026123047,147.11013793945312,49.99683380126953,117.83392333984375
146,2,81.75242614746094,154.83074951171875,45.16764831542969,125.765380859375
147,1,483.64227294921875,83.81663513183594,41.46588134765625,99.64268493652344
147,3,43.9353141784668,146.6349639892578,50.48911666870117,120.04502868652344
147,2,84.06907653808594,154.202880859375,45.77557373046875,132.8702392578125
148,1,479.4310607910156,85.3145751953125,39.973419189453125,99.59852600097656
148,3,46.91578674316406,145.3103485107422,52.170814514160156,120.98759460449219
148,2,87.40654754638672,154.07212829589844,51.180809020996094,131.99119567871094
149,1,472.840576171875,85.01473236083984,41.04071044921875,100.12574005126953
149,3,50.85634994506836,145.44593811035156,56.82754135131836,121.16676330566406
149,2,93.58618927001953,154.69821166992188,55.42682647705078,132.19760131835938
150,1,470.23974609375,86.53215789794922,37.432281494140625,99.52913665771484
150,2,95.03033447265625,154.88502502441406,64.19247436523438,131.7035675048828
150,3,54.26054000854492,150.37557983398438,53.0096549987793,116.25357055664062
151,1,460.5209045410156,86.36833190917969,41.768951416015625,100.18424987792969
151,3,57.84244918823242,145.66714477539062,54.33529281616211,120.96762084960938
151,2,95.09336853027344,154.967041015625,70.2972412109375,130.3651123046875
152,1,458.4238586425781,87.53821563720703,37.5322265625,100.75154876708984
152,3,61.41391372680664,146.5902862548828,56.14298629760742,120.54087829589844
152,2,100.4702377319336,155.19195556640625,68.21595001220703,129.85595703125
153,1,446.853759765625,87.1692123413086,43.940948486328125,100.98992156982422
153,3,65.72534942626953,145.75205993652344,55.88019561767578,120.95509338378906
153,2,102.55479431152344,155.47132873535156,68.26126098632812,129.10826110839844
154,1,440.8553771972656,87.63801574707031,43.674224853515625,101.8929443359375
154,3,69.6738510131836,145.0140380859375,54.20762634277344,120.49636840820312
154,2,105.5738296508789,156.83888244628906,67.2805404663086,128.84266662597656
155,1,436.6380615234375,88.51124572753906,42.101226806640625,101.55728149414062
155,3,72.23665618896484,145.0612030029297,55.994163513183594,121.00679016113281
155,2,111.07097625732422,157.15048217773438,62.40711212158203,128.10833740234375
156,1,428.1607666015625,89.06048583984375,45.08953857421875,102.30998229980469
156,3,75.68492889404297,144.49781799316406,51.32769775390625,120.15940856933594
156,2,115.60530853271484,156.3426513671875,58.213111877441406,129.16925048828125
157,1,427.61590576171875,90.0831298828125,40.06524658203125,101.75718688964844
157,3,78.87438201904297,143.0205078125,50.61231231689453,119.94622802734375
157,2,118.95030975341797,155.68592834472656,54.699684143066406,130.1259307861328
158,1,416.4833068847656,89.96038818359375,44.912384033203125,101.93032836914062
158,3,80.8544921875,141.83609008789062,51.15443420410156,120.6097412109375
158,2,124.77391815185547,155.44903564453125,48.91753387451172,130.00869750976562
159,1,411.6622314453125,90.9897232055664,44.175140380859375,102.07913970947266
159,3,84.45323181152344,140.9838104248047,53.21315002441406,121.48066711425781
159,2,126.26085662841797,154.63075256347656,47.14136505126953,131.0327911376953
160,1,402.42193603515625,91.91915130615234,48.045684814453125,101.3489761352539
160,3,86.38700103759766,141.21041870117188,50.66649627685547,117.63491821289062
160,2,131.99623107910156,155.5199432373047,44.40283203125,129.26954650878906
161,1,397.5691223144531,92.37548065185547,46.846221923828125,102.08580780029297
161,2,136.0355682373047,154.90252685546875,43.23075866699219,130.87673950195312
161,3,89.35615539550781,141.41647338867188,52.26899719238281,118.33544921875
162,1,392.4142761230469,92.08959197998047,46.051422119140625,102.40801239013672
162,3,92.32587432861328,141.1670379638672,52.935707092285156,122.01060485839844
162,2,138.0608367919922,154.69528198242188,50.84559631347656,130.7484130859375
163,1,385.597900390625,91.98442077636719,46.1141357421875,103.89944458007812
163,3,95.66564178466797,142.34027099609375,56.781288146972656,119.15997314453125
163,2,143.02581787109375,154.36917114257812,59.99757385253906,129.77175903320312
164,1,378.544921875,94.0193862915039,48.060150146484375,100.8860855102539
164,3,98.72776794433594,142.18043518066406,55.48329162597656,117.97505187988281
164,2,145.54025268554688,154.79026794433594,68.22157287597656,129.1023406982422
165,1,389.4560546875,95.13359069824219,30.528594970703125,100.18115234375
165,2,148.21356201171875,155.87066650390625,72.39659118652344,129.59213256835938
165,3,100.71802520751953,142.88101196289062,57.756919860839844,113.41864013671875
166,1,377.4301452636719,94.75150299072266,37.11871337890625,101.06389617919922
166,3,105.11479187011719,142.53245544433594,58.352203369140625,114.70909118652344
166,2,150.5995635986328,156.3166046142578,73.93785095214844,128.5368194580078
167,1,376.800048828125,96.09233093261719,31.90594482421875,102.46455383300781
167,2,151.42694091796875,155.10845947265625,76.00930786132812,129.76657104492188
167,3,109.60920715332031,143.30088806152344,58.31816101074219,112.34779357910156
168,1,350.0269470214844,96.87183380126953,46.968414306640625,102.9323501586914
168,2,157.35995483398438,153.96722412109375,71.40261840820312,130.17947387695312
168,3,117.88520812988281,143.1968231201172,51.73722839355469,118.59602355957031
169,1,344.7496337890625,98.27411651611328,47.337158203125,100.33065032958984
169,2,162.70021057128906,152.4135284423828,66.05084228515625,130.2013397216797
169,3,120.68799591064453,143.32359313964844,50.67321014404297,117.13417053222656
170,1,337.7935791015625,99.01376342773438,49.2513427734375,103.52760314941406
170,2,169.33795166015625,152.46603393554688,59.55218505859375,129.15646362304688
170,3,125.18167877197266,141.61175537109375,48.015052795410156,121.60675048828125
171,1,330.03753662109375,100.03107452392578,50.67315673828125,105.51078033447266
171,2,176.35581970214844,152.48153686523438,53.148895263671875,128.99688720703125
171,3,129.1847686767578,140.9058074951172,48.24986267089844,122.30867004394531
172,1,324.1949768066406,102.89432525634766,50.434326171875,105.48062896728516
172,3,132.52601623535156,139.87689208984375,48.96855163574219,122.71243286132812
172,2,181.4866943359375,151.77279663085938,47.58424377441406,129.23776245117188
173,1,320.5919494628906,103.23871612548828,48.871917724609375,107.20244598388672
173,3,137.30044555664062,139.86453247070312,47.15574645996094,121.27597045898438
173,2,182.11280822753906,150.76882934570312,47.35435485839844,125.36471557617188
174,1,309.92462158203125,105.99369812011719,52.704681396484375,107.97579956054688
174,3,140.3309326171875,139.0975341796875,50.98138427734375,120.67041015625
174,2,187.88116455078125,150.19970703125,46.37005615234375,133.54763793945312
175,1,312.6272888183594,111.61164093017578,42.77001953125,101.2424087524414
175,3,143.8108367919922,139.94715881347656,51.66789245605469,121.42683410644531
175,2,196.18519592285156,150.33621215820312,45.248626708984375,131.99008178710938
176,1,299.9315490722656,115.12696838378906,52.36224365234375,96.1036376953125
176,3,148.02679443359375,139.85452270507812,59.121246337890625,123.11395263671875
176,2,201.31593322753906,151.81521606445312,54.28788757324219,131.66485595703125
177,1,294.8198547363281,117.87914276123047,54.69256591796875,92.84001922607422
177,3,152.2997589111328,139.58465576171875,57.04890441894531,123.7030029296875
177,2,203.59410095214844,150.94691467285156,63.96961975097656,131.52210998535156
178,1,288.97271728515625,117.03893280029297,61.172882080078125,94.9253158569336
178,3,155.61648559570312,140.81280517578125,58.410003662109375,121.03274536132812
178,2,204.4210205078125,151.47171020507812,70.07394409179688,129.65090942382812
179,1,282.3619689941406,117.47122955322266,67.03543090820312,99.89302825927734
179,3,159.76797485351562,140.25942993164062,57.30613708496094,121.20986938476562
179,2,206.72723388671875,152.25259399414062,71.84933471679688,127.79620361328125
180,1,274.9939270019531,115.45915985107422,70.59017944335938,97.71886444091797
180,3,161.11082458496094,139.1806182861328,55.91375732421875,123.23982238769531
180,2,207.1512451171875,153.53662109375,73.57266235351562,126.94143676757812
181,1,266.5472717285156,113.98916625976562,73.561279296875,99.84516906738281
181,3,164.18577575683594,138.3490753173828,52.758392333984375,123.64271545410156
181,2,210.50550842285156,153.31576538085938,71.80198669433594,127.14129638671875
182,1,258.9862365722656,112.5390853881836,74.51165771484375,97.06250762939453
182,2,213.6578369140625,152.51968383789062,69.053955078125,128.33993530273438
182,3,170.02069091796875,137.37554931640625,51.097442626953125,124.69219970703125
183,1,249.55575561523438,111.23530578613281,76.36676025390625,97.28587341308594
183,2,220.18161010742188,152.78549194335938,63.100341796875,127.8692626953125
183,3,174.14369201660156,136.0345458984375,50.197845458984375,125.55508422851562
184,1,250.3029327392578,111.68053436279297,65.59779357910156,96.08333587646484
184,3,177.95680236816406,136.1044921875,47.686431884765625,124.82540893554688
184,2,227.29696655273438,151.16033935546875,55.76544189453125,130.09564208984375
185,2,229.27529907226562,149.5047149658203,53.584747314453125,131.6891632080078
185,3,181.8774871826172,136.24151611328125,43.76414489746094,122.42022705078125
185,1,235.30880737304688,110.07656860351562,69.22216796875,93.92352294921875
186,2,239.7510986328125,148.7423095703125,45.300048828125,133.67471313476562
186,3,184.0194549560547,136.16993713378906,44.85249328613281,123.41810607910156
186,1,227.27857971191406,109.4745101928711,64.20796203613281,102.21100616455078
187,2,246.49180603027344,151.93972778320312,37.56364440917969,129.56988525390625
187,3,187.77621459960938,135.94346618652344,44.95323181152344,124.80204772949219
187,1,222.3325958251953,111.95732879638672,47.83869934082031,65.79485321044922
188,3,191.73291015625,136.0686492919922,48.90333557128906,124.36091613769531
188,2,251.4917755126953,148.4076690673828,38.87297058105469,132.75193786621094
188,1,219.95928955078125,112.51866149902344,42.990814208984375,104.56954956054688
189,3,195.8587188720703,136.1938018798828,56.993927001953125,126.13331604003906
189,2,252.23130798339844,148.36842346191406,48.19422912597656,133.29542541503906
189,1,212.22613525390625,114.22149658203125,45.538299560546875,100.98779296875
190,2,252.53855895996094,147.99110412597656,58.20829772949219,133.89585876464844
190,3,199.84603881835938,136.89254760742188,59.42431640625,124.40762329101562
190,1,196.76339721679688,113.97181701660156,56.787872314453125,101.40951538085938
191,2,254.03732299804688,148.00506591796875,65.73068237304688,134.1734619140625
191,3,202.04507446289062,136.586181640625,61.19586181640625,124.4219970703125
191,1,198.7322540283203,117.78219604492188,44.79524230957031,45.21592712402344
192,2,260.0733337402344,147.14291381835938,69.45184326171875,134.10488891601562
192,1,175.7381134033203,123.55998229980469,50.95892333984375,97.72212219238281
192,3,205.9713134765625,137.6219940185547,58.740020751953125,122.08213806152344
193,1,172.9772186279297,126.2957992553711,56.45794677734375,94.14640045166016
193,2,261.2586975097656,146.50660705566406,72.02581787109375,135.1340789794922
193,3,208.31016540527344,137.1167449951172,58.10215759277344,122.31803894042969
194,1,161.92530822753906,126.6754150390625,64.66033935546875,93.84394836425781
194,2,264.5980224609375,146.23692321777344,71.42025756835938,133.75181579589844
194,3,213.7445068359375,136.8546142578125,57.277313232421875,124.1097412109375
195,1,152.9333038330078,126.00518035888672,73.74786376953125,95.24459075927734
195,2,270.1804504394531,145.33917236328125,67.40216064453125,133.67218017578125
195,3,221.2936553955078,137.89634704589844,51.50486755371094,123.07054138183594
196,1,143.46429443359375,123.83968353271484,79.41815185546875,97.33353424072266
196,2,275.31768798828125,144.8596649169922,63.99432373046875,135.1937713623047
196,3,226.5917510986328,136.7578887939453,47.51448059082031,124.42716979980469
197,1,137.27066040039062,124.00740051269531,77.95877075195312,96.652099609375
197,3,229.7770538330078,136.2062530517578,44.18852233886719,124.73731994628906
197,2,282.36810302734375,143.94927978515625,57.3602294921875,133.93197631835938
198,1,128.89031982421875,122.20880889892578,80.58212280273438,96.53264617919922
198,3,232.71241760253906,135.48805236816406,44.53791809082031,125.29679870605469
198,2,287.1871643066406,143.5542449951172,52.08111572265625,130.8637237548828
199,1,118.39097595214844,122.14543914794922,81.50260925292969,94.67989349365234
199,3,236.54832458496094,134.2454833984375,45.97789001464844,126.30453491210938
199,2,295.11395263671875,142.09689331054688,44.56085205078125,130.7431640625
200,1,109.52384185791016,121.83610534667969,79.26859283447266,95.21794128417969
200,2,300.6965026855469,141.32269287109375,40.741363525390625,131.1754150390625
200,3,241.22637939453125,135.48548889160156,45.583709716796875,123.83351135253906
201,2,299.5429382324219,141.45840454101562,45.369049072265625,133.62094116210938
201,1,106.4853744506836,120.40644073486328,70.45409393310547,97.53633880615234
201,3,244.33154296875,134.7461700439453,52.648040771484375,125.24443054199219
202,2,307.99591064453125,140.53244018554688,43.844329833984375,132.72970581054688
202,1,95.4078369140625,121.18310546875,72.65646362304688,96.44613647460938
202,3,248.0872039794922,134.33660888671875,57.98017883300781,126.44168090820312
203,3,251.44366455078125,135.0433807373047,60.895172119140625,126.17784118652344
203,1,89.00962829589844,120.61668395996094,69.79496765136719,98.12255859375
203,2,309.213134765625,140.91265869140625,55.456756591796875,132.04180908203125
204,1,87.65380096435547,121.11079406738281,60.71692657470703,100.16102600097656
204,2,305.62127685546875,140.4086456298828,68.0906982421875,131.4169158935547
204,3,252.85520935058594,135.65830993652344,60.08677673339844,125.18928527832031
205,3,254.36471557617188,134.80506896972656,60.6566162109375,125.52018737792969
205,1,76.17562866210938,122.26741790771484,64.83026123046875,101.74588775634766
205,2,308.966796875,140.94947814941406,70.88812255859375,130.0451202392578
206,1,71.82689666748047,122.9145736694336,59.062599182128906,100.24483489990234
206,2,310.2674560546875,141.00852966308594,72.54067993164062,129.07017517089844
206,3,255.6712188720703,133.8643035888672,60.30149841308594,127.02168273925781
207,1,66.6292953491211,123.06365966796875,58.639549255371094,101.54743957519531
207,2,311.24639892578125,141.33328247070312,72.41873168945312,128.83123779296875
207,3,259.5107116699219,132.96730041503906,57.92913818359375,127.73619079589844
208,2,313.5779724121094,140.43795776367188,70.69967651367188,129.7891845703125
208,1,58.70351028442383,124.87957763671875,57.320865631103516,101.80935668945312
208,3,265.10845947265625,133.26405334472656,53.413330078125,127.23689270019531
209,1,47.748863220214844,125.37177276611328,60.536956787109375,100.4724349975586
209,2,317.51751708984375,139.37078857421875,66.3834228515625,131.54339599609375
209,3,271.335693359375,132.45457458496094,48.868316650390625,126.32133483886719
210,1,40.71099853515625,124.73604583740234,61.90669250488281,102.75493621826172
210,3,277.2442626953125,131.52810668945312,42.096435546875,124.67837524414062
210,2,323.822509765625,138.8252716064453,59.565399169921875,131.82530212402344
211,1,37.198890686035156,125.47979736328125,58.559417724609375,103.29939270019531
211,3,283.0365905761719,131.0013885498047,37.39385986328125,121.77091979980469
211,2,327.934326171875,138.3709716796875,55.34393310546875,131.41610717773438
212,1,27.283143997192383,126.5515365600586,62.12812614440918,102.52631378173828
212,2,334.8648986816406,137.9710693359375,48.84942626953125,130.63070678710938
212,3,285.6766662597656,130.549560546875,39.094268798828125,124.20820617675781
213,1,19.293670654296875,127.45851135253906,63.050697326660156,101.66033935546875
213,2,340.382568359375,136.6891326904297,46.594451904296875,133.3136749267578
213,3,290.06640625,129.1705780029297,41.434112548828125,128.43910217285156
214,1,12.564862251281738,129.30255126953125,60.602023124694824,99.616455078125
214,2,344.193359375,135.36978149414062,50.269073486328125,132.85211181640625
214,3,293.93939208984375,132.1865692138672,41.698028564453125,121.93772888183594
215,1,7.497511386871338,129.36593627929688,59.46541738510132,100.32568359375
215,2,347.5917053222656,135.6998291015625,55.260284423828125,133.68203735351562
215,3,295.55450439453125,130.83364868164062,49.422760009765625,124.34841918945312
216,2,352.923828125,135.53964233398438,63.642578125,135.02471923828125
216,3,300.25518798828125,131.36746215820312,60.49237060546875,123.50839233398438
216,1,0.27988141775131226,132.00515747070312,52.35621553659439,98.66482543945312
217,2,356.4013977050781,135.87197875976562,64.8685302734375,134.41693115234375
217,3,300.8668518066406,131.67843627929688,63.70599365234375,122.78875732421875
217,1,0.03228645399212837,132.8782958984375,45.06103629991412,101.3702392578125
218,2,359.4693908691406,135.44850158691406,68.54598999023438,135.4585418701172
218,3,301.616455078125,131.87747192382812,63.847198486328125,121.81565856933594
218,1,0.0506899394094944,132.94796752929688,40.30299353227019,104.08079528808594
219,2,362.0112609863281,135.89891052246094,69.4759521484375,134.73036193847656
219,3,303.2934265136719,131.92164611816406,62.6195068359375,121.29620361328125
219,1,0.07095060497522354,147.47703552246094,34.043230913579464,90.27597045898438
220,2,363.7252502441406,135.25445556640625,70.76547241210938,134.2481689453125
220,3,308.0982666015625,130.93927001953125,57.298614501953125,122.06015014648438
220,1,0.0764775201678276,150.1557159423828,28.18785048276186,88.64903259277344
221,2,365.0351867675781,134.79263305664062,72.13229370117188,133.68429565429688
221,3,314.5562744140625,130.68936157226562,52.444427490234375,122.28913879394531
221,1,0.24358084797859192,165.41946411132812,20.810099571943283,73.68745422363281
222,2,368.2419128417969,134.01351928710938,70.93658447265625,134.359130859375
222,3,321.18414306640625,129.0790557861328,45.77557373046875,123.58441162109375
223,2,370.13555908203125,133.0283203125,70.1771240234375,135.14654541015625
223,3,328.2184143066406,128.07742309570312,38.718841552734375,125.55473327636719
224,2,379.5776062011719,131.31991577148438,59.76300048828125,134.47598266601562
224,3,334.8575439453125,127.09545135498047,36.577484130859375,125.0038833618164
225,2,385.90673828125,130.6724853515625,54.025390625,128.65811157226562
225,3,336.2182312011719,127.10346984863281,39.22723388671875,125.27333068847656
226,2,390.2250671386719,131.47573852539062,48.829132080078125,124.62908935546875
226,3,339.1534729003906,127.48213195800781,40.071075439453125,123.85389709472656
227,2,393.7247619628906,129.45492553710938,43.922637939453125,126.70046997070312
227,3,343.5029602050781,126.7130126953125,40.847625732421875,124.80996704101562
228,2,401.0083923339844,128.6800537109375,39.50048828125,132.10153198242188
228,3,346.6261291503906,127.20451354980469,41.255218505859375,124.00370788574219
229,2,405.1737060546875,128.8977508544922,39.552581787109375,131.4513397216797
229,3,348.22802734375,127.16918182373047,53.226715087890625,124.62523651123047
230,2,405.1708984375,128.7392578125,45.93524169921875,130.4964599609375
230,3,349.8357849121094,126.81182861328125,54.726959228515625,125.61080932617188
231,3,350.7926330566406,126.80743408203125,57.006195068359375,124.89842224121094
231,2,405.9873962402344,129.0767364501953,56.10333251953125,129.20265197753906
232,2,406.1009521484375,129.26966857910156,65.3485107421875,127.14759826660156
232,3,351.9409484863281,126.46237182617188,57.032806396484375,125.7525634765625
233,2,406.3857727050781,129.9219970703125,68.7509765625,125.77726745605469
233,3,354.4722900390625,124.59019470214844,55.03106689453125,127.82273864746094
234,3,359.86773681640625,123.25038146972656,49.4884033203125,128.0930633544922
234,2,406.6654968261719,129.52059936523438,69.67123413085938,125.7890625
235,2,408.2076110839844,129.97682189941406,68.66656494140625,124.58216857910156
235,3,366.0403137207031,123.44046783447266,42.80767822265625,126.84618377685547
236,2,409.97332763671875,129.79067993164062,67.27517700195312,124.11459350585938
236,3,373.2586975097656,122.70014190673828,38.4376220703125,123.39957427978516
237,2,413.1905517578125,129.51966857910156,64.97879028320312,124.95425415039062
237,3,380.1121826171875,122.29707336425781,36.098052978515625,121.92732238769531
238,2,417.1328430175781,128.58815002441406,59.759735107421875,126.53866577148438
238,3,381.0730895996094,121.01091003417969,40.08343505859375,122.88963317871094
239,2,424.3335266113281,128.1475067138672,54.12933349609375,124.58413696289062
239,3,386.80291748046875,121.39309692382812,39.214935302734375,123.62115478515625
240,3,391.3680419921875,120.87938690185547,44.146881103515625,121.72136688232422
240,2,436.2444763183594,127.17570495605469,47.83612060546875,125.33282470703125
241,2,441.8486328125,126.58421325683594,47.910400390625,126.07608032226562
241,3,392.96844482421875,120.84587860107422,50.509979248046875,120.6697006225586
242,3,393.7774353027344,121.47774505615234,58.823333740234375,120.16826629638672
242,2,445.6344299316406,127.59503173828125,49.372161865234375,125.4248046875
243,2,448.3631896972656,126.58098602294922,55.1588134765625,126.68079376220703
243,3,394.158203125,122.48089599609375,61.03094482421875,118.59382629394531
244,2,453.77899169921875,125.78592681884766,56.645294189453125,127.4316177368164
244,3,394.6716613769531,121.15701293945312,62.654510498046875,117.63450622558594
245,2,454.4174499511719,126.2052230834961,62.463287353515625,126.67388153076172
245,3,396.73992919921875,120.23712921142578,61.537994384765625,120.84729766845703
246,3,400.0245361328125,119.41271209716797,57.7183837890625,120.80121612548828
246,2,455.15460205078125,125.8571548461914,66.45263671875,127.1285171508789
247,2,456.5375061035156,125.65349578857422,69.04220581054688,128.34862518310547
247,3,405.2787780761719,118.55465698242188,53.615753173828125,121.49630737304688
248,2,457.04559326171875,125.92584991455078,73.30035400390625,126.2537612915039
248,3,412.96795654296875,116.90482330322266,47.64501953125,123.33695220947266
249,2,457.5651550292969,124.65863800048828,76.05056762695312,126.7295150756836
249,3,419.4032897949219,117.76947021484375,42.027679443359375,120.56730651855469
250,2,461.63958740234375,123.86457824707031,73.624755859375,127.46047973632812
250,3,424.9740905761719,116.37464904785156,39.64630126953125,120.58061218261719
251,2,466.94708251953125,122.96765899658203,70.52667236328125,127.4463119506836
251,3,431.7837829589844,115.40391540527344,35.046539306640625,120.63461303710938
252,2,474.0646667480469,122.55751037597656,63.352325439453125,126.16134643554688
252,3,433.93603515625,113.94544219970703,36.68231201171875,124.3508071899414
253,3,436.7384338378906,114.08490753173828,36.778472900390625,121.52434539794922
253,2,479.1953430175781,121.7848892211914,57.670562744140625,124.3386459350586
254,3,439.4818420410156,112.87706756591797,40.403717041015625,123.42620086669922
254,2,484.56378173828125,121.2843246459961,50.82086181640625,121.2505111694336
255,3,439.7147216796875,113.23362731933594,44.2333984375,122.31283569335938
255,2,489.2081604003906,120.55681610107422,44.087554931640625,121.71744537353516
256,3,440.5543212890625,113.85969543457031,50.67529296875,123.84843444824219
256,2,495.06793212890625,120.63956451416016,39.71331787109375,124.1908187866211
257,3,441.27130126953125,114.74658203125,51.926422119140625,123.45928955078125
257,2,494.25555419921875,119.85491180419922,43.85809326171875,127.84236907958984
258,3,442.07403564453125,113.88340759277344,52.08233642578125,124.29603576660156
258,2,495.3443908691406,119.3111801147461,45.846954345703125,127.10668182373047
259,3,445.79656982421875,111.9122543334961,48.02630615234375,125.9972152709961
259,2,497.8522033691406,120.09168243408203,52.251678466796875,126.07947540283203
260,2,498.6109313964844,120.39378356933594,60.308380126953125,123.46585083007812
260,3,450.771728515625,110.70850372314453,44.289764404296875,123.72728729248047
261,2,498.9744873046875,119.61344909667969,65.47930908203125,123.59127807617188
261,3,459.3839416503906,109.70337677001953,38.453277587890625,117.6796646118164
262,2,498.41748046875,120.52922821044922,68.55169677734375,121.98596954345703
262,3,463.9759521484375,107.8985595703125,36.353668212890625,118.35588073730469
263,2,498.7305603027344,122.0538330078125,68.33224487304688,120.13780212402344
263,3,467.099853515625,108.52980041503906,37.38250732421875,117.8175048828125
264,2,505.17913818359375,119.03181457519531,61.09844970703125,123.07017517089844
264,3,474.2790222167969,106.84147644042969,37.617095947265625,118.492919921875
265,2,508.3836669921875,118.76420593261719,58.6341552734375,123.75103759765625
265,3,475.6913757324219,106.53605651855469,39.254364013671875,117.17953491210938
266,2,514.3963012695312,119.3992691040039,54.67431640625,123.08936309814453
266,3,477.5601501464844,106.64667510986328,39.932891845703125,117.4640884399414
267,2,519.7276000976562,118.89897155761719,52.525390625,123.65806579589844
267,3,478.2839050292969,106.23056030273438,46.327056884765625,118.28335571289062
268,2,526.455322265625,117.52584075927734,49.079345703125,125.26888275146484
268,3,478.9439392089844,106.17933654785156,53.192901611328125,117.77792358398438
269,2,534.0178833007812,116.41458892822266,48.5108642578125,127.44913482666016
269,3,477.7303161621094,105.9704360961914,56.472076416015625,118.0689468383789
270,2,539.7672119140625,116.35115814208984,51.1409912109375,126.85344696044922
270,3,478.88201904296875,106.03396606445312,58.050048828125,118.22187805175781
271,2,542.9556274414062,116.68367767333984,56.455078125,125.38921356201172
271,3,480.9320068359375,104.82826232910156,54.82684326171875,119.65266418457031
272,2,545.0574951171875,116.76986694335938,59.11590576171875,124.86274719238281
272,3,484.6063537597656,103.60358428955078,52.767669677734375,120.12444305419922
273,2,546.7011108398438,116.7420654296875,63.5123291015625,125.13082885742188
273,3,487.637939453125,102.8181381225586,51.97210693359375,119.40082550048828
274,2,547.532470703125,116.98931884765625,66.03326416015625,125.16871643066406
274,3,498.2178955078125,102.84705352783203,43.69952392578125,117.99182891845703
275,2,547.7552490234375,117.02889251708984,69.1859130859375,125.82823944091797
275,3,505.2290954589844,101.9691390991211,38.901153564453125,118.30574798583984
276,2,548.3060302734375,117.10991668701172,71.799560546875,125.19463348388672
276,3,509.71917724609375,100.77519226074219,37.6915283203125,117.83854675292969
277,2,548.734130859375,116.28583526611328,73.11065673828125,125.46749114990234
277,3,514.342041015625,100.20662689208984,35.45465087890625,120.14606475830078
278,2,550.3380126953125,115.77861022949219,72.8408203125,125.80999755859375
278,3,515.5433959960938,99.36225128173828,37.4296875,118.57160186767578
279,2,553.851806640625,114.87467956542969,69.9613037109375,125.50006103515625
279,3,517.380126953125,103.89218139648438,37.849853515625,114.40509033203125
280,2,557.515869140625,114.53142547607422,65.75927734375,123.62291717529297
280,3,517.5261840820312,99.51895904541016,41.24267578125,120.12146759033203
281,2,564.0604858398438,112.14908599853516,58.48016357421875,127.21390533447266
281,3,518.6285400390625,102.2156753540039,42.790283203125,114.57486724853516
282,3,519.5345458984375,98.77912139892578,44.62945556640625,116.61576080322266
282,2,570.1318359375,114.36819458007812,51.99896240234375,115.45367431640625
283,2,574.8134765625,112.61028289794922,46.61041259765625,117.47354888916016
283,3,521.4000244140625,99.42630004882812,44.62347412109375,117.66639709472656
284,2,578.4146728515625,110.90733337402344,43.03900146484375,117.96865844726562
284,3,523.1713256835938,97.37451934814453,44.65777587890625,121.90399932861328
285,2,580.9469604492188,110.52827453613281,40.5953369140625,122.11892700195312
285,3,530.1569213867188,96.83785247802734,39.54302978515625,109.38178253173828
286,2,583.0639038085938,110.44927215576172,40.53350830078125,120.38407135009766
286,3,534.3660888671875,95.83846282958984,37.34637451171875,107.96190643310547
287,2,583.81982421875,110.75818634033203,42.0989990234375,119.14398956298828
287,3,538.4352416992188,94.42041015625,37.15264892578125,110.37727355957031
288,2,583.7115478515625,110.68885040283203,56.12744140625,118.56121063232422
288,3,544.7051391601562,94.39826202392578,34.92303466796875,112.99506378173828
289,2,583.9111328125,109.73440551757812,58.58538818359375,118.51034545898438
289,3,545.8098754882812,93.57182312011719,37.37115478515625,111.98536682128906
290,2,584.5903930664062,110.20512390136719,58.320556640625,116.44943237304688
290,3,545.5015258789062,92.87902069091797,39.45953369140625,112.30573272705078
291,2,585.1630859375,110.4999008178711,58.900146484375,116.76209259033203
291,3,546.16064453125,93.29085540771484,43.334716796875,110.61486053466797
292,2,587.6759643554688,109.3464584350586,57.1319580078125,118.0364761352539
292,3,547.3256225585938,92.24381256103516,45.40472412109375,111.28563690185547
293,2,590.6128540039062,109.37220764160156,56.5992431640625,117.77163696289062
293,3,547.50927734375,93.18829345703125,49.69537353515625,110.05465698242188
294,2,593.67041015625,109.70258331298828,55.9166259765625,116.29680633544922
294,3,548.3410034179688,92.57920837402344,50.93408203125,110.9215087890625
295,2,600.12890625,109.30818176269531,52.0362548828125,115.95811462402344
295,3,548.6482543945312,92.25212860107422,51.5269775390625,111.15674591064453
296,2,604.5961303710938,107.91376495361328,50.57037353515625,116.05643463134766
296,3,552.0170288085938,94.3806381225586,50.321533203125,108.99999237060547
297,2,610.1011962890625,106.95783233642578,48.0518798828125,117.99398040771484
297,3,555.3300170898438,92.74303436279297,49.7972412109375,109.52300262451172
298,2,618.9247436523438,106.36068725585938,43.07781982421875,117.73880004882812
298,3,560.2454833984375,91.45438385009766,48.0843505859375,110.48477935791016
299,2,623.494384765625,104.75019836425781,44.8895263671875,117.67587280273438
299,3,565.732421875,89.54007720947266,45.75286865234375,111.14070892333984
300,2,624.7098999023438,104.759765625,48.8841552734375,117.48884582519531
300,3,572.1129760742188,91.14382934570312,42.8822021484375,109.01103210449219
301,2,626.4515991210938,104.29947662353516,53.727783203125,118.54631805419922
301,3,577.8392944335938,87.1100082397461,40.57501220703125,111.1474380493164
302,2,627.6983642578125,104.87246704101562,56.93304443359375,118.45574951171875
302,3,582.5433349609375,87.42070007324219,38.579345703125,111.43235778808594
303,2,628.4247436523438,105.31229400634766,59.33758544921875,119.2948226928711
303,3,584.1588134765625,87.72879028320312,38.97454833984375,110.08409118652344
304,2,628.6381225585938,104.86846923828125,61.66680908203125,119.69267272949219
304,3,585.2177734375,87.23387145996094,40.5545654296875,110.36859130859375
305,2,627.4909057617188,104.29242706298828,64.76361083984375,119.99361419677734
305,3,585.6984252929688,88.0428466796875,43.29412841796875,111.41874694824219
306,2,627.5001831054688,103.48699951171875,66.92401123046875,120.47589111328125
306,3,586.2294311523438,86.16976165771484,44.50360107421875,112.67778778076172
307,2,630.7957763671875,103.08698272705078,64.4273681640625,120.32476043701172
307,3,587.044677734375,87.29688262939453,45.3577880859375,110.58086395263672
308,3,587.2647705078125,86.98495483398438,47.8934326171875,112.167236328125
308,2,637.357666015625,102.17456817626953,57.951416015625,113.22423553466797
309,3,589.4817504882812,86.48722076416016,46.0931396484375,113.12796783447266
309,2,642.6035766601562,100.20389556884766,52.1759033203125,110.75572967529297
310,2,644.9097900390625,98.71759033203125,47.947998046875,113.25341796875
310,3,594.6574096679688,84.89301300048828,43.0567626953125,111.64803314208984
311,2,648.1100463867188,97.97288513183594,43.89410400390625,115.93714904785156
311,3,602.2681274414062,84.94576263427734,37.86932373046875,106.99311065673828
312,2,651.9255981445312,97.25959777832031,39.94287109375,114.65994262695312
312,3,609.1998901367188,84.19843292236328,33.88287353515625,104.16960906982422
