0,1,751.355712890625,24.27099609375,34.31195068359375,89.54708862304688
1,1,751.18603515625,24.355375289916992,34.42645263671875,89.39998054504395
2,1,749.2156372070312,24.9290828704834,35.09893798828125,89.0225772857666
3,1,745.3148193359375,23.787275314331055,35.9322509765625,88.58281135559082
4,1,741.8379516601562,23.87616539001465,36.76422119140625,88.82242012023926
5,1,734.9187622070312,23.982810974121094,41.2332763671875,88.45114135742188
6,1,748.4923706054688,23.840425491333008,25.215576171875,88.61209678649902
7,1,728.06787109375,23.546749114990234,42.91741943359375,89.05734634399414
8,1,720.6378784179688,23.752836227416992,47.7220458984375,88.17228126525879
9,1,720.7283935546875,23.310550689697266,45.29913330078125,89.20346450805664
10,1,719.5869750976562,23.333759307861328,44.97998046875,88.45151138305664
11,1,718.603515625,22.11353302001953,43.1156005859375,89.5893783569336
12,1,715.1927490234375,21.70905876159668,42.51983642578125,89.49310493469238
13,1,716.4701538085938,20.31191062927246,37.5750732421875,90.76925086975098
14,1,715.4181518554688,19.851215362548828,35.7261962890625,89.99934768676758
15,1,715.0191650390625,19.39949607849121,33.98138427734375,90.16934394836426
16,1,713.46337890625,19.077070236206055,33.43243408203125,87.97720527648926
17,1,708.3207397460938,19.40255355834961,36.1954345703125,91.81587600708008
18,1,702.900390625,19.664207458496094,39.02294921875,90.17558288574219
19,1,697.9349365234375,19.8576602935791,42.04083251953125,89.79628562927246
20,1,691.8385009765625,19.651630401611328,45.74798583984375,90.34716415405273
21,1,689.3715209960938,20.025480270385742,45.42156982421875,88.97760200500488
22,1,687.5298461914062,20.416728973388672,44.35479736328125,88.09853744506836
23,1,685.7095336914062,20.424779891967773,43.602783203125,88.67659950256348
24,1,684.0906372070312,20.037015914916992,43.3623046875,89.03940773010254
25,1,683.4337768554688,19.60430145263672,40.31829833984375,89.66363525390625
26,1,684.1888427734375,19.663047790527344,36.392822265625,89.48825073242188
27,1,684.081298828125,19.435604095458984,34.68743896484375,89.4062614440918
28,1,683.9288940429688,19.08293342590332,32.28436279296875,89.62407493591309
29,1,680.1795043945312,18.83983612060547,33.7484130859375,90.50969696044922
30,1,676.9473876953125,18.272485733032227,34.78363037109375,90.17190361022949
31,1,673.2081298828125,18.226852416992188,36.25665283203125,90.09001922607422
32,1,665.9546508789062,18.524635314941406,41.56341552734375,90.3862533569336
33,1,657.8011474609375,18.350406646728516,46.94488525390625,89.81132125854492
34,1,654.1557006835938,18.611595153808594,48.3311767578125,89.88346862792969
35,1,652.7770385742188,19.293243408203125,47.34906005859375,88.62744140625
36,1,653.1806640625,18.737348556518555,45.65203857421875,89.21888160705566
37,1,653.3679809570312,18.071945190429688,44.45196533203125,90.0263442993164
38,1,652.3283081054688,17.316728591918945,42.908203125,91.2012767791748
39,1,651.1336669921875,16.59603500366211,40.80859375,91.57429885864258
40,1,651.3494873046875,16.375452041625977,35.74359130859375,91.24803733825684
41,1,651.7530517578125,15.853144645690918,31.656982421875,92.11464405059814
42,1,649.3125610351562,15.784684181213379,31.35992431640625,92.11646938323975
43,1,643.84814453125,15.710121154785156,34.3333740234375,90.2343521118164
44,1,637.3179931640625,15.541234016418457,38.77783203125,92.18764781951904
45,1,632.840087890625,15.974437713623047,41.06842041015625,91.83181381225586
46,1,628.6446533203125,15.851201057434082,41.8729248046875,90.5876111984253
47,1,624.1729125976562,16.007102966308594,44.10028076171875,91.58450317382812
48,1,620.3627319335938,16.3868408203125,44.9229736328125,90.41313934326172
49,1,616.9322509765625,16.649253845214844,46.77691650390625,90.6617202758789
50,1,615.3772583007812,16.692123413085938,46.699462890625,90.55433654785156
51,1,613.7601928710938,16.54075813293457,46.74090576171875,90.90400505065918
52,1,613.3994140625,16.064777374267578,43.2188720703125,90.63103103637695
53,1,612.6106567382812,16.49237823486328,40.49896240234375,90.28964233398438
54,1,613.1278076171875,16.01629638671875,35.42181396484375,90.27973937988281
55,1,614.2877807617188,16.271955490112305,31.5537109375,89.71252632141113
56,1,614.0466918945312,15.984601974487305,29.8536376953125,89.95956611633301
57,1,608.7218627929688,15.96616268157959,32.869140625,90.9614725112915
58,1,605.00341796875,15.51889705657959,33.633056640625,90.75867557525635
59,1,601.35888671875,15.280799865722656,34.8232421875,90.07881164550781
60,1,592.647216796875,15.449257850646973,41.104736328125,90.14527034759521
61,1,584.1710205078125,15.422813415527344,47.35858154296875,90.99679565429688
62,1,583.502685546875,15.5861234664917,46.0029296875,90.53065204620361
63,1,579.7081909179688,15.137112617492676,49.05816650390625,91.04887676239014
64,1,578.5671997070312,15.175246238708496,49.91265869140625,91.15932559967041
65,1,578.2682495117188,14.70538330078125,48.5299072265625,91.32870483398438
66,1,579.6798095703125,14.083966255187988,44.27252197265625,92.67688274383545
67,1,577.3142700195312,13.171945571899414,41.5811767578125,93.62490653991699
68,1,577.973388671875,12.707195281982422,35.46185302734375,92.87802505493164
69,1,578.4951782226562,12.855417251586914,29.51824951171875,92.20503807067871
70,1,575.9136352539062,12.230535507202148,29.12353515625,92.35383796691895
71,1,569.984130859375,12.282424926757812,32.840087890625,88.14714813232422
72,1,562.9542846679688,11.979775428771973,37.4263916015625,92.96109676361084
73,1,558.6646118164062,12.143702507019043,39.1973876953125,93.1356554031372
74,1,553.0333251953125,12.740114212036133,42.46612548828125,92.34803581237793
75,1,548.851318359375,13.422706604003906,43.65399169921875,91.3743896484375
76,1,545.717529296875,13.571194648742676,45.2320556640625,90.77226543426514
77,1,541.8125,14.29948616027832,48.8624267578125,90.5863094329834
78,1,539.7608642578125,14.491750717163086,50.25616455078125,90.90439033508301
79,1,538.5872802734375,14.40292739868164,48.99462890625,90.63940048217773
80,1,538.7373657226562,14.14421272277832,45.76690673828125,91.44433403015137
81,1,539.1051635742188,14.312252044677734,39.79425048828125,91.27160263061523
82,1,538.9656372070312,13.835180282592773,34.90032958984375,91.97843360900879
83,1,539.7227783203125,13.185088157653809,30.44012451171875,92.4445276260376
84,1,537.736083984375,12.137258529663086,29.5616455078125,93.80061531066895
85,1,532.42138671875,12.712337493896484,32.3372802734375,93.24917984008789
86,1,529.3745727539062,13.094158172607422,32.71380615234375,92.14055252075195
87,1,523.9990844726562,13.34976577758789,35.7763671875,92.01110458374023
88,1,516.4080810546875,13.229089736938477,41.784423828125,91.73904228210449
89,1,509.5979919433594,13.515106201171875,47.279205322265625,91.43938446044922
90,1,508.7981262207031,13.651604652404785,47.713531494140625,91.50189113616943
91,1,506.9578552246094,13.223721504211426,49.145904541015625,92.24404430389404
92,1,506.487548828125,13.389690399169922,47.465576171875,91.82523727416992
93,1,504.7057189941406,12.530863761901855,47.945526123046875,93.04037952423096
94,1,506.72784423828125,11.091071128845215,41.85687255859375,94.53850650787354
95,1,506.3063049316406,10.895877838134766,36.203155517578125,93.42153549194336
96,1,505.40802001953125,11.116484642028809,31.42620849609375,93.48764896392822
97,1,503.993896484375,10.274587631225586,27.77142333984375,93.97729682922363
98,1,499.68731689453125,10.105649948120117,28.01239013671875,93.6469669342041
99,1,495.4886474609375,11.039789199829102,29.58477783203125,93.2853832244873
100,1,490.03564453125,11.01649284362793,32.2501220703125,94.19269752502441
101,1,483.1307678222656,11.5402193069458,36.862213134765625,92.78429698944092
102,1,480.3136901855469,11.994811058044434,37.518646240234375,92.74250888824463
103,1,474.6741638183594,11.921574592590332,41.990447998046875,92.1383466720581
104,1,471.9481506347656,12.148406028747559,44.777618408203125,91.89906406402588
105,1,470.1976013183594,13.016023635864258,45.564971923828125,91.15484428405762
106,1,466.6297607421875,12.993124961853027,48.34454345703125,91.25975131988525
107,1,464.9690856933594,13.005630493164062,46.301239013671875,91.62873077392578
108,1,464.4951171875,12.485970497131348,42.453460693359375,92.699049949646
109,1,464.2829895019531,12.428035736083984,38.153289794921875,92.30120468139648
110,1,464.628173828125,11.702666282653809,30.4609375,93.27597141265869
111,1,463.90423583984375,11.882216453552246,26.454559326171875,92.36895084381104
112,1,460.0475158691406,11.065152168273926,28.039886474609375,92.46738719940186
113,1,456.9394836425781,10.75645637512207,28.492401123046875,95.11675071716309
114,1,452.618896484375,11.530616760253906,30.40869140625,92.39382934570312
115,1,445.10919189453125,11.808398246765137,35.6177978515625,92.80869770050049
116,1,434.7041931152344,12.259760856628418,45.605865478515625,92.95738697052002
117,1,434.3756103515625,11.848461151123047,45.63262939453125,93.08107376098633
118,1,430.27783203125,12.24222469329834,49.35919189453125,92.77110385894775
119,1,429.2398681640625,12.318160057067871,49.591339111328125,92.8050012588501
120,1,428.9244079589844,11.719386100769043,49.388641357421875,93.44212818145752
121,1,426.1274108886719,10.419540405273438,48.484619140625,95.11206817626953
122,1,427.7385559082031,10.661903381347656,42.1712646484375,95.17120361328125
123,1,427.68231201171875,11.168011665344238,36.210540771484375,93.36878490447998
124,1,426.5133056640625,10.811687469482422,31.516632080078125,94.01178359985352
125,1,425.3271789550781,10.226122856140137,26.626007080078125,94.36784839630127
126,1,421.7996826171875,9.865001678466797,26.44647216796875,91.26826095581055
127,1,418.56451416015625,9.977713584899902,27.111053466796875,94.48617649078369
128,1,412.9044189453125,10.42569351196289,30.49237060546875,95.8751335144043
129,1,408.5701904296875,11.15482234954834,32.84991455078125,93.09285831451416
130,1,399.5508117675781,11.074422836303711,40.95611572265625,93.95329475402832
131,1,395.3433532714844,11.330377578735352,45.349365234375,92.8330135345459
132,1,392.32720947265625,12.27000617980957,47.92803955078125,91.55423545837402
133,1,390.9993896484375,12.72926139831543,48.262969970703125,91.13974952697754
134,1,388.9485168457031,12.336579322814941,49.03997802734375,92.08605098724365
135,1,387.7474670410156,12.722383499145508,46.85260009765625,91.97142601013184
136,1,387.40203857421875,11.768555641174316,43.468017578125,92.62150478363037
137,1,388.4473571777344,11.527933120727539,38.06414794921875,92.26063346862793
138,1,388.0000915527344,11.475319862365723,30.785614013671875,92.48232936859131
139,1,385.9527282714844,10.709521293640137,26.614410400390625,93.09584522247314
140,1,382.50848388671875,11.310340881347656,27.040130615234375,91.8473129272461
141,1,378.5715026855469,11.367597579956055,28.494140625,92.78257942199707
142,1,374.8036193847656,11.259891510009766,30.313751220703125,92.60266494750977
143,1,367.1170959472656,11.594133377075195,37.247711181640625,92.79165458679199
144,1,359.59771728515625,11.846664428710938,43.489837646484375,91.586669921875
145,1,356.48565673828125,12.573202133178711,46.911773681640625,91.39573860168457
146,1,356.4319763183594,12.329201698303223,46.9515380859375,91.83498287200928
147,1,353.6842041015625,11.635108947753906,48.70037841796875,91.73658752441406
148,1,352.5173034667969,10.803196907043457,47.848785400390625,93.45202159881592
149,1,351.5441589355469,11.168001174926758,45.63360595703125,92.9815731048584
150,1,350.84027099609375,10.350482940673828,41.448516845703125,93.34103012084961
151,1,350.369140625,10.038118362426758,36.88909912109375,93.86781120300293
152,1,349.2591552734375,9.58155632019043,31.91314697265625,94.37066841125488
153,1,347.43707275390625,9.763800621032715,26.8917236328125,93.94817447662354
154,1,343.694580078125,9.695003509521484,26.25921630859375,93.39434432983398
155,1,340.4018249511719,9.218573570251465,27.68829345703125,96.45530033111572
156,1,336.75079345703125,10.547257423400879,29.900115966796875,94.42464351654053
157,1,331.7418518066406,10.383554458618164,33.7344970703125,93.85726737976074
158,1,324.630615234375,11.393057823181152,40.645477294921875,92.78964328765869
159,1,319.8745422363281,11.31637191772461,45.73687744140625,91.80155563354492
160,1,318.7927551269531,12.000520706176758,46.07952880859375,90.93529319763184
161,1,316.39471435546875,12.750853538513184,47.282745361328125,90.2559289932251
162,1,315.57928466796875,12.554461479187012,45.70574951171875,90.85934925079346
163,1,313.50592041015625,11.852991104125977,45.71636962890625,91.96284294128418
164,1,313.3382263183594,11.101520538330078,42.35845947265625,92.7775764465332
165,1,312.158447265625,11.694380760192871,37.74041748046875,91.66692447662354
166,1,309.7489013671875,12.3665132522583,33.9351806640625,91.4952802658081
167,1,307.85552978515625,12.412473678588867,26.7760009765625,91.35910987854004
168,1,303.3581237792969,11.585817337036133,27.886474609375,92.01279258728027
169,1,297.85723876953125,11.365766525268555,31.65570068359375,92.69482612609863
170,1,297.7104187011719,12.659897804260254,29.96356201171875,91.05786800384521
171,1,293.2778625488281,11.26452922821045,34.73974609375,92.23157978057861
172,1,287.088623046875,12.193530082702637,40.917510986328125,91.36707019805908
173,1,280.973876953125,12.513031959533691,46.640167236328125,91.19971370697021
174,1,278.7659912109375,12.625116348266602,48.16693115234375,90.51753044128418
175,1,277.7476501464844,11.376811981201172,48.36962890625,92.24595260620117
176,1,274.46728515625,11.438068389892578,50.05615234375,93.33545303344727
177,1,273.3070983886719,10.39270305633545,46.09136962890625,93.04099750518799
178,1,272.5134582519531,10.472546577453613,42.839447021484375,92.36207103729248
179,1,271.80828857421875,11.153766632080078,37.484130859375,90.81875991821289
180,1,271.59271240234375,10.089613914489746,31.693695068359375,92.09716129302979
181,1,269.0693359375,11.960845947265625,29.371551513671875,89.2585220336914
182,1,266.8999328613281,11.595939636230469,27.50421142578125,92.92852020263672
183,1,263.2987976074219,11.042967796325684,29.616546630859375,93.92189121246338
184,1,259.5815124511719,11.045564651489258,32.64764404296875,92.15251731872559
185,1,255.8935546875,11.709569931030273,36.294921875,92.00370979309082
186,1,246.20692443847656,11.565454483032227,45.71229553222656,92.91451835632324
187,1,242.17237854003906,12.339783668518066,49.44688415527344,92.44826412200928
188,1,242.91773986816406,13.185981750488281,47.89820861816406,91.15657806396484
189,1,241.9304656982422,13.777229309082031,47.35276794433594,91.28189849853516
190,1,241.3868408203125,14.075736045837402,45.92425537109375,91.85161685943604
191,1,240.6810302734375,14.483715057373047,44.01141357421875,91.55847549438477
192,1,239.11410522460938,14.053159713745117,38.12860107421875,90.2035083770752
193,1,237.3114013671875,14.434280395507812,32.559326171875,89.74395751953125
194,1,232.95741271972656,12.726261138916016,31.707382202148438,91.33073043823242
195,1,231.57611083984375,17.344392776489258,27.7122802734375,86.28988456726074
196,1,229.29470825195312,17.22139549255371,28.139862060546875,87.27372932434082
197,1,226.8868408203125,16.714323043823242,29.541748046875,88.62807655334473
198,1,223.4939727783203,17.206787109375,33.16194152832031,87.10336303710938
199,1,220.18325805664062,16.44916343688965,37.108612060546875,86.87039375305176
200,1,210.16163635253906,16.292970657348633,47.43775939941406,87.5590648651123
201,1,207.90155029296875,17.881559371948242,49.272186279296875,86.61889839172363
202,1,207.38906860351562,17.167179107666016,49.17803955078125,87.40307998657227
203,1,208.46478271484375,15.876599311828613,46.45152282714844,88.77052593231201
204,1,206.76576232910156,14.743639945983887,45.7919921875,89.0553789138794
205,1,205.92794799804688,14.401728630065918,40.068023681640625,89.8214921951294
206,1,202.8761749267578,14.103078842163086,37.036102294921875,89.80106544494629
207,1,200.67349243164062,13.397761344909668,34.381103515625,89.63570880889893
208,1,198.04837036132812,12.73573112487793,31.117965698242188,89.98217964172363
209,1,195.9628448486328,14.156891822814941,27.806564331054688,88.81561183929443
210,1,193.46054077148438,14.91873550415039,28.655349731445312,90.95479965209961
211,1,190.4394073486328,15.258467674255371,32.035797119140625,88.85369968414307
212,1,187.91551208496094,16.985931396484375,34.392791748046875,87.57725524902344
213,1,178.1867218017578,15.41491985321045,44.51788330078125,92.1187105178833
214,1,175.25729370117188,19.29512596130371,46.99000549316406,88.47451972961426
215,1,174.07510375976562,17.070728302001953,48.18836975097656,91.57228469848633
216,1,174.27037048339844,16.70262336730957,46.83845520019531,91.1877498626709
217,1,172.62527465820312,18.89249038696289,46.0435791015625,89.14037704467773
218,1,172.1925506591797,22.725378036499023,44.25639343261719,84.81995582580566
219,1,169.63079833984375,22.133386611938477,40.16644287109375,84.8377513885498
220,1,167.41452026367188,22.676990509033203,37.3603515625,83.93117904663086
221,1,158.8903350830078,21.82254409790039,38.93812561035156,84.74405288696289
222,1,156.87582397460938,20.667137145996094,34.09507751464844,86.20247650146484
223,1,155.46482849121094,20.196605682373047,34.09437561035156,87.35210800170898
224,1,155.16661071777344,21.023984909057617,33.37811279296875,85.26304054260254
225,1,153.8889923095703,21.773923873901367,34.89546203613281,84.74139595031738
226,1,148.2427978515625,23.26727867126465,40.69586181640625,83.89793586730957
227,1,143.65374755859375,21.723861694335938,44.80511474609375,86.84701538085938
228,1,138.25540161132812,21.449207305908203,49.60005187988281,88.54922866821289
229,1,137.50010681152344,22.918123245239258,49.382598876953125,87.91958427429199
229,2,836.6375732421875,48.61124038696289,18.9736328125,73.02714157104492
230,1,139.048583984375,23.327964782714844,45.41197204589844,86.90410614013672
231,1,136.9568328857422,23.02310562133789,45.701385498046875,86.94221878051758
231,2,830.593994140625,41.631038665771484,25.103759765625,79.5331916809082
232,1,135.15707397460938,23.621715545654297,42.489349365234375,86.66347885131836
232,2,824.523681640625,40.49386215209961,31.19024658203125,80.79148483276367
233,1,129.45677185058594,21.318683624267578,43.38069152832031,88.93415451049805
233,2,817.9738159179688,44.48358154296875,37.863525390625,76.87013244628906
234,2,813.366455078125,45.695823669433594,41.90869140625,75.19244384765625
234,1,128.91879272460938,23.81878089904785,37.39552307128906,86.67992973327637
235,2,811.18798828125,47.048099517822266,42.760498046875,73.54253005981445
235,1,126.35513305664062,24.665245056152344,32.40852355957031,84.66424560546875
236,2,810.195068359375,46.112037658691406,40.16943359375,74.38604736328125
236,1,123.49081420898438,20.11518096923828,31.766357421875,90.09524536132812
237,2,809.5557861328125,45.68212890625,38.37152099609375,75.20689392089844
237,1,118.50337219238281,22.60272789001465,34.10484313964844,87.65497016906738
238,1,116.8974609375,22.45723533630371,35.00592041015625,89.32972145080566
238,2,809.4531860351562,44.940765380859375,35.95526123046875,75.72279357910156
239,2,808.8643798828125,43.47614288330078,34.20501708984375,76.62312316894531
239,1,114.43708801269531,23.265642166137695,37.61405944824219,88.72162437438965
240,1,111.1683578491211,17.513391494750977,40.583091735839844,95.2815990447998
240,2,808.4481201171875,43.66539001464844,32.232421875,77.85069274902344
241,2,809.716064453125,43.638858795166016,29.335205078125,74.9355583190918
241,1,105.87520599365234,22.008642196655273,46.167869567871094,91.26440620422363
242,2,807.9339599609375,43.594295501708984,29.30584716796875,76.37360000610352
242,1,104.0989990234375,23.38979721069336,48.2413330078125,90.63320541381836
243,2,804.449462890625,44.028133392333984,30.08624267578125,75.5003547668457
243,1,103.33934020996094,24.99294090270996,48.61480712890625,88.61918067932129
244,2,795.3134155273438,42.97510528564453,36.42633056640625,78.26763916015625
244,1,99.43122100830078,25.724851608276367,50.42523956298828,88.83172035217285
245,2,789.6451416015625,44.076438903808594,39.27880859375,76.65711975097656
245,1,97.7983169555664,24.586942672729492,45.86278533935547,89.69834327697754
246,2,786.3470458984375,45.569923400878906,39.90966796875,75.02715301513672
246,1,95.22183227539062,25.117162704467773,42.64274597167969,88.2835865020752
247,2,784.6304931640625,45.61452865600586,39.7867431640625,75.2173957824707
247,1,91.85343170166016,25.253936767578125,41.925025939941406,87.74761962890625
248,2,784.3945922851562,45.7075080871582,37.47265625,75.03660202026367
248,1,90.435302734375,25.756723403930664,34.40027618408203,87.55956840515137
249,2,784.682861328125,44.77531051635742,34.26654052734375,75.82135391235352
249,1,88.42943572998047,27.42740821838379,32.0909423828125,84.99978446960449
250,2,783.8155517578125,44.28361892700195,32.3011474609375,76.08756637573242
250,1,81.754638671875,26.606422424316406,37.767295837402344,85.7197265625
251,1,80.93147277832031,26.62944793701172,37.63719177246094,85.90422821044922
251,2,783.5962524414062,43.182594299316406,30.6553955078125,77.9983901977539
252,2,783.9468383789062,42.059608459472656,29.07232666015625,79.88429260253906
252,1,80.32012176513672,29.010068893432617,38.01154327392578,84.24638557434082
253,2,780.8834228515625,40.066680908203125,30.35052490234375,79.9490737915039
253,1,77.56188201904297,29.11426544189453,41.63148498535156,84.61052703857422
254,2,776.2963256835938,39.46558380126953,32.19195556640625,81.54650115966797
254,1,71.986572265625,28.237234115600586,46.86309814453125,86.31262397766113
255,1,70.95756530761719,28.409156799316406,47.288841247558594,86.84512329101562
255,2,766.2461547851562,39.823238372802734,38.7960205078125,80.66042709350586
256,1,69.55183410644531,27.77927589416504,47.158447265625,87.28738975524902
256,2,761.21044921875,40.59196090698242,41.50152587890625,80.46689224243164
257,2,756.8050537109375,40.799156188964844,43.94073486328125,80.00310516357422
257,1,67.42057800292969,30.933937072753906,46.215980529785156,83.7363510131836
258,2,755.9177856445312,41.10873031616211,42.09564208984375,79.67609024047852
258,1,54.80800247192383,28.989355087280273,54.889774322509766,85.94340705871582
259,2,753.1744384765625,41.098880767822266,43.7371826171875,80.31323623657227
259,1,53.61846923828125,25.902074813842773,51.016624450683594,88.20234870910645
260,2,752.4169311523438,40.48731994628906,41.56048583984375,80.95427703857422
260,1,52.132991790771484,24.61842155456543,45.99960708618164,89.85078620910645
261,2,754.1092529296875,40.72199249267578,36.22723388671875,80.79299926757812
261,1,53.39305114746094,27.021865844726562,39.936431884765625,86.75483703613281
262,2,753.5667114257812,39.81570816040039,32.60565185546875,81.06028366088867
262,1,55.94493865966797,31.07071876525879,32.00617980957031,83.52762413024902
263,2,753.0227661132812,40.19062805175781,31.1546630859375,80.7888412475586
263,1,50.021484375,29.038509368896484,36.83195495605469,88.21062850952148
264,2,753.272705078125,39.75061798095703,28.6907958984375,82.41445922851562
264,1,50.39353942871094,33.69182586669922,34.9815673828125,82.8543930053711
265,1,48.84347915649414,28.58210563659668,36.514835357666016,89.15698432922363
265,2,750.0116577148438,40.247825622558594,28.5172119140625,81.49809265136719
266,1,45.028228759765625,28.194753646850586,40.84143829345703,89.60637855529785
266,2,741.0410766601562,39.836788177490234,35.7508544921875,82.14968490600586
267,1,40.32882308959961,31.93844223022461,44.91219711303711,88.26108932495117
267,2,736.0902709960938,39.9521484375,38.16119384765625,81.36105346679688
268,1,38.55653381347656,30.585752487182617,45.96357727050781,88.77801704406738
268,2,729.3673706054688,40.13605880737305,41.309326171875,80.9356575012207
269,2,726.731201171875,39.969512939453125,41.37286376953125,81.42916870117188
269,1,37.08454895019531,32.845924377441406,47.03509521484375,85.7099380493164
270,1,36.382080078125,34.06875228881836,45.41755676269531,84.76716995239258
270,2,726.8013305664062,40.5943489074707,38.70977783203125,79.71673202514648
271,2,725.213134765625,40.56568145751953,38.97198486328125,80.80416870117188
271,1,32.97793197631836,35.386329650878906,47.45045852661133,83.97736358642578
272,2,724.525390625,39.54768753051758,35.71673583984375,82.14265823364258
272,1,29.920284271240234,34.52580642700195,46.00090408325195,84.6707649230957
273,2,723.560302734375,39.53450012207031,32.82244873046875,82.22825622558594
273,1,27.614879608154297,34.09490203857422,41.959598541259766,85.18730926513672
274,2,724.0934448242188,38.593971252441406,30.22369384765625,83.70639038085938
274,1,25.985877990722656,36.04908752441406,40.304962158203125,83.58841705322266
275,2,722.7329711914062,38.39443588256836,29.1295166015625,84.46975326538086
275,1,20.393774032592773,36.843624114990234,37.87004280090332,82.7942008972168
276,2,718.651123046875,38.126014709472656,30.2998046875,83.54788208007812
276,1,18.282617568969727,34.573020935058594,36.622907638549805,84.88507843017578
277,2,710.2280883789062,38.79423904418945,35.9844970703125,82.53757858276367
277,1,17.424556732177734,35.544921875,34.23855209350586,84.02822875976562
278,2,702.954833984375,39.51856994628906,40.5836181640625,81.71749877929688
278,1,16.02031135559082,36.36369705200195,35.591936111450195,82.83575057983398
279,2,699.1589965820312,39.98833465576172,41.191650390625,80.59889221191406
279,1,13.696690559387207,36.36838150024414,37.26908779144287,83.1166877746582
280,2,694.93212890625,39.723358154296875,43.64117431640625,81.66454315185547
280,1,10.309053421020508,35.900875091552734,41.604448318481445,84.41753005981445
281,2,693.2177734375,39.6478157043457,44.064208984375,82.10001754760742
281,1,7.941100597381592,34.38608169555664,42.62423753738403,85.82369613647461
282,2,691.5496215820312,39.604103088378906,43.01922607421875,81.58660125732422
282,1,4.94511604309082,33.38633346557617,45.5111141204834,87.4002799987793
283,2,691.626220703125,39.09617614746094,39.33837890625,81.89926147460938
283,1,4.139559268951416,35.24006271362305,43.96578359603882,84.5186882019043
284,2,691.4065551757812,38.259334564208984,35.549560546875,82.61603927612305
284,1,1.688995361328125,37.407470703125,44.681365966796875,82.68405151367188
285,2,692.0703125,38.297393798828125,30.82147216796875,83.45142364501953
285,1,0.7072407007217407,39.19880294799805,40.600677847862244,79.83274459838867
286,2,692.7359008789062,37.42758560180664,26.95965576171875,84.7418327331543
286,1,0.14201219379901886,8.437851905822754,34.950269147753716,111.57871913909912
287,2,688.4346923828125,37.679527282714844,28.359130859375,86.1514663696289
287,1,0.043469108641147614,6.427433490753174,29.605084739625454,112.8008074760437
288,2,681.45947265625,38.137203216552734,32.3592529296875,84.24405288696289
288,1,0.06493134051561356,4.034454822540283,24.736643366515636,113.485511302948
289,2,673.7866821289062,38.19701385498047,37.38525390625,83.49066925048828
289,1,0.0,1.4883811473846436,23.159072875976562,119.53353810310364
290,2,667.392578125,38.13449478149414,40.45721435546875,83.98351669311523
290,1,0.0,4.109278202056885,23.275014877319336,117.28844976425171
291,2,664.556396484375,38.59554672241211,41.0543212890625,83.60943222045898
291,1,0.016390683129429817,1.854384422302246,21.596230624243617,120.08504581451416
292,2,663.302490234375,38.204322814941406,39.8516845703125,83.8585205078125
292,1,0.03630312904715538,3.978907585144043,22.1655229665339,117.23080158233643
293,2,662.8372802734375,37.72745895385742,39.10333251953125,84.22909927368164
293,1,0.19565755128860474,10.306328773498535,21.96404093503952,108.45043087005615
294,2,661.9393310546875,38.283905029296875,36.1317138671875,84.07831573486328
294,1,0.0,60.54039001464844,22.005958557128906,58.454750061035156
295,2,662.4358520507812,37.31484603881836,28.98876953125,85.4648323059082
296,2,661.5689697265625,36.6634521484375,27.59051513671875,85.57810974121094
297,2,658.9498291015625,36.65514373779297,27.167236328125,86.9017562866211
298,2,654.9478759765625,36.523441314697266,28.5528564453125,85.76187515258789
299,2,644.1563110351562,37.275604248046875,35.73773193359375,85.61560821533203
300,2,637.8472900390625,37.34339141845703,39.9974365234375,84.43494415283203
301,2,631.3826293945312,37.99931716918945,44.9522705078125,84.39484786987305
302,2,628.8938598632812,37.865333557128906,45.9273681640625,84.13562774658203
303,2,628.5193481445312,38.18766403198242,45.76885986328125,83.67084121704102
304,2,626.15771484375,37.6696891784668,45.9683837890625,84.39861679077148
305,2,626.8131103515625,37.19258499145508,39.9190673828125,84.2420768737793
306,2,625.554931640625,36.84651565551758,35.10693359375,84.80266189575195
307,2,626.0708618164062,36.70760726928711,29.678466796875,84.78086471557617
308,2,625.1976318359375,36.39647674560547,27.0692138671875,85.16416931152344
309,2,621.7969970703125,37.05453109741211,27.08660888671875,83.93133926391602
310,2,611.966064453125,37.53010559082031,33.65216064453125,85.16117095947266
311,2,602.4347534179688,37.14384078979492,39.2789306640625,85.60197067260742
312,2,596.4927368164062,37.39472579956055,43.913818359375,85.23677444458008
313,2,594.3751831054688,37.35654067993164,44.69921875,85.11291122436523
314,2,592.1566772460938,37.65596008300781,46.4344482421875,86.04520416259766
315,2,592.094970703125,37.391178131103516,45.24298095703125,86.61956405639648
316,2,591.8538208007812,37.771331787109375,40.6256103515625,85.75897216796875
317,2,590.9940795898438,36.64917755126953,34.64031982421875,87.14169311523438
318,2,591.3563232421875,36.11809539794922,27.84820556640625,88.5801773071289
319,2,589.8421020507812,35.88395309448242,25.91949462890625,88.77670669555664
320,2,585.5144653320312,35.8275260925293,27.58740234375,87.89158248901367
321,2,579.4069213867188,35.54567337036133,31.3466796875,88.62591171264648
322,2,567.1806640625,36.70786666870117,41.4466552734375,87.04793167114258
323,2,560.935546875,37.06220626831055,46.26116943359375,86.75397109985352
324,2,560.8651733398438,36.565059661865234,45.7301025390625,86.4620475769043
325,2,559.5182495117188,36.39299011230469,45.9090576171875,86.39500427246094
326,2,558.8193969726562,35.56230545043945,45.16357421875,87.72293472290039
327,2,558.4296264648438,35.84056091308594,39.03228759765625,85.92964172363281
328,2,557.9840087890625,35.32110595703125,33.69287109375,86.99534606933594
329,2,557.4656982421875,34.89293670654297,29.15667724609375,85.40143585205078
330,2,553.4962768554688,35.44462966918945,27.57647705078125,85.82844161987305
331,2,550.4353637695312,34.826839447021484,27.028076171875,86.60699081420898
332,2,543.3417358398438,35.39482116699219,30.75921630859375,86.85004425048828
333,2,531.9559936523438,35.079795837402344,39.49163818359375,85.45673370361328
334,2,526.1688842773438,35.52943801879883,45.03973388671875,86.29754257202148
335,2,523.1369018554688,35.317230224609375,48.24835205078125,87.2851791381836
336,2,524.3238525390625,35.6605110168457,45.150634765625,86.1964225769043
337,2,522.8456420898438,35.068328857421875,44.81622314453125,87.37081146240234
338,2,522.1953125,35.05567169189453,39.6295166015625,88.60289001464844
339,2,522.4111938476562,35.10530090332031,32.70526123046875,88.42819213867188
340,2,520.7816162109375,34.12040710449219,26.25341796875,89.3919906616211
341,2,518.5892333984375,34.29686737060547,25.11663818359375,89.31437683105469
342,2,513.7890014648438,34.67331314086914,26.8839111328125,88.59418869018555
343,2,505.6270751953125,34.06285858154297,32.45648193359375,88.21507263183594
344,2,497.06085205078125,34.825923919677734,39.4942626953125,87.1834602355957
345,2,490.7941589355469,34.986881256103516,45.872100830078125,86.93857192993164
346,2,487.6827392578125,34.31938934326172,50.2628173828125,88.2493667602539
347,2,485.874267578125,35.227779388427734,50.885498046875,87.52905654907227
348,2,485.4964904785156,34.97572326660156,48.199493408203125,87.39218139648438
349,2,485.2256774902344,35.06085205078125,43.661895751953125,87.0285873413086
350,2,484.1546325683594,34.6800651550293,37.308868408203125,87.42073440551758
351,2,481.4743347167969,33.97257614135742,32.163970947265625,87.16972732543945
352,2,480.0394592285156,33.81825256347656,27.743011474609375,86.9571762084961
353,2,478.34930419921875,32.955562591552734,26.515869140625,89.05310440063477
354,2,473.1231384277344,33.26119613647461,29.0062255859375,88.5145149230957
355,2,462.7132263183594,33.499576568603516,37.14208984375,88.47924423217773
356,2,454.5563659667969,34.00333786010742,45.44110107421875,87.69925308227539
357,2,451.968017578125,34.25640869140625,47.783935546875,87.08535766601562
358,2,450.7276916503906,33.72927474975586,48.59051513671875,87.89875411987305
359,2,448.8804626464844,33.01245880126953,49.5604248046875,88.87652587890625
360,2,448.06787109375,33.84450149536133,46.70172119140625,88.07983016967773
361,2,447.063720703125,33.58413314819336,40.616790771484375,87.00586318969727
362,2,444.6788635253906,33.82461929321289,33.074798583984375,88.18701553344727
363,2,442.5732727050781,32.6662712097168,29.88262939453125,87.77627944946289
364,2,438.7434997558594,33.792091369628906,29.159454345703125,87.31362915039062
365,2,433.082275390625,32.15549850463867,32.752838134765625,89.20565414428711
366,2,426.24395751953125,32.867210388183594,38.04632568359375,88.73235321044922
367,2,419.8359375,33.67385482788086,44.053497314453125,87.73773574829102
368,2,415.28753662109375,34.33014678955078,49.182098388671875,87.34356689453125
369,2,413.1522216796875,34.131492614746094,51.51922607421875,87.69620513916016
370,2,412.58868408203125,34.623138427734375,50.08843994140625,87.04534912109375
371,2,411.795654296875,33.95550537109375,45.13116455078125,86.92790222167969
372,2,411.0446472167969,34.232887268066406,39.64453125,87.06786346435547
373,2,407.550048828125,34.18151092529297,35.952178955078125,86.77103424072266
374,2,404.2464294433594,33.398895263671875,30.85467529296875,87.24979400634766
375,2,402.6540222167969,32.173728942871094,28.217529296875,89.04129791259766
376,2,399.7695007324219,32.329002380371094,28.96441650390625,89.74463653564453
377,2,392.84027099609375,33.01824188232422,35.498138427734375,87.97059631347656
378,2,385.63629150390625,32.819114685058594,43.532257080078125,88.70912170410156
379,2,380.2127685546875,32.911231994628906,48.119140625,88.3616714477539
380,2,378.9508972167969,33.696231842041016,50.304595947265625,88.04793930053711
381,2,378.96636962890625,33.30769348144531,48.651641845703125,88.50023651123047
382,2,376.9703369140625,33.74640655517578,45.494415283203125,88.71001434326172
383,2,375.0144348144531,33.4874267578125,41.953460693359375,88.71558380126953
384,2,369.2264709472656,33.1020622253418,41.735015869140625,89.07178115844727
385,2,368.7908020019531,33.112117767333984,33.53692626953125,89.61922836303711
386,2,368.3606262207031,31.669151306152344,29.234375,89.8328857421875
387,2,362.29803466796875,33.42389678955078,32.206787109375,87.24354553222656
388,2,359.259033203125,33.51551055908203,33.08416748046875,87.4405746459961
389,2,352.0522155761719,32.84507369995117,39.983856201171875,87.95886611938477
390,2,346.3486022949219,33.835941314697266,45.919342041015625,87.7784538269043
391,2,344.688232421875,33.5091667175293,47.837432861328125,88.16635513305664
392,2,342.6375427246094,33.72346115112305,49.623748779296875,88.53920364379883
393,2,341.88604736328125,34.01553726196289,47.76715087890625,88.06118392944336
394,2,340.525634765625,34.02857208251953,41.757415771484375,88.14937591552734
395,2,338.9157409667969,33.29230499267578,37.396942138671875,88.78919219970703
396,2,335.8040771484375,33.342342376708984,31.54986572265625,87.40555191040039
397,2,332.2952575683594,33.065406799316406,30.190582275390625,88.18408966064453
398,2,329.27020263671875,32.76980972290039,31.362091064453125,89.01759719848633
399,2,325.07550048828125,33.247825622558594,34.405242919921875,87.83234405517578
400,2,317.29541015625,33.51017761230469,41.10894775390625,87.12702941894531
401,2,312.502685546875,33.528526306152344,45.326019287109375,86.33998107910156
402,2,308.6078796386719,34.14871597290039,48.735931396484375,86.97806167602539
403,2,306.6985168457031,34.22963333129883,49.8017578125,87.34244155883789
404,2,305.41888427734375,34.64004135131836,48.508880615234375,87.29056167602539
405,2,304.92449951171875,34.22035217285156,45.126922607421875,87.42144012451172
406,2,303.6095886230469,33.477115631103516,41.700225830078125,88.1170539855957
407,2,299.9313659667969,33.22710418701172,36.760498046875,88.54808044433594
408,2,297.9958801269531,33.042755126953125,31.194854736328125,87.30303192138672
409,2,294.43121337890625,33.397254943847656,29.8492431640625,87.00941467285156
410,2,294.7255859375,34.45433044433594,26.34161376953125,85.93984985351562
411,2,285.7481994628906,34.298980712890625,35.17327880859375,86.3500747680664
412,2,279.0088195800781,33.08507537841797,42.05126953125,88.0631332397461
413,2,272.64569091796875,35.01435852050781,49.19500732421875,86.17548370361328
414,2,271.5985107421875,30.920940399169922,50.12744140625,90.65103530883789
415,2,271.3377380371094,30.53955841064453,47.663421630859375,90.94860076904297
416,2,270.3076477050781,32.36907958984375,43.521728515625,88.4900894165039
417,2,269.1600341796875,33.91056823730469,37.923675537109375,86.20406341552734
418,2,266.75238037109375,35.09638214111328,34.3836669921875,84.952880859375
419,2,262.6925354003906,36.815101623535156,31.95623779296875,82.84683990478516
420,2,257.78546142578125,33.99991989135742,32.829742431640625,85.95083236694336
421,2,256.26458740234375,33.439613342285156,32.302947998046875,86.27651977539062
422,2,250.97369384765625,33.34478759765625,36.50811767578125,86.63603973388672
423,2,242.47605895996094,34.50401306152344,45.35801696777344,86.30265808105469
424,2,238.915771484375,35.25905227661133,48.1038818359375,85.22061538696289
425,2,238.7177276611328,35.8375358581543,48.49845886230469,85.3847770690918
426,2,237.60572814941406,34.76559066772461,48.44245910644531,86.26051712036133
427,2,235.02610778808594,33.70280838012695,46.99549865722656,86.92179489135742
428,2,233.07200622558594,33.550174713134766,41.28123474121094,87.35455703735352
429,2,230.79974365234375,32.88680648803711,39.341400146484375,88.05988693237305
430,2,226.3397216796875,33.5914192199707,36.01373291015625,87.01835250854492
431,2,223.77476501464844,32.36711502075195,31.73297119140625,87.86846542358398
432,2,222.17984008789062,32.20631408691406,30.502822875976562,87.59766387939453
433,2,219.2750701904297,32.52811813354492,33.25660705566406,87.32167434692383
434,2,212.87704467773438,33.52758026123047,39.43940734863281,86.58830261230469
435,2,209.0111846923828,34.767086029052734,43.38409423828125,85.42968368530273
436,2,208.2251434326172,35.04965591430664,43.702484130859375,85.36625289916992
437,2,206.68125915527344,34.8546142578125,44.822540283203125,85.43870544433594
438,2,203.1409149169922,34.304710388183594,45.44911193847656,85.80973815917969
439,2,200.74427795410156,33.008033752441406,41.34458923339844,86.02079772949219
440,2,199.1633758544922,32.406768798828125,36.48744201660156,85.74461364746094
441,2,195.2279510498047,31.941186904907227,33.37677001953125,86.03097343444824
442,2,193.052734375,31.701906204223633,29.534561157226562,86.33541679382324
443,2,189.5682373046875,32.85152816772461,32.760833740234375,84.80780410766602
444,2,184.861328125,33.92842102050781,37.47673034667969,84.41116333007812
445,2,179.50401306152344,33.1779670715332,42.43727111816406,85.77161026000977
446,2,175.8004608154297,33.929832458496094,45.72015380859375,85.02730560302734
447,2,174.9420166015625,34.69782638549805,46.50401306152344,84.62100601196289
448,2,173.51397705078125,35.19457244873047,47.07484436035156,83.57181549072266
449,2,170.9634246826172,35.87086868286133,46.69740295410156,82.86869430541992
450,2,168.2548370361328,37.0236701965332,42.43022155761719,81.64707565307617
451,2,163.66537475585938,32.501930236816406,41.95912170410156,86.47631072998047
452,2,159.56805419921875,32.55418014526367,38.96075439453125,86.23714065551758
453,2,159.36557006835938,31.232221603393555,35.08412170410156,87.39756202697754
454,2,157.41746520996094,31.59357261657715,31.6171875,86.47402381896973
455,2,154.2781219482422,34.20995330810547,34.24745178222656,83.56919860839844
456,2,150.7340087890625,35.28987503051758,37.88746643066406,83.12701034545898
457,2,143.9253692626953,35.283538818359375,44.73051452636719,83.04608917236328
458,2,143.03469848632812,36.057308197021484,44.78932189941406,82.47798538208008
459,2,143.09271240234375,33.39926528930664,43.63502502441406,86.01910781860352
460,2,141.65528869628906,32.09395980834961,41.779937744140625,85.70687484741211
461,2,140.2846221923828,32.05546569824219,37.13380432128906,86.06787872314453
462,2,136.4270782470703,33.49288558959961,35.49137878417969,83.65768051147461
463,2,134.9817352294922,34.3225212097168,30.321517944335938,81.8831901550293
464,2,128.4796600341797,33.85253143310547,33.14605712890625,82.61285400390625
465,2,127.85327911376953,33.22340774536133,32.269996643066406,84.55757522583008
466,2,121.27234649658203,34.245426177978516,37.25110626220703,83.77127456665039
467,2,118.6434097290039,33.93440246582031,39.354835510253906,84.40892028808594
468,2,114.06263732910156,35.92879104614258,44.11729431152344,81.98148727416992
469,2,112.22264862060547,36.13694763183594,45.876670837402344,82.41116333007812
470,2,110.85429382324219,35.68482208251953,47.55787658691406,82.61727142333984
471,2,112.09784698486328,35.92469024658203,42.852088928222656,82.78018951416016
472,2,110.47088623046875,35.22962188720703,38.46925354003906,83.38789367675781
473,2,107.15015411376953,35.72306442260742,36.946434020996094,83.01425552368164
474,2,102.89013671875,34.70806121826172,35.1002197265625,84.3976821899414
475,2,100.45294189453125,34.53619384765625,31.3590087890625,83.19721221923828
476,2,97.92049407958984,34.61460494995117,29.767662048339844,83.60221481323242
477,2,95.58692932128906,35.4119873046875,31.24535369873047,82.16358947753906
478,2,89.68736267089844,36.5054931640625,37.05632019042969,81.69424438476562
479,2,88.28489685058594,37.45372009277344,38.073402404785156,80.79265594482422
480,2,82.84127807617188,38.788002014160156,43.977806091308594,80.0909652709961
481,2,81.2942886352539,38.766822814941406,44.85028076171875,80.4549560546875
482,2,79.26180267333984,37.90858840942383,44.96021270751953,80.90365219116211
483,2,78.70521545410156,37.76507568359375,40.35633087158203,80.40247344970703
484,2,77.10204315185547,37.227474212646484,34.336700439453125,81.5632209777832
485,2,73.7069091796875,37.24016189575195,31.736663818359375,80.67251205444336
486,2,71.92928314208984,37.29806900024414,29.29865264892578,79.60266494750977
487,2,68.56796264648438,37.90951919555664,30.724334716796875,80.98148727416992
488,2,65.03076171875,38.50992202758789,33.41716003417969,81.4547233581543
489,2,62.66337203979492,38.754398345947266,35.65889358520508,81.95335006713867
490,2,57.63675308227539,38.94651794433594,39.88978958129883,81.39107513427734
491,2,55.22319793701172,39.47386169433594,41.962623596191406,80.84700012207031
492,2,53.501792907714844,38.60648727416992,42.658775329589844,81.89377212524414
493,2,51.68115234375,38.303924560546875,42.24433135986328,82.23845672607422
494,2,48.442264556884766,38.814754486083984,40.43618392944336,81.2345085144043
495,2,47.522560119628906,37.64515686035156,36.260772705078125,82.38053894042969
496,2,43.86381912231445,38.09906005859375,35.544132232666016,81.36091613769531
497,2,42.394222259521484,36.536834716796875,32.105953216552734,82.84927368164062
498,2,39.32023620605469,38.14970779418945,32.155784606933594,81.18947982788086
499,2,37.47673797607422,38.37334442138672,33.83235168457031,81.4810791015625
500,2,33.080528259277344,39.415618896484375,37.53961181640625,80.68262481689453
501,2,31.46006965637207,40.18910217285156,39.43189811706543,79.86917114257812
502,2,29.83664894104004,39.101932525634766,39.80196189880371,80.75347518920898
503,2,28.313613891601562,40.418949127197266,40.457969665527344,79.54019546508789
504,2,24.23712730407715,40.670501708984375,40.635507583618164,76.77606964111328
