0,1,409.1371154785156,46.6141471862793,21.246124267578125,49.563838958740234
0,2,378.013916015625,43.11319351196289,20.94757080078125,53.58964920043945
0,3,414.8888854980469,0.060727160423994064,12.64068603515625,24.398655850440264
1,1,409.10760498046875,46.050994873046875,21.35076904296875,49.92266082763672
1,2,378.0023193359375,42.33677673339844,21.105621337890625,54.242523193359375
1,3,414.93133544921875,0.055750004947185516,12.58380126953125,24.487844355404377
2,1,409.27154541015625,45.58511734008789,21.109161376953125,49.764408111572266
2,2,378.0205078125,42.057708740234375,21.047027587890625,53.83409118652344
2,3,414.8145751953125,0.015037335455417633,12.691558837890625,24.125486575067043
3,1,409.5823059082031,45.25751876831055,20.87042236328125,49.74575424194336
3,2,378.0850524902344,41.65184783935547,20.961944580078125,53.67163848876953
3,3,415.2010803222656,0.0,12.557586669921875,24.645320892333984
4,1,409.9197692871094,44.70896530151367,20.535247802734375,50.218685150146484
4,2,378.2190246582031,41.65707015991211,20.85009765625,53.078556060791016
4,3,415.2807922363281,0.0,12.692474365234375,24.42350196838379
5,1,409.8648376464844,44.69411849975586,20.54815673828125,50.40803146362305
5,2,378.16162109375,41.684017181396484,20.919921875,52.76970291137695
5,3,415.3172607421875,0.0,12.616851806640625,24.277883529663086
6,1,409.84112548828125,44.682769775390625,20.4814453125,50.266746520996094
6,2,378.1661376953125,41.70292282104492,20.966949462890625,52.79496383666992
6,3,415.33721923828125,0.0,12.592529296875,24.245378494262695
7,1,410.0262451171875,44.70805740356445,20.294097900390625,50.461002349853516
7,2,378.15618896484375,41.5487060546875,21.180084228515625,52.508827209472656
7,3,415.3215026855469,0.0,12.92193603515625,24.670730590820312
8,1,410.0364685058594,44.71351623535156,20.398529052734375,50.07184600830078
8,2,378.4878234863281,41.56685256958008,21.020904541015625,51.884769439697266
8,3,415.37957763671875,0.0,13.26080322265625,24.39969825744629
9,1,409.9590759277344,44.7166748046875,20.44268798828125,49.667022705078125
9,2,378.5602722167969,41.496002197265625,20.870208740234375,52.87633514404297
9,3,415.2948913574219,0.0,13.304473876953125,24.71237564086914
10,2,378.53741455078125,41.20198059082031,20.21484375,52.33210754394531
10,1,410.0557556152344,44.556026458740234,20.131622314453125,49.02824783325195
10,3,415.36419677734375,0.0,13.042816162109375,24.821622848510742
11,1,410.12506103515625,44.30160903930664,19.99456787109375,49.11586380004883
11,2,378.5635070800781,40.87045669555664,20.100067138671875,53.06696701049805
11,3,415.4466857910156,0.0,13.117919921875,24.824264526367188
12,2,378.57763671875,40.554325103759766,20.245941162109375,52.564815521240234
12,1,410.0722351074219,43.60303497314453,19.723541259765625,48.945884704589844
12,3,415.344482421875,0.0,12.985443115234375,24.951391220092773
13,2,378.3692932128906,40.08873748779297,20.432891845703125,52.03076171875
13,1,409.93121337890625,43.15299987792969,19.697845458984375,48.41606903076172
13,3,415.2343444824219,0.0,13.136871337890625,24.993213653564453
14,2,377.8458251953125,39.886417388916016,20.916717529296875,51.40293502807617
14,1,409.8410949707031,42.647865295410156,19.428192138671875,48.60846710205078
14,3,415.2694396972656,0.0,13.347991943359375,25.324565887451172
15,2,377.49127197265625,39.49333953857422,21.292510986328125,51.70246124267578
15,1,409.6907958984375,42.122215270996094,19.382080078125,49.22125244140625
15,3,415.34356689453125,0.0,13.169464111328125,25.32975959777832
16,2,377.29705810546875,39.3211555480957,21.412750244140625,51.830936431884766
16,1,409.5414733886719,42.00690460205078,19.022491455078125,49.305694580078125
16,3,415.5813293457031,0.0,13.461212158203125,25.362232208251953
17,1,409.46588134765625,42.09456253051758,18.97137451171875,48.99747085571289
17,2,377.1394348144531,39.310367584228516,21.381805419921875,51.748600006103516
17,3,415.82366943359375,0.0,13.4117431640625,25.398855209350586
18,1,409.3260192871094,42.2868537902832,18.838226318359375,48.75907516479492
18,2,376.8741760253906,39.156982421875,21.588653564453125,51.847267150878906
18,3,415.80078125,0.0,13.66241455078125,25.389909744262695
19,2,376.40838623046875,39.054237365722656,21.992919921875,51.65238952636719
19,1,409.4019775390625,42.41178894042969,18.28369140625,48.6236572265625
19,3,415.82061767578125,0.0,13.41180419921875,25.721988677978516
20,2,375.991455078125,39.092166900634766,22.226226806640625,51.60173416137695
20,1,409.068359375,42.4184455871582,18.470489501953125,48.27409744262695
20,3,416.2518005371094,0.0,13.4425048828125,25.584463119506836
21,2,375.7584228515625,39.131019592285156,22.055267333984375,51.50934600830078
21,1,408.477294921875,42.191165924072266,18.625823974609375,48.25349044799805
21,3,415.99627685546875,0.0,13.87640380859375,25.57094955444336
22,2,375.80438232421875,39.08345031738281,21.47216796875,51.25629425048828
22,1,408.0317687988281,41.79145431518555,18.817169189453125,48.300777435302734
22,3,415.8118591308594,0.0,14.125396728515625,25.71060562133789
23,2,375.82891845703125,38.88309860229492,20.894012451171875,51.21742630004883
23,1,407.51922607421875,41.49761199951172,19.181915283203125,48.08561706542969
23,3,415.8263244628906,0.0,14.30596923828125,25.3452091217041
24,1,407.2010192871094,41.18339157104492,19.426422119140625,47.621219635009766
24,2,375.93048095703125,38.52948760986328,20.373931884765625,51.559417724609375
24,3,415.95281982421875,0.0,14.18994140625,25.305009841918945
25,2,375.9279479980469,38.12316131591797,20.02911376953125,51.590187072753906
25,1,406.9463195800781,40.67375946044922,19.70526123046875,47.72332763671875
25,3,415.8183288574219,0.0,14.36016845703125,25.62869644165039
26,2,375.97113037109375,37.81414031982422,19.687713623046875,51.24592590332031
26,1,406.65850830078125,40.30590057373047,19.739471435546875,47.70243835449219
26,3,416.18511962890625,0.0,14.20489501953125,25.843618392944336
27,1,406.6739196777344,39.931121826171875,19.449005126953125,47.35399627685547
27,2,376.1112365722656,37.54517364501953,19.4705810546875,50.717933654785156
27,3,416.4972839355469,0.0,14.21600341796875,26.186809539794922
28,1,406.5766296386719,39.561767578125,19.3897705078125,47.162567138671875
28,2,376.2288513183594,37.24760055541992,19.339447021484375,50.35036849975586
28,3,417.1390380859375,0.0,13.52978515625,26.388248443603516
29,1,406.4132995605469,39.620849609375,19.4537353515625,47.51933288574219
29,2,376.2239074707031,36.94377517700195,19.457672119140625,50.216739654541016
29,3,416.5205078125,0.1285463124513626,14.558135986328125,26.34649221599102
30,1,406.38909912109375,39.763267517089844,19.22149658203125,47.39331817626953
30,2,375.9734191894531,36.70907211303711,19.921661376953125,50.196353912353516
30,3,417.4688415527344,0.25470736622810364,13.619354248046875,26.021345108747482
31,1,406.1712951660156,39.72045135498047,19.482147216796875,47.434844970703125
31,2,375.7049255371094,36.4166374206543,20.343963623046875,49.72011947631836
31,3,416.8683166503906,0.11366459727287292,14.51141357421875,26.337585479021072
32,1,406.09539794921875,39.89305114746094,19.365264892578125,47.16371154785156
32,2,375.63092041015625,36.500370025634766,20.21881103515625,49.7945671081543
32,3,417.6294250488281,0.09051866084337234,14.02105712890625,26.312000565230846
33,1,406.2353210449219,39.86701583862305,19.131378173828125,47.18976974487305
33,2,375.6406555175781,36.55292892456055,20.06103515625,49.83890151977539
33,3,417.552734375,0.2425565868616104,14.229217529296875,26.182904228568077
34,1,406.3030700683594,39.560523986816406,19.038970947265625,47.10585021972656
34,2,375.5683288574219,36.59397888183594,20.104156494140625,49.86090087890625
34,3,418.5662536621094,0.2974851429462433,13.49664306640625,25.98652097582817
35,1,406.2611083984375,39.26213073730469,18.6553955078125,46.29124450683594
35,2,375.625,36.720672607421875,19.85906982421875,49.594383239746094
35,3,418.0326232910156,0.17156006395816803,14.45428466796875,26.307077631354332
36,1,406.2770080566406,38.601932525634766,18.4276123046875,46.170413970947266
36,2,375.736572265625,36.689231872558594,19.40264892578125,49.647308349609375
36,3,418.7740173339844,0.3021561801433563,13.907745361328125,26.144634515047073
37,1,406.3412780761719,37.9267692565918,18.06500244140625,45.98453140258789
37,2,375.8167419433594,36.647804260253906,19.195556640625,49.50129699707031
37,3,418.3062438964844,0.20024439692497253,14.68377685546875,26.187874346971512
38,2,375.4800109863281,36.305084228515625,19.40679931640625,49.585113525390625
38,1,406.2160339355469,37.34267044067383,18.001312255859375,46.82328414916992
38,3,417.7389831542969,0.16875004768371582,15.22900390625,26.30981135368347
39,2,375.2751770019531,35.93671417236328,19.672882080078125,49.9901123046875
39,1,406.0414733886719,37.215980529785156,18.31341552734375,46.735374450683594
39,3,418.3818359375,0.17263151705265045,14.785247802734375,26.378906950354576
40,2,375.1024475097656,35.64118957519531,19.719146728515625,50.072471618652344
40,1,405.83740234375,37.19343948364258,18.322296142578125,46.81723403930664
40,3,418.78271484375,0.16564539074897766,14.446533203125,26.581346720457077
41,2,374.6612548828125,35.36515808105469,19.80413818359375,49.05384826660156
41,1,405.7696838378906,37.273929595947266,18.297821044921875,46.50411605834961
41,3,418.2896728515625,0.24900317192077637,15.008758544921875,26.77160954475403
42,2,374.4276123046875,34.640480041503906,19.753692626953125,48.869407653808594
42,1,405.6985778808594,37.40471649169922,18.347930908203125,46.28004455566406
42,3,417.8338317871094,0.27387872338294983,15.51177978515625,26.93385824561119
43,2,374.13348388671875,34.3828239440918,19.824310302734375,49.28364944458008
43,1,405.6717224121094,37.57693099975586,17.85150146484375,45.995731353759766
43,3,417.8518371582031,0.29874664545059204,15.320526123046875,26.859731137752533
44,2,373.73028564453125,33.87363052368164,19.98748779296875,49.852962493896484
44,1,405.43902587890625,37.715423583984375,17.928741455078125,45.90723419189453
44,3,417.6210632324219,0.3168695271015167,15.962066650390625,26.944166392087936
45,2,373.7015075683594,33.63972473144531,19.95623779296875,49.770606994628906
45,1,405.06573486328125,37.5706901550293,18.0030517578125,45.58687973022461
45,3,417.45428466796875,0.3657277822494507,15.944427490234375,26.89099943637848
46,2,373.7384948730469,33.493099212646484,19.984710693359375,49.6062126159668
46,1,404.4696960449219,37.22349548339844,18.561004638671875,45.72728729248047
46,3,418.0268249511719,0.5545688271522522,15.5712890625,26.705067098140717
47,2,373.5262145996094,33.615760803222656,19.875213623046875,49.109291076660156
47,1,403.9026184082031,37.1453971862793,19.01873779296875,45.43801498413086
47,3,418.0044250488281,0.49868109822273254,15.816680908203125,26.673003166913986
48,2,373.5562438964844,33.90544509887695,19.438262939453125,48.72734451293945
48,1,403.15765380859375,36.519351959228516,19.88568115234375,45.42399978637695
48,3,418.394775390625,0.47156694531440735,15.58233642578125,26.820024698972702
49,1,403.1427917480469,36.078609466552734,19.881683349609375,45.16623306274414
49,2,373.9767150878906,33.91041946411133,18.719757080078125,48.2749137878418
49,3,418.6136779785156,0.4611878991127014,15.308135986328125,26.823045194149017
50,2,374.025390625,33.90312194824219,18.328826904296875,48.197967529296875
50,1,403.4090881347656,35.79360580444336,19.31048583984375,44.92610549926758
50,3,418.6820068359375,0.3882601857185364,15.284027099609375,26.97485703229904
51,1,403.72003173828125,35.566322326660156,19.0010986328125,44.632965087890625
51,2,373.769287109375,33.74017333984375,18.40228271484375,48.092933654785156
51,3,419.639892578125,0.42420873045921326,14.15972900390625,26.890536218881607
52,2,373.3285827636719,33.637176513671875,18.726531982421875,47.963294982910156
52,1,404.0890197753906,35.517086029052734,18.486480712890625,44.10915756225586
52,3,419.6191711425781,0.3040592670440674,13.96832275390625,27.09835124015808
53,2,372.820556640625,33.29521942138672,19.058563232421875,47.47764587402344
53,1,404.1278991699219,35.41829299926758,18.4337158203125,44.30714797973633
53,3,419.5626525878906,0.268025279045105,14.276885986328125,27.458897709846497
54,2,372.4542541503906,32.70967102050781,19.3892822265625,47.56816864013672
54,1,403.9639587402344,35.36797332763672,18.615142822265625,44.22840881347656
54,3,419.5671081542969,0.3232663571834564,14.43133544921875,27.78922525048256
55,2,372.55096435546875,32.27354049682617,19.27203369140625,47.59438705444336
55,1,403.7715148925781,35.35994338989258,18.699859619140625,44.482784271240234
55,3,420.1969909667969,0.3117099702358246,14.496734619140625,28.121023565530777
56,1,403.75823974609375,35.54612731933594,18.8160400390625,44.43828582763672
56,2,372.4617614746094,31.949779510498047,19.513275146484375,47.60232925415039
56,3,419.9314270019531,0.55402672290802,15.225189208984375,28.152653574943542
57,1,403.78997802734375,35.388912200927734,18.7174072265625,44.27470016479492
57,2,372.533935546875,31.702266693115234,19.44256591796875,47.6143684387207
57,3,419.7937927246094,0.9379794597625732,15.67620849609375,27.867058992385864
58,1,403.9330139160156,35.12629699707031,18.34344482421875,43.946434020996094
58,2,372.2900085449219,31.51683235168457,19.724456787109375,47.435590744018555
58,3,420.2517395019531,0.6646530032157898,15.464508056640625,28.143370449543
59,1,404.2325134277344,34.83347702026367,17.512481689453125,43.88554763793945
59,2,372.5398864746094,31.408761978149414,19.3616943359375,47.22634696960449
59,3,420.9565734863281,1.145528793334961,14.98284912109375,27.490222930908203
60,2,372.3590087890625,31.26158332824707,19.941436767578125,47.57419395446777
60,1,403.9870300292969,34.21277618408203,17.4970703125,43.200523376464844
60,3,421.4842224121094,0.8097928166389465,14.50732421875,27.935774505138397
61,1,404.0181884765625,33.625221252441406,17.13702392578125,43.85578155517578
61,2,372.4525146484375,31.35011100769043,19.73480224609375,47.49509620666504
61,3,421.2875061035156,1.2230994701385498,15.072418212890625,27.54812741279602
62,1,403.8019714355469,33.4592399597168,17.323577880859375,43.95071792602539
62,2,372.8916320800781,31.24996566772461,19.494873046875,47.7533073425293
62,3,421.62396240234375,1.160196304321289,15.09088134765625,27.556299209594727
63,1,403.8183288574219,33.247188568115234,17.24481201171875,44.0461311340332
63,2,373.05914306640625,31.510812759399414,19.006561279296875,47.61116600036621
63,3,422.5006103515625,1.2361010313034058,14.81805419921875,27.569917798042297
64,1,403.8728942871094,33.34395980834961,17.060333251953125,43.905460357666016
64,2,373.22900390625,31.556934356689453,18.59112548828125,47.69546890258789
64,3,423.3849792480469,0.8340561389923096,14.168426513671875,27.88564944267273
65,2,373.23583984375,31.415067672729492,18.413482666015625,47.65215492248535
65,1,403.76446533203125,33.264007568359375,17.1304931640625,43.85108947753906
65,3,423.1634826660156,0.9914143681526184,14.533233642578125,27.78125637769699
66,2,372.977294921875,30.937654495239258,18.657501220703125,48.04074668884277
66,1,403.7021789550781,33.13386154174805,16.824951171875,44.008541107177734
66,3,423.7625732421875,1.2708097696304321,14.202392578125,27.30043351650238
67,2,372.74359130859375,30.966169357299805,18.93463134765625,47.21837043762207
67,1,403.2962646484375,33.25699996948242,17.0162353515625,43.614017486572266
67,3,423.60980224609375,0.8850483894348145,14.476104736328125,27.898553371429443
68,1,402.9661865234375,33.145198822021484,17.037384033203125,43.57853317260742
68,2,372.2763977050781,30.5908145904541,19.43096923828125,46.659353256225586
68,3,423.890380859375,1.195051670074463,14.468017578125,27.700515270233154
69,1,402.6340637207031,33.209129333496094,17.11932373046875,43.108192443847656
69,2,371.9704895019531,30.08793067932129,19.64349365234375,46.307668685913086
69,3,424.23431396484375,1.3929375410079956,14.278778076171875,27.6401606798172
70,2,371.83935546875,29.65788459777832,19.79840087890625,46.09645652770996
70,1,402.2276916503906,33.09410095214844,17.192047119140625,43.006141662597656
70,3,424.1274108886719,1.4970803260803223,14.518035888671875,27.58024549484253
71,2,371.71832275390625,29.283994674682617,19.533203125,46.55112648010254
71,1,402.078857421875,32.9542121887207,17.1064453125,42.95781326293945
71,3,424.1356506347656,1.1370898485183716,14.665313720703125,28.081869959831238
72,2,371.2363586425781,29.071971893310547,19.408782958984375,46.8991813659668
72,1,401.28411865234375,32.27227020263672,17.393951416015625,43.053741455078125
72,3,424.0353698730469,1.5632998943328857,15.06988525390625,27.882943391799927
73,2,371.04974365234375,29.043298721313477,19.5543212890625,46.622297286987305
73,1,401.1123046875,31.870616912841797,17.53656005859375,43.175411224365234
73,3,424.09967041015625,1.1758445501327515,15.20294189453125,28.24339258670807
74,2,370.8847961425781,29.052595138549805,19.3961181640625,46.483659744262695
74,1,401.1064758300781,30.98918914794922,17.566680908203125,43.6375732421875
74,3,424.0143737792969,0.6426257491111755,15.43603515625,28.833576261997223
75,2,370.6212463378906,29.38536262512207,19.290069580078125,46.10812950134277
75,1,400.7568359375,30.736440658569336,17.86016845703125,43.635759353637695
75,3,424.5107727050781,0.6924980282783508,15.0638427734375,28.913138568401337
76,2,370.6807861328125,29.44021224975586,18.66290283203125,45.85220718383789
76,1,401.0904235839844,30.553483963012695,17.520172119140625,43.92648124694824
76,3,424.1658935546875,0.6972302794456482,15.681182861328125,28.95366007089615
77,2,370.70654296875,29.509918212890625,18.016571044921875,45.91252136230469
77,1,400.6020202636719,30.56001091003418,17.95477294921875,43.84884071350098
77,3,424.7704772949219,0.8389044404029846,15.283538818359375,28.85128492116928
78,2,370.4645080566406,29.38223648071289,17.936492919921875,46.10954666137695
78,1,400.53204345703125,30.64167022705078,18.054962158203125,43.76170349121094
78,3,425.0895080566406,0.6828664541244507,15.379150390625,29.119084000587463
79,2,370.1410217285156,29.244600296020508,18.177642822265625,46.08798789978027
79,1,400.5205078125,30.611448287963867,18.10302734375,43.80741310119629
79,3,424.8612365722656,0.7526269555091858,15.887054443359375,29.115382611751556
80,2,370.1050720214844,28.97062110900879,18.150115966796875,46.07997703552246
80,1,400.387939453125,30.636781692504883,17.979827880859375,43.80303764343262
80,3,425.181640625,0.7488284111022949,15.42926025390625,29.262726306915283
81,2,370.2409973144531,28.494115829467773,17.89886474609375,45.83218574523926
81,1,400.278564453125,30.346418380737305,17.95855712890625,43.877092361450195
81,3,425.3699035644531,1.149929404258728,15.103363037109375,29.147884011268616
82,2,369.9990539550781,27.626323699951172,18.07037353515625,45.82896041870117
82,1,400.34490966796875,30.30284309387207,17.469390869140625,43.36055564880371
82,3,425.88018798828125,1.3356798887252808,14.54473876953125,29.244966626167297
83,2,370.1445007324219,27.363998413085938,17.739410400390625,45.40179443359375
83,1,400.4749755859375,29.661361694335938,16.171661376953125,43.02013397216797
83,3,425.9908447265625,1.3839718103408813,14.562957763671875,29.357656836509705
84,2,370.00714111328125,27.21170425415039,17.66253662109375,45.20759201049805
84,1,400.3423767089844,29.210891723632812,15.47625732421875,42.911521911621094
84,3,426.6559143066406,1.1430913209915161,14.156494140625,29.739688754081726
85,2,369.9076843261719,27.033689498901367,17.545196533203125,45.114633560180664
85,1,400.2224426269531,29.04432487487793,15.109588623046875,43.02994728088379
85,3,427.39404296875,0.9486174583435059,13.514617919921875,30.035526752471924
86,2,369.67633056640625,26.94537925720215,17.7491455078125,44.99802589416504
86,1,399.9105224609375,28.82632827758789,15.085906982421875,43.461483001708984
86,3,427.6034851074219,1.135807991027832,13.71746826171875,29.95478343963623
87,2,369.1487731933594,27.082624435424805,18.28228759765625,45.03923225402832
87,1,399.8326110839844,28.592876434326172,15.10150146484375,43.62501907348633
87,3,427.78594970703125,1.1132066249847412,13.764404296875,30.191065073013306
88,2,369.1484680175781,27.033039093017578,18.223358154296875,45.35115432739258
88,1,399.9159851074219,28.500202178955078,14.819061279296875,43.7040901184082
88,3,427.67364501953125,1.366180658340454,14.002532958984375,29.990155935287476
89,2,369.19439697265625,27.12712287902832,17.951416015625,44.89773368835449
89,1,399.93658447265625,28.593658447265625,14.47705078125,43.27861785888672
89,3,428.4886474609375,1.2121732234954834,13.395416259765625,30.180994272232056
90,2,369.1849670410156,27.163860321044922,17.95770263671875,45.09782791137695
90,1,399.7994384765625,28.663494110107422,14.497802734375,43.22410202026367
90,3,427.427734375,0.36327874660491943,15.181640625,31.420145630836487
91,2,369.2774658203125,27.20905876159668,17.61737060546875,44.988656997680664
91,1,399.28619384765625,28.771862030029297,14.695831298828125,42.86665725708008
91,3,428.6235046386719,1.0160858631134033,13.854278564453125,30.389282941818237
92,2,369.12139892578125,27.206363677978516,17.96514892578125,45.04404830932617
92,1,398.64532470703125,28.788448333740234,15.123199462890625,42.39450454711914
92,3,427.456787109375,1.0466656684875488,15.422576904296875,30.342071056365967
93,2,368.96148681640625,26.87552261352539,18.04449462890625,45.21383285522461
93,1,398.4319152832031,28.85798454284668,14.9478759765625,42.21940040588379
93,3,428.09027099609375,1.1518925428390503,14.9498291015625,30.263936161994934
94,2,368.86944580078125,26.575483322143555,17.7789306640625,45.32792854309082
94,1,397.89105224609375,28.751583099365234,14.976593017578125,41.912166595458984
94,3,428.37060546875,0.37097281217575073,15.7265625,31.169098675251007
95,2,368.5317687988281,26.045080184936523,17.597137451171875,44.73256874084473
95,1,397.2745056152344,28.225341796875,15.308929443359375,42.34758758544922
95,3,429.4909362792969,0.6549704074859619,14.713043212890625,31.02505850791931
96,2,367.7375793457031,24.825851440429688,17.735687255859375,44.633575439453125
96,1,396.1949462890625,27.381187438964844,15.599456787109375,42.502532958984375
96,3,429.4417724609375,1.1517802476882935,15.092010498046875,31.086302638053894
97,2,367.3343811035156,24.825176239013672,17.68841552734375,44.5252571105957
97,1,395.8812561035156,27.341123580932617,15.437255859375,42.12624549865723
97,3,429.423583984375,0.7382695078849792,14.96051025390625,31.490436851978302
98,2,367.3648681640625,24.840349197387695,17.544830322265625,44.42585563659668
98,1,395.6830749511719,27.242237091064453,15.4971923828125,41.74032974243164
98,3,429.83721923828125,0.5837799906730652,14.844573974609375,31.750517189502716
99,2,366.95733642578125,24.762985229492188,17.811004638671875,44.594032287597656
99,1,395.41064453125,27.248004913330078,15.7454833984375,41.7862434387207
99,3,430.0244445800781,1.0966399908065796,14.64581298828125,31.27814257144928
100,2,366.7949523925781,24.793569564819336,17.904083251953125,44.684701919555664
100,1,394.9118957519531,27.210542678833008,15.9423828125,41.837575912475586
100,3,430.7620849609375,2.549382448196411,14.366058349609375,29.95427966117859
101,2,366.52996826171875,24.790124893188477,18.078277587890625,44.45236015319824
101,1,394.714599609375,27.323257446289062,15.89801025390625,41.69844055175781
101,3,430.9618835449219,3.0975992679595947,14.102142333984375,29.57170844078064
102,2,366.6191101074219,24.894126892089844,17.820098876953125,44.25469970703125
102,1,394.4609069824219,27.350290298461914,16.00811767578125,41.32034111022949
102,3,430.9559631347656,3.241384267807007,14.415863037109375,29.397409677505493
103,2,366.5158386230469,24.921228408813477,17.623260498046875,44.174177169799805
103,1,394.3041687011719,27.434206008911133,16.011688232421875,41.277143478393555
103,3,431.4114074707031,3.3332066535949707,14.060333251953125,29.29827070236206
104,2,365.9945983886719,25.017786026000977,17.85552978515625,44.28561210632324
104,1,394.3101806640625,27.442747116088867,15.908721923828125,41.27334785461426
104,3,431.3602600097656,3.31373929977417,14.034454345703125,29.34266710281372
105,2,366.0760803222656,24.910903930664062,17.44970703125,44.09590148925781
105,1,394.2442626953125,27.296770095825195,15.768463134765625,41.28187370300293
105,3,431.6195068359375,2.649869441986084,14.176239013671875,29.97330331802368
105,4,197.5062713623047,459.4409484863281,33.76383972167969,19.156768798828125
106,2,365.80047607421875,24.584285736083984,17.651763916015625,44.06509780883789
106,1,393.9759826660156,26.946701049804688,15.975555419921875,40.88346862792969
106,3,432.6733093261719,2.552832841873169,13.8782958984375,30.22448420524597
106,4,188.27793884277344,447.0174560546875,54.97526550292969,31.632720947265625
107,2,365.8033447265625,24.32917594909668,17.2545166015625,43.9260196685791
107,1,394.0315856933594,26.26578140258789,15.35723876953125,40.79171371459961
107,3,433.3923645019531,2.8250138759613037,13.670196533203125,30.13288712501526
107,4,176.12452697753906,435.12664794921875,59.22520446777344,43.55584716796875
108,2,365.70947265625,23.94894790649414,16.997100830078125,43.87580490112305
108,1,394.095947265625,26.099252700805664,14.91552734375,40.469655990600586
108,4,161.66587829589844,424.4037780761719,65.16923522949219,53.944580078125
108,3,433.85845947265625,2.965832233428955,13.679168701171875,30.027011394500732
109,2,365.5196228027344,23.284290313720703,17.013031005859375,44.001094818115234
109,1,394.05096435546875,26.098424911499023,14.53167724609375,40.634103775024414
109,3,434.039306640625,3.0213921070098877,13.8212890625,29.95592951774597
109,4,146.15277099609375,413.79803466796875,73.40931701660156,64.8780517578125
110,2,365.2509460449219,22.85077667236328,17.122772216796875,43.877716064453125
110,1,394.1825256347656,25.814725875854492,14.170196533203125,40.67373847961426
110,4,137.58335876464844,403.4352111816406,78.35343933105469,74.68099975585938
110,3,434.4081726074219,3.1607651710510254,13.473388671875,30.012696743011475
111,2,364.993408203125,22.615198135375977,17.130767822265625,43.348249435424805
111,1,394.25811767578125,25.765321731567383,13.96856689453125,40.676191329956055
111,4,129.9102020263672,393.666259765625,88.20672607421875,85.44808959960938
111,3,434.63720703125,3.436457633972168,13.4248046875,29.838948249816895
112,2,364.94805908203125,22.41380500793457,16.989593505859375,43.34138298034668
112,1,394.22015380859375,25.689579010009766,13.712982177734375,40.63279342651367
112,4,123.59097290039062,384.27899169921875,84.72715759277344,94.09628295898438
112,3,434.7384033203125,3.6211225986480713,13.415557861328125,29.89621901512146
113,2,364.7388916015625,22.457847595214844,17.064239501953125,43.415489196777344
113,1,393.6639709472656,25.5884952545166,13.89837646484375,40.662160873413086
113,4,118.3146743774414,375.4975891113281,82.02411651611328,102.57321166992188
113,3,434.8989562988281,3.6309659481048584,13.551422119140625,29.936458826065063
114,2,364.5029296875,22.371828079223633,17.05255126953125,43.724599838256836
114,1,393.2091979980469,25.404521942138672,14.029144287109375,40.52011489868164
114,4,110.77558135986328,366.88018798828125,85.66019439697266,111.00399780273438
114,3,435.1779479980469,4.047283172607422,13.518768310546875,29.569747924804688
115,2,364.3616638183594,22.39080810546875,17.132232666015625,43.75153350830078
115,1,393.0107421875,25.51388168334961,13.720733642578125,40.386905670166016
115,4,104.88033294677734,358.9494934082031,87.32379913330078,119.40414428710938
115,3,434.77886962890625,3.7884440422058105,13.9453125,29.83003282546997
116,2,364.45428466796875,22.630823135375977,16.987579345703125,43.54361534118652
116,1,392.7370300292969,25.613006591796875,13.647308349609375,40.28814697265625
116,4,99.81886291503906,351.2848815917969,86.55029296875,125.8990478515625
116,3,435.5822448730469,3.624201774597168,13.4154052734375,30.25660800933838
117,2,364.4443359375,22.67091941833496,16.884124755859375,43.53585243225098
117,4,94.3115463256836,343.33453369140625,83.4923324584961,134.3302001953125
117,1,392.5288391113281,25.48394012451172,13.54913330078125,40.05571746826172
117,3,435.9161376953125,3.5336716175079346,13.37860107421875,30.385369062423706
118,4,88.22944641113281,335.80291748046875,83.54261779785156,142.12649536132812
118,2,364.4351501464844,22.633493423461914,16.79327392578125,43.585309982299805
118,1,392.26092529296875,25.33614730834961,13.600067138671875,39.9669303894043
118,3,435.6761779785156,3.714367151260376,13.899322509765625,30.19799780845642
119,4,83.15968322753906,328.09490966796875,80.83200073242188,146.8564453125
119,2,364.4081115722656,22.44942855834961,16.914276123046875,43.3822135925293
119,1,391.6617126464844,25.021133422851562,14.0640869140625,39.87303924560547
119,3,435.8530578613281,3.8969504833221436,13.8807373046875,30.266268968582153
120,4,72.96794891357422,315.7637634277344,78.5587387084961,142.31158447265625
120,2,363.862060546875,22.05707359313965,17.532562255859375,43.229135513305664
120,1,390.4152526855469,24.392534255981445,14.97967529296875,40.071462631225586
120,3,436.0758972167969,3.739241361618042,14.382293701171875,30.31287121772766
121,4,67.38008880615234,309.44134521484375,78.23650360107422,141.35662841796875
121,1,390.02301025390625,24.18918800354004,15.435760498046875,40.108938217163086
121,2,363.4073791503906,21.884654998779297,18.152984619140625,42.626094818115234
121,3,436.2507019042969,3.378854274749756,14.73333740234375,30.577200412750244
122,4,64.02715301513672,303.7127990722656,76.17476654052734,137.47348022460938
122,1,389.8966979980469,24.098058700561523,15.332611083984375,39.91317939758301
122,2,363.08673095703125,21.48117446899414,18.3995361328125,42.38628005981445
122,3,436.7879943847656,3.0046277046203613,14.93414306640625,30.952739238739014
123,4,58.16289138793945,297.78717041015625,76.27639389038086,136.7684326171875
123,2,362.6973876953125,21.38931655883789,18.5618896484375,42.321746826171875
123,1,389.7358093261719,24.07256317138672,15.468109130859375,39.91251754760742
123,3,436.8961486816406,2.7632126808166504,14.825653076171875,31.63983678817749
124,4,54.04453659057617,291.62615966796875,74.91743850708008,135.21029663085938
124,2,362.6077880859375,21.196245193481445,18.309234619140625,42.63020896911621
124,1,389.7283020019531,24.146732330322266,15.28973388671875,39.93400955200195
124,3,437.12921142578125,3.648609161376953,14.623046875,30.967021942138672
125,4,50.055084228515625,286.83795166015625,73.91531372070312,132.09976196289062
125,2,362.40313720703125,20.933753967285156,18.125152587890625,42.837066650390625
125,1,389.36419677734375,24.194211959838867,15.8179931640625,39.89189338684082
125,3,436.67578125,3.6861495971679688,15.23095703125,31.327190399169922
126,4,44.551170349121094,281.8689270019531,73.16353607177734,131.03656005859375
126,2,362.3040466308594,20.81383514404297,18.113128662109375,42.93505096435547
126,1,389.4425048828125,24.180442810058594,15.769805908203125,39.68668746948242
126,3,436.90631103515625,4.464981555938721,15.285736083984375,30.25187635421753
127,4,39.81605529785156,277.35150146484375,71.7831802368164,129.14358520507812
127,2,362.06134033203125,20.931041717529297,17.917633056640625,42.86037826538086
127,1,389.435791015625,24.165830612182617,15.586151123046875,39.87254524230957
127,3,442.1040954589844,6.5612030029296875,13.1788330078125,27.892364501953125
128,4,34.94703674316406,272.04449462890625,72.78044891357422,129.2401123046875
128,2,362.0383605957031,21.194780349731445,17.594024658203125,42.34536170959473
128,1,389.46661376953125,23.98668670654297,15.1912841796875,39.74579620361328
128,3,438.2251892089844,4.661691188812256,14.2930908203125,30.114363193511963
129,4,29.974044799804688,268.4903564453125,71.53202056884766,124.81158447265625
129,2,361.7127990722656,21.091651916503906,17.552398681640625,42.35028839111328
129,1,389.45672607421875,23.702579498291016,14.78411865234375,39.79533386230469
129,3,437.7381286621094,4.605067253112793,14.8739013671875,30.25798511505127
130,4,25.377304077148438,264.4007568359375,71.51496887207031,124.79226684570312
130,2,361.2864074707031,21.067846298217773,17.780181884765625,42.42313575744629
130,1,389.5387878417969,23.43297004699707,14.6168212890625,39.24357032775879
130,3,437.70343017578125,4.623074054718018,15.230712890625,30.22865629196167
131,4,21.23068618774414,258.976318359375,68.89607620239258,124.12603759765625
131,2,361.6197814941406,20.992168426513672,17.192291259765625,42.57468032836914
131,1,389.8721618652344,22.85579490661621,14.365966796875,39.22635459899902
131,3,439.50335693359375,5.250698566436768,14.18048095703125,29.438598155975342
132,4,16.532808303833008,256.0235595703125,69.97709465026855,121.5357666015625
132,2,361.3783874511719,20.870187759399414,16.98797607421875,42.51197624206543
132,1,389.9477844238281,22.534894943237305,14.14349365234375,39.063161849975586
132,3,439.8805847167969,4.978397369384766,13.86676025390625,29.78115463256836
133,2,361.1134033203125,20.67348289489746,16.9459228515625,42.41991996765137
133,4,12.004800796508789,251.39422607421875,68.00389671325684,119.5152587890625
133,1,389.74212646484375,22.171253204345703,14.34033203125,39.49387741088867
133,3,439.6199035644531,4.323911666870117,13.8131103515625,30.48963737487793
134,2,360.9117126464844,20.208662033081055,16.796539306640625,42.22015953063965
134,4,6.8398919105529785,248.4211883544922,68.25933599472046,119.98686218261719
134,1,389.63372802734375,22.05408477783203,14.463592529296875,39.56843185424805
134,3,440.0030517578125,4.643321990966797,13.85174560546875,30.269851684570312
135,2,360.63568115234375,19.86261749267578,17.02545166015625,41.9495964050293
135,4,1.5573623180389404,244.07952880859375,66.83455204963684,111.50897216796875
135,1,389.6109313964844,21.80876922607422,14.523681640625,39.66826629638672
135,3,439.7051696777344,4.772827625274658,14.92041015625,30.264575481414795
136,2,360.5495300292969,19.506990432739258,16.962860107421875,41.95136833190918
136,4,1.3179281949996948,241.7760467529297,63.20821011066437,113.27311706542969
136,1,389.2984924316406,21.736541748046875,14.86737060546875,39.485538482666016
136,3,440.2245178222656,5.244106292724609,14.893798828125,29.869640350341797
137,2,360.4988098144531,19.432804107666016,16.71026611328125,41.56853103637695
137,1,389.3427429199219,21.815757751464844,14.74627685546875,39.12085723876953
137,4,0.3036472797393799,238.64260864257812,56.0512912273407,116.81768798828125
137,3,439.72344970703125,5.112580299377441,16.267303466796875,30.05923366546631
138,2,360.5158386230469,19.24809455871582,16.5228271484375,41.677438735961914
138,1,389.1528015136719,21.887971878051758,15.095367431640625,38.88178062438965
138,4,0.07149143517017365,235.22621154785156,51.75779704749584,116.91484069824219
138,3,440.2155456542969,5.061452865600586,14.98162841796875,30.54044532775879
139,2,360.44427490234375,19.328262329101562,16.65509033203125,41.285160064697266
139,1,388.8360290527344,21.88807487487793,15.46246337890625,38.73923683166504
139,4,0.1423170417547226,232.1509552001953,43.59560562670231,116.96986389160156
139,3,439.70953369140625,5.206314563751221,15.566070556640625,30.508708477020264
140,2,360.56390380859375,19.381954193115234,16.4715576171875,40.82828140258789
140,1,388.646484375,21.620187759399414,15.87896728515625,39.117136001586914
140,4,0.10851652175188065,230.12112426757812,36.693916492164135,111.59423828125
140,3,439.6458435058594,4.919147491455078,15.88616943359375,31.015731811523438
141,2,360.7133483886719,19.4027156829834,16.313507080078125,40.7554874420166
141,1,388.48455810546875,21.476306915283203,15.992279052734375,39.11415481567383
141,3,439.5898132324219,4.653187274932861,16.07049560546875,31.441401958465576
141,4,0.03423420339822769,238.36322021484375,30.56903537362814,100.87539672851562
142,2,360.7334289550781,19.49557876586914,16.177764892578125,40.7309684753418
142,1,388.2820129394531,21.158597946166992,16.004058837890625,39.19243049621582
142,3,439.3104553222656,4.607688903808594,16.148193359375,31.641159057617188
142,4,0.06712016463279724,235.74948120117188,25.787217527627945,96.74395751953125
143,1,387.97857666015625,21.01535987854004,16.1837158203125,38.662179946899414
143,2,360.7646484375,19.436580657958984,16.223236083984375,41.061737060546875
143,3,439.154296875,3.3632915019989014,16.641357421875,33.07154583930969
143,4,0.0434671975672245,232.3703155517578,20.250403728336096,88.17997741699219
144,1,387.6090087890625,20.254215240478516,16.3861083984375,38.65814208984375
144,2,360.976806640625,19.5031795501709,15.96258544921875,40.73388862609863
144,3,440.1683654785156,4.306736469268799,15.772430419921875,32.290725231170654
144,4,0.030857212841510773,243.46844482421875,11.885120265185833,50.577789306640625
145,1,387.3465270996094,20.074491500854492,16.524383544921875,38.56018257141113
145,2,360.9371032714844,19.25858497619629,16.13629150390625,40.80495643615723
145,3,440.0520935058594,3.669456720352173,16.143646240234375,32.954425573349
146,1,387.2290954589844,20.066221237182617,16.35491943359375,38.39191246032715
146,2,360.78076171875,19.16288185119629,16.191741943359375,40.619035720825195
146,3,441.14569091796875,4.210832595825195,15.275115966796875,32.31096076965332
147,1,387.18255615234375,20.120838165283203,16.325592041015625,38.02421569824219
147,2,360.5802917480469,18.864887237548828,16.5548095703125,40.07115936279297
147,3,441.6859436035156,4.824036598205566,14.9298095703125,31.828837394714355
148,1,387.0845947265625,20.129846572875977,16.497772216796875,38.27677345275879
148,2,360.41998291015625,18.485652923583984,16.8031005859375,39.876861572265625
148,3,442.6908874511719,4.1995697021484375,14.04815673828125,32.41492462158203
149,1,386.83843994140625,20.08698844909668,16.947723388671875,38.308420181274414
149,2,360.2684326171875,17.933364868164062,16.8902587890625,40.34230422973633
149,3,443.7198181152344,4.679280757904053,13.419647216796875,32.148619174957275
150,2,360.03125,17.726360321044922,16.90478515625,40.389888763427734
150,1,386.82080078125,20.04179573059082,16.951324462890625,38.240644454956055
150,3,444.2293395996094,5.1017560958862305,13.52203369140625,31.845261573791504
151,2,359.8940734863281,17.473379135131836,16.553680419921875,40.6978816986084
151,1,386.2848205566406,20.05443000793457,17.5916748046875,38.13360023498535
151,3,444.7696533203125,4.946779251098633,13.2908935546875,32.306039810180664
152,2,359.5656433105469,17.31689453125,16.694091796875,40.8450927734375
152,1,386.3345031738281,19.766742706298828,17.199005126953125,38.287071228027344
152,3,444.39337158203125,5.164295673370361,13.599761962890625,32.37573575973511
153,2,359.4069519042969,17.250301361083984,16.711639404296875,40.81807327270508
153,1,386.59161376953125,19.580808639526367,16.971893310546875,37.83577537536621
153,3,444.3011474609375,5.355823040008545,13.7340087890625,32.14138841629028
154,2,359.21209716796875,17.38152313232422,16.771392822265625,40.63043975830078
154,1,386.653564453125,19.28294563293457,16.678009033203125,37.55019569396973
154,3,444.12677001953125,5.053769111633301,13.96063232421875,32.551772117614746
155,2,359.12432861328125,17.38773536682129,16.651153564453125,40.46816062927246
155,1,386.58245849609375,19.05986976623535,16.55181884765625,37.50302696228027
155,3,444.2763977050781,5.118094444274902,14.01763916015625,32.614766120910645
156,2,359.10003662109375,17.572742462158203,16.561431884765625,40.35430145263672
156,1,386.4625549316406,18.752914428710938,16.242889404296875,37.743133544921875
156,3,443.8739318847656,5.258574962615967,14.59039306640625,32.591076374053955
157,2,359.0729675292969,17.67828941345215,16.282745361328125,40.09027290344238
157,1,386.2920227050781,18.4743595123291,16.3433837890625,38.16943168640137
157,3,444.0960388183594,5.223111152648926,14.539764404296875,32.5134801864624
158,2,359.2033996582031,17.448514938354492,15.953826904296875,40.1724910736084
158,1,386.3220520019531,18.522903442382812,16.3927001953125,38.0856819152832
158,3,444.0400695800781,5.202800750732422,14.530792236328125,32.465614318847656
159,2,359.10211181640625,17.08586311340332,15.82281494140625,40.53439521789551
159,1,386.2262268066406,18.405887603759766,16.06591796875,38.69577407836914
159,3,444.0619812011719,4.881712913513184,14.714874267578125,32.921772956848145
160,1,386.375,18.30695152282715,15.80615234375,38.92798042297363
160,2,359.0108947753906,16.719789505004883,15.92755126953125,40.769182205200195
160,3,444.58795166015625,5.82485818862915,14.34832763671875,31.930631160736084
161,1,386.1868591308594,18.513607025146484,15.823883056640625,38.861732482910156
161,2,358.8525695800781,16.176044464111328,15.98443603515625,40.96759796142578
161,3,444.3281555175781,5.390356063842773,14.80279541015625,32.3853816986084
162,1,386.02886962890625,18.654367446899414,15.526641845703125,38.6954402923584
162,2,358.9216613769531,16.029890060424805,15.693603515625,40.64547157287598
162,3,444.3795166015625,5.608407974243164,15.488433837890625,32.30942726135254
163,1,385.7366943359375,18.756216049194336,15.364501953125,38.10202217102051
163,2,358.583740234375,15.612980842590332,16.032867431640625,40.383280754089355
163,3,444.6313171386719,5.582805633544922,15.5589599609375,32.37147521972656
164,1,385.39471435546875,18.415607452392578,15.500274658203125,38.172054290771484
164,2,358.6567687988281,15.55850887298584,15.77667236328125,39.979329109191895
164,3,445.3672790527344,5.373455047607422,14.912353515625,32.65019226074219
165,1,385.10772705078125,18.29421043395996,15.70062255859375,38.03359794616699
165,2,358.4808349609375,15.382646560668945,16.06561279296875,39.83345603942871
165,3,446.4350280761719,5.379825115203857,13.9942626953125,32.32885789871216
166,1,384.43780517578125,17.868316650390625,16.111724853515625,37.309104919433594
166,2,358.7109680175781,15.236725807189941,15.742889404296875,39.76669979095459
166,3,446.54119873046875,5.4835405349731445,14.19573974609375,32.647223472595215
167,1,383.88812255859375,17.466259002685547,16.614410400390625,37.624942779541016
167,2,358.6852111816406,15.31188678741455,15.85791015625,39.682589530944824
167,3,446.1830749511719,5.192651271820068,14.76104736328125,33.3738579750061
168,1,382.6548767089844,17.0258846282959,17.710601806640625,37.25018119812012
168,2,358.4774169921875,15.212651252746582,15.9180908203125,39.976576805114746
168,3,446.91180419921875,5.454834461212158,14.717010498046875,33.529033184051514
169,1,382.29937744140625,16.808391571044922,17.453948974609375,37.517391204833984
169,2,358.7390441894531,15.138155937194824,15.75726318359375,40.088162422180176
169,3,447.2673645019531,5.661308765411377,14.540740966796875,33.37358808517456
170,1,382.9683837890625,16.915992736816406,16.859649658203125,37.42441940307617
170,2,358.81622314453125,15.29537296295166,15.611053466796875,39.73046016693115
170,3,447.6575927734375,6.049133777618408,14.651031494140625,33.22721815109253
171,1,382.54071044921875,16.945240020751953,17.20806884765625,37.95754623413086
171,2,358.807373046875,15.231103897094727,15.78021240234375,39.5281925201416
171,3,448.14599609375,5.515028476715088,14.6673583984375,34.104928493499756
172,1,381.9604797363281,16.822763442993164,17.6865234375,37.49542427062988
172,2,358.91064453125,15.191569328308105,15.632598876953125,39.08643817901611
172,3,448.3291015625,5.3963446617126465,14.63226318359375,34.32020425796509
173,1,381.14544677734375,16.69952964782715,18.55242919921875,38.247934341430664
173,2,358.92987060546875,14.92552661895752,15.75506591796875,40.02550029754639
173,3,448.2347106933594,5.394242286682129,15.2462158203125,34.63024425506592
174,1,381.136474609375,16.591583251953125,18.598785400390625,37.981021881103516
174,2,358.84906005859375,14.824066162109375,16.0499267578125,39.566436767578125
174,3,449.2166748046875,5.621896743774414,14.577972412109375,34.44254112243652
175,1,381.1606140136719,16.564167022705078,18.487060546875,37.59455490112305
175,2,358.8445129394531,14.61189079284668,15.97735595703125,38.74239158630371
175,3,448.8330383300781,5.528598785400391,15.26043701171875,34.318763732910156
176,1,381.36932373046875,16.41429328918457,17.81634521484375,37.42902946472168
176,2,358.4407653808594,14.471470832824707,16.31170654296875,38.7177152633667
176,3,449.60076904296875,5.710543155670166,14.908660888671875,34.27553701400757
177,2,358.31207275390625,14.16033935546875,16.15179443359375,38.72294616699219
177,1,381.7475891113281,16.007949829101562,17.124542236328125,37.06011199951172
177,3,450.0962219238281,5.30704402923584,14.385284423828125,34.43007755279541
178,2,358.0247802734375,13.982893943786621,16.1798095703125,38.65453052520752
178,1,382.2632751464844,15.922258377075195,16.153656005859375,36.73800849914551
178,3,449.6726989746094,5.383169651031494,15.239288330078125,34.34457540512085
179,2,357.88568115234375,13.864343643188477,16.221282958984375,38.80224418640137
179,1,381.37451171875,15.795184135437012,16.927490234375,37.07100772857666
179,3,449.8292236328125,5.306445598602295,15.383056640625,34.576366901397705
180,2,357.5229797363281,13.867439270019531,16.1776123046875,38.65670394897461
180,1,381.5860290527344,15.316193580627441,16.176788330078125,37.723395347595215
180,3,449.3933410644531,5.338832855224609,16.074737548828125,34.906219482421875
181,2,357.3377990722656,13.848625183105469,16.301177978515625,38.54244613647461
181,1,381.827392578125,15.199816703796387,15.67169189453125,37.46170520782471
181,3,449.4495544433594,6.511478424072266,15.7684326171875,33.904048919677734
182,2,357.3179626464844,13.740949630737305,16.215057373046875,38.650522232055664
182,1,382.0677795410156,15.31901741027832,15.161346435546875,37.36785697937012
182,3,449.7157897949219,6.538564682006836,15.717742919921875,34.07686424255371
183,2,357.13995361328125,13.862399101257324,16.252777099609375,38.707608222961426
183,1,382.0097351074219,15.335090637207031,14.83154296875,37.0034065246582
183,3,450.572509765625,6.069638252258301,15.069488525390625,34.51644802093506
184,2,357.1337890625,13.86732006072998,16.175140380859375,38.569973945617676
184,1,382.0461730957031,15.33591365814209,14.377716064453125,36.88213062286377
184,3,450.734130859375,6.04529333114624,15.73162841796875,34.73234796524048
185,2,357.4143981933594,13.945572853088379,15.6077880859375,38.346903800964355
185,1,381.8675537109375,15.473536491394043,14.331512451171875,36.44178867340088
185,3,450.740234375,6.830868721008301,15.728363037109375,34.015231132507324
186,2,357.5208740234375,13.897744178771973,15.2498779296875,38.25410747528076
186,1,381.6176452636719,15.517592430114746,14.27862548828125,36.27915287017822
186,3,450.1355895996094,7.099332809448242,16.652069091796875,33.67595863342285
187,1,381.35101318359375,15.408109664916992,14.2818603515625,36.36823081970215
187,2,357.1937255859375,13.759706497192383,15.3896484375,38.33350944519043
187,3,450.9033203125,7.112519264221191,15.55450439453125,33.645846366882324
188,1,381.1189270019531,15.171625137329102,14.31622314453125,36.0507755279541
188,2,357.4871826171875,13.538213729858398,14.698883056640625,38.27520942687988
188,3,450.86810302734375,7.209332466125488,15.89874267578125,33.724276542663574
189,1,380.5205383300781,14.960616111755371,14.71966552734375,35.87648868560791
189,2,357.3958435058594,13.393659591674805,14.885406494140625,37.579328536987305
189,3,451.12335205078125,7.208564758300781,16.015625,33.68777847290039
190,2,357.5,12.997291564941406,14.649078369140625,37.71232604980469
190,1,379.8961181640625,14.745678901672363,15.26629638671875,35.681612968444824
190,3,451.22039794921875,7.284544944763184,16.129852294921875,33.595974922180176
191,1,379.44366455078125,14.41637134552002,15.502044677734375,35.492831230163574
191,2,357.37005615234375,12.45975399017334,14.769073486328125,38.28459644317627
191,3,451.0092468261719,6.984060764312744,16.656707763671875,34.18135595321655
192,1,378.5515441894531,13.989873886108398,15.946258544921875,35.66123008728027
192,2,357.0987548828125,11.904899597167969,14.884613037109375,38.48451614379883
192,3,451.1375732421875,7.857982635498047,17.02783203125,32.97577667236328
193,1,378.1070861816406,14.008767127990723,16.129852294921875,36.20042705535889
193,2,357.0030822753906,11.776408195495605,14.922393798828125,38.77586841583252
193,3,451.4628601074219,7.644084930419922,16.7313232421875,33.520450592041016
194,1,377.87261962890625,13.850775718688965,16.14013671875,36.54697895050049
194,2,356.9479064941406,12.10519790649414,15.012115478515625,38.44363021850586
194,3,451.6416015625,7.4939117431640625,16.206085205078125,33.5428581237793
195,1,377.6662292480469,13.909271240234375,16.134552001953125,36.37770080566406
195,2,356.8741455078125,11.875678062438965,14.96343994140625,38.2907190322876
195,3,452.8812255859375,7.6792097091674805,15.59625244140625,33.529412269592285
196,2,356.86224365234375,12.028919219970703,15.189483642578125,38.467994689941406
196,1,377.968505859375,14.021761894226074,15.7406005859375,36.17455768585205
196,3,452.196044921875,7.9339118003845215,16.13916015625,33.27141046524048
197,1,378.26177978515625,13.944021224975586,14.93145751953125,36.14092445373535
197,2,356.98028564453125,12.156451225280762,14.936981201171875,38.268696784973145
197,3,452.34197998046875,8.194676399230957,16.928314208984375,33.35524272918701
198,1,378.0121154785156,13.897359848022461,14.894378662109375,35.81963920593262
198,2,357.0379638671875,12.237056732177734,14.9578857421875,37.826026916503906
198,3,453.24603271484375,7.953080654144287,15.6595458984375,33.77887201309204
199,1,377.9994201660156,13.702136993408203,14.75299072265625,35.760616302490234
199,2,357.2978820800781,12.376432418823242,14.37353515625,37.79241752624512
199,3,455.2010498046875,8.714153289794922,14.198883056640625,33.0350227355957
200,1,377.89471435546875,13.551519393920898,14.6187744140625,35.473344802856445
200,2,357.3582763671875,12.2298583984375,14.223602294921875,38.06878662109375
200,3,455.377685546875,8.601160049438477,13.99951171875,33.39172172546387
201,1,377.84100341796875,13.162501335144043,14.4903564453125,35.25726795196533
201,2,357.19000244140625,11.918412208557129,14.36572265625,37.86924648284912
201,3,455.2157287597656,9.068410873413086,14.165130615234375,33.286970138549805
202,2,357.2060852050781,11.597477912902832,14.568328857421875,37.440741539001465
202,1,377.5478515625,12.717412948608398,14.52203369140625,35.53862953186035
202,3,455.34033203125,8.88119888305664,14.270843505859375,33.485191345214844
203,2,357.2491760253906,11.343379974365234,14.58001708984375,37.02806854248047
203,1,377.2044982910156,12.331016540527344,14.612579345703125,35.63506317138672
203,3,455.4017333984375,7.975977897644043,14.366119384765625,34.54783344268799
204,1,376.4574890136719,12.249558448791504,15.242645263671875,35.81859493255615
204,2,357.0902404785156,10.705699920654297,14.609161376953125,37.53588104248047
204,3,455.904296875,8.1699857711792,14.181304931640625,34.466301918029785
205,2,356.9649353027344,10.36380386352539,14.64971923828125,37.811012268066406
205,1,376.4510498046875,12.227439880371094,15.14434814453125,35.82283020019531
205,3,455.6304931640625,7.774401664733887,14.46124267578125,34.97415637969971
206,2,356.9593505859375,10.049901962280273,14.66790771484375,38.150041580200195
206,1,376.7682800292969,12.346529960632324,14.493316650390625,35.70068073272705
206,3,455.91943359375,8.305146217346191,14.177154541015625,34.27186870574951
207,2,356.8328552246094,10.137154579162598,14.729156494140625,37.86783504486084
207,1,377.0189514160156,12.403020858764648,14.239166259765625,35.62662315368652
207,3,456.1370544433594,8.189583778381348,14.2532958984375,34.505778312683105
208,2,356.7295227050781,10.170997619628906,14.796356201171875,37.74830627441406
208,1,376.9911804199219,12.457572937011719,14.052734375,35.512115478515625
208,3,456.34088134765625,8.080122947692871,14.68841552734375,34.916367530822754
209,1,376.9690246582031,12.591702461242676,13.74285888671875,35.53015422821045
209,2,356.7493591308594,10.128348350524902,14.734161376953125,37.764737129211426
209,3,456.1638488769531,7.423009872436523,15.26739501953125,35.59117317199707
210,2,356.586669921875,10.522733688354492,14.757171630859375,37.48718452453613
210,1,376.8238220214844,12.771141052246094,13.53558349609375,35.349708557128906
210,3,456.70330810546875,7.239750385284424,14.79608154296875,35.76148176193237
211,2,356.42822265625,10.766532897949219,14.84661865234375,37.56904602050781
211,1,376.648681640625,12.672979354858398,13.897216796875,35.56262397766113
211,3,456.5802917480469,7.264238357543945,14.7513427734375,35.81525230407715
212,2,356.2430725097656,10.663192749023438,14.965179443359375,37.480743408203125
212,1,376.2791748046875,12.423298835754395,14.1737060546875,35.64128017425537
212,3,456.1669616699219,7.844150543212891,15.276092529296875,35.43649673461914
213,2,356.0400390625,10.750947952270508,14.902069091796875,37.47592353820801
213,1,375.5886535644531,12.254989624023438,14.671051025390625,35.32558822631836
213,3,455.9698181152344,7.948785781860352,15.3179931640625,35.66804313659668
214,1,375.4493103027344,12.012669563293457,14.92059326171875,35.07858943939209
214,2,356.0027160644531,10.549663543701172,14.79901123046875,37.39370346069336
214,3,456.38818359375,7.848479747772217,15.12158203125,35.45177507400513
215,2,355.9605712890625,10.465150833129883,14.6925048828125,37.229352951049805
215,1,375.2024841308594,11.75859546661377,14.95489501953125,34.88449001312256
215,3,457.3726501464844,8.422390937805176,14.821075439453125,35.01620388031006
216,2,355.7226257324219,10.201828956604004,14.695098876953125,36.48264980316162
216,1,374.6790466308594,11.451730728149414,15.552764892578125,34.663808822631836
216,3,456.7261657714844,8.103118896484375,15.645751953125,35.57424545288086
