13,1,0.08419007062911987,54.2703971862793,12.191701233386993,73.32931900024414
14,1,0.12288292497396469,55.195533752441406,13.289904512465,72.63778686523438
15,1,0.12135100364685059,54.615177154541016,14.32797646522522,72.75935745239258
16,1,0.03877959027886391,53.68144607543945,16.483479168266058,72.4276008605957
17,1,0.0,52.787315368652344,18.56929588317871,72.16463470458984
18,1,0.06565967202186584,53.044620513916016,22.70342907309532,72.15180587768555
19,1,0.0017844797112047672,51.25658416748047,30.91974147548899,74.02094268798828
20,1,0.0,52.143089294433594,34.149593353271484,73.28707885742188
21,1,0.01029743067920208,51.1871223449707,37.287233697250485,74.13850021362305
22,1,0.0,47.37528991699219,38.556251525878906,78.22655487060547
23,1,0.0,43.76499938964844,41.420799255371094,81.89476013183594
24,1,0.0844164788722992,50.970211029052734,42.13675203919411,73.75065231323242
25,1,0.275899201631546,52.79731369018555,42.17722198367119,71.29204177856445
26,1,0.36031055450439453,49.77439880371094,42.23226451873779,75.00194549560547
27,1,4.213123321533203,47.96664047241211,37.83664321899414,75.07747268676758
28,1,6.5632195472717285,47.99367141723633,35.45764684677124,76.56237411499023
29,1,9.388348579406738,47.50588607788086,31.083487510681152,76.38509750366211
30,1,11.165918350219727,47.52838134765625,29.753019332885742,75.39960479736328
31,1,14.448478698730469,48.29323196411133,25.26959991455078,74.12890243530273
32,1,15.311055183410645,44.99101257324219,28.6503324508667,79.14546203613281
33,1,17.144906997680664,45.40807342529297,26.849828720092773,77.46781921386719
34,1,19.881526947021484,46.87406539916992,28.28873062133789,76.28564834594727
35,1,21.357133865356445,46.41500473022461,32.53263282775879,77.78799057006836
36,1,22.533082962036133,46.86419677734375,36.18953895568848,77.19371032714844
37,1,24.022266387939453,47.02595901489258,38.00601577758789,77.15893173217773
38,1,25.026222229003906,46.896419525146484,38.511322021484375,77.18496322631836
39,1,26.59300422668457,46.435585021972656,38.17205619812012,77.18883514404297
40,1,28.031084060668945,45.7612190246582,36.92461967468262,78.07705307006836
41,1,29.87148666381836,46.80921936035156,35.437923431396484,76.9224853515625
42,1,30.561689376831055,47.97452926635742,34.75351142883301,75.96986770629883
43,1,33.47507095336914,40.38963317871094,32.21426010131836,83.99768829345703
44,1,36.00574493408203,40.55069351196289,29.114288330078125,83.1430549621582
45,1,37.683677673339844,40.56736373901367,28.243675231933594,82.39223861694336
46,1,39.35601043701172,40.7921257019043,28.106719970703125,80.75564193725586
47,1,40.73103713989258,38.94498062133789,27.43588638305664,82.13573837280273
48,1,43.87436294555664,43.117828369140625,34.907894134521484,79.16951751708984
49,1,45.37086868286133,42.689605712890625,40.141544342041016,79.96358489990234
50,1,47.58245849609375,38.08425521850586,43.170654296875,84.74133682250977
51,1,48.79582977294922,39.23275375366211,43.542579650878906,83.19636154174805
52,1,50.98786926269531,44.44036865234375,42.37431335449219,78.30792236328125
53,1,52.44883346557617,44.1435432434082,44.060977935791016,78.71374893188477
54,1,54.14604949951172,44.92947006225586,43.00000762939453,77.97560501098633
55,1,55.34589385986328,43.21794128417969,42.865150451660156,80.12323760986328
56,1,57.2086296081543,43.73054504394531,40.585636138916016,79.24161529541016
57,1,59.06867218017578,42.895240783691406,38.81505584716797,80.76470947265625
58,1,62.028465270996094,42.90702438354492,36.087066650390625,80.42082595825195
59,1,65.40390014648438,41.501380920410156,31.278526306152344,81.07987976074219
60,1,67.40270233154297,42.081886291503906,27.128219604492188,78.25560760498047
61,1,70.59468841552734,43.00074768066406,25.03948974609375,77.12538146972656
62,1,72.51371765136719,42.09838104248047,26.16216278076172,81.56138610839844
63,1,73.6378173828125,42.364017486572266,25.785667419433594,79.27120590209961
64,1,75.06452178955078,42.32838439941406,31.185684204101562,80.91434478759766
65,1,76.94510650634766,40.6545524597168,34.71250915527344,82.8097038269043
66,1,79.1937484741211,40.30907440185547,37.14768981933594,81.9239273071289
67,1,80.24311828613281,40.59449768066406,39.46388244628906,81.98764038085938
68,1,79.83419799804688,42.648860931396484,41.18621063232422,79.16306686401367
69,1,80.22008514404297,42.96033477783203,42.77753448486328,79.55768585205078
70,1,82.27958679199219,43.369842529296875,42.01344299316406,79.67157745361328
71,1,83.36282348632812,44.12432098388672,41.596351623535156,79.15189361572266
72,1,91.5224609375,43.27777862548828,33.404090881347656,79.618408203125
73,1,94.5448226928711,43.9066162109375,30.628639221191406,78.7655029296875
74,1,97.10321807861328,43.177879333496094,28.522369384765625,79.35047149658203
75,1,97.71363830566406,40.01598358154297,29.229286193847656,80.84668731689453
76,1,99.30561828613281,36.45758819580078,28.685470581054688,85.07968139648438
77,1,102.41008758544922,35.63829803466797,28.71269989013672,85.78069305419922
78,1,103.77105712890625,35.77688217163086,30.830947875976562,84.00732040405273
79,1,105.49446105957031,36.55980682373047,35.14515686035156,84.89288330078125
80,1,108.1758804321289,37.3287467956543,39.97698211669922,84.04147720336914
81,1,109.78655242919922,40.82768630981445,42.314476013183594,80.91857528686523
82,1,110.6575927734375,43.22617721557617,43.0521240234375,78.63107681274414
83,1,112.78850555419922,41.58034133911133,43.132896423339844,80.51406478881836
84,1,113.07469940185547,44.918025970458984,44.35980987548828,77.22541427612305
85,1,113.00279998779297,40.25524139404297,43.933433532714844,81.32389831542969
86,1,114.39256286621094,39.263221740722656,42.27008056640625,82.2244644165039
87,1,116.94795989990234,41.45046615600586,40.176475524902344,80.18236923217773
88,1,120.5178451538086,37.666160583496094,37.45001983642578,84.52294158935547
89,1,123.61857604980469,39.06779098510742,34.327362060546875,82.36032485961914
90,1,128.2280731201172,39.841915130615234,27.822586059570312,80.62799453735352
91,1,130.49716186523438,39.595664978027344,25.667022705078125,80.04493713378906
92,1,132.11451721191406,36.941558837890625,26.612762451171875,84.55622863769531
93,1,134.17324829101562,35.78107833862305,25.630462646484375,86.01772689819336
94,1,135.15785217285156,36.912593841552734,26.862991333007812,83.80111312866211
95,1,137.30157470703125,37.10896301269531,32.34925842285156,86.45237731933594
96,1,141.0153045654297,41.255489349365234,38.06620788574219,82.53277206420898
97,1,142.47169494628906,39.6268310546875,38.138275146484375,84.12342834472656
98,1,143.3317413330078,41.15933609008789,38.121063232421875,82.89145278930664
99,1,144.52774047851562,41.629703521728516,37.31805419921875,82.17631912231445
100,1,145.9368133544922,40.408294677734375,36.15470886230469,83.07182312011719
101,1,147.60025024414062,38.46369552612305,34.91081237792969,85.6379280090332
102,1,150.84329223632812,35.55760192871094,31.130477905273438,88.76383209228516
103,1,154.6238555908203,34.70817947387695,27.394866943359375,88.84514999389648
104,1,156.92898559570312,34.658111572265625,26.414047241210938,88.26129150390625
105,1,158.51556396484375,35.68220520019531,26.815322875976562,87.63313293457031
106,1,160.3908233642578,35.63801574707031,24.794326782226562,87.65279388427734
107,1,162.7940216064453,36.43641662597656,24.921722412109375,87.0504379272461
108,1,164.89303588867188,33.35545349121094,28.935134887695312,90.1275863647461
109,1,167.21250915527344,32.932865142822266,32.446868896484375,89.86799240112305
110,1,168.58206176757812,34.25261688232422,34.7042236328125,88.41542053222656
111,1,169.85548400878906,34.27217102050781,38.41004943847656,89.07331085205078
112,1,170.23486328125,35.14250946044922,42.625762939453125,87.9179458618164
113,1,170.22454833984375,35.39059829711914,45.7449951171875,87.46022415161133
114,1,170.4808807373047,36.028892517089844,47.0897216796875,86.80309295654297
115,1,171.17344665527344,35.64419937133789,46.75318908691406,87.35332107543945
116,1,173.56686401367188,34.49366760253906,43.921417236328125,88.44438934326172
117,1,175.99835205078125,33.16513442993164,42.28007507324219,90.40678787231445
118,1,179.1748504638672,33.136505126953125,38.04136657714844,88.5946044921875
119,1,185.29434204101562,33.54484176635742,28.530654907226562,87.16154098510742
120,1,193.59841918945312,41.51154327392578,22.86114501953125,78.6651840209961
121,1,196.3733673095703,33.53022766113281,22.375946044921875,89.38500213623047
122,1,197.79611206054688,32.26483154296875,24.952239990234375,90.91989135742188
123,1,198.46337890625,33.0939826965332,29.830154418945312,89.58330154418945
124,1,201.19369506835938,32.03234100341797,36.40582275390625,90.94976806640625
125,1,202.45803833007812,32.311222076416016,40.66827392578125,89.15445327758789
126,1,203.6740264892578,33.03144073486328,41.73426818847656,88.57878875732422
127,1,204.62197875976562,33.52394485473633,42.605438232421875,88.73785018920898
128,1,204.40419006347656,32.32307434082031,43.12432861328125,89.28959655761719
129,1,205.36727905273438,33.673133850097656,42.2779541015625,87.20384216308594
130,1,207.69908142089844,34.23094940185547,40.47227478027344,86.81433868408203
131,1,209.9519500732422,33.83444595336914,38.27140808105469,87.32729721069336
132,1,216.1130828857422,33.13759231567383,32.73185729980469,88.62997817993164
133,1,219.32809448242188,32.95088577270508,27.908767700195312,87.96562576293945
134,1,224.5104217529297,32.9168586730957,24.448928833007812,88.13042831420898
135,1,227.81312561035156,32.9970703125,23.215713500976562,86.45591735839844
136,1,229.90199279785156,33.276371002197266,24.41937255859375,86.72958755493164
137,1,232.1012420654297,32.619441986083984,27.044204711914062,88.02856063842773
138,1,233.55850219726562,31.356311798095703,27.649444580078125,89.38058090209961
139,1,234.68995666503906,32.96992111206055,34.63169860839844,87.4720344543457
140,1,235.23240661621094,32.77785873413086,40.59919738769531,88.02307510375977
141,1,235.34866333007812,32.96062088012695,43.508758544921875,87.88100814819336
142,1,235.48597717285156,32.65068817138672,44.22105407714844,87.78136444091797
143,1,235.106689453125,33.11099624633789,47.165985107421875,87.56418228149414
144,1,238.32691955566406,34.10334014892578,44.86839294433594,86.41336822509766
145,1,241.37786865234375,33.39599609375,41.936309814453125,87.30554962158203
146,1,245.91346740722656,32.29390335083008,38.76106262207031,88.78887557983398
147,1,251.5868377685547,32.061607360839844,35.02879333496094,87.5355453491211
148,1,256.9383544921875,31.997087478637695,31.295989990234375,84.22508811950684
149,1,260.8913269042969,31.4008846282959,29.46630859375,86.64414405822754
150,1,263.42724609375,31.4924373626709,28.1607666015625,89.10651588439941
151,1,265.447998046875,31.98802947998047,28.93414306640625,88.7435073852539
152,1,266.8091125488281,32.90186309814453,29.619659423828125,89.8886489868164
153,1,266.91748046875,33.01025390625,34.191650390625,90.7579345703125
154,1,266.87286376953125,33.44648742675781,39.604217529296875,89.15982055664062
155,1,267.2973937988281,33.52568435668945,42.779876708984375,88.25918960571289
156,1,267.7394714355469,35.272499084472656,44.226104736328125,86.97187805175781
157,1,267.73638916015625,35.84416961669922,45.477813720703125,86.37403106689453
158,1,268.43536376953125,35.81266403198242,45.041900634765625,86.52350997924805
159,1,270.9033508300781,35.48139190673828,42.855682373046875,86.84527587890625
160,1,274.3486022949219,36.1347770690918,39.776153564453125,85.98291397094727
161,1,278.90228271484375,35.774810791015625,38.4053955078125,86.64025115966797
162,1,283.2432861328125,34.98481369018555,37.083648681640625,87.62655258178711
163,1,287.27349853515625,34.26643371582031,33.5723876953125,88.00559997558594
164,1,293.11590576171875,33.53743362426758,28.959320068359375,88.56626510620117
165,1,295.4616394042969,33.64715576171875,27.75262451171875,88.9532699584961
166,1,297.6086120605469,33.946624755859375,27.127349853515625,88.1954345703125
167,1,299.0328063964844,34.439598083496094,29.1182861328125,88.40367889404297
168,1,299.5290832519531,34.487388610839844,41.468536376953125,87.92575073242188
169,1,299.3500671386719,35.21430969238281,44.529541015625,87.6431655883789
170,1,300.31475830078125,36.011322021484375,46.1527099609375,86.43073272705078
171,1,300.2102355957031,35.252315521240234,47.434814453125,87.17467880249023
172,1,300.667236328125,34.664955139160156,48.609100341796875,87.74630737304688
173,1,302.25897216796875,34.268436431884766,47.4002685546875,88.10600662231445
174,1,304.09466552734375,34.182979583740234,45.1728515625,87.9401741027832
175,1,307.76092529296875,33.44107437133789,41.812286376953125,89.30939865112305
176,1,312.45294189453125,33.399925231933594,38.766143798828125,89.00582122802734
177,1,317.3548583984375,32.84590148925781,34.642364501953125,90.0520248413086
178,1,324.2652893066406,32.37635040283203,29.43115234375,88.74395751953125
179,1,328.38897705078125,32.69522476196289,26.720550537109375,89.86550521850586
180,1,330.78314208984375,32.45594787597656,27.036376953125,89.47776794433594
181,1,332.88946533203125,33.054534912109375,26.57293701171875,90.0328598022461
182,1,333.4977722167969,33.30003356933594,30.17181396484375,90.80696105957031
183,1,333.03759765625,34.074684143066406,37.481353759765625,89.53845977783203
184,1,333.369384765625,34.88184356689453,42.68426513671875,87.73179626464844
185,1,333.0421447753906,35.4967041015625,44.275543212890625,86.94438934326172
186,1,333.51983642578125,35.61896514892578,44.70379638671875,87.0084457397461
187,1,334.3687744140625,35.69432830810547,46.0914306640625,87.20438385009766
188,1,334.65106201171875,36.49017333984375,45.863922119140625,86.053466796875
189,1,337.2353210449219,36.70061492919922,43.628204345703125,85.9811782836914
190,1,340.5994567871094,36.11539077758789,40.87530517578125,86.62720108032227
191,1,345.2435607910156,35.73713302612305,37.76568603515625,87.46932601928711
192,1,354.0176086425781,34.89950942993164,32.309967041015625,87.55878829956055
193,1,360.23907470703125,34.74327087402344,27.40283203125,87.57327270507812
194,1,362.7091369628906,34.71329116821289,27.20684814453125,88.84103775024414
195,1,364.4881591796875,34.899879455566406,27.44512939453125,87.48438262939453
196,1,365.8702697753906,35.2520751953125,28.558624267578125,87.44841766357422
197,1,365.91876220703125,36.15250778198242,33.93408203125,86.8229866027832
198,1,366.38232421875,36.868316650390625,38.23638916015625,85.29874420166016
199,1,365.90557861328125,36.986175537109375,43.245330810546875,85.091552734375
200,1,365.59051513671875,36.9790153503418,44.56134033203125,85.44710159301758
201,1,366.0170593261719,36.7984733581543,44.763397216796875,85.91038131713867
202,1,366.6692199707031,36.6785774230957,45.66156005859375,86.13515853881836
203,1,368.2518310546875,36.30127716064453,44.254180908203125,86.57138061523438
204,1,371.1104736328125,35.81608200073242,42.80474853515625,86.95885848999023
205,1,373.8256530761719,35.978397369384766,41.669677734375,86.90156936645508
206,1,378.35467529296875,35.379573822021484,38.6434326171875,87.27177047729492
207,1,383.9887390136719,35.232513427734375,34.55621337890625,86.68840026855469
208,1,391.1412353515625,35.45295333862305,29.31005859375,85.50430679321289
209,1,395.36102294921875,35.00944137573242,27.743011474609375,89.31059646606445
210,1,397.97723388671875,35.71208953857422,26.4031982421875,87.21034240722656
211,1,397.35662841796875,35.99528503417969,30.5484619140625,87.8957748413086
212,1,397.514892578125,37.00401306152344,32.698211669921875,88.57707214355469
213,1,397.9208984375,36.82188034057617,38.76055908203125,89.10576248168945
214,1,397.8435363769531,37.11903762817383,43.2841796875,88.2425651550293
215,1,398.3638916015625,38.322998046875,43.400177001953125,86.81718444824219
216,1,398.5776062011719,38.96453857421875,45.849945068359375,86.24283599853516
217,1,400.0213623046875,39.708370208740234,44.25921630859375,85.15755081176758
218,1,402.4115295410156,39.85027313232422,43.926055908203125,85.93682098388672
219,1,406.1519470214844,39.664615631103516,41.730743408203125,85.92345809936523
220,1,410.0755310058594,39.29230880737305,40.013427734375,86.15621566772461
221,1,416.653076171875,39.031375885009766,34.30926513671875,87.27228927612305
222,1,421.0767822265625,38.741722106933594,31.746185302734375,86.76850891113281
223,1,426.3875732421875,38.76417541503906,28.39935302734375,86.2177963256836
224,1,428.99273681640625,38.87111282348633,28.02801513671875,86.70782852172852
225,1,430.2181701660156,39.36095428466797,29.4537353515625,85.85601043701172
226,1,430.4468688964844,39.58575439453125,31.66455078125,86.26426696777344
227,1,430.1789245605469,39.91458511352539,36.318878173828125,85.79540634155273
228,1,430.4721984863281,40.44321060180664,41.648162841796875,85.18071365356445
229,1,430.21624755859375,40.16925048828125,44.961181640625,86.0918960571289
230,1,430.1436767578125,40.32310485839844,45.1026611328125,85.64331817626953
231,1,430.2891540527344,40.30207824707031,47.2166748046875,85.84590148925781
232,1,431.2759704589844,40.61975860595703,46.8642578125,85.27628326416016
233,1,432.7818908691406,40.135948181152344,45.765625,86.35130310058594
234,1,436.2383728027344,39.79564666748047,43.629425048828125,86.7127456665039
235,1,440.10504150390625,39.512351989746094,42.29803466796875,87.42440032958984
236,1,444.1933898925781,39.53733444213867,39.058349609375,86.76308822631836
237,1,449.4450988769531,40.03963851928711,36.401580810546875,86.66910934448242
238,1,455.06878662109375,39.68959045410156,32.983673095703125,86.67423248291016
239,1,460.8526611328125,39.72602081298828,29.5205078125,88.59398651123047
240,1,462.76226806640625,39.5538330078125,31.728546142578125,91.51808166503906
241,1,461.93463134765625,40.228546142578125,34.557952880859375,91.43592834472656
242,1,462.51617431640625,41.811119079589844,38.85540771484375,89.33060455322266
243,1,462.3931884765625,41.945064544677734,42.116790771484375,88.60234451293945
244,1,462.514892578125,42.97203826904297,44.418182373046875,87.94989776611328
245,1,463.2105407714844,43.72516632080078,44.809600830078125,87.80660247802734
246,1,463.79864501953125,43.87847137451172,44.79498291015625,87.50577545166016
247,1,464.3913879394531,44.2591438293457,45.86309814453125,87.31579208374023
248,1,467.22821044921875,44.41431427001953,45.1102294921875,87.31204986572266
249,1,470.0537414550781,43.650291442871094,44.439056396484375,88.14830780029297
250,1,474.6700744628906,43.53453063964844,40.684600830078125,87.81478881835938
251,1,479.86529541015625,44.142295837402344,38.09576416015625,88.34366607666016
252,1,485.00823974609375,43.79203414916992,34.9666748046875,87.51852798461914
253,1,490.05316162109375,43.497196197509766,32.69085693359375,86.93882369995117
254,1,493.9872131347656,43.54566192626953,31.471527099609375,89.0576400756836
255,1,494.3962097167969,43.47998809814453,31.854339599609375,88.03406524658203
256,1,493.7740783691406,44.80665969848633,33.694244384765625,87.19163131713867
257,1,494.2249450683594,44.7103385925293,36.032928466796875,87.46796035766602
258,1,494.3941955566406,45.176246643066406,40.539947509765625,86.97252655029297
259,1,494.2298889160156,45.66207504272461,44.417022705078125,86.95216751098633
260,1,494.2053527832031,46.77277755737305,46.220184326171875,85.58755874633789
261,1,494.6900939941406,47.01494216918945,46.797332763671875,85.30150985717773
262,1,495.0030517578125,45.22530746459961,47.47528076171875,86.89416885375977
263,1,496.0993347167969,45.61677169799805,48.694854736328125,86.48390579223633
264,1,503.1568298339844,45.296085357666016,45.261749267578125,86.96128463745117
265,1,507.8595886230469,44.30538558959961,42.426300048828125,87.3100471496582
266,1,514.2208251953125,43.59280014038086,38.44781494140625,87.65729141235352
267,1,519.7523193359375,43.5476188659668,34.41650390625,87.00740432739258
268,1,524.5264282226562,43.602500915527344,33.83642578125,90.4380111694336
269,1,526.545654296875,44.17385482788086,33.57940673828125,89.75699234008789
270,1,526.3041381835938,44.73820495605469,33.36322021484375,89.68739318847656
271,1,526.7023315429688,44.718509674072266,34.88214111328125,90.40069198608398
272,1,526.8781127929688,45.66063690185547,39.56298828125,89.0509262084961
273,1,526.513427734375,46.95446014404297,45.22088623046875,87.58301544189453
274,1,526.3319702148438,47.226200103759766,46.702880859375,86.6971549987793
275,1,527.1236572265625,47.2345085144043,45.6685791015625,86.74434280395508
276,1,527.74365234375,47.38954544067383,46.85491943359375,88.06443405151367
277,1,528.1385498046875,48.51877212524414,48.8330078125,86.76755905151367
278,1,530.1953125,48.601497650146484,48.98162841796875,86.83659744262695
279,1,532.7508544921875,48.051761627197266,48.0341796875,87.19878768920898
280,1,537.0038452148438,47.92751693725586,45.820068359375,87.30188369750977
281,1,542.2435302734375,47.49623489379883,41.9825439453125,87.86336898803711
282,1,547.456298828125,48.02082824707031,39.05029296875,87.39445495605469
283,1,553.5591430664062,47.15996551513672,34.29266357421875,86.83390045166016
284,1,557.7908935546875,47.3929557800293,32.4310302734375,87.42190933227539
285,1,559.6203002929688,47.67453384399414,31.9549560546875,87.09476852416992
286,1,559.4651489257812,47.568031311035156,33.65045166015625,87.66382598876953
287,1,559.22998046875,48.52851867675781,35.95880126953125,86.80958557128906
288,1,559.395263671875,49.24153518676758,41.66278076171875,86.09322738647461
289,1,559.9300537109375,49.2260856628418,43.67462158203125,86.02402114868164
290,1,559.9508056640625,49.29419708251953,45.31475830078125,86.12813568115234
291,1,560.1203002929688,49.552974700927734,46.71270751953125,85.87005996704102
292,1,561.6450805664062,49.759220123291016,46.920654296875,86.03283309936523
293,1,564.3576049804688,49.51327896118164,46.2176513671875,86.2000846862793
294,1,567.9342651367188,48.67688751220703,44.52197265625,86.29138946533203
295,1,573.967041015625,48.767425537109375,40.24517822265625,85.65208435058594
296,1,578.8204956054688,48.91267395019531,38.62396240234375,85.46879577636719
297,1,584.2276000976562,49.17390060424805,36.9742431640625,83.80188369750977
298,1,587.9884033203125,48.94292449951172,34.81121826171875,87.13387298583984
299,1,591.076416015625,48.628082275390625,33.858154296875,89.02082824707031
300,1,591.3319091796875,48.866092681884766,35.1419677734375,87.01020431518555
301,1,591.10888671875,49.74418258666992,36.80743408203125,87.61294937133789
302,1,591.248291015625,50.40855026245117,39.52239990234375,88.6177864074707
303,1,590.9987182617188,50.90251541137695,43.8189697265625,88.06687545776367
304,1,591.2914428710938,51.732967376708984,46.09893798828125,87.16135025024414
305,1,591.373779296875,51.91103744506836,47.04327392578125,87.07287979125977
306,1,591.8798217773438,51.795719146728516,47.90643310546875,86.86983871459961
307,1,592.8297729492188,52.40956115722656,49.4937744140625,86.51739501953125
308,1,594.753662109375,52.584354400634766,49.8616943359375,86.60505294799805
309,1,596.6141357421875,52.874446868896484,49.25152587890625,86.5786018371582
310,1,600.799072265625,52.554176330566406,46.7159423828125,86.89359283447266
311,1,605.5712280273438,52.3172607421875,44.41748046875,87.4071044921875
312,1,616.2810668945312,52.331268310546875,37.71875,86.55380249023438
313,1,620.4754638671875,52.544471740722656,34.77691650390625,86.06148529052734
314,1,623.3560180664062,52.2584228515625,32.87969970703125,87.59715270996094
315,1,623.2493896484375,52.469425201416016,34.77069091796875,86.3845329284668
316,1,622.8446044921875,53.2670783996582,36.8206787109375,86.69163131713867
317,1,622.96337890625,53.52543640136719,39.90411376953125,86.26620483398438
318,1,623.3104858398438,54.63319778442383,42.015380859375,84.6104850769043
319,1,623.21240234375,55.04735565185547,43.54925537109375,84.26874542236328
320,1,623.4264526367188,54.975955963134766,44.51104736328125,84.32538986206055
321,1,623.886962890625,54.43795394897461,45.3543701171875,85.31567764282227
322,1,626.5167236328125,54.26011657714844,44.20294189453125,85.45233154296875
323,1,627.96435546875,53.96318817138672,45.05535888671875,85.5937271118164
324,1,633.8455810546875,53.44471740722656,41.45989990234375,85.55328369140625
325,1,636.3926391601562,53.239131927490234,40.4537353515625,86.20322036743164
326,1,642.33251953125,52.932159423828125,36.00457763671875,84.84202575683594
327,1,647.2073364257812,52.93328857421875,34.14984130859375,86.24040222167969
328,1,650.33056640625,53.05604553222656,31.64739990234375,87.07815551757812
329,1,651.1559448242188,53.21666717529297,32.7191162109375,87.14562225341797
330,1,651.052490234375,54.283077239990234,35.1357421875,84.95894241333008
331,1,650.6103515625,54.176544189453125,37.92236328125,87.21302795410156
332,1,650.4589233398438,54.55321502685547,40.26959228515625,86.39875030517578
333,1,650.6058959960938,55.4343147277832,42.0587158203125,85.33562850952148
334,1,650.507080078125,56.60285186767578,44.94927978515625,84.12529754638672
335,1,650.9498291015625,56.99864959716797,46.0430908203125,84.1562271118164
336,1,651.6876831054688,56.581581115722656,49.37896728515625,84.7272720336914
337,1,653.553955078125,57.03076171875,49.36334228515625,84.35989379882812
338,1,656.4581909179688,56.579715728759766,46.81976318359375,85.02221298217773
339,1,659.7799682617188,56.46205520629883,46.22882080078125,84.7537956237793
340,1,663.19482421875,56.06907653808594,45.71710205078125,85.50790405273438
341,1,668.3364868164062,55.30475997924805,40.7108154296875,86.46376419067383
342,1,673.833740234375,55.121971130371094,36.952880859375,86.5135726928711
343,1,678.0746459960938,55.545188903808594,34.21075439453125,84.63013458251953
344,1,680.8463745117188,55.66854476928711,32.7816162109375,85.9970588684082
345,1,681.8167724609375,56.20942306518555,35.0184326171875,84.11011123657227
346,1,681.177490234375,56.179283142089844,38.528076171875,85.2432632446289
347,1,681.13916015625,57.070106506347656,40.21209716796875,84.00446319580078
348,1,681.241455078125,57.29632568359375,42.6441650390625,83.75990295410156
349,1,681.09521484375,58.05472183227539,45.091796875,83.06008529663086
350,1,681.6109008789062,57.86668014526367,46.4625244140625,83.03848648071289
351,1,681.7545776367188,58.14533615112305,47.333984375,82.33942031860352
352,1,682.771728515625,57.92445755004883,46.77301025390625,82.7436637878418
353,1,684.9840698242188,57.863121032714844,45.222412109375,83.33354949951172
354,1,688.4033203125,58.333431243896484,42.41009521484375,83.21405410766602
355,1,693.0531616210938,57.733131408691406,38.69830322265625,83.71239471435547
356,1,698.654541015625,57.39879608154297,34.79119873046875,83.24060821533203
357,1,702.9945068359375,57.08055877685547,31.38848876953125,83.52507781982422
358,1,706.3363647460938,56.10481262207031,29.2945556640625,85.66307067871094
359,1,706.7879028320312,56.97087860107422,29.28668212890625,84.7459945678711
359,2,0.1178961992263794,95.28926086425781,15.390661120414734,44.93785095214844
360,1,706.7402954101562,59.094459533691406,34.927001953125,84.2814712524414
360,2,0.12675674259662628,92.40632629394531,29.368925020098686,47.77995300292969
361,1,707.2181396484375,58.918495178222656,36.7822265625,84.13410186767578
361,2,0.043094102293252945,84.80689239501953,32.777428206056356,55.89130401611328
362,1,707.127197265625,59.286319732666016,39.76708984375,83.00329208374023
362,2,0.19570985436439514,84.55558013916016,32.59000715613365,57.05876922607422
363,1,707.24462890625,59.63740921020508,42.7642822265625,83.23209762573242
363,2,0.1109413206577301,58.911685943603516,33.106679528951645,83.13143539428711
364,1,707.2155151367188,60.14741516113281,44.5335693359375,82.73347473144531
364,2,0.0913490355014801,56.927520751953125,33.680375665426254,84.56671142578125
365,1,707.3894653320312,60.878387451171875,44.910400390625,82.3592529296875
365,2,0.08114854991436005,60.24800491333008,34.09053571522236,82.00182723999023
366,1,707.5676879882812,60.1754035949707,46.93280029296875,83.15501022338867
366,2,0.14142544567584991,59.04842758178711,33.379364654421806,83.35928726196289
367,2,0.04137594997882843,59.1135368347168,33.26925866305828,82.63019180297852
367,1,709.1244506835938,61.09132766723633,46.7452392578125,82.0949821472168
368,1,713.0056762695312,61.60407638549805,45.50244140625,81.33583450317383
368,2,0.22069256007671356,57.81758117675781,33.054106786847115,83.65873718261719
369,2,1.7214821577072144,57.32587814331055,31.796961903572083,84.09415054321289
369,1,714.8270874023438,60.858219146728516,45.65869140625,82.27865219116211
370,1,719.095947265625,60.32575607299805,43.4765625,83.18141555786133
370,2,2.22194504737854,57.71305847167969,32.55589842796326,84.34121704101562
371,2,3.994774103164673,57.278446197509766,29.89503836631775,86.58829879760742
371,1,723.7615966796875,60.466121673583984,40.3697509765625,83.20402908325195
372,1,730.8111572265625,60.397796630859375,35.5177001953125,82.92759704589844
372,2,6.150659084320068,57.537513732910156,29.502073764801025,85.38855743408203
373,2,7.208542823791504,57.6395378112793,34.49663066864014,84.71228408813477
373,1,733.6885375976562,60.59784698486328,33.962890625,82.07157135009766
374,2,7.786497592926025,57.98845291137695,39.16072225570679,84.97546005249023
374,1,736.2593383789062,61.05479049682617,32.25970458984375,83.03760147094727
375,2,9.624987602233887,58.36011505126953,42.70521259307861,84.1162338256836
375,1,736.322021484375,60.66223907470703,34.1785888671875,82.84137725830078
376,2,12.435844421386719,58.45939254760742,42.84212875366211,83.94519424438477
376,1,735.8470458984375,60.99235534667969,37.25714111328125,82.93975830078125
377,2,14.67271614074707,58.69451141357422,41.2661075592041,83.86943817138672
377,1,736.9263916015625,62.33620834350586,37.9229736328125,81.17441177368164
378,2,16.219144821166992,58.78949737548828,40.33823585510254,83.94046783447266
378,1,736.88818359375,62.60493850708008,39.73040771484375,80.17893600463867
379,2,17.879987716674805,58.65442657470703,39.173959732055664,83.6753921508789
379,1,736.758544921875,63.008426666259766,44.09619140625,79.93453598022461
380,2,19.232223510742188,58.091915130615234,37.45444869995117,84.43030166625977
380,1,736.9119262695312,63.37903594970703,47.12042236328125,79.90424346923828
381,2,21.980188369750977,58.19199752807617,34.928388595581055,84.50549697875977
381,1,737.5756225585938,63.419281005859375,47.06915283203125,80.50123596191406
382,2,24.1873722076416,57.429832458496094,32.57456398010254,85.29727935791016
382,1,738.0013427734375,63.365333557128906,47.25286865234375,80.9032211303711
383,2,25.3725528717041,56.616153717041016,32.22869300842285,85.97642135620117
383,1,740.286376953125,63.351131439208984,45.537841796875,80.62480545043945
384,2,30.019678115844727,57.51826095581055,32.55356407165527,84.72139358520508
384,1,752.396484375,62.55092239379883,35.11883544921875,80.64072799682617
385,2,31.342275619506836,58.361289978027344,33.133554458618164,83.69739532470703
385,1,758.3795166015625,61.93370819091797,32.1622314453125,80.8936996459961
386,2,33.373592376708984,57.00041961669922,36.240543365478516,84.9435806274414
386,1,758.3876342773438,62.064266204833984,33.12677001953125,81.72427749633789
387,2,35.515018463134766,57.135986328125,43.30965805053711,84.81256103515625
387,1,760.8110961914062,62.10496520996094,32.098876953125,83.33396911621094
388,2,37.935081481933594,56.632293701171875,46.54370880126953,86.06788635253906
388,1,761.9827880859375,62.534278869628906,33.65643310546875,83.76241302490234
389,2,39.546653747558594,57.03349304199219,47.97722625732422,85.46737670898438
389,1,762.06201171875,62.88695526123047,36.9031982421875,83.38053131103516
390,2,41.000160217285156,56.57863235473633,46.80189514160156,86.0853385925293
390,1,762.3302612304688,63.5157585144043,37.45489501953125,85.0213508605957
391,1,762.4376831054688,64.36659240722656,39.51226806640625,84.80545043945312
391,2,43.08720397949219,56.41596221923828,44.71275329589844,86.31458282470703
392,1,762.4370727539062,64.68997955322266,42.97503662109375,83.92642974853516
392,2,44.44522476196289,56.41751480102539,42.7346305847168,86.95977401733398
393,2,45.541893005371094,56.334720611572266,42.13745880126953,87.39947128295898
393,1,762.589111328125,65.66943359375,44.016845703125,82.5474853515625
394,2,47.50251770019531,56.590877532958984,41.05689239501953,87.34177017211914
394,1,762.7600708007812,65.49173736572266,44.43316650390625,82.7451400756836
395,1,762.9718627929688,65.78849792480469,46.5633544921875,82.97023010253906
395,2,50.02747344970703,55.1789665222168,38.320594787597656,88.43930435180664
396,1,764.4403076171875,65.4111099243164,44.01605224609375,83.28772735595703
396,2,54.097557067871094,55.369224548339844,33.46623229980469,87.63634490966797
397,1,766.409912109375,67.88087463378906,43.807373046875,81.36158752441406
397,2,55.1668701171875,55.00475311279297,32.74028778076172,88.21662139892578
398,1,769.07421875,66.92890167236328,45.4346923828125,82.2091293334961
398,2,57.17613983154297,54.80033874511719,30.554824829101562,87.43962097167969
399,2,59.13705062866211,55.02033996582031,29.76211929321289,89.06355285644531
399,1,772.5559692382812,68.64089965820312,48.209228515625,80.75352478027344
400,2,60.2742919921875,55.23546600341797,30.990623474121094,90.13616180419922
400,1,777.214599609375,67.45005798339844,42.70367431640625,82.85563659667969
401,2,61.6064567565918,55.13877487182617,34.379154205322266,88.96850967407227
401,1,783.280517578125,68.75347900390625,42.504638671875,80.97645568847656
402,2,63.159061431884766,55.31120681762695,39.31682205200195,90.24236679077148
402,1,787.697265625,70.58840942382812,31.107666015625,76.005859375
403,2,64.6955337524414,56.69565963745117,43.25917053222656,88.01367568969727
403,1,790.836181640625,71.40380096435547,32.9691162109375,77.5260238647461
404,2,68.10590362548828,56.715999603271484,41.859825134277344,87.88264846801758
404,1,790.8733520507812,71.69062805175781,32.08758544921875,77.92030334472656
405,2,69.65087890625,56.49812316894531,42.019287109375,87.9354248046875
405,1,791.3329467773438,72.79315185546875,36.78924560546875,77.23387145996094
406,2,71.55012512207031,56.92794418334961,41.964820861816406,88.3807258605957
406,1,791.4635009765625,73.63880920410156,38.7811279296875,75.95413208007812
407,2,73.39620208740234,56.346397399902344,40.16954803466797,88.8338394165039
407,1,791.3801879882812,70.66790008544922,40.44097900390625,78.92205047607422
408,2,78.30184173583984,55.15561294555664,36.38371276855469,90.79764938354492
408,1,791.658203125,77.75906372070312,45.90191650390625,72.3558349609375
409,2,79.87305450439453,54.35212707519531,34.533409118652344,90.95001220703125
409,1,792.5569458007812,76.0214614868164,46.755859375,74.21497344970703
410,2,81.98631286621094,54.40367889404297,31.977874755859375,90.61248016357422
410,1,793.6878662109375,74.98262023925781,45.7042236328125,75.38131713867188
411,2,84.23859405517578,54.16393280029297,31.56134796142578,90.5124740600586
411,1,796.9192504882812,76.00767517089844,41.8992919921875,74.417724609375
412,2,86.34426879882812,55.23746871948242,32.14833068847656,88.16879653930664
412,1,800.5933227539062,76.49226379394531,38.6968994140625,73.82044982910156
413,2,89.0359115600586,55.276222229003906,32.23492431640625,89.55867767333984
413,1,804.9846801757812,72.34044647216797,36.16424560546875,77.69544219970703
414,2,91.90741729736328,55.09577941894531,32.759300231933594,89.43452453613281
414,1,810.3053588867188,75.61189270019531,30.6573486328125,73.22532653808594
415,2,93.32144927978516,55.04708480834961,38.37096405029297,90.21551895141602
415,1,813.5692138671875,73.28860473632812,28.98974609375,76.17649841308594
416,2,94.80535125732422,54.65958023071289,46.735923767089844,91.03025436401367
416,1,816.6570434570312,74.88170623779297,27.63037109375,75.70110321044922
417,2,97.65617370605469,54.83754348754883,47.15922546386719,90.76047897338867
417,1,816.1326904296875,76.14778900146484,29.6278076171875,75.99230194091797
418,2,99.10760498046875,54.086143493652344,46.59112548828125,91.91197967529297
418,1,816.9639282226562,77.54151153564453,31.2305908203125,74.1170883178711
419,1,816.3796997070312,73.47168731689453,32.4930419921875,80.16077423095703
419,2,99.21656036376953,54.99187088012695,47.789146423339844,90.80007553100586
420,2,99.60137176513672,52.270713806152344,46.047386169433594,93.34969329833984
420,1,816.8016967773438,72.6257095336914,35.5234375,82.34476470947266
421,2,100.16093444824219,51.16919708251953,46.2744140625,95.08173370361328
421,1,817.1251831054688,72.54151916503906,37.8822021484375,82.39230346679688
422,2,104.31716918945312,50.88429260253906,42.17974853515625,95.70594787597656
422,1,817.2855224609375,74.34632873535156,37.9388427734375,78.93495178222656
423,2,108.90938568115234,51.8221435546875,36.80670928955078,93.42364501953125
423,1,817.391357421875,77.04696655273438,38.057861328125,76.76104736328125
424,2,113.0856704711914,53.051719665527344,32.97522735595703,91.82535552978516
424,1,817.2772216796875,83.3909683227539,38.09149169921875,70.22245025634766
425,2,116.03366088867188,51.91131591796875,29.5557861328125,93.75306701660156
425,1,818.4581909179688,83.78498840332031,37.16156005859375,70.41520690917969
426,2,117.64797973632812,50.99116897583008,27.983551025390625,94.69005966186523
426,1,820.5767211914062,82.40306854248047,35.0609130859375,72.04105377197266
427,2,118.11426544189453,51.29325485229492,29.960853576660156,95.28206253051758
427,1,823.198486328125,83.34146118164062,32.4776611328125,71.20468139648438
428,2,119.4909896850586,50.80122756958008,32.54676055908203,97.70461654663086
428,1,825.8001098632812,83.5733642578125,29.92083740234375,71.73356628417969
429,2,123.65927124023438,51.9036865234375,33.59092712402344,96.7078857421875
429,1,829.5210571289062,86.71878051757812,26.24359130859375,68.4151611328125
430,2,123.98075103759766,52.92127990722656,38.032005310058594,95.52841186523438
430,1,834.0325927734375,93.75251770019531,21.7579345703125,62.20637512207031
431,2,125.6899642944336,52.81064224243164,43.070945739746094,94.92216110229492
431,1,837.016845703125,124.28028106689453,18.62310791015625,30.335960388183594
432,2,129.79612731933594,52.54439163208008,44.7860107421875,93.9261589050293
433,2,130.51248168945312,52.10274124145508,45.084197998046875,94.6358757019043
434,2,131.0717010498047,51.86419677734375,44.63621520996094,94.79765319824219
435,2,133.92247009277344,52.09444046020508,41.43757629394531,95.25934982299805
436,2,138.15174865722656,51.782623291015625,37.66041564941406,95.58145141601562
437,2,143.3465118408203,51.27961730957031,32.33488464355469,96.37176513671875
438,2,146.7511749267578,51.9575309753418,29.221023559570312,95.38238906860352
439,2,149.894775390625,51.80701446533203,27.612518310546875,95.2601547241211
440,2,151.33230590820312,51.19453811645508,29.833847045898438,96.33417892456055
441,2,154.02127075195312,51.23476791381836,30.964324951171875,96.33705520629883
442,2,156.1767120361328,51.4771728515625,32.9033203125,95.3487548828125
443,2,158.7559814453125,51.63528823852539,37.486175537109375,94.71622848510742
444,2,160.53436279296875,52.530181884765625,45.190948486328125,94.397216796875
445,2,161.16786193847656,51.91281509399414,47.67431640625,95.49470138549805
446,2,160.64959716796875,52.26034164428711,49.02685546875,95.31819534301758
447,2,159.9315185546875,51.964019775390625,51.54719543457031,95.61907958984375
448,2,160.10528564453125,51.273193359375,52.645538330078125,97.24211120605469
449,2,162.94432067871094,51.300453186035156,49.18122863769531,97.3246078491211
450,2,165.84535217285156,51.5493278503418,46.217803955078125,96.64497756958008
451,2,174.73399353027344,50.55856704711914,37.16007995605469,96.7345085144043
452,2,180.30703735351562,50.20634841918945,31.430679321289062,96.45107650756836
453,2,183.01651000976562,50.43269348144531,27.990554809570312,96.56549072265625
454,2,184.64328002929688,50.59141159057617,27.323028564453125,97.25961685180664
455,2,188.12857055664062,50.634281158447266,27.269760131835938,99.38193893432617
456,2,193.72293090820312,51.508426666259766,35.66004943847656,97.06353378295898
457,2,195.14022827148438,52.10922622680664,41.615447998046875,95.73180770874023
458,2,195.81533813476562,52.46575164794922,45.63084411621094,93.98711395263672
459,2,196.1156005859375,52.07980728149414,48.17082214355469,94.73090744018555
460,2,195.5685577392578,52.63744354248047,50.12159729003906,94.39661407470703
461,2,196.99440002441406,54.105743408203125,48.26506042480469,92.91450500488281
462,2,199.9749755859375,53.00357437133789,46.25914001464844,94.15963363647461
463,2,205.07647705078125,52.072998046875,41.61888122558594,94.950927734375
464,2,210.10443115234375,52.18136978149414,35.6405029296875,94.94744491577148
465,2,217.37611389160156,52.757049560546875,28.062973022460938,93.88729858398438
466,2,219.37979125976562,48.9052619934082,26.896697998046875,97.22268295288086
467,2,218.56124877929688,48.318241119384766,30.411300659179688,97.94289779663086
468,2,224.7521209716797,48.97959899902344,29.214019775390625,97.53311157226562
469,2,227.17086791992188,48.283851623535156,33.584564208984375,98.0182876586914
470,2,228.97312927246094,50.31264877319336,40.53425598144531,95.83150100708008
471,2,230.1080780029297,50.7409553527832,45.92137145996094,95.07186508178711
472,2,229.6718292236328,50.8095703125,49.35997009277344,95.41804504394531
473,2,230.4710235595703,50.45520782470703,49.86351013183594,95.4235610961914
474,2,231.05140686035156,51.100460052490234,50.66178894042969,94.80009841918945
475,2,232.2875518798828,50.550384521484375,49.74858093261719,97.00621032714844
476,2,234.81930541992188,49.38332748413086,47.665313720703125,97.56305313110352
477,2,240.74929809570312,49.48151779174805,41.336151123046875,96.91008377075195
478,2,246.9896240234375,49.632904052734375,33.713104248046875,96.01948547363281
479,2,252.76124572753906,48.741783142089844,26.886917114257812,96.75928497314453
480,2,259.9361572265625,49.301963806152344,25.975555419921875,97.5597915649414
481,2,262.3248291015625,49.59745407104492,26.803741455078125,97.84030532836914
482,2,264.19390869140625,50.13151931762695,31.464080810546875,96.05990219116211
483,2,265.1776428222656,50.988121032714844,39.7286376953125,95.20259857177734
484,2,266.063720703125,51.22940444946289,45.72247314453125,93.83286666870117
485,2,266.47784423828125,51.73493957519531,46.455169677734375,93.12646484375
486,2,265.9552917480469,53.23479461669922,48.967529296875,91.49980926513672
487,2,266.1480407714844,52.976436614990234,49.421417236328125,91.79445266723633
488,2,267.147705078125,52.89440155029297,49.729278564453125,92.19129180908203
489,2,270.9853820800781,51.90633010864258,46.27264404296875,93.27910995483398
490,2,275.1777648925781,51.62910842895508,41.601287841796875,93.94358444213867
491,2,281.0401306152344,51.297969818115234,35.3023681640625,93.65620803833008
492,2,287.1437072753906,51.064327239990234,28.536651611328125,94.65324783325195
493,2,293.1505126953125,51.380531311035156,22.4373779296875,93.39588165283203
494,2,295.39495849609375,51.135337829589844,23.319915771484375,95.02893829345703
495,2,297.4040222167969,51.00874710083008,24.58013916015625,95.33010482788086
496,2,299.324462890625,51.025062561035156,27.218658447265625,93.4964370727539
497,2,300.9949035644531,50.59807586669922,35.419586181640625,93.86852264404297
498,2,300.43011474609375,50.573333740234375,41.315216064453125,94.09031677246094
499,2,299.8326110839844,50.89932632446289,46.911468505859375,94.5400505065918
500,2,299.50872802734375,50.383670806884766,49.819915771484375,95.5947380065918
501,2,300.4617919921875,51.352210998535156,49.47607421875,94.3536148071289
502,2,301.2172546386719,50.77180480957031,48.6329345703125,95.0157470703125
503,2,303.71417236328125,49.437007904052734,45.85107421875,96.80224990844727
504,2,313.4256591796875,49.814903259277344,37.118011474609375,95.0782241821289
505,2,319.0504455566406,49.158599853515625,31.299041748046875,95.44609069824219
506,2,326.43798828125,49.230289459228516,24.694488525390625,93.96348190307617
507,2,330.0685729980469,49.20016860961914,23.278564453125,95.69877243041992
508,2,332.3150939941406,49.42833709716797,24.60498046875,96.27733612060547
509,2,334.4982604980469,49.3979606628418,25.914459228515625,97.56436538696289
510,2,334.57122802734375,49.58682632446289,32.68328857421875,95.69167709350586
511,2,334.4579772949219,50.319156646728516,41.311065673828125,93.94439315795898
512,2,334.21270751953125,51.181358337402344,45.808746337890625,92.5743637084961
513,2,334.26025390625,51.74064254760742,48.0797119140625,91.92375564575195
514,2,333.97711181640625,52.08736801147461,50.632781982421875,91.87903213500977
515,2,334.5760498046875,51.70661544799805,50.282470703125,92.27759170532227
515,3,830.6336059570312,276.0457763671875,25.1400146484375,75.905029296875
516,2,337.1030578613281,52.053924560546875,48.271148681640625,92.24504089355469
516,3,816.1592407226562,259.3690490722656,39.50457763671875,89.85650634765625
517,2,340.5903015136719,51.433319091796875,45.383758544921875,92.57424926757812
517,3,807.9697875976562,248.89657592773438,47.5738525390625,99.3331298828125
518,3,805.6757202148438,237.73690795898438,50.229248046875,109.98214721679688
518,2,344.15533447265625,51.22779846191406,41.4461669921875,93.27238464355469
519,2,349.4009094238281,50.64698028564453,36.310394287109375,93.8510971069336
519,3,805.7866821289062,234.82022094726562,49.70623779296875,110.59063720703125
520,3,805.9507446289062,232.88699340820312,48.19622802734375,112.38198852539062
520,2,356.88934326171875,51.07376480102539,28.40667724609375,93.38956832885742
521,3,800.2770385742188,230.73667907714844,46.2952880859375,113.47346496582031
521,2,363.56927490234375,50.593109130859375,23.728057861328125,93.08255004882812
522,3,782.702392578125,225.99412536621094,55.923583984375,120.83512878417969
522,2,367.642822265625,50.51539993286133,23.215301513671875,93.94961166381836
523,2,369.0208740234375,50.42377471923828,27.462921142578125,93.87555694580078
523,3,767.0100708007812,224.26980590820312,66.9227294921875,122.92477416992188
524,2,370.28253173828125,50.427215576171875,30.35107421875,93.94268798828125
524,3,754.190185546875,223.0760955810547,72.588134765625,124.14112854003906
525,2,370.078125,51.38145065307617,37.188934326171875,92.72786331176758
525,3,748.1519775390625,222.6576385498047,72.82220458984375,122.36991882324219
526,2,369.64300537109375,51.20172119140625,42.108734130859375,92.90354919433594
526,3,747.6406860351562,223.1071014404297,65.12408447265625,121.16819763183594
527,3,747.2789306640625,222.2891845703125,57.83612060546875,119.95413208007812
527,2,368.9248352050781,51.37545394897461,46.566131591796875,92.97204971313477
528,2,371.0094909667969,51.577903747558594,47.500457763671875,93.16588592529297
528,3,743.2791137695312,219.34754943847656,45.71417236328125,116.62550354003906
529,3,732.0755615234375,216.93197631835938,52.3597412109375,115.67532348632812
529,2,372.1016540527344,51.532615661621094,46.702056884765625,93.61312103271484
530,3,715.7733154296875,215.5872344970703,63.76751708984375,114.75581359863281
530,2,376.2881164550781,50.984920501708984,42.612060546875,94.04028701782227
531,3,703.6342163085938,214.59251403808594,68.734619140625,113.77378845214844
531,2,381.9013366699219,50.55766677856445,36.371124267578125,94.50326156616211
532,3,698.2445068359375,213.60189819335938,67.62701416015625,114.24545288085938
532,2,387.2112121582031,50.32210922241211,30.6435546875,94.84213638305664
533,2,393.13775634765625,50.708614349365234,26.541107177734375,93.89885330200195
533,3,697.5045166015625,212.96112060546875,59.6708984375,114.14505004882812
534,2,399.5837097167969,50.21052551269531,23.493743896484375,94.551025390625
534,3,699.2548828125,213.11473083496094,50.436279296875,112.49702453613281
535,2,401.9322204589844,50.651947021484375,24.57427978515625,96.44673156738281
535,3,697.8228149414062,211.93698120117188,44.44427490234375,114.05340576171875
536,2,402.8755798339844,50.67827606201172,27.293426513671875,97.2421646118164
536,3,687.6895751953125,209.17776489257812,49.89764404296875,114.7261962890625
537,2,402.5222473144531,51.649662017822266,32.2738037109375,96.20544052124023
537,3,672.9203491210938,207.74586486816406,56.0140380859375,118.61930847167969
538,2,402.6639404296875,51.563995361328125,40.306793212890625,95.33746337890625
538,3,658.6767578125,204.21731567382812,64.93817138671875,122.90634155273438
539,2,402.392822265625,52.37711715698242,48.0469970703125,94.51407241821289
539,3,651.557861328125,203.92279052734375,67.62200927734375,122.48904418945312
540,2,401.69305419921875,52.51695251464844,51.33465576171875,94.48583984375
540,3,646.9542236328125,202.87521362304688,66.0596923828125,122.46316528320312
541,2,402.14837646484375,53.49210739135742,52.05084228515625,93.18170547485352
541,3,647.240234375,202.49436950683594,58.4659423828125,121.96870422363281
542,2,402.4681091308594,53.3729248046875,51.877105712890625,93.28616333007812
542,3,646.3062744140625,201.7175750732422,50.97406005859375,121.12129211425781
543,2,404.3099365234375,53.044288635253906,50.29486083984375,93.77764129638672
543,3,646.6345825195312,199.1935272216797,45.84613037109375,114.08030700683594
544,2,408.6228942871094,52.69996643066406,46.1712646484375,94.223876953125
544,3,640.8825073242188,199.714111328125,44.50030517578125,116.69537353515625
545,3,624.9638671875,196.8331756591797,53.48895263671875,119.57179260253906
545,2,414.3102111816406,53.35816955566406,40.308685302734375,94.13209533691406
546,3,610.66943359375,195.6804656982422,63.08172607421875,118.95191955566406
546,2,418.93487548828125,52.92951202392578,35.071258544921875,94.09842681884766
547,3,599.0220947265625,196.6885223388672,70.69659423828125,117.61958312988281
547,2,424.7091369628906,52.53860855102539,29.89178466796875,95.38032150268555
548,3,592.1455688476562,197.87852478027344,74.88739013671875,117.15516662597656
548,2,432.81854248046875,52.750911712646484,23.943328857421875,93.17256546020508
549,3,588.0188598632812,196.7399444580078,75.38232421875,116.84346008300781
549,2,436.3150329589844,52.367313385009766,23.38006591796875,94.78342819213867
549,4,0.055552296340465546,106.81079864501953,11.514552302658558,54.85987091064453
550,2,438.26080322265625,52.29252624511719,25.903045654296875,95.34197998046875
550,3,586.898193359375,195.53440856933594,70.45758056640625,117.20848083496094
550,4,0.0,87.03112030029297,12.053675651550293,78.6460952758789
551,3,588.0111694335938,195.31256103515625,62.9849853515625,113.97189331054688
551,2,438.53338623046875,52.613365173339844,30.166717529296875,94.1410903930664
551,4,0.0,86.13926696777344,13.875964164733887,78.63858032226562
552,2,437.7685852050781,52.7817268371582,42.85992431640625,94.30744552612305
552,3,586.8661499023438,189.28475952148438,45.64520263671875,119.19906616210938
552,4,0.0,66.8457260131836,30.580116271972656,97.6966323852539
553,2,437.6036071777344,53.053977966308594,46.03900146484375,94.1862564086914
553,3,578.3057250976562,187.37948608398438,46.74822998046875,116.73052978515625
553,4,0.0,67.35980224609375,36.06510543823242,97.36282348632812
554,2,437.5130920410156,53.18303680419922,48.626434326171875,94.32837677001953
554,3,570.61669921875,185.94024658203125,51.090087890625,119.89532470703125
554,4,0.09520881623029709,67.84171295166016,38.19291526824236,96.48070526123047
555,2,438.72467041015625,53.14201736450195,48.660400390625,94.27640914916992
555,4,0.14108231663703918,66.15279388427734,40.93812224268913,97.8227767944336
555,3,561.2086791992188,184.8946533203125,54.15570068359375,123.66336059570312
556,2,440.09124755859375,52.49795913696289,46.825408935546875,95.03803634643555
556,4,0.0,64.7575912475586,42.69727325439453,99.9392318725586
556,3,547.0003662109375,185.14573669433594,67.447509765625,123.73716735839844
557,2,442.10589599609375,52.568973541259766,45.526947021484375,94.8155632019043
557,4,0.0,65.03604888916016,43.00442123413086,99.15338897705078
557,3,537.4912109375,185.44100952148438,71.61083984375,122.85177612304688
558,2,447.2520751953125,52.048255920410156,40.65643310546875,95.07556915283203
558,4,0.0,62.856666564941406,42.83723449707031,101.3222885131836
558,3,531.9346313476562,186.57505798339844,75.05279541015625,122.34510803222656
559,2,452.36688232421875,51.89415740966797,35.815032958984375,95.30561065673828
559,4,0.32962745428085327,64.06873321533203,43.88747078180313,99.92401885986328
559,3,528.3494873046875,184.1073455810547,76.516845703125,124.29444885253906
560,2,457.2204895019531,51.44081497192383,31.661376953125,95.61686325073242
560,3,527.6271362304688,182.9675750732422,72.0819091796875,125.56806945800781
560,4,0.6545162796974182,64.24818420410156,42.65012162923813,99.25971984863281
561,4,3.188873052597046,63.62599563598633,40.067264795303345,100.26336288452148
561,2,465.5445556640625,52.30255126953125,25.561248779296875,93.24366760253906
561,3,526.32470703125,182.38975524902344,64.20361328125,122.79731750488281
562,4,5.543493270874023,63.117889404296875,39.67183494567871,101.03388977050781
562,2,469.38934326171875,51.60540771484375,23.705841064453125,95.24099731445312
562,3,525.9218139648438,178.39974975585938,53.60260009765625,122.91497802734375
563,2,471.4033508300781,51.81913375854492,24.833953857421875,97.6556282043457
563,4,9.62690258026123,62.913795471191406,39.828335762023926,99.7811508178711
563,3,522.179443359375,175.91395568847656,46.70086669921875,122.29566955566406
564,2,471.25616455078125,52.406150817871094,28.0118408203125,97.95845794677734
564,4,12.449382781982422,62.44502639770508,40.72198486328125,100.56499862670898
564,3,519.2288818359375,175.15626525878906,46.76739501953125,117.22453308105469
565,4,14.312583923339844,61.55656814575195,48.96459197998047,101.1305046081543
565,2,470.8403625488281,52.73193359375,33.53399658203125,97.59771728515625
565,3,515.64794921875,173.27040100097656,40.1676025390625,118.79127502441406
566,2,470.9787292480469,53.506248474121094,40.02166748046875,96.87146759033203
566,4,16.89961814880371,63.11748123168945,56.19931221008301,100.4174919128418
566,3,502.5173034667969,174.59963989257812,48.851409912109375,119.05758666992188
567,2,470.92730712890625,53.95696258544922,46.24139404296875,95.27202606201172
567,4,19.76575469970703,63.33726501464844,59.75038146972656,99.97691345214844
567,3,487.50421142578125,175.46942138671875,61.5784912109375,116.98306274414062
568,2,470.9691467285156,54.158790588378906,48.926422119140625,94.1516342163086
568,4,22.973134994506836,63.69001007080078,57.660783767700195,99.5029067993164
568,3,476.19232177734375,176.01681518554688,71.99365234375,116.07217407226562
569,2,471.1457824707031,54.33941650390625,49.882598876953125,94.08457946777344
569,4,24.851831436157227,63.675716400146484,56.725996017456055,99.5767707824707
569,3,470.6728515625,175.18577575683594,76.82489013671875,116.62144470214844
570,2,471.61651611328125,54.69868850708008,49.3548583984375,94.06663131713867
570,4,27.08078956604004,63.5149040222168,55.89867973327637,100.08040237426758
570,3,468.506103515625,175.56532287597656,77.61517333984375,115.59092712402344
571,2,473.0431823730469,55.141239166259766,48.037750244140625,93.90703964233398
571,4,30.16358757019043,62.02149963378906,53.2548770904541,100.82276916503906
571,3,467.2886962890625,174.76724243164062,73.7347412109375,115.43746948242188
572,4,32.675350189208984,61.21942138671875,51.75851821899414,101.40951538085938
572,3,466.80169677734375,172.11288452148438,65.3997802734375,116.86688232421875
572,2,476.85760498046875,54.786991119384766,43.89764404296875,94.12095260620117
573,2,480.8110046386719,54.695011138916016,40.250030517578125,94.44015121459961
573,4,35.656837463378906,61.781036376953125,48.423866271972656,100.21823120117188
573,3,465.6033020019531,170.6785888671875,58.211517333984375,116.07339477539062
574,2,485.1918640136719,54.65270233154297,36.593841552734375,94.0988998413086
574,4,38.97528076171875,60.63168716430664,44.851295471191406,100.89652633666992
574,3,463.3190002441406,167.9569549560547,49.392303466796875,118.51185607910156
575,2,492.2876281738281,55.086585998535156,30.549774169921875,94.88472747802734
575,4,41.41730880737305,60.810298919677734,41.076290130615234,99.54375076293945
575,3,455.3640441894531,165.79661560058594,51.595458984375,119.29304504394531
576,2,502.5983581542969,55.02667999267578,25.448272705078125,93.6200942993164
576,4,46.62422180175781,60.45924377441406,36.40111541748047,100.90243530273438
576,3,442.178466796875,164.11410522460938,50.33758544921875,120.53750610351562
577,4,48.93473434448242,59.83636474609375,36.50655746459961,104.34233093261719
577,2,504.7973937988281,54.856597900390625,27.137786865234375,94.49320983886719
577,3,436.608154296875,163.52142333984375,51.995391845703125,122.99234008789062
578,2,505.60699462890625,54.88812255859375,30.8251953125,93.6043701171875
578,4,51.205116271972656,60.1064453125,37.546775817871094,102.96076965332031
578,3,427.2517395019531,163.5107879638672,60.1224365234375,122.77656555175781
579,4,53.62493896484375,61.700714111328125,46.002288818359375,102.12986755371094
579,2,505.13970947265625,55.03564453125,36.28192138671875,93.88360595703125
579,3,421.0605163574219,163.3911590576172,65.59750366210938,122.27540588378906
580,4,56.64798355102539,61.65436553955078,51.453487396240234,102.31885528564453
580,2,505.05517578125,55.95414733886719,40.73223876953125,93.00160217285156
580,3,416.9996643066406,163.030517578125,67.69345092773438,122.84271240234375
581,4,58.604095458984375,62.103355407714844,52.978118896484375,101.4101791381836
581,2,504.9078369140625,55.7803840637207,44.43408203125,93.0904655456543
581,3,415.0027160644531,161.37176513671875,68.30587768554688,124.6065673828125
582,4,60.930206298828125,62.49479675292969,53.10614013671875,100.92919921875
582,2,504.2024841308594,55.18435287475586,47.336273193359375,94.34029006958008
582,3,413.7762451171875,159.50941467285156,62.336181640625,124.91865539550781
583,4,63.806766510009766,61.81177520751953,51.199954986572266,101.92621612548828
583,2,504.7542724609375,55.77210235595703,48.237548828125,94.1595230102539
583,3,410.69036865234375,156.9623565673828,54.306304931640625,123.23143005371094
584,4,65.12590789794922,62.38182067871094,51.43760681152344,101.09376525878906
584,2,506.8846435546875,56.4087028503418,47.269287109375,93.26663589477539
584,3,406.572509765625,155.23582458496094,48.993621826171875,121.77430725097656
585,4,67.92251586914062,62.19023513793945,48.86573791503906,101.18473434448242
585,2,510.0565185546875,55.388465881347656,43.55609130859375,94.24837493896484
585,3,403.30224609375,152.84796142578125,40.449493408203125,119.60568237304688
586,2,514.9286499023438,54.199520111083984,39.291748046875,94.45865249633789
586,4,71.14059448242188,61.936744689941406,44.59893798828125,101.69474029541016
586,3,398.5067138671875,151.2666778564453,41.3946533203125,118.51234436035156
587,2,520.1174926757812,54.59266662597656,34.26239013671875,93.86741638183594
587,4,74.31856536865234,62.2750358581543,41.95953369140625,101.08514785766602
587,3,394.74212646484375,150.71810913085938,43.191680908203125,116.66238403320312
588,4,77.0923843383789,60.138160705566406,37.72661590576172,102.57544708251953
588,2,526.7900390625,54.65745544433594,29.39459228515625,91.98435974121094
588,3,382.6510314941406,150.57289123535156,52.2064208984375,117.09059143066406
589,4,78.46940612792969,59.91069030761719,38.39897918701172,102.60514831542969
589,2,530.9677734375,54.711883544921875,27.97686767578125,93.04165649414062
589,3,370.26934814453125,151.33106994628906,62.7586669921875,115.00617980957031
590,4,80.12155151367188,60.98149871826172,39.54180908203125,100.9084243774414
590,3,362.4991760253906,152.02589416503906,69.42822265625,115.54856872558594
590,2,535.3885498046875,54.82416534423828,26.1226806640625,93.74176788330078
591,4,83.2862777709961,61.57614517211914,39.816627502441406,101.48090744018555
591,2,536.0640258789062,55.11180114746094,27.96331787109375,95.17691040039062
591,3,359.6994323730469,150.57872009277344,72.48117065429688,115.45951843261719
592,4,85.84650421142578,61.214317321777344,41.061859130859375,101.6069107055664
592,2,536.2645263671875,55.721412658691406,30.57421875,95.33231353759766
592,3,357.2420654296875,150.09658813476562,71.5732421875,115.74853515625
593,3,356.9560241699219,150.0674591064453,66.64505004882812,114.76130676269531
593,4,87.9481430053711,61.800086975097656,46.255821228027344,101.51509857177734
593,2,536.8770141601562,55.92941665649414,33.0396728515625,94.44059371948242
594,4,90.05040740966797,60.025054931640625,54.173301696777344,103.29969787597656
594,2,536.9046020507812,56.61464309692383,40.61114501953125,94.36454391479492
594,3,354.7301330566406,147.7353973388672,60.95062255859375,115.03498840332031
595,4,92.88444519042969,62.16126251220703,57.57234191894531,101.32318878173828
595,2,536.86181640625,56.5422477722168,47.27215576171875,93.87031936645508
595,3,350.1466979980469,145.6879425048828,55.759307861328125,113.82447814941406
596,4,94.48408508300781,62.75713348388672,58.4002685546875,101.72956085205078
596,2,536.5684204101562,57.52525329589844,48.5338134765625,92.88279724121094
596,3,343.8764953613281,143.3562774658203,52.058502197265625,114.15498352050781
597,4,97.58448791503906,62.284889221191406,55.57908630371094,102.99161529541016
597,2,536.201904296875,58.31655502319336,48.506103515625,92.04678726196289
597,3,339.3150634765625,141.16444396972656,46.37237548828125,116.29374694824219
598,2,537.1865844726562,58.6619758605957,47.7154541015625,92.19320297241211
598,4,98.98927307128906,63.34098434448242,56.350616455078125,101.77524185180664
598,3,334.9478454589844,140.31398010253906,45.90277099609375,114.25923156738281
599,4,100.4748764038086,63.78097915649414,56.550926208496094,101.1695671081543
599,2,540.4125366210938,59.1258659362793,44.98480224609375,91.7097053527832
599,3,331.24346923828125,140.3080291748047,47.006103515625,116.02729797363281
600,2,548.8662109375,58.79941177368164,38.28985595703125,92.99787521362305
600,4,107.78097534179688,62.83328628540039,48.601898193359375,101.56916427612305
600,3,319.1428527832031,141.27105712890625,56.715423583984375,115.16043090820312
601,2,553.9290161132812,58.297359466552734,34.41259765625,93.96405410766602
601,4,111.43284606933594,63.6787223815918,43.67729187011719,101.08783340454102
601,3,314.3577575683594,142.06016540527344,60.24920654296875,114.59263610839844
602,2,560.4456176757812,58.85456085205078,31.16461181640625,92.24947357177734
602,4,113.62186431884766,62.95698547363281,41.19261932373047,101.70571899414062
602,3,311.3099365234375,139.3433074951172,62.117218017578125,117.78727722167969
603,4,116.4867172241211,62.16592788696289,37.230506896972656,103.22602462768555
603,2,565.1138916015625,59.22003173828125,29.06903076171875,90.64852905273438
603,3,309.6341857910156,137.43324279785156,60.65509033203125,119.05223083496094
604,2,569.255615234375,58.95358657836914,27.9580078125,92.88418197631836
604,4,118.7081527709961,61.73366165161133,35.899925231933594,103.66576766967773
604,3,303.9190979003906,135.9140625,57.018280029296875,118.83317565917969
605,2,569.6092529296875,59.322898864746094,32.25518798828125,92.02867889404297
605,4,121.11280059814453,62.04026794433594,35.87592315673828,105.52682495117188
605,3,300.2129211425781,134.5109405517578,52.454803466796875,114.80419921875
606,2,570.3290405273438,58.79098892211914,34.9796142578125,92.68394088745117
606,4,124.07281494140625,62.802120208740234,36.57621765136719,105.22290420532227
606,3,297.2654113769531,132.1245574951172,47.35491943359375,116.05001831054688
607,2,569.9306640625,59.84885787963867,38.454345703125,91.56489944458008
607,4,125.57681274414062,63.089805603027344,44.95503234863281,105.97612762451172
607,3,293.4493713378906,129.77012634277344,43.050384521484375,112.78057861328125
608,4,128.4634246826172,62.77268600463867,50.65977478027344,105.07561111450195
608,2,570.0617065429688,59.53891372680664,43.46978759765625,92.06173324584961
608,3,295.22100830078125,128.8168487548828,37.156768798828125,111.82569885253906
609,4,132.40707397460938,63.57868576049805,50.69178771972656,104.34486770629883
609,2,569.8604125976562,59.62611770629883,45.647216796875,92.33337020874023
609,3,290.1867370605469,128.09262084960938,40.377960205078125,111.55332946777344
610,4,134.00921630859375,63.916656494140625,51.64707946777344,104.33328247070312
610,2,570.225830078125,60.21053695678711,47.29522705078125,91.5843391418457
610,3,278.5981750488281,131.78504943847656,50.129608154296875,108.16059875488281
611,2,570.7744140625,61.541770935058594,47.86279296875,90.46964263916016
611,4,136.13589477539062,63.68511199951172,51.441192626953125,104.72724151611328
611,3,269.44915771484375,128.69332885742188,59.83544921875,111.71089172363281
612,2,573.3560180664062,59.965885162353516,46.07757568359375,92.30048751831055
612,3,264.21917724609375,128.31956481933594,64.05435180664062,111.57962036132812
612,4,137.67593383789062,63.80763244628906,50.729827880859375,103.85137939453125
613,2,577.5187377929688,59.49657440185547,42.678955078125,92.82964324951172
613,4,139.26943969726562,64.16535949707031,50.84825134277344,105.0594482421875
613,3,262.6833801269531,128.07296752929688,63.865478515625,111.82461547851562
614,4,141.81382751464844,64.19576263427734,49.30308532714844,105.42711639404297
614,2,582.1171875,59.779258728027344,38.60626220703125,92.18309783935547
614,3,261.2444763183594,126.42404174804688,62.337127685546875,111.47726440429688
615,4,147.40847778320312,64.59162139892578,41.93083190917969,104.39929962158203
615,2,588.3551635742188,59.2908821105957,34.537109375,92.08529281616211
615,3,259.4256591796875,126.20928192138672,57.576507568359375,110.33454132080078
616,4,150.8054656982422,63.962493896484375,37.517486572265625,106.45634460449219
616,2,593.3677978515625,59.59683609008789,31.932373046875,91.61867904663086
616,3,255.11561584472656,123.87890625,56.23738098144531,110.42362976074219
617,4,153.6482696533203,63.84306335449219,37.15852355957031,106.28202819824219
617,2,599.2134399414062,59.807960510253906,28.4373779296875,91.38826751708984
617,3,249.5224151611328,121.4010009765625,52.58586120605469,109.99945068359375
618,4,156.8572540283203,63.82795333862305,36.69720458984375,103.54654312133789
618,2,601.4478149414062,60.080440521240234,28.20147705078125,94.21535110473633
618,3,244.1465606689453,121.0020980834961,49.56886291503906,108.26895904541016
619,4,159.497314453125,63.844573974609375,37.32624816894531,105.18559265136719
619,2,601.4821166992188,60.014923095703125,30.545166015625,95.83920288085938
619,3,239.78768920898438,119.46501159667969,43.46185302734375,107.7030029296875
620,4,161.97381591796875,62.78751754760742,39.03535461425781,105.01511001586914
620,2,601.7221069335938,60.54601287841797,33.31048583984375,94.8810806274414
620,3,237.2796173095703,119.84489440917969,40.73390197753906,108.30726623535156
621,2,601.72607421875,61.50375747680664,38.22900390625,94.70743942260742
621,4,164.48727416992188,64.52889251708984,41.73704528808594,102.62822723388672
621,3,232.8653106689453,117.3284912109375,45.36650085449219,112.02468872070312
622,4,166.93972778320312,65.26044464111328,48.987884521484375,103.91918182373047
622,2,601.7678833007812,62.77456283569336,45.26971435546875,92.21338272094727
622,3,228.54530334472656,118.78984069824219,49.50880432128906,110.82600402832031
623,4,169.5692901611328,65.78407287597656,55.52571105957031,102.98980712890625
623,2,601.2817993164062,62.947757720947266,48.70953369140625,91.40656661987305
623,3,229.22073364257812,119.27455139160156,47.80902099609375,111.59877014160156
624,4,173.55197143554688,67.07553100585938,53.14288330078125,102.90650939941406
624,2,602.021484375,63.92540740966797,49.53863525390625,90.81731414794922
624,3,224.01336669921875,118.29473876953125,50.48614501953125,111.70182800292969
625,4,175.5506591796875,66.91630554199219,51.1851806640625,103.023681640625
625,2,603.5736694335938,63.66544723510742,49.8642578125,91.5353889465332
625,3,222.32261657714844,116.80126190185547,48.79151916503906,112.23387908935547
626,2,606.8388671875,63.52273941040039,47.1407470703125,91.29499435424805
626,4,176.76150512695312,66.0406494140625,47.20320129394531,104.39608764648438
626,3,218.54568481445312,116.52920532226562,47.6212158203125,111.11328125
627,4,178.53713989257812,66.39740753173828,45.2579345703125,102.1672134399414
627,2,611.4736328125,63.82027053833008,43.12164306640625,91.65305709838867
627,3,216.0362091064453,113.03784942626953,42.64970397949219,109.14679718017578
628,2,616.166259765625,64.32515716552734,40.1168212890625,90.83834075927734
628,4,182.33349609375,66.04197692871094,42.59501647949219,103.86363220214844
628,3,215.48867797851562,111.84738159179688,37.37089538574219,106.18490600585938
629,2,622.2625122070312,64.2707748413086,36.73419189453125,91.3380355834961
629,4,188.61900329589844,64.01172637939453,39.0545654296875,103.95854949951172
629,3,212.26275634765625,109.61621856689453,32.944091796875,105.62369537353516
630,2,627.4629516601562,64.00800323486328,33.2491455078125,91.34711456298828
630,3,204.5731201171875,106.64262390136719,36.65126037597656,107.92242431640625
630,4,193.6400604248047,62.84969711303711,38.736968994140625,106.03725051879883
631,2,633.1041870117188,64.00786590576172,29.36102294921875,90.82154083251953
631,4,196.9884033203125,60.74138259887695,35.3841552734375,105.42463302612305
631,3,201.03060913085938,108.26793670654297,37.81663513183594,105.04708099365234
632,2,635.6609497070312,64.39046478271484,30.08782958984375,91.80338287353516
632,4,195.8907012939453,58.46519088745117,44.941436767578125,155.7054786682129
633,2,636.2450561523438,64.76475524902344,33.11138916015625,90.86799621582031
633,4,186.81561279296875,56.45865249633789,52.771209716796875,157.79528427124023
634,2,635.8241577148438,64.79418182373047,36.3541259765625,90.8009262084961
634,4,204.13613891601562,58.09859085083008,38.08184814453125,115.52204513549805
634,3,182.40757751464844,110.63909149169922,55.15547180175781,102.06476593017578
635,2,636.3439331054688,65.0692367553711,41.141845703125,91.16492462158203
635,4,207.98089599609375,59.187660217285156,44.432281494140625,116.22002410888672
635,3,181.24679565429688,111.38311004638672,56.44770812988281,100.89875030517578
636,4,210.54318237304688,59.621986389160156,51.09954833984375,114.8028335571289
636,2,635.0751953125,65.60102844238281,46.23541259765625,90.97998046875
636,3,180.7193145751953,107.77019500732422,54.09617614746094,105.3583755493164
637,4,211.52503967285156,65.26537322998047,53.96467590332031,108.88150787353516
637,2,636.0343017578125,66.4099349975586,47.5992431640625,89.93756866455078
637,3,179.2088623046875,107.27140045166016,51.47706604003906,104.51509857177734
638,4,212.4665069580078,66.4502944946289,54.52680969238281,107.80255889892578
638,2,637.1266479492188,66.18524169921875,48.08001708984375,90.215087890625
638,3,175.5390167236328,106.2149658203125,49.429412841796875,104.27384948730469
639,4,213.4274139404297,67.23193359375,55.59971618652344,107.07075500488281
639,2,638.6111450195312,66.2042007446289,47.67236328125,90.72127532958984
639,3,172.78155517578125,104.20109558105469,43.52745056152344,102.43601989746094
640,4,213.55465698242188,66.3824234008789,56.17059326171875,108.00731658935547
640,2,639.952880859375,64.83525085449219,47.4417724609375,91.26039123535156
640,3,170.14825439453125,103.32481384277344,39.76499938964844,102.43101501464844
641,4,216.5754852294922,66.49957275390625,53.33921813964844,107.92881774902344
641,2,645.4436645507812,65.73680877685547,42.85760498046875,90.92217254638672
641,3,165.32444763183594,101.95967864990234,39.41033935546875,102.2210464477539
642,4,220.49050903320312,67.10263061523438,49.298980712890625,106.91679382324219
642,2,649.9461669921875,65.89804077148438,38.8778076171875,90.81143188476562
642,3,162.0865936279297,100.33491516113281,38.54193115234375,104.00608825683594
643,4,226.50123596191406,67.03888702392578,43.70909118652344,106.80789947509766
643,2,656.419677734375,66.2213363647461,34.58160400390625,90.04137420654297
643,3,158.875,101.15089416503906,40.4122314453125,102.441650390625
644,4,233.47274780273438,66.62806701660156,37.95074462890625,107.3126220703125
644,2,661.3280639648438,65.8323974609375,31.99224853515625,89.88987731933594
644,3,156.29139709472656,101.98495483398438,42.27714538574219,103.06436157226562
645,4,236.81324768066406,66.73352813720703,35.73088073730469,107.51158905029297
645,2,665.2601928710938,66.06049346923828,29.8238525390625,92.0139389038086
645,3,152.2161407470703,100.80851745605469,44.65290832519531,104.47712707519531
646,4,240.04843139648438,66.44344329833984,36.132843017578125,107.5701675415039
646,2,666.291015625,66.40371704101562,31.07659912109375,93.4124755859375
646,3,149.62095642089844,101.51547241210938,46.789306640625,104.38702392578125
647,4,244.1175079345703,66.72590637207031,36.13417053222656,107.27932739257812
647,2,666.8817749023438,66.53837585449219,33.0,94.05764770507812
647,3,146.52317810058594,101.31940460205078,48.139312744140625,103.8547592163086
648,4,248.81228637695312,67.05995178222656,39.7333984375,105.33731079101562
648,2,667.0866088867188,67.57520294189453,40.28173828125,93.85501861572266
648,3,141.598876953125,98.73490142822266,43.99867248535156,101.91704559326172
649,4,250.99440002441406,67.70054626464844,48.84016418457031,105.18778991699219
649,2,666.9520263671875,67.87860107421875,46.28948974609375,92.95722961425781
649,3,138.35069274902344,95.82193756103516,40.50532531738281,101.2502670288086
650,4,252.88731384277344,67.67453002929688,54.17295837402344,105.52915954589844
650,2,667.1243286132812,68.46520233154297,47.69622802734375,91.9886245727539
650,3,134.67445373535156,94.11642456054688,38.12957763671875,99.00041198730469
651,4,253.44491577148438,67.66267395019531,57.093017578125,106.10635375976562
651,2,667.304931640625,69.53170776367188,48.1209716796875,90.7762451171875
651,3,132.56790161132812,93.27799987792969,36.35673522949219,98.55760192871094
652,4,253.11692810058594,67.89360809326172,58.07225036621094,106.59680938720703
652,2,668.589599609375,70.36356353759766,48.3287353515625,90.27642059326172
652,3,129.56739807128906,93.1712646484375,37.41215515136719,98.76393127441406
653,4,253.65618896484375,68.23900604248047,59.245819091796875,106.64337921142578
653,2,670.2909545898438,70.28047180175781,47.5552978515625,90.67987060546875
653,3,126.97061920166016,93.70970916748047,38.57221221923828,97.71497344970703
654,2,671.9788818359375,70.62211608886719,47.28973388671875,90.45492553710938
654,4,254.26683044433594,67.9541244506836,59.73268127441406,106.58968353271484
654,3,123.57752227783203,93.87117767333984,42.093544006347656,95.89688873291016
655,2,677.0979614257812,71.45419311523438,43.8939208984375,89.63693237304688
655,4,258.0809326171875,67.22740936279297,55.84161376953125,107.66284942626953
655,3,114.88841247558594,93.50385284423828,50.001800537109375,95.8503646850586
656,4,262.3085632324219,66.95297241210938,51.633514404296875,108.02381896972656
656,2,682.1998901367188,71.381103515625,41.218017578125,89.72164916992188
656,3,110.9260025024414,93.45639038085938,54.484657287597656,98.05245971679688
657,2,686.5936279296875,71.47899627685547,39.06768798828125,89.8686752319336
657,4,268.5586242675781,67.17188262939453,45.976470947265625,108.2596206665039
657,3,110.59803009033203,93.95699310302734,51.88512420654297,95.27068328857422
658,4,274.4815979003906,66.23414611816406,41.991912841796875,107.89399719238281
658,2,692.4080810546875,71.1903305053711,34.66461181640625,90.11312103271484
658,3,109.45266723632812,93.54598236083984,52.37681579589844,95.12665557861328
659,4,281.3238525390625,65.89772033691406,36.78643798828125,107.8843994140625
659,2,696.40087890625,71.39598083496094,32.78607177734375,89.46086120605469
659,3,105.5147476196289,93.09431457519531,52.936668395996094,94.47166442871094
660,2,699.4166870117188,71.18140411376953,32.71148681640625,90.0827407836914
660,4,286.42352294921875,65.73611450195312,34.346282958984375,107.80982971191406
660,3,102.14527130126953,91.37216186523438,51.590248107910156,94.57420349121094
661,2,699.9995727539062,71.09624481201172,35.3580322265625,89.36409759521484
661,4,289.5077819824219,65.1337661743164,33.270111083984375,112.07714080810547
661,3,97.76124572753906,89.84602355957031,48.51573181152344,93.819091796875
662,2,699.880615234375,71.71088409423828,38.73089599609375,89.65166473388672
662,4,292.5169372558594,64.77763366699219,33.944427490234375,112.26434326171875
662,3,96.46331024169922,88.61615753173828,42.08129119873047,94.92021942138672
663,4,294.8932800292969,65.96710968017578,39.009674072265625,110.83878326416016
663,2,699.917236328125,71.72959899902344,42.25091552734375,89.06056213378906
663,3,93.99427032470703,87.123779296875,39.795387268066406,97.05006408691406
664,4,295.1780090332031,66.49349212646484,50.104217529296875,110.05406951904297
664,2,699.3307495117188,72.27161407470703,45.83551025390625,89.21822357177734
664,3,91.3519058227539,86.32585144042969,37.955726623535156,97.34457397460938
665,2,699.7534790039062,73.34180450439453,47.64434814453125,88.19939422607422
665,4,294.370849609375,66.72200775146484,57.59991455078125,108.95645904541016
665,3,88.97492980957031,86.28157043457031,38.25996398925781,96.82008361816406
666,4,294.23870849609375,67.28512573242188,61.058013916015625,108.246826171875
666,2,700.2387084960938,72.92151641845703,48.90625,88.87529754638672
666,3,86.90391540527344,86.54378509521484,39.469268798828125,96.4459457397461
667,4,294.53839111328125,68.25770568847656,62.08404541015625,107.36187744140625
667,2,701.833984375,73.67568969726562,48.5767822265625,88.3836669921875
667,3,84.81461334228516,86.93047332763672,41.32810974121094,96.1338882446289
668,4,295.80047607421875,66.26785278320312,61.613616943359375,109.9002685546875
668,2,703.7518920898438,72.15936279296875,47.26507568359375,90.16880798339844
668,3,82.31245422363281,88.02136993408203,43.29449462890625,95.43175506591797
669,4,298.4936218261719,67.70345306396484,59.358673095703125,108.47240447998047
669,2,709.2133178710938,72.85989379882812,41.77679443359375,89.03492736816406
669,3,80.6941909790039,87.2357177734375,43.26026916503906,95.23887634277344
670,4,304.02130126953125,66.9930191040039,53.590087890625,108.9074478149414
670,2,712.6580200195312,72.14788818359375,39.592529296875,89.66267395019531
670,3,78.61387634277344,86.955322265625,42.539161682128906,93.59176635742188
671,4,309.2704772949219,66.65824127197266,48.564849853515625,109.30890655517578
671,2,719.6807861328125,72.44691467285156,34.7935791015625,88.66523742675781
671,3,74.55760192871094,85.42576599121094,44.61341094970703,94.47383117675781
672,4,325.3399658203125,65.73121643066406,37.637847900390625,109.20100402832031
672,2,727.32080078125,71.84419250488281,30.87921142578125,89.78269958496094
672,3,70.0330810546875,81.85172271728516,35.90453338623047,91.49616241455078
673,4,330.0060729980469,65.42378234863281,35.0928955078125,109.51158142089844
673,2,728.2555541992188,71.7188491821289,32.37677001953125,93.1442642211914
673,3,67.5843276977539,81.59428405761719,34.73461151123047,92.36842346191406
674,4,335.061767578125,64.35313415527344,34.29083251953125,113.00787353515625
674,2,728.3779296875,72.36880493164062,34.44586181640625,94.34326171875
674,3,64.72437286376953,80.86117553710938,36.36708068847656,91.83479309082031
675,4,337.64373779296875,65.24092864990234,34.708038330078125,109.94843292236328
675,2,728.5662231445312,73.69528198242188,36.42254638671875,92.95458984375
675,3,62.108116149902344,80.06129455566406,37.60935974121094,90.92427062988281
676,4,339.6742858886719,65.31236267089844,36.8189697265625,109.50056457519531
676,2,728.4393920898438,75.5514907836914,38.65283203125,91.02925872802734
676,3,59.52625274658203,80.978759765625,38.807403564453125,89.314208984375
677,4,339.9117126464844,65.17172241210938,46.429229736328125,109.93894958496094
677,2,728.6250610351562,74.76746368408203,43.0584716796875,90.88671112060547
677,3,55.972354888916016,80.49539184570312,42.22410202026367,89.84181213378906
678,4,339.0858459472656,65.29502868652344,54.466461181640625,110.2032470703125
678,2,728.714111328125,76.57518005371094,45.9910888671875,88.82072448730469
678,3,53.26744842529297,81.02189636230469,43.821075439453125,87.94187927246094
679,2,728.815673828125,77.64846801757812,46.8018798828125,88.00933837890625
679,4,339.23431396484375,65.6102294921875,57.1044921875,110.05671691894531
679,3,50.02330017089844,81.14539337158203,45.961524963378906,87.46739959716797
680,2,728.9375,78.70977020263672,47.2838134765625,87.78324127197266
680,4,338.5330505371094,65.59362030029297,58.642059326171875,110.10237884521484
680,3,47.8594856262207,80.97161102294922,47.50020217895508,87.1843490600586
681,2,729.83642578125,79.38432312011719,48.09661865234375,87.57015991210938
681,4,339.4408264160156,65.20417785644531,60.339385986328125,110.63426208496094
681,3,44.08652114868164,80.1546401977539,49.78055191040039,87.94007110595703
682,4,342.04559326171875,65.16844940185547,58.496063232421875,110.39612579345703
682,2,732.1304931640625,77.84728240966797,47.984130859375,89.2311019897461
682,3,41.215457916259766,79.01284790039062,46.715518951416016,88.03134155273438
683,4,346.3658447265625,64.19781494140625,54.57110595703125,111.12759399414062
683,2,734.9814453125,77.34281921386719,47.368408203125,89.91435241699219
683,3,38.16096496582031,78.69921875,45.534019470214844,86.41104125976562
684,4,352.2474365234375,63.00399398803711,49.531097412109375,111.32956314086914
684,2,740.1600952148438,77.9906997680664,43.704345703125,89.07518768310547
684,3,35.68404769897461,77.30581665039062,42.1498908996582,87.84182739257812
685,2,744.8883056640625,78.81585693359375,41.44879150390625,88.55180358886719
685,4,360.5087585449219,63.694034576416016,43.08819580078125,110.04929733276367
685,3,33.50541687011719,76.33136749267578,37.85625457763672,88.71454620361328
686,4,367.3737487792969,63.157875061035156,39.55706787109375,110.58203887939453
686,2,751.939453125,79.43653106689453,36.492431640625,87.2541275024414
686,3,32.353240966796875,76.55248260498047,36.33051300048828,88.7854232788086
687,4,373.8876037597656,63.03703308105469,34.71826171875,108.73674011230469
687,2,756.0213623046875,79.89993286132812,35.84619140625,85.80154418945312
687,3,30.254480361938477,75.88789367675781,35.98272514343262,88.86103820800781
688,4,378.2990417480469,62.57450485229492,34.09149169921875,111.29150772094727
688,2,758.1102294921875,79.27934265136719,34.90203857421875,87.57752990722656
688,3,27.216476440429688,75.75157928466797,38.136253356933594,88.42719268798828
689,4,380.6859130859375,62.20817184448242,33.73114013671875,111.8304328918457
689,2,759.3038940429688,78.98486328125,36.29583740234375,88.17320251464844
689,3,23.5338134765625,76.21148681640625,42.189239501953125,88.76864624023438
690,4,382.7410583496094,63.58784866333008,35.669158935546875,108.76682662963867
690,2,759.7008666992188,78.5976791381836,38.23028564453125,88.20442962646484
690,3,20.257139205932617,76.65154266357422,44.5391788482666,88.24236297607422
691,4,382.80877685546875,62.88816833496094,45.437225341796875,108.89500427246094
691,2,758.9220581054688,79.29764556884766,41.38104248046875,87.8205337524414
691,3,17.08872413635254,76.68338012695312,48.35275077819824,88.35629272460938
692,4,383.0814208984375,63.78606033325195,53.255157470703125,107.62055587768555
692,2,759.1116943359375,79.18099975585938,44.1982421875,88.19808959960938
692,3,13.773487091064453,76.3157730102539,48.83959197998047,86.93274688720703
693,4,382.3925476074219,62.69234848022461,57.823516845703125,108.12880325317383
693,2,759.5008544921875,80.07975769042969,46.43634033203125,87.54890441894531
693,3,11.841631889343262,74.86348724365234,46.899704933166504,88.75316619873047
694,4,382.3979187011719,63.88939666748047,58.898345947265625,107.07642364501953
694,2,759.6425170898438,79.28079223632812,47.7611083984375,89.25743103027344
694,3,7.939386367797852,74.00118255615234,43.56518745422363,85.7252426147461
695,4,382.9606628417969,65.28801727294922,59.481048583984375,105.39519500732422
695,2,761.34130859375,79.36640167236328,47.19012451171875,89.24820709228516
695,3,6.845311641693115,71.45488739013672,40.61480188369751,89.16043853759766
696,4,387.2574157714844,63.56048583984375,56.228240966796875,106.86811828613281
696,2,767.2622680664062,79.07450103759766,43.56085205078125,89.38054656982422
696,3,7.255749702453613,71.67520141601562,34.44283962249756,85.93724060058594
697,4,391.1305847167969,64.53993225097656,53.456817626953125,104.57943725585938
697,2,772.1654052734375,79.3719253540039,42.6531982421875,89.09659576416016
697,3,5.456310272216797,71.62493896484375,35.24372100830078,85.30703735351562
698,4,397.7938232421875,62.889286041259766,48.904541015625,105.4675407409668
698,2,777.0533447265625,79.72267150878906,39.57281494140625,89.13526916503906
698,3,2.331644058227539,72.17656707763672,37.33409309387207,83.3231430053711
699,4,404.0764465332031,61.94358444213867,46.966400146484375,106.0589485168457
699,2,782.5878295898438,79.224609375,36.076904296875,88.69992065429688
699,3,0.9161511063575745,72.56575775146484,39.12280076742172,83.37801361083984
700,4,410.2445983886719,62.12858963012695,43.28564453125,105.82207870483398
700,2,786.4668579101562,79.12655639648438,37.55126953125,91.24517822265625
700,3,0.15067820250988007,73.30272674560547,40.42741246521473,82.66246795654297
701,4,417.8231506347656,62.12565612792969,38.146514892578125,103.49263000488281
701,2,786.5648193359375,79.97996520996094,37.51812744140625,91.98161315917969
701,3,0.1190805435180664,75.20375061035156,39.77510738372803,81.10032653808594
702,2,786.6029663085938,80.80104064941406,37.43170166015625,92.26597595214844
702,4,421.59246826171875,61.02186965942383,38.19873046875,106.05334091186523
702,3,0.023226298391819,70.5027847290039,38.53574892133474,86.05773162841797
703,4,423.510986328125,61.15839385986328,38.9071044921875,106.2396011352539
703,2,786.4360961914062,80.15950012207031,39.16156005859375,95.08766174316406
703,3,0.043981876224279404,68.24723815917969,36.74897161498666,88.39993286132812
704,2,786.3088989257812,80.5276107788086,41.05877685546875,94.3785629272461
704,4,424.9411926269531,61.69261932373047,39.994476318359375,106.60596466064453
704,3,0.014431454241275787,76.82390594482422,31.406072162091732,78.20018768310547
705,4,425.4417724609375,62.087669372558594,42.562530517578125,105.85456085205078
705,2,786.4070434570312,82.54306030273438,47.86114501953125,91.86172485351562
705,3,0.0,77.81385803222656,27.156200408935547,76.388671875
706,4,425.0252990722656,61.38842010498047,46.778564453125,106.3320083618164
706,2,786.965087890625,83.76991271972656,50.05145263671875,90.11407470703125
706,3,0.0,83.94043731689453,22.13564682006836,70.30760955810547
707,4,425.2628173828125,61.60063552856445,48.63116455078125,106.2141227722168
707,2,787.8203125,84.27855682373047,48.25738525390625,89.49335479736328
707,3,0.0595715194940567,88.90384674072266,14.986023649573326,65.1480484008789
708,4,424.27880859375,61.649166107177734,52.64373779296875,106.26599502563477
708,2,788.3960571289062,85.71220397949219,53.7205810546875,89.10821533203125
708,3,0.033542223274707794,91.63195037841797,10.980690412223339,61.180152893066406
709,4,425.4850769042969,61.527931213378906,53.121307373046875,106.80806732177734
709,2,789.0467529296875,85.72223663330078,55.80340576171875,89.22843170166016
710,4,427.29364013671875,60.61076354980469,53.9951171875,106.59774780273438
710,2,791.8324584960938,85.48371124267578,49.6370849609375,89.43846893310547
711,4,432.20526123046875,61.02745819091797,50.854736328125,105.25127410888672
711,2,796.4813232421875,85.29252624511719,50.37957763671875,89.83810424804688
712,4,439.2726135253906,59.8951416015625,45.618194580078125,104.87716674804688
712,2,800.6035766601562,86.22777557373047,50.85406494140625,89.4770278930664
713,4,447.8580017089844,59.624271392822266,40.158294677734375,103.6005973815918
713,2,806.1521606445312,86.3034896850586,46.8173828125,89.63118743896484
714,4,453.3775939941406,59.565460205078125,38.243255615234375,102.01374816894531
714,2,810.4564819335938,86.62470245361328,43.8267822265625,88.54415130615234
715,4,455.9200134277344,59.03917694091797,39.015350341796875,100.87041473388672
715,2,814.9259643554688,87.2898941040039,37.63873291015625,87.85143280029297
716,4,458.5654296875,59.51093673706055,38.6981201171875,105.4273567199707
716,2,816.3272094726562,87.49508666992188,36.389892578125,88.42424011230469
717,4,460.50909423828125,59.76847457885742,38.9765625,103.98501968383789
717,2,816.2218627929688,87.81299591064453,39.2122802734375,87.8774185180664
718,4,461.09075927734375,59.51536178588867,43.6107177734375,102.91081619262695
718,2,816.2550048828125,88.70511627197266,39.532958984375,87.10965728759766
719,4,460.9313659667969,60.14548873901367,46.42578125,101.94609451293945
719,2,816.7745971679688,88.52056121826172,39.05364990234375,87.02861785888672
720,4,461.6242980957031,61.37339782714844,52.427276611328125,99.87411499023438
720,2,816.9033813476562,90.11771392822266,38.80645751953125,86.48394012451172
721,4,461.4861145019531,61.38959503173828,55.466156005859375,100.2977523803711
721,2,817.7583618164062,92.12052154541016,37.8818359375,84.51314544677734
722,4,461.2522277832031,61.57393264770508,57.137786865234375,100.15507125854492
722,2,819.35498046875,98.2401351928711,36.20819091796875,78.45691680908203
723,4,462.5894470214844,61.83009338378906,58.661285400390625,99.66575622558594
723,2,822.8114013671875,98.19540405273438,32.8851318359375,78.41082763671875
724,4,465.08782958984375,61.34148406982422,60.4112548828125,100.09447479248047
724,2,826.2979125976562,99.53323364257812,29.32586669921875,76.60507202148438
725,4,467.8948669433594,60.87192153930664,59.892303466796875,100.11185836791992
726,4,473.4288024902344,60.32666015625,55.585357666015625,100.18974304199219
726,2,838.6721801757812,108.43685913085938,16.8416748046875,66.626953125
727,4,478.6545715332031,60.36888122558594,52.635284423828125,98.95610046386719
728,4,483.7137451171875,60.242496490478516,50.8046875,98.95769882202148
729,4,489.7478942871094,59.25977325439453,47.076324462890625,98.56836700439453
730,4,496.9873352050781,59.40220642089844,42.057281494140625,99.19735717773438
731,4,498.56317138671875,59.54933547973633,43.34814453125,100.07287216186523
732,4,498.5602722167969,59.64826583862305,45.244781494140625,99.16109085083008
733,4,498.7545471191406,59.868812561035156,47.231109619140625,98.37323760986328
734,4,498.4170837402344,59.684932708740234,50.513397216796875,98.95251846313477
735,4,498.6164245605469,59.98999786376953,51.442169189453125,98.70647430419922
736,4,499.2784729003906,60.480499267578125,52.839752197265625,98.48023986816406
737,4,499.58843994140625,60.270103454589844,54.35906982421875,99.04102325439453
738,4,501.8902587890625,60.20490264892578,57.802978515625,98.67955780029297
739,4,507.28765869140625,59.134464263916016,54.892822265625,98.88183212280273
740,4,512.3299560546875,58.8776969909668,52.22637939453125,98.02186965942383
741,4,518.6473999023438,58.13197326660156,46.971923828125,96.98991394042969
742,4,527.5408325195312,57.817291259765625,40.556396484375,95.96836853027344
743,4,529.7938232421875,57.692474365234375,40.5213623046875,97.47621154785156
744,4,533.9644165039062,57.32280731201172,42.29583740234375,99.16165924072266
745,4,534.578125,57.7349739074707,44.67236328125,98.08636093139648
746,4,534.71630859375,58.557701110839844,46.24114990234375,97.0773696899414
747,4,534.476806640625,58.8308219909668,49.88299560546875,96.73515701293945
748,4,534.5931396484375,58.83647155761719,52.88397216796875,96.07508850097656
749,4,534.847900390625,59.058448791503906,54.67132568359375,95.6229019165039
750,4,535.245361328125,59.734100341796875,56.5111083984375,94.87928771972656
751,4,537.0120849609375,60.071659088134766,57.20489501953125,94.63201522827148
752,4,539.0003051757812,59.57698059082031,57.428466796875,94.47018432617188
753,4,543.2843627929688,58.77519989013672,57.6329345703125,94.9226303100586
754,4,548.8192749023438,59.00713348388672,52.3524169921875,94.50690460205078
755,4,555.1221923828125,58.527862548828125,49.66192626953125,94.59797668457031
756,4,562.0958251953125,57.91340255737305,45.189453125,94.95248794555664
757,4,567.8480834960938,58.28897476196289,41.394775390625,94.35151290893555
758,4,571.9005126953125,58.11968994140625,39.1458740234375,95.44590759277344
759,4,572.0150756835938,58.42810821533203,41.47589111328125,94.0732650756836
760,4,572.03369140625,58.46605682373047,43.106201171875,95.23673248291016
761,4,571.6585693359375,58.72553253173828,46.89453125,94.2225570678711
762,4,571.4677124023438,59.41328430175781,50.26898193359375,93.21554565429688
763,4,571.1251220703125,59.64668655395508,51.89544677734375,93.37385177612305
764,4,571.357177734375,59.19292068481445,54.21307373046875,94.17895126342773
765,4,573.3930053710938,58.48188018798828,53.94439697265625,94.89080047607422
766,4,577.6007080078125,57.457096099853516,52.12066650390625,95.35947799682617
767,4,582.7352294921875,58.035160064697266,49.4991455078125,93.49972152709961
768,4,598.5540771484375,57.142940521240234,38.4146728515625,91.54364395141602
769,4,600.28466796875,57.26210021972656,38.55596923828125,91.73391723632812
770,4,602.6917114257812,56.93562698364258,38.72540283203125,94.16897201538086
771,4,603.9488525390625,57.25368881225586,39.5992431640625,93.57536697387695
772,4,603.9769897460938,57.3721809387207,41.1854248046875,93.76018905639648
773,4,604.38818359375,57.84769058227539,42.9864501953125,93.2159538269043
774,4,604.3319702148438,58.296470642089844,46.1378173828125,92.36280059814453
775,4,603.7728881835938,58.41737365722656,49.91314697265625,92.14608764648438
776,4,603.9386596679688,58.96821212768555,51.15643310546875,91.73331069946289
777,4,603.9346313476562,59.378883361816406,53.11358642578125,91.2131118774414
778,4,605.0661010742188,59.582061767578125,54.11676025390625,90.73519897460938
779,4,606.4593505859375,59.58262252807617,56.29571533203125,90.36029434204102
780,4,610.029296875,59.33394241333008,54.93658447265625,91.13476181030273
781,4,614.294677734375,59.11474609375,53.5906982421875,90.98390197753906
782,4,619.34619140625,58.79210662841797,50.33428955078125,91.31700897216797
783,4,624.2343139648438,58.8400993347168,47.6505126953125,91.27212905883789
784,4,630.4998168945312,58.57952880859375,44.09149169921875,90.69575500488281
785,4,636.4663696289062,58.389278411865234,39.5694580078125,90.0394172668457
786,4,638.1219482421875,58.959659576416016,39.95806884765625,91.00004196166992
787,4,638.2599487304688,58.76797866821289,42.363525390625,91.06135177612305
788,4,637.9583740234375,58.92080307006836,43.8050537109375,90.63016128540039
789,4,637.7158813476562,59.581756591796875,47.5001220703125,90.227783203125
790,4,637.2305297851562,59.781707763671875,48.15289306640625,89.74752807617188
791,4,638.2369995117188,60.060157775878906,49.2530517578125,89.42005157470703
792,4,640.40283203125,59.575801849365234,53.31707763671875,90.83375930786133
793,4,644.5843505859375,59.169281005859375,49.21221923828125,90.28691101074219
794,4,649.2103271484375,58.843997955322266,48.58648681640625,90.10374069213867
795,4,655.8457641601562,58.22857666015625,44.5079345703125,89.58351135253906
796,4,663.738037109375,57.823482513427734,38.4810791015625,89.40631484985352
797,4,665.8842163085938,57.6418342590332,37.97113037109375,88.97397994995117
798,4,669.2788696289062,57.7598991394043,35.9505615234375,90.95553970336914
799,4,669.9030151367188,58.023277282714844,36.70751953125,91.07706451416016
800,4,669.3990478515625,58.0326042175293,38.7821044921875,91.2105598449707
801,4,669.6265258789062,58.18135070800781,40.118408203125,90.93360900878906
802,4,670.19775390625,58.57493591308594,43.12017822265625,89.93399047851562
803,4,669.8240966796875,59.50429153442383,47.2056884765625,88.82186508178711
804,4,669.7296752929688,60.02056121826172,48.9505615234375,87.97032928466797
805,4,670.0765380859375,59.32365798950195,50.111328125,88.56066513061523
806,4,670.42578125,59.37335968017578,51.942626953125,88.50415802001953
807,4,672.2471313476562,58.37339782714844,51.84051513671875,89.57438659667969
808,4,676.23779296875,58.97474670410156,50.11651611328125,88.66184997558594
809,4,680.1124877929688,59.02960968017578,49.5009765625,88.3836441040039
810,4,684.6254272460938,57.64545440673828,48.19586181640625,89.48523712158203
811,4,689.2110595703125,57.42692947387695,44.1163330078125,89.93352890014648
812,4,695.3162231445312,58.41804504394531,40.05413818359375,87.42768859863281
813,4,700.1658935546875,59.22814178466797,35.43603515625,87.16829681396484
814,4,700.546142578125,59.24447250366211,36.089599609375,88.20865249633789
815,4,700.6047973632812,60.07870101928711,36.4281005859375,87.21738052368164
816,4,700.5565795898438,60.470787048339844,38.53277587890625,86.50653839111328
