0,1,112.82989501953125,230.4618377685547,58.08000183105469,118.58103942871094
0,2,41.062625885009766,245.5060272216797,70.06634140014648,132.4236297607422
0,3,405.57025146484375,0.0,12.82159423828125,14.946245193481445
1,1,106.19430541992188,230.33847045898438,57.95289611816406,113.70721435546875
1,2,40.921260833740234,244.71609497070312,68.03229904174805,132.68280029296875
1,3,405.57305908203125,0.0,12.82684326171875,14.937934875488281
2,1,102.29511260986328,230.12315368652344,56.75098419189453,115.85377502441406
2,2,37.624778747558594,244.83319091796875,68.8114013671875,132.44625854492188
2,3,405.5465393066406,0.0,12.835479736328125,14.934037208557129
3,1,97.2979965209961,228.6448211669922,54.108177185058594,113.90336608886719
3,2,33.75498580932617,244.7547149658203,70.59860610961914,130.9158172607422
3,3,405.5841369628906,0.0,12.770965576171875,14.938040733337402
4,2,29.712284088134766,243.12945556640625,68.54607009887695,131.66390991210938
4,1,93.2113037109375,226.875732421875,52.54327392578125,118.93792724609375
4,3,404.4930419921875,0.11569015681743622,13.29974365234375,14.606154516339302
5,2,26.14063262939453,242.70101928710938,65.18245697021484,130.25222778320312
5,1,91.82090759277344,227.52084350585938,46.22752380371094,112.37869262695312
6,2,21.828065872192383,241.61993408203125,60.46414756774902,131.2288818359375
6,1,91.21772003173828,227.6939697265625,47.463722229003906,111.34646606445312
7,2,18.3721981048584,240.8705291748047,55.12065315246582,132.5471954345703
7,1,88.76318359375,227.38673400878906,49.40277099609375,112.72206115722656
8,2,15.601570129394531,240.92855834960938,49.630859375,130.72320556640625
8,1,83.72264862060547,227.84397888183594,55.03638458251953,111.44822692871094
9,2,11.029788970947266,240.3636474609375,50.596946716308594,131.41873168945312
9,1,79.41758728027344,227.62014770507812,59.145721435546875,112.1231689453125
10,2,6.933375835418701,239.62254333496094,56.16659212112427,134.57289123535156
10,1,72.83015441894531,227.68215942382812,65.745849609375,111.25717163085938
11,2,2.4417500495910645,239.35647583007812,59.9590106010437,134.423583984375
11,1,67.83460235595703,228.0565185546875,70.92841339111328,109.78207397460938
12,2,0.5014758110046387,239.41964721679688,61.29809236526489,133.02001953125
12,1,64.85118103027344,228.29501342773438,71.75962829589844,108.89739990234375
13,2,0.551665723323822,239.43556213378906,60.22296577692032,133.73255920410156
13,1,60.771026611328125,227.89767456054688,73.02261352539062,108.78140258789062
14,2,0.3269692361354828,239.14285278320312,59.485954195261,133.35443115234375
14,1,57.570335388183594,226.8985595703125,71.0145492553711,109.85638427734375
15,2,0.28802192211151123,237.66326904296875,56.38611137866974,134.89749145507812
15,1,56.262882232666016,227.46112060546875,65.01742935180664,108.75396728515625
15,3,403.9740905761719,0.1599048227071762,13.597686767578125,14.39446796476841
16,1,54.115936279296875,225.17745971679688,58.96388244628906,111.4627685546875
16,2,0.22842106223106384,237.61631774902344,51.03812327980995,134.8041229248047
17,1,52.758243560791016,225.41322326660156,53.622135162353516,110.80180358886719
17,2,0.11543121933937073,234.3511505126953,45.25680312514305,137.4872589111328
18,1,51.45530319213867,224.7501983642578,44.5123405456543,111.45738220214844
18,2,0.10677158087491989,235.1024932861328,37.68281353265047,134.2094268798828
19,1,48.971656799316406,224.39511108398438,47.11090850830078,111.7496337890625
19,2,0.0,236.994140625,30.077037811279297,128.12442016601562
19,3,403.35125732421875,0.0,13.9068603515625,14.556415557861328
20,1,44.58910369873047,224.1104736328125,52.029014587402344,111.38742065429688
20,2,0.03094586357474327,235.60133361816406,22.842125806957483,130.7033233642578
20,3,403.1884460449219,0.1953354775905609,13.6986083984375,14.141876131296158
21,1,40.21208190917969,224.8297119140625,55.625465393066406,110.31915283203125
21,2,0.09219089150428772,252.9535369873047,21.990887492895126,110.01515197753906
22,1,36.25812911987305,225.2445526123047,58.13698959350586,109.96644592285156
22,2,0.007204247172921896,253.02542114257812,22.255597876850516,108.20001220703125
23,1,32.59949493408203,225.09353637695312,60.98847198486328,110.288330078125
23,2,0.0,256.5930480957031,22.384944915771484,104.18911743164062
24,1,27.69699478149414,224.18032836914062,65.08938980102539,110.93014526367188
24,2,0.0,273.1035461425781,21.534019470214844,87.49600219726562
25,1,30.730417251586914,225.23631286621094,59.262311935424805,109.59471130371094
25,2,0.0,291.5599060058594,21.377025604248047,68.54727172851562
26,1,24.73615264892578,223.79861450195312,61.43025207519531,109.9617919921875
26,2,0.029466237872838974,264.1683349609375,21.371738824993372,96.75741577148438
27,1,18.281482696533203,223.44857788085938,60.7182731628418,105.4857177734375
27,2,0.03492746129631996,316.56268310546875,19.764102842658758,43.471832275390625
28,1,19.430261611938477,222.79544067382812,52.832685470581055,105.50390625
28,2,0.08149995654821396,320.9418640136719,17.891257382929325,37.579742431640625
29,1,19.86217498779297,221.05026245117188,44.506919860839844,106.935546875
29,2,0.19294065237045288,323.0033264160156,15.212351858615875,36.001861572265625
29,4,0.0,288.9151916503906,15.673937797546387,70.19134521484375
30,1,17.533552169799805,220.29786682128906,40.69967079162598,109.40867614746094
31,1,13.130544662475586,220.66204833984375,41.55855369567871,109.03854370117188
32,1,8.864481925964355,220.4833221435547,45.834500312805176,107.43357849121094
33,1,7.156914234161377,221.26919555664062,48.49307203292847,106.7718505859375
34,1,1.9572184085845947,221.38702392578125,53.70980429649353,106.66098022460938
35,1,0.2675928771495819,222.1573028564453,55.062523394823074,106.69209289550781
36,1,0.0,223.8988494873047,55.50200271606445,104.42399597167969
37,1,0.13215354084968567,222.88662719726562,53.51725289225578,105.5174560546875
38,1,0.0,221.92218017578125,50.36302185058594,105.32162475585938
39,1,0.0984257310628891,224.01173400878906,44.150288715958595,103.44477844238281
40,1,0.0,228.40573120117188,37.12465286254883,98.52182006835938
41,1,0.005368745885789394,231.9208526611328,30.08342977706343,94.45466613769531
42,1,0.0,236.4296875,22.330610275268555,91.24948120117188
42,3,395.873291015625,0.24204382300376892,12.617279052734375,13.240658432245255
43,1,0.01886586658656597,240.9005889892578,15.325162606313825,87.86479187011719
43,3,395.3843688964844,0.21697181463241577,12.933197021484375,13.173546373844147
44,1,0.06946588307619095,253.8274383544922,13.885991804301739,74.41871643066406
45,1,0.10441119968891144,253.47076416015625,12.863960191607475,73.74826049804688
46,3,394.4979553222656,0.04090400040149689,12.819061279296875,12.748980566859245
47,1,0.043257370591163635,256.1661071777344,13.969093665480614,71.2322998046875
49,3,393.42230224609375,0.07498067617416382,12.907379150390625,12.877048552036285
50,3,393.23779296875,0.08791400492191315,12.773773193359375,12.767993435263634
52,3,392.77880859375,0.017347337678074837,13.05377197265625,12.554062841460109
54,3,392.411865234375,0.0,13.386016845703125,12.479643821716309
55,3,392.0128479003906,0.0,13.6357421875,12.452709197998047
56,3,391.6868591308594,0.020841676741838455,13.915435791015625,12.250557821244001
57,3,391.5884704589844,0.011661619879305363,13.94415283203125,12.304510979913175
58,3,391.7132263183594,0.005326652899384499,13.907012939453125,12.367307281121612
61,3,391.70782470703125,0.0,13.95867919921875,12.596599578857422
63,3,391.42791748046875,0.0,13.98956298828125,12.413036346435547
64,3,391.5138854980469,0.0,13.975250244140625,12.471070289611816
65,3,391.6475524902344,0.0,13.873138427734375,12.286208152770996
66,3,391.73712158203125,0.0,13.8358154296875,12.39330768585205
67,3,391.9518127441406,0.0,13.699188232421875,12.29862117767334
68,3,392.0316467285156,0.01694554276764393,13.537628173828125,12.290613470599055
69,5,0.0,150.76023864746094,14.781495094299316,69.43412780761719
69,3,391.89813232421875,0.005364919081330299,13.666839599609375,12.375975107774138
70,5,0.0,150.86550903320312,16.90427589416504,69.80674743652344
70,3,391.86968994140625,0.0,13.774444580078125,12.460890769958496
71,5,0.0,148.33604431152344,18.853374481201172,72.33908081054688
71,3,391.9004211425781,0.028278710320591927,13.794189453125,12.48665296845138
72,5,0.0,146.059814453125,20.116458892822266,74.46900939941406
72,3,391.7381896972656,0.038017455488443375,13.707733154296875,12.492195900529623
73,5,0.04592069610953331,141.1867218017578,20.700922641903162,79.56036376953125
73,3,391.84539794921875,0.04175287112593651,13.495758056640625,12.478991452604532
74,5,0.005898732226341963,138.71905517578125,20.610066157300025,81.92759704589844
74,3,391.74005126953125,0.038843367248773575,13.572235107421875,12.524404313415289
75,5,0.02966904826462269,138.74464416503906,19.643764255568385,81.90817260742188
75,3,391.8221435546875,0.04290468245744705,13.49615478515625,12.577339343726635
76,5,0.07316622138023376,123.48799133300781,22.811599403619766,96.03292846679688
76,3,391.61871337890625,0.0,13.921051025390625,12.657876968383789
77,5,0.0,123.97545623779297,26.07670021057129,95.84114837646484
78,5,0.0,125.42086029052734,31.264223098754883,94.52094268798828
79,5,0.12383957952260971,140.82322692871094,33.84474638849497,78.80586242675781
79,6,0.0,123.95560455322266,13.706644058227539,32.032814025878906
79,3,391.5378723144531,0.03962016850709915,13.729888916015625,12.414860002696514
80,5,0.4415726363658905,138.0299530029297,38.88379815220833,81.68606567382812
80,6,0.14545486867427826,124.22462463378906,16.583163753151894,33.460693359375
80,3,391.2575988769531,0.014055169187486172,14.079254150390625,12.472331129945815
81,5,0.4815952479839325,141.85276794433594,42.80719640851021,78.36648559570312
81,6,0.8201648592948914,123.68722534179688,17.63514405488968,32.03131103515625
81,3,391.32366943359375,0.06841802597045898,14.062286376953125,12.309828281402588
82,5,1.0641392469406128,142.30833435058594,44.3741809129715,77.9232177734375
82,6,3.166048526763916,122.955078125,19.404832363128662,33.682830810546875
82,3,390.9722900390625,0.03230813890695572,14.237701416015625,12.208045445382595
83,5,3.7233240604400635,141.49961853027344,42.149341344833374,79.47758483886719
83,6,5.951417446136475,122.9091796875,17.679834842681885,32.823944091796875
83,3,390.6626892089844,0.02390807494521141,14.407684326171875,12.15244061127305
84,5,5.782690048217773,140.7518310546875,40.27296257019043,79.80484008789062
84,6,10.795421600341797,122.86837005615234,18.764123916625977,37.520103454589844
84,3,390.51806640625,0.006261623464524746,14.699615478515625,12.189344608224928
85,5,7.534649848937988,126.88194274902344,38.69488048553467,93.89695739746094
85,3,390.01727294921875,0.021598072722554207,15.245513916015625,12.283419398590922
86,5,10.596189498901367,138.67503356933594,35.802019119262695,81.467041015625
86,6,14.636167526245117,121.85981750488281,22.173051834106445,40.12554931640625
86,3,389.8271484375,0.056881409138441086,15.46630859375,12.311127204447985
87,5,11.835321426391602,136.72311401367188,35.02937889099121,83.80149841308594
87,6,16.53866958618164,121.90625762939453,24.652820587158203,41.40782928466797
87,3,389.5991516113281,0.02481115609407425,15.769256591796875,12.346852891147137
88,5,14.275784492492676,120.34020233154297,32.9722204208374,100.30025482177734
88,3,389.3490295410156,0.023553473874926567,16.017242431640625,12.363730804994702
89,5,16.202110290527344,121.0968017578125,33.9058837890625,100.45989990234375
90,5,18.157392501831055,136.90859985351562,34.28903770446777,84.47575378417969
90,6,23.68855857849121,122.2729263305664,27.998537063598633,39.79065704345703
91,5,19.003755569458008,132.39993286132812,39.06810188293457,86.05471801757812
92,5,21.41890525817871,140.660888671875,38.32280921936035,81.59292602539062
92,6,24.888545989990234,122.67240142822266,32.54878234863281,39.02587127685547
93,5,23.419843673706055,140.66612243652344,39.89764976501465,82.14801025390625
93,6,27.727294921875,122.62449645996094,32.273555755615234,41.189056396484375
94,5,25.63289451599121,123.578369140625,39.906694412231445,99.68086242675781
95,5,29.744300842285156,139.3406982421875,36.473365783691406,83.72695922851562
95,6,30.772119522094727,123.18529510498047,34.07659721374512,43.60144805908203
96,5,32.990352630615234,141.78981018066406,34.5924186706543,80.46719360351562
96,6,32.12769317626953,123.2581558227539,33.752540588378906,42.48279571533203
96,3,388.09759521484375,0.044911108911037445,17.211029052734375,12.462771691381931
97,5,35.62932205200195,141.2467498779297,33.85995101928711,81.13868713378906
97,6,33.395816802978516,122.85570526123047,34.10538864135742,43.380760192871094
98,5,37.66519546508789,128.9044952392578,32.10927963256836,94.4725341796875
98,6,38.618446350097656,122.7767562866211,26.496559143066406,39.64556121826172
98,3,387.6452331542969,0.07321851700544357,17.390594482421875,12.576135464012623
99,5,38.86594772338867,135.78033447265625,30.242534637451172,86.50897216796875
99,6,39.6529655456543,122.78108215332031,24.451915740966797,39.9140625
99,3,387.6573181152344,0.04387473315000534,17.44781494140625,12.591785438358784
100,5,40.52385330200195,127.17545318603516,29.921756744384766,95.50292205810547
100,3,387.73797607421875,0.08295215666294098,17.370025634765625,12.42998443543911
101,5,43.53557586669922,132.97401428222656,29.61675262451172,89.90231323242188
102,5,44.840213775634766,120.17733764648438,31.552806854248047,102.47315979003906
103,5,47.57088851928711,122.71440887451172,34.562191009521484,100.26874542236328
103,3,389.0927429199219,0.05969971418380737,16.137664794921875,12.39300948381424
104,5,50.64638900756836,132.21153259277344,38.33389663696289,90.14164733886719
104,3,389.4760437011719,0.039256639778614044,15.666473388671875,12.307467870414257
105,5,52.894744873046875,122.63751220703125,39.63848114013672,99.40391540527344
105,3,389.8356018066406,0.053064994513988495,15.1861572265625,12.353829689323902
106,5,54.565093994140625,133.51698303222656,40.91053009033203,89.18678283691406
106,6,55.7714958190918,122.2956314086914,18.077495574951172,33.90967559814453
106,3,390.36578369140625,0.05101265013217926,14.77215576171875,12.442116126418114
107,5,54.7525749206543,122.48601531982422,42.732784271240234,99.95075225830078
107,3,390.6466064453125,0.0,14.544158935546875,12.496965408325195
108,5,55.916038513183594,121.93901062011719,42.08699035644531,101.59657287597656
108,3,390.6712646484375,0.0,14.532745361328125,12.42603874206543
109,5,57.282535552978516,122.19242095947266,41.18974685668945,101.12198638916016
109,3,390.8410949707031,0.0,14.079345703125,12.38907241821289
110,5,59.501041412353516,122.81675720214844,38.591365814208984,100.31985473632812
110,3,391.0439453125,0.0,13.7279052734375,12.407861709594727
111,7,0.07934875786304474,176.04763793945312,26.24595145881176,87.23126220703125
111,5,64.63648223876953,139.28419494628906,33.51222229003906,83.56112670898438
111,6,64.87114715576172,121.34819793701172,20.95696258544922,37.863685607910156
111,3,391.02301025390625,0.0,13.555999755859375,12.391921997070312
112,5,67.8376235961914,141.63209533691406,29.87225341796875,80.85234069824219
112,7,0.06756660342216492,173.57884216308594,31.65730980038643,85.37767028808594
112,6,63.88783264160156,120.02983856201172,28.226852416992188,87.61988067626953
112,3,391.2835998535156,0.0,13.251251220703125,12.32085132598877
113,7,3.9107275009155273,174.14984130859375,38.884297370910645,85.57681274414062
113,6,66.10778045654297,119.29337310791016,32.807861328125,103.23133087158203
113,8,0.06019781157374382,178.90782165527344,16.731910724192858,77.76112365722656
113,3,391.59112548828125,0.0,13.05889892578125,12.274069786071777
114,7,13.12116813659668,173.93565368652344,37.345022201538086,86.38426208496094
114,6,67.97633361816406,120.5373764038086,35.064552307128906,104.32892608642578
114,8,0.15983912348747253,179.5869598388672,25.61005261540413,80.42832946777344
114,3,391.8050842285156,0.0,12.922088623046875,12.41645622253418
115,7,21.129751205444336,174.10086059570312,38.99324989318848,85.76470947265625
115,6,68.63506317138672,118.90531158447266,38.0535888671875,105.05786895751953
115,8,0.11501157283782959,176.90301513671875,36.470216393470764,83.04367065429688
115,3,391.8967590332031,0.0,12.783050537109375,12.471780776977539
116,5,78.10424041748047,141.68722534179688,34.714820861816406,82.7945556640625
116,7,28.074216842651367,173.6068878173828,41.07877540588379,85.86216735839844
116,8,6.549432277679443,176.9629364013672,34.33110284805298,81.96000671386719
116,6,71.50212097167969,119.22662353515625,25.571884155273438,63.49462890625
116,3,392.0328063964844,0.0,12.762908935546875,12.518726348876953
117,7,37.178123474121094,173.06558227539062,38.16410827636719,86.338134765625
117,5,76.70159912109375,121.48419952392578,41.844757080078125,103.12232208251953
117,8,14.434028625488281,177.06710815429688,36.564552307128906,81.0670166015625
117,6,75.6296157836914,120.64274597167969,22.908363342285156,43.312957763671875
117,3,392.2751770019531,0.0,12.545654296875,12.694901466369629
118,7,45.46479797363281,173.72622680664062,41.04596710205078,86.64151000976562
118,8,23.40359115600586,176.8321075439453,34.79433822631836,81.78807067871094
118,5,78.17359161376953,120.66934204101562,43.55224609375,104.08854675292969
118,3,392.4118347167969,0.0,12.4454345703125,12.579964637756348
119,7,53.59953308105469,172.97952270507812,39.879493713378906,88.0958251953125
119,5,81.6253433227539,120.71744537353516,42.834617614746094,102.76811981201172
119,8,31.42032814025879,175.67942810058594,34.41506767272949,82.03166198730469
119,3,392.5683288574219,0.0,12.29766845703125,12.596755981445312
120,7,70.7049331665039,172.5196990966797,42.481849670410156,86.20127868652344
120,5,82.81696319580078,120.73970031738281,40.24066162109375,78.75064086914062
120,8,47.84306716918945,177.3975372314453,38.82746505737305,78.15240478515625
120,6,90.96766662597656,151.19976806640625,33.07372283935547,60.776031494140625
120,3,392.6786804199219,0.0,12.46136474609375,12.63583755493164
121,7,78.59535217285156,172.65562438964844,39.389625549316406,87.90934753417969
121,5,86.17526245117188,120.77562713623047,37.397186279296875,75.10320281982422
121,8,55.512298583984375,175.54026794433594,38.945526123046875,82.34037780761719
121,3,392.5989990234375,0.0,12.339569091796875,12.701398849487305
122,7,88.13517761230469,173.33059692382812,40.9215087890625,87.8404541015625
122,8,64.18690490722656,174.1524200439453,41.77226257324219,86.22111511230469
122,5,88.48470306396484,121.07857513427734,34.96049499511719,69.40494537353516
122,3,392.57061767578125,0.0,12.279541015625,12.662298202514648
123,7,95.09056854248047,174.35287475585938,39.397850036621094,86.00811767578125
123,8,72.74102783203125,176.43792724609375,41.45801544189453,79.09446716308594
123,5,89.2640609741211,121.3316421508789,34.55120086669922,62.002357482910156
123,3,392.4364929199219,0.0,12.12335205078125,12.551105499267578
123,6,97.12606811523438,144.0685272216797,26.758079528808594,48.127655029296875
124,7,105.36150360107422,173.38864135742188,39.028419494628906,85.379638671875
124,8,80.78671264648438,174.7617645263672,40.86466979980469,82.59080505371094
124,5,93.44550323486328,121.61170959472656,27.257400512695312,54.858489990234375
124,3,392.6153869628906,0.0,12.15716552734375,12.608531951904297
124,6,95.50448608398438,152.10220336914062,32.6392822265625,42.94317626953125
125,7,114.74999237060547,171.6096954345703,40.59654998779297,85.44233703613281
125,8,89.71405029296875,173.03866577148438,38.049583435058594,81.78694152832031
125,5,95.72958374023438,119.7768325805664,31.21367645263672,61.453285217285156
125,3,392.4965515136719,0.026550354436039925,12.21441650390625,12.86186688952148
126,7,123.80642700195312,171.16220092773438,39.23475646972656,86.0469970703125
126,5,96.88458251953125,119.23384857177734,33.334197998046875,75.04375457763672
126,3,392.3702392578125,0.0,12.45416259765625,13.038402557373047
127,7,133.44497680664062,170.5804443359375,40.431060791015625,85.63873291015625
127,8,115.30035400390625,176.99620056152344,32.163055419921875,77.36758422851562
127,6,101.48489379882812,124.36126708984375,29.88702392578125,102.21336364746094
127,5,99.9838638305664,118.830322265625,30.39295196533203,73.1295166015625
128,7,145.2421875,169.92239379882812,38.06263732910156,85.0169677734375
128,8,119.242919921875,174.91189575195312,45.865264892578125,82.50942993164062
128,5,103.30284881591797,118.87301635742188,32.75579071044922,106.36488342285156
128,3,391.9620666503906,0.03550272807478905,12.586151123046875,12.773758593946695
129,8,128.25518798828125,173.64404296875,43.5045166015625,82.35014343261719
129,7,153.81961059570312,170.00125122070312,36.94056701660156,83.99417114257812
129,5,104.01861572265625,118.634521484375,34.603790283203125,106.79661560058594
129,3,392.1288757324219,0.0,12.31024169921875,12.588569641113281
130,8,140.17567443847656,173.9849090576172,35.25495910644531,83.83998107910156
130,7,163.1836395263672,169.2313995361328,36.983917236328125,84.29714965820312
130,5,105.61820983886719,118.06309509277344,39.798736572265625,106.1649169921875
130,3,392.0838317871094,0.0,12.293914794921875,12.5213041305542
131,7,173.93646240234375,169.12509155273438,35.897064208984375,84.756103515625
131,8,146.55104064941406,172.87545776367188,39.52781677246094,86.26864624023438
131,5,108.33539581298828,117.8858871459961,42.60320281982422,105.44367218017578
131,3,391.9704284667969,0.0,12.520843505859375,12.381415367126465
132,6,107.92967987060547,118.76250457763672,27.117835998535156,87.7903823852539
132,7,182.283203125,168.91265869140625,36.63014221191406,83.37767028808594
132,8,153.76779174804688,173.09829711914062,40.656005859375,81.84449768066406
132,5,115.43635559082031,140.11676025390625,40.79753112792969,83.60501098632812
133,6,110.73542022705078,120.38313293457031,27.652076721191406,87.12611389160156
133,5,118.41454315185547,140.07826232910156,39.82793426513672,82.50862121582031
133,8,163.08583068847656,173.11517333984375,45.22966003417969,81.29440307617188
133,7,190.72113037109375,174.42547607421875,39.394378662109375,77.68476867675781
133,3,391.4408264160156,0.0,12.823150634765625,12.177955627441406
134,6,114.0359115600586,122.34432220458984,23.72899627685547,84.89376068115234
134,8,177.6659393310547,174.30165100097656,36.03355407714844,77.0867919921875
134,5,121.54955291748047,129.72882080078125,36.558509826660156,93.12812805175781
134,7,200.5943145751953,169.0462646484375,38.43084716796875,82.205078125
135,7,210.1160125732422,167.74755859375,39.91065979003906,84.06716918945312
135,8,181.5148162841797,173.83831787109375,43.76214599609375,79.01300048828125
135,6,115.98139953613281,120.14600372314453,41.98558044433594,99.31475067138672
136,5,130.84349060058594,132.90602111816406,27.771591186523438,89.46920776367188
136,8,195.39462280273438,172.9620361328125,40.15794372558594,80.85984802246094
136,7,221.47071838378906,167.651123046875,39.42848205566406,83.84217834472656
136,6,116.60729217529297,119.84544372558594,40.889244079589844,95.10447692871094
136,3,391.1318359375,0.0,13.290496826171875,12.130914688110352
137,5,134.0176544189453,124.25067138671875,26.405258178710938,99.08929443359375
137,8,207.64552307128906,172.4129638671875,39.6004638671875,80.91645812988281
137,7,232.62864685058594,167.66432189941406,36.53468322753906,82.70283508300781
137,3,391.0932312011719,0.0,13.143798828125,12.122612953186035
138,8,214.29791259765625,171.74195861816406,41.4920654296875,79.47100830078125
138,5,135.90391540527344,126.59098815917969,27.446426391601562,96.7689208984375
138,7,241.4500732421875,167.48707580566406,37.940948486328125,81.92979431152344
139,5,139.16189575195312,140.042724609375,31.705108642578125,82.36798095703125
139,7,250.93104553222656,166.425048828125,35.68669128417969,82.18331909179688
139,8,226.29641723632812,171.78990173339844,38.93792724609375,76.89703369140625
139,6,123.87618255615234,119.97977447509766,28.755088806152344,84.95075225830078
140,5,138.2108612060547,131.2418975830078,41.34364318847656,90.87457275390625
140,7,261.4195861816406,166.33802795410156,36.386566162109375,81.39712524414062
140,8,229.37890625,170.6412811279297,44.682373046875,77.45545959472656
140,6,128.38919067382812,118.927978515625,27.774169921875,87.24569702148438
140,3,391.11114501953125,0.0,13.069671630859375,12.218443870544434
141,7,271.08038330078125,165.3505859375,35.680328369140625,82.26393127441406
141,8,242.65211486816406,170.30503845214844,39.84104919433594,79.07797241210938
141,5,137.18214416503906,119.46720123291016,45.36708068847656,103.23807525634766
141,3,391.3803405761719,0.0,13.1038818359375,12.314836502075195
142,8,248.83673095703125,168.6480255126953,44.394073486328125,80.56332397460938
142,7,282.0338134765625,164.82354736328125,33.609100341796875,81.56117248535156
142,5,137.0601348876953,117.8651351928711,48.569305419921875,104.44405364990234
142,3,391.5431823730469,0.0,13.10552978515625,12.301061630249023
143,8,262.340087890625,168.13719177246094,40.501861572265625,81.88926696777344
143,7,290.4651184082031,164.0133056640625,35.451507568359375,85.20417785644531
143,5,136.50830078125,118.40604400634766,53.621612548828125,103.78058624267578
143,3,391.741455078125,0.0,12.892364501953125,12.284812927246094
144,5,144.7270965576172,137.74420166015625,45.899993896484375,83.74270629882812
144,8,276.7055969238281,168.37051391601562,47.642578125,79.71293640136719
144,7,305.8814392089844,163.6875,39.926513671875,84.9642333984375
144,6,139.02561950683594,118.66264343261719,28.0029296875,82.87318420410156
144,3,391.852783203125,0.0,12.7540283203125,12.529884338378906
145,7,315.1704406738281,163.56101989746094,39.072113037109375,84.65402221679688
145,5,149.7998504638672,139.55459594726562,39.95805358886719,81.6884765625
145,6,142.10716247558594,118.9654541015625,26.8172607421875,85.03477478027344
145,8,291.0595703125,167.5674285888672,42.796112060546875,80.06954956054688
145,3,391.8169250488281,0.0,12.85260009765625,12.407737731933594
146,6,142.97402954101562,119.18990325927734,26.788864135742188,85.7166519165039
146,5,153.71153259277344,138.61663818359375,35.91070556640625,83.20001220703125
146,7,326.5353088378906,163.0132293701172,34.947601318359375,84.19842529296875
146,8,296.0919494628906,168.4940185546875,46.15948486328125,78.02227783203125
146,3,391.90643310546875,0.0,12.6873779296875,12.42927360534668
147,6,144.94778442382812,120.6288070678711,27.784133911132812,84.53295135498047
147,7,338.3438720703125,162.74392700195312,36.642333984375,83.00508117675781
147,5,158.94105529785156,138.4101104736328,30.758621215820312,83.18772888183594
147,8,311.84844970703125,167.19784545898438,42.803863525390625,79.127685546875
147,3,391.91851806640625,0.0,12.69073486328125,12.402953147888184
148,6,146.41258239746094,121.00045013427734,28.3167724609375,84.82775115966797
148,8,317.111572265625,167.12535095214844,45.537841796875,79.51596069335938
148,5,161.7676544189453,136.07693481445312,28.59375,84.14622497558594
148,7,348.3465270996094,163.14002990722656,34.551971435546875,81.79457092285156
148,3,391.90447998046875,0.0,12.66290283203125,12.403677940368652
149,6,146.2060546875,120.44290924072266,29.887786865234375,85.1463851928711
149,5,163.0018310546875,132.94796752929688,30.494400024414062,88.55351257324219
149,7,357.930419921875,161.8617401123047,34.58209228515625,82.17854309082031
149,8,331.43768310546875,166.2152099609375,39.7159423828125,79.06434631347656
149,3,391.7791442871094,0.0,12.46527099609375,12.332053184509277
150,6,147.35044860839844,119.62080383300781,29.491424560546875,85.47500610351562
150,5,168.9461669921875,131.1439971923828,28.6197509765625,91.33319091796875
150,8,335.4346923828125,165.9520263671875,43.255035400390625,81.48561096191406
150,7,367.52008056640625,161.5806427001953,33.837493896484375,82.03123474121094
150,3,391.8233642578125,0.0,12.37139892578125,12.418248176574707
151,5,171.19725036621094,132.76698303222656,33.16166687011719,88.64593505859375
151,6,150.07196044921875,119.19419860839844,28.725601196289062,85.81790161132812
151,8,351.8359680175781,165.4571533203125,36.075927734375,80.70491027832031
151,7,373.3684387207031,162.06317138671875,37.476715087890625,81.46296691894531
151,3,391.8470764160156,0.0,12.404296875,12.463574409484863
152,5,170.9466552734375,134.4090118408203,41.25544738769531,86.19960021972656
152,6,151.6985626220703,119.45893859863281,29.799850463867188,84.97093200683594
152,8,353.75531005859375,165.55772399902344,45.660552978515625,80.06126403808594
152,7,382.4214782714844,161.6688232421875,38.844329833984375,81.33114624023438
152,3,391.9449462890625,0.0,12.361358642578125,12.486723899841309
153,6,155.51219177246094,119.08965301513672,27.740386962890625,85.74019622802734
153,8,364.2713928222656,165.10923767089844,45.132049560546875,79.13296508789062
153,5,172.20091247558594,134.47393798828125,44.19587707519531,86.27937316894531
153,7,393.25823974609375,161.64292907714844,36.14532470703125,81.32620239257812
153,3,391.7515563964844,0.03293443098664284,12.748870849609375,12.804523225873709
154,6,161.46112060546875,119.58087921142578,24.14703369140625,87.04749298095703
154,5,172.3295135498047,129.5318145751953,45.95472717285156,92.04798889160156
154,8,373.8439025878906,165.01951599121094,45.812469482421875,79.27326965332031
154,7,400.627197265625,161.48495483398438,38.596954345703125,81.71701049804688
154,3,391.7723388671875,0.05246612802147865,12.649261474609375,12.808351781219244
155,6,164.77732849121094,118.66050720214844,24.06182861328125,85.05743408203125
155,8,382.76397705078125,164.96778869628906,45.493438720703125,78.53555297851562
155,5,173.3885955810547,133.34054565429688,46.5111083984375,88.29006958007812
155,7,409.96405029296875,161.2796173095703,39.61749267578125,81.64018249511719
156,6,166.4578857421875,117.73957824707031,23.971115112304688,85.38555908203125
156,5,176.1868133544922,133.1593017578125,44.15008544921875,87.65200805664062
156,8,392.8677062988281,164.49803161621094,46.792022705078125,77.78817749023438
156,7,419.7410583496094,161.09927368164062,38.3084716796875,80.19013977050781
156,3,391.6380615234375,0.04436836391687393,12.9180908203125,12.807529829442501
157,5,180.49530029296875,131.81765747070312,40.512481689453125,88.93756103515625
157,6,168.73704528808594,118.34175872802734,25.201858520507812,85.50739288330078
157,8,402.1141357421875,163.9846954345703,46.308990478515625,77.46839904785156
157,7,433.0257873535156,161.19607543945312,34.92047119140625,79.77430725097656
157,3,391.72467041015625,0.0,12.439208984375,12.357388496398926
158,5,183.972412109375,131.1754608154297,36.64263916015625,88.37774658203125
158,6,171.4123992919922,118.03001403808594,26.364120483398438,86.23080444335938
158,8,417.4968566894531,164.08700561523438,43.1663818359375,77.7772216796875
158,7,445.5076599121094,160.58682250976562,32.29168701171875,78.78663635253906
158,3,391.7098388671875,0.0,12.43328857421875,12.37253189086914
159,6,173.57284545898438,118.52186584472656,27.644638061523438,86.54780578613281
159,5,191.2686004638672,133.26390075683594,28.582122802734375,85.58984375
159,8,420.76251220703125,163.82223510742188,45.456878662109375,78.06842041015625
159,7,452.4602355957031,160.40509033203125,34.18255615234375,78.64347839355469
159,3,391.47955322265625,0.09197404980659485,12.982330322265625,12.64454671740532
160,6,175.42543029785156,118.44086456298828,29.01300048828125,86.5434341430664
160,5,195.46627807617188,133.8457794189453,25.764266967773438,83.883056640625
160,8,430.3934020996094,163.60174560546875,46.498046875,77.21484375
160,7,461.87286376953125,160.364013671875,33.243438720703125,78.07949829101562
160,3,391.561767578125,0.0,12.461761474609375,12.38009262084961
161,6,176.8223419189453,117.9708023071289,29.209609985351562,87.30591583251953
161,5,198.70082092285156,132.40895080566406,25.422012329101562,86.91351318359375
161,8,439.4613952636719,163.74253845214844,44.872711181640625,76.72239685058594
161,7,471.14166259765625,160.2374267578125,33.592041015625,77.71287536621094
161,3,391.467529296875,0.0,12.563720703125,12.240757942199707
162,5,201.06307983398438,132.88865661621094,26.414779663085938,85.78538513183594
162,6,177.797119140625,117.16670989990234,30.185272216796875,87.98673248291016
162,8,448.5475158691406,163.88430786132812,45.787841796875,75.35780334472656
162,7,481.8741149902344,160.0683135986328,32.202301025390625,78.37342834472656
163,5,203.15280151367188,131.69642639160156,31.45831298828125,86.24186706542969
163,8,458.36138916015625,163.6448211669922,45.8955078125,76.55305480957031
163,7,487.493408203125,160.8965606689453,34.49700927734375,79.02105712890625
163,6,177.00889587402344,117.7333984375,32.11114501953125,89.96994018554688
163,3,391.38885498046875,0.020732618868350983,13.009613037109375,12.71426036208868
164,5,203.7088165283203,133.09579467773438,39.408416748046875,84.33294677734375
164,6,177.51866149902344,119.02652740478516,34.024383544921875,88.51969146728516
164,8,467.19317626953125,163.68955993652344,45.03131103515625,75.75230407714844
164,7,496.17633056640625,161.1087188720703,35.9635009765625,77.31953430175781
164,3,391.630859375,0.0,12.49285888671875,12.367533683776855
165,5,204.12290954589844,132.90606689453125,44.435546875,84.77232360839844
165,6,178.87625122070312,117.71701049804688,34.18017578125,88.89315795898438
165,8,478.0001525878906,163.0392608642578,47.237152099609375,75.60491943359375
165,7,509.0406799316406,159.76593017578125,34.000213623046875,77.75227355957031
166,6,181.0447235107422,115.9387435913086,34.50042724609375,89.34099578857422
166,7,519.047607421875,159.5198974609375,34.38946533203125,78.20008850097656
166,5,204.9167022705078,133.033203125,46.42796325683594,84.69247436523438
166,8,486.1584167480469,163.3538360595703,45.841522216796875,77.716064453125
167,5,205.70082092285156,133.03396606445312,47.22206115722656,84.05581665039062
167,6,182.76417541503906,116.5558090209961,36.697540283203125,89.52545928955078
167,8,497.4295959472656,163.44383239746094,43.258941650390625,75.94052124023438
167,7,529.7488403320312,159.63897705078125,31.649658203125,77.65019226074219
168,6,193.3195037841797,116.4081039428711,29.642303466796875,86.6890640258789
168,8,514.1514282226562,163.59735107421875,44.045654296875,75.27348327636719
168,5,208.18788146972656,133.36550903320312,45.16148376464844,83.02142333984375
168,7,544.8612670898438,160.19273376464844,33.33697509765625,78.37091064453125
169,6,199.412841796875,116.46047973632812,25.551406860351562,86.74185180664062
169,5,212.8400115966797,132.30828857421875,40.885955810546875,83.82893371582031
169,8,523.798583984375,163.67601013183594,44.6705322265625,74.65567016601562
169,7,551.6089477539062,160.85418701171875,36.20751953125,77.51438903808594
169,9,189.63906860351562,141.33587646484375,22.413009643554688,56.57911682128906
169,3,391.82373046875,0.02314912900328636,12.7586669921875,12.663940791040659
170,5,216.95420837402344,131.06468200683594,36.58091735839844,85.03256225585938
170,6,202.0809326171875,115.99813079833984,25.361343383789062,89.1705551147461
170,8,532.982177734375,163.18557739257812,45.52740478515625,76.99111938476562
170,7,566.1484985351562,159.714599609375,29.7991943359375,76.4598388671875
170,3,391.7497253417969,0.010104185901582241,12.77679443359375,12.716945641674101
171,6,205.03733825683594,115.54332733154297,25.274383544921875,87.90084075927734
171,5,221.9515380859375,131.18748474121094,32.3638916015625,85.03227233886719
171,8,542.2597045898438,163.201416015625,49.8984375,75.08161926269531
171,7,575.0009155273438,160.25204467773438,30.34197998046875,76.61874389648438
172,6,207.22596740722656,114.89441680908203,26.410430908203125,86.69481658935547
172,5,228.98509216308594,130.2439727783203,27.526809692382812,85.88372802734375
172,8,550.7098999023438,163.54638671875,44.57232666015625,76.82980346679688
172,7,582.8118286132812,160.68304443359375,31.5953369140625,77.0921630859375
173,5,231.36318969726562,129.92344665527344,29.058135986328125,86.31475830078125
173,6,208.80873107910156,114.3993911743164,30.870254516601562,88.60469818115234
173,8,562.425537109375,163.61512756347656,42.1553955078125,74.9205322265625
173,7,594.8480224609375,160.5772247314453,28.0626220703125,76.287841796875
173,3,392.1767578125,0.0,12.861358642578125,12.618623733520508
174,6,209.71514892578125,114.88124084472656,32.23057556152344,87.26242065429688
174,5,233.15794372558594,129.2969512939453,30.296096801757812,86.71762084960938
174,8,568.9390258789062,163.79571533203125,43.58404541015625,75.62680053710938
174,7,597.01171875,161.21165466308594,33.68865966796875,78.20686340332031
174,3,392.29046630859375,0.0,13.164306640625,12.784930229187012
175,5,235.32276916503906,129.53794860839844,31.786148071289062,86.775146484375
175,8,577.9628295898438,163.79736328125,48.6312255859375,74.72642517089844
175,6,210.91517639160156,116.25008392333984,31.216384887695312,85.9197769165039
175,7,608.2966918945312,161.18701171875,31.2774658203125,77.16275024414062
175,3,392.29193115234375,0.0,13.45721435546875,12.832452774047852
176,5,236.6766815185547,128.27880859375,34.84437561035156,88.22308349609375
176,8,587.3282470703125,164.4164276123047,52.155517578125,73.46977233886719
176,6,211.20074462890625,114.90553283691406,33.32774353027344,86.48678588867188
176,7,620.9308471679688,161.45755004882812,28.35845947265625,75.60626220703125
176,3,392.27166748046875,0.0,13.58184814453125,12.84017276763916
177,5,237.97671508789062,128.57740783691406,39.08648681640625,88.05230712890625
177,6,211.07029724121094,117.60690307617188,34.59086608886719,82.69677734375
177,8,596.1942138671875,164.28274536132812,46.07183837890625,74.27639770507812
177,7,625.9796142578125,161.9853057861328,33.19873046875,74.77236938476562
177,3,392.319580078125,0.0,13.31524658203125,12.685748100280762
178,6,211.5076904296875,116.40666961669922,35.6568603515625,82.90909576416016
178,5,238.46253967285156,129.31478881835938,41.00505065917969,87.02149963378906
178,8,605.4005737304688,164.58657836914062,48.3648681640625,73.56884765625
178,7,639.8076171875,161.72113037109375,27.54107666015625,75.30476379394531
179,6,213.3946990966797,114.89910888671875,36.95549011230469,86.054443359375
179,5,238.31356811523438,129.7921142578125,41.561004638671875,85.89520263671875
179,8,614.2307739257812,164.69529724121094,49.73138427734375,74.66325378417969
179,7,646.8550415039062,161.66693115234375,26.60272216796875,76.7938232421875
179,3,392.27166748046875,0.0,13.13287353515625,12.764949798583984
180,5,239.64732360839844,129.510986328125,40.30067443847656,85.50399780273438
180,6,217.54603576660156,115.1136245727539,35.314849853515625,85.86748504638672
180,7,655.7031860351562,162.2692413330078,27.37652587890625,76.35415649414062
180,8,623.20751953125,165.2574005126953,48.47967529296875,73.84738159179688
181,6,220.5596160888672,115.01070404052734,33.41819763183594,84.97631072998047
181,5,242.48077392578125,128.417724609375,37.648406982421875,86.15324401855469
181,8,631.5506591796875,165.1996307373047,51.70013427734375,73.61238098144531
181,7,661.7782592773438,162.0948486328125,31.748779296875,76.62971496582031
182,5,247.87887573242188,127.9614486694336,32.38958740234375,84.63483428955078
182,6,225.92408752441406,115.06951904296875,30.321640014648438,86.01846313476562
182,8,640.2481689453125,165.98345947265625,44.02899169921875,74.02488708496094
182,7,670.9986572265625,162.9933624267578,32.91619873046875,74.27684020996094
183,5,252.94117736816406,127.40721130371094,29.104293823242188,84.44308471679688
183,6,231.31263732910156,114.2850341796875,26.656326293945312,86.33518981933594
183,8,649.8699951171875,165.86085510253906,44.9384765625,74.96461486816406
183,7,681.6361083984375,163.09170532226562,29.67926025390625,75.218017578125
183,3,392.1505432128906,0.0,12.9267578125,12.79947280883789
184,5,257.44677734375,126.76152038574219,26.05718994140625,84.76425170898438
184,6,236.17660522460938,113.5648193359375,23.7344970703125,85.95343017578125
184,8,659.2467041015625,165.3766326904297,45.9095458984375,74.67486572265625
184,7,690.445556640625,163.3476104736328,26.48291015625,76.43072509765625
184,3,392.041748046875,0.0,12.816131591796875,12.900533676147461
185,5,260.2128601074219,125.90218353271484,25.745635986328125,86.40692901611328
185,6,239.36434936523438,113.27486419677734,22.87493896484375,86.2177505493164
185,8,666.9940185546875,166.06350708007812,51.50091552734375,72.92514038085938
185,7,699.6084594726562,163.83700561523438,25.91082763671875,75.64627075195312
185,3,392.0343017578125,0.0,12.536041259765625,12.873517036437988
186,5,262.5034484863281,125.76355743408203,26.026641845703125,86.03986358642578
186,6,240.71920776367188,113.38803100585938,23.522369384765625,86.82106018066406
186,8,674.83740234375,166.62112426757812,53.35321044921875,72.99424743652344
186,7,706.5706787109375,164.10813903808594,29.5399169921875,74.79689025878906
186,3,391.7339782714844,0.0,12.474334716796875,12.844547271728516
187,6,241.77105712890625,113.609375,26.260498046875,86.43182373046875
187,5,264.28448486328125,125.5242919921875,28.407135009765625,85.64457702636719
187,8,683.0671997070312,167.5982208251953,41.52978515625,73.07820129394531
187,7,710.26806640625,164.24765014648438,33.5589599609375,75.0908203125
187,3,391.61865234375,0.0,12.625274658203125,12.832043647766113
188,6,242.77120971679688,113.38993835449219,26.58233642578125,86.30889892578125
188,5,264.3207092285156,125.45016479492188,35.919647216796875,85.66567993164062
188,8,691.9534301757812,167.4795684814453,48.7890625,71.89944458007812
188,7,724.82470703125,164.62696838378906,28.81060791015625,73.43072509765625
188,3,391.78912353515625,0.0,12.6282958984375,12.783650398254395
189,5,264.7130126953125,125.47312927246094,41.52288818359375,86.06846618652344
189,6,244.5945281982422,114.29607391357422,26.561294555664062,85.51216888427734
189,8,700.7567138671875,167.68934631347656,46.6876220703125,72.74264526367188
189,7,730.3157348632812,165.1276092529297,26.13543701171875,75.97892761230469
189,3,391.5923767089844,0.0,12.856292724609375,12.931536674499512
190,5,264.3453063964844,125.31687927246094,45.656097412109375,85.787353515625
190,6,245.19944763183594,113.110595703125,28.822830200195312,86.40383911132812
190,8,713.3707275390625,168.1526641845703,39.65057373046875,70.73933410644531
190,7,733.0224609375,165.912353515625,34.28814697265625,74.84042358398438
190,3,391.59576416015625,0.0,12.744049072265625,13.073568344116211
191,5,265.2528991699219,125.79194641113281,45.709014892578125,84.30580139160156
191,6,246.28616333007812,112.3017807006836,30.872802734375,86.50603485107422
191,8,716.3042602539062,168.9297332763672,41.43817138671875,66.10475158691406
191,7,742.2285766601562,165.75636291503906,32.34161376953125,74.42835998535156
191,3,391.5160827636719,0.0,13.01678466796875,13.026528358459473
192,6,248.69288635253906,112.56958770751953,35.05439758300781,84.42134857177734
192,5,268.1550598144531,124.14938354492188,43.4437255859375,84.68339538574219
192,8,733.7892456054688,169.69342041015625,39.81298828125,68.975341796875
192,7,762.9638671875,167.00022888183594,27.19378662109375,73.53189086914062
192,3,390.9735107421875,0.0,13.004608154296875,13.045105934143066
193,6,251.4736328125,112.72270965576172,33.7158203125,85.38155364990234
193,5,271.4339599609375,123.24179077148438,40.7147216796875,84.89833068847656
193,8,748.8938598632812,167.90750122070312,48.518310546875,73.872314453125
193,7,769.5496826171875,166.91952514648438,30.12835693359375,74.77963256835938
193,3,390.59417724609375,0.0,13.1788330078125,13.06650161743164
194,5,276.8401794433594,122.8863754272461,36.8251953125,83.25688934326172
194,6,254.38720703125,111.39681243896484,31.6888427734375,86.20360565185547
194,8,750.0070190429688,171.79275512695312,38.17230224609375,62.06779479980469
194,7,772.9902954101562,168.0943145751953,36.06732177734375,73.52699279785156
194,3,390.2259521484375,0.03626486286520958,13.2047119140625,13.251979384571314
195,5,281.5245361328125,121.97872161865234,36.203338623046875,84.93315887451172
195,6,259.0088806152344,110.88893127441406,28.96221923828125,85.63209533691406
195,8,758.7332763671875,170.9856414794922,50.55169677734375,69.86360168457031
195,7,790.9132690429688,169.93312072753906,26.21478271484375,70.918701171875
196,5,287.7071228027344,121.99908447265625,32.586273193359375,83.36991882324219
196,6,264.90264892578125,110.1408462524414,25.00604248046875,84.28263092041016
196,8,766.7993774414062,171.96835327148438,43.77313232421875,70.85220336914062
196,7,796.6248779296875,173.043212890625,26.40032958984375,70.27023315429688
197,5,290.09210205078125,121.28216552734375,32.944366455078125,84.46037292480469
197,6,267.70184326171875,109.68368530273438,24.18402099609375,82.71476745605469
197,8,781.40576171875,172.85977172851562,48.60784912109375,69.14826965332031
197,7,804.2529296875,174.6744384765625,28.1165771484375,67.70584106445312
197,3,389.1216125488281,0.23216412961483002,12.69329833984375,12.778277650475502
198,6,269.9024353027344,108.91109466552734,26.07806396484375,87.12285614013672
198,5,292.0632629394531,121.1919174194336,33.46612548828125,84.6546859741211
198,8,782.7191162109375,173.3895263671875,45.0318603515625,65.66232299804688
198,7,811.8756103515625,174.34222412109375,26.70135498046875,67.65261840820312
198,3,388.0688781738281,0.2265390008687973,13.759490966796875,12.640904083848
199,6,271.83929443359375,109.39277648925781,24.090484619140625,85.30624389648438
199,5,294.5155029296875,121.64372253417969,33.712127685546875,83.62557983398438
199,8,789.3643798828125,173.80154418945312,51.7166748046875,72.91239929199219
199,7,818.98974609375,176.520751953125,32.14801025390625,67.64117431640625
200,5,295.2975769042969,121.31832885742188,36.2459716796875,85.23579406738281
200,6,273.7416076660156,108.77527618408203,24.8404541015625,85.7872543334961
200,8,796.7135009765625,174.21649169921875,53.7613525390625,72.40255737304688
200,7,829.3324584960938,178.06996154785156,26.23876953125,70.50765991210938
201,5,296.511962890625,120.99969482421875,38.1837158203125,85.22053527832031
201,6,275.4556579589844,109.60368347167969,26.76910400390625,85.30224609375
201,8,806.5169067382812,175.79299926757812,47.97857666015625,69.68257141113281
201,7,839.3609008789062,176.8717498779297,16.22845458984375,65.9974365234375
202,6,276.65362548828125,109.42007446289062,30.22357177734375,84.65621948242188
202,5,297.7165832519531,121.0011978149414,38.910797119140625,85.18048858642578
202,8,813.2282104492188,176.3650665283203,41.970947265625,68.69415283203125
203,5,298.2392272949219,120.68799591064453,40.83673095703125,85.0799331665039
203,6,277.3758239746094,109.30670166015625,32.483642578125,85.06202697753906
203,8,819.7949829101562,177.22682189941406,35.856689453125,66.26646423339844
203,3,388.49969482421875,0.12053146958351135,16.157745361328125,13.191414445638657
204,5,299.6725769042969,120.03295135498047,40.374755859375,85.52701568603516
204,6,277.6269836425781,110.1405258178711,34.695831298828125,83.90071868896484
204,8,815.2274780273438,178.06077575683594,40.6964111328125,72.45143127441406
204,3,389.0480041503906,0.12025722861289978,16.190887451171875,13.09315600991249
205,5,306.217041015625,120.03276824951172,35.36566162109375,83.95003509521484
205,6,277.8495788574219,109.7228775024414,36.82623291015625,84.20537567138672
205,3,389.14093017578125,0.16236469149589539,17.09222412109375,13.377296715974808
205,8,823.6887817382812,184.33876037597656,31.7666015625,65.07550048828125
206,5,310.6617126464844,119.20178985595703,31.911041259765625,81.87784576416016
206,6,277.540283203125,110.13864135742188,39.263214111328125,83.16683959960938
206,8,829.2334594726562,187.74595642089844,26.35980224609375,63.49354553222656
206,3,389.71295166015625,0.11852759122848511,16.435546875,13.60041218996048
207,5,313.01605224609375,118.50939178466797,30.802947998046875,80.46158599853516
207,6,279.1055908203125,109.61945343017578,37.0758056640625,83.61009979248047
207,3,390.9479064941406,0.017807168886065483,15.501434326171875,14.147329168394208
208,5,315.8205871582031,118.0394058227539,29.151214599609375,81.92473602294922
208,6,282.6353759765625,108.94190979003906,34.979949951171875,83.89620971679688
208,3,391.00347900390625,0.14453519880771637,14.54931640625,13.680523738265038
209,5,317.58709716796875,117.92691802978516,28.5777587890625,82.1446762084961
209,6,285.7228088378906,107.86203002929688,32.723236083984375,83.92570495605469
209,3,393.28466796875,0.0,13.938201904296875,14.320834159851074
210,5,320.0583190917969,116.60957336425781,29.498199462890625,82.79559326171875
210,6,290.7972106933594,107.66433715820312,29.416107177734375,84.06988525390625
210,3,393.5431213378906,0.0,13.912811279296875,14.258079528808594
211,5,321.59625244140625,116.43268585205078,32.8951416015625,83.0539321899414
211,6,294.5779113769531,107.58846282958984,26.93280029296875,83.50574493408203
211,3,393.9571228027344,0.0,13.746612548828125,14.31452751159668
212,6,298.6719970703125,106.55195617675781,24.95001220703125,83.41656494140625
212,5,321.9855041503906,116.2586898803711,36.873992919921875,82.9898452758789
212,3,392.5763244628906,0.0028725150041282177,14.63372802734375,14.363552999217063
213,6,300.9582824707031,105.7975082397461,23.287353515625,83.6497573852539
213,5,322.40789794921875,115.90290832519531,40.267852783203125,82.9866943359375
213,3,393.08074951171875,0.0,14.471435546875,14.346878051757812
214,6,302.2240905761719,105.68058013916016,23.493255615234375,83.3775405883789
214,5,323.0223083496094,116.36560821533203,40.056915283203125,81.9830093383789
214,3,392.2120666503906,0.05071162432432175,15.060821533203125,14.53278923779726
215,5,323.5013732910156,115.95146942138672,40.987701416015625,81.80484771728516
215,6,303.2440490722656,105.18197631835938,24.33099365234375,84.00718688964844
215,3,392.6274719238281,0.02591577358543873,14.812744140625,14.434737531468272
216,6,304.23699951171875,105.82510375976562,31.425750732421875,82.61854553222656
216,5,328.55548095703125,115.24356079101562,38.0184326171875,80.54371643066406
216,3,391.8070373535156,0.04544492065906525,15.582061767578125,14.431647822260857
217,6,305.56927490234375,105.56776428222656,34.54296875,84.46249389648438
217,5,334.33856201171875,114.47171020507812,35.1478271484375,80.15422058105469
217,3,393.02935791015625,0.0,14.74652099609375,14.644379615783691
218,6,306.97137451171875,105.39317321777344,33.85870361328125,83.5201416015625
218,5,337.0069274902344,113.72586822509766,35.1875,80.23517608642578
218,3,392.6281433105469,0.07571730017662048,15.09619140625,14.535175949335098
219,6,308.50213623046875,105.39178466796875,34.32440185546875,82.98822021484375
219,5,340.48577880859375,112.42495727539062,33.397979736328125,81.26661682128906
219,3,392.2793884277344,0.1202349066734314,15.052978515625,14.65239292383194
220,6,311.1769714355469,104.73827362060547,31.91497802734375,82.61837005615234
220,5,342.29931640625,112.07050323486328,34.2064208984375,80.89246368408203
220,3,392.3472900390625,0.08785788714885712,15.037261962890625,14.943314865231514
221,6,313.0858154296875,104.39627075195312,30.363372802734375,82.055419921875
221,5,343.5088195800781,111.2529525756836,35.0145263671875,82.26152801513672
221,3,392.75836181640625,0.10000293701887131,15.04254150390625,14.838390655815601
222,6,315.29473876953125,104.46044921875,28.91009521484375,81.27896118164062
222,5,344.9989013671875,111.40796661376953,35.92987060546875,80.11200714111328
222,3,392.8686218261719,0.09883198887109756,14.986541748046875,15.127341412007809
223,6,318.6775817871094,103.6831283569336,26.356781005859375,81.73892974853516
223,5,346.68359375,111.49691009521484,36.33251953125,82.43607330322266
223,3,392.8323974609375,0.08778135478496552,14.7711181640625,15.271294191479683
224,6,321.48394775390625,102.91049194335938,25.025238037109375,82.36982727050781
224,5,348.7339172363281,111.15813446044922,36.021636962890625,82.40470123291016
224,3,392.9804992675781,0.07973652333021164,14.919921875,15.392932124435902
225,5,350.2760925292969,110.74691009521484,37.165985107421875,82.29694366455078
225,6,322.7572021484375,102.4947280883789,25.3887939453125,82.45545196533203
225,3,393.4820861816406,0.0597941018640995,14.442047119140625,15.504376735538244
226,6,324.1313171386719,102.23065185546875,25.99774169921875,82.82489013671875
226,5,352.00506591796875,110.23841857910156,36.18115234375,82.2318115234375
226,3,393.72198486328125,0.05859764665365219,14.4573974609375,15.589175142347813
227,6,325.30023193359375,101.40299987792969,26.129791259765625,82.19258117675781
227,5,353.90478515625,110.04148864746094,35.47509765625,80.74923706054688
227,3,393.9625549316406,0.055934321135282516,14.307342529296875,15.487841237336397
228,6,326.2775573730469,101.23808288574219,26.68341064453125,82.55293273925781
228,5,356.5824279785156,110.23352813720703,33.67236328125,77.68451690673828
228,3,394.12005615234375,0.056374382227659225,14.27496337890625,15.574869323521852
229,6,327.48065185546875,101.00225830078125,28.092437744140625,82.57646179199219
229,5,359.1593017578125,109.4280014038086,32.726959228515625,77.25830841064453
229,3,393.8111572265625,0.0672706738114357,14.4527587890625,15.468857370316982
230,6,328.90948486328125,100.8908462524414,30.679229736328125,82.94782257080078
230,5,360.6884765625,108.15003204345703,32.39666748046875,79.32268524169922
230,3,394.32769775390625,0.03369911387562752,14.10107421875,15.641984861344099
231,5,361.85821533203125,107.5594711303711,32.206634521484375,79.08246612548828
231,6,330.4661865234375,100.34915924072266,30.0538330078125,82.9776382446289
231,3,394.1799621582031,0.04777724668383598,14.3104248046875,15.678354192525148
232,5,363.42303466796875,107.05963897705078,31.7545166015625,78.4694595336914
232,6,331.7298889160156,100.51085662841797,30.139984130859375,82.45667266845703
232,3,393.936767578125,0.07575173676013947,14.6182861328125,15.643704935908318
233,5,365.10980224609375,106.79914855957031,31.07208251953125,78.50190734863281
233,6,333.1356201171875,100.62582397460938,28.48040771484375,82.57150268554688
233,3,393.5208435058594,0.11867746710777283,15.349639892578125,15.675774246454239
234,5,366.0674743652344,106.27471923828125,32.9539794921875,79.13838195800781
234,6,334.4446716308594,100.72176361083984,27.238311767578125,81.97371673583984
234,3,392.545166015625,0.13907015323638916,16.656463623046875,15.41708505153656
235,6,335.09625244140625,100.0743408203125,27.051422119140625,82.58393859863281
235,5,367.216064453125,106.48352813720703,34.841278076171875,79.18567657470703
235,3,393.1395263671875,0.12931674718856812,15.85888671875,15.788089334964752
236,6,336.0546875,99.62051391601562,27.555816650390625,82.86880493164062
236,5,368.9863586425781,106.80580139160156,34.870330810546875,79.02369689941406
236,3,393.3421630859375,0.11245729774236679,15.526336669921875,16.10413358360529
237,6,337.6839294433594,99.23075103759766,27.1102294921875,81.83319854736328
237,5,369.3595275878906,106.75473022460938,35.632354736328125,78.3477783203125
237,3,394.4980773925781,0.05380034074187279,14.826385498046875,16.35226846113801
238,6,338.6607666015625,98.8929672241211,27.139312744140625,79.84452056884766
238,5,369.56207275390625,106.10405731201172,37.11480712890625,78.48194122314453
238,3,394.6590881347656,0.09958264231681824,15.028289794921875,16.339866667985916
239,6,338.4039001464844,97.74051666259766,29.274017333984375,79.84748077392578
239,5,370.55780029296875,105.55731201171875,37.425048828125,77.94744873046875
239,3,393.9341125488281,0.13817408680915833,15.8221435546875,16.284938782453537
240,6,337.0028381347656,96.17920684814453,33.518157958984375,79.72638702392578
240,5,377.308837890625,103.74726104736328,33.443450927734375,76.28923797607422
240,3,395.5408020019531,0.06355056911706924,14.55712890625,16.61658325046301
241,6,336.0127868652344,95.78170776367188,35.703338623046875,80.02894592285156
241,5,379.2628173828125,102.73130798339844,33.25360107421875,76.19076538085938
241,3,396.32708740234375,0.04417320713400841,13.9342041015625,16.768134150654078
242,6,335.4620361328125,95.59562683105469,37.564727783203125,80.20175170898438
242,5,380.2423095703125,101.86260223388672,33.3779296875,77.08350372314453
242,3,394.81964111328125,0.16156557202339172,15.556182861328125,16.639429301023483
243,6,335.09600830078125,95.04291534423828,39.31243896484375,80.33454132080078
243,5,380.7293395996094,101.24453735351562,34.230682373046875,76.95252990722656
243,3,394.6949462890625,0.2007393091917038,15.650726318359375,16.65258176624775
244,6,335.382080078125,94.79560852050781,40.069732666015625,80.07867431640625
244,5,381.2655029296875,101.55216979980469,34.7130126953125,76.85403442382812
244,3,394.92388916015625,0.17262066900730133,15.5101318359375,16.719833478331566
245,6,336.0666809082031,94.85166931152344,39.97784423828125,79.42863464355469
245,5,381.24725341796875,101.63206481933594,35.60479736328125,76.82518005371094
245,3,395.00384521484375,0.20518647134304047,15.8463134765625,16.69087828695774
246,6,337.30853271484375,95.0028305053711,39.578125,79.13903045654297
246,5,381.88079833984375,101.43171691894531,35.5093994140625,76.76051330566406
246,3,395.6793212890625,0.18125542998313904,15.373992919921875,16.837184816598892
247,6,338.97601318359375,94.86700439453125,38.65057373046875,79.86982727050781
247,5,382.4593505859375,101.02448272705078,35.84368896484375,77.35384368896484
247,3,396.5018005371094,0.10582321882247925,14.328155517578125,16.894174873828888
248,5,384.20123291015625,101.22200012207031,35.291656494140625,77.29530334472656
248,6,340.9635009765625,94.49822998046875,37.63287353515625,80.15103149414062
248,3,395.8719482421875,0.19866910576820374,15.288665771484375,16.96111711859703
249,6,343.34869384765625,94.26176452636719,35.65118408203125,77.93287658691406
249,5,385.9595031738281,101.36292266845703,34.223907470703125,76.77552032470703
249,3,395.77313232421875,0.21193216741085052,15.16326904296875,17.063218131661415
250,6,344.9457092285156,93.27607727050781,34.42724609375,79.22647094726562
250,5,387.0783996582031,101.1509017944336,34.1162109375,75.8045425415039
250,3,396.37335205078125,0.23926442861557007,15.004669189453125,17.108502447605133
251,5,388.7783508300781,100.87562561035156,33.721282958984375,75.44766235351562
251,6,346.67742919921875,92.54837036132812,32.738800048828125,79.42176818847656
251,3,396.4674987792969,0.25739431381225586,14.751220703125,17.1646466255188
252,6,348.6811828613281,91.3569107055664,31.19573974609375,78.54729461669922
252,5,390.76995849609375,99.7496337890625,32.964996337890625,75.114990234375
252,3,396.6120910644531,0.26879507303237915,14.815277099609375,17.136333405971527
253,6,349.424560546875,90.62049102783203,31.139312744140625,78.99170684814453
253,5,393.34136962890625,99.36682891845703,31.475738525390625,73.96239471435547
253,3,396.7727966308594,0.2643376886844635,14.576171875,17.28613457083702
254,5,394.6918640136719,98.22299194335938,31.46221923828125,74.21566772460938
254,6,350.0159606933594,90.6065902709961,31.09100341796875,77.74036407470703
254,3,396.85760498046875,0.27408090233802795,15.7642822265625,17.365928024053574
255,6,350.4970703125,90.29130554199219,30.8946533203125,76.11662292480469
255,5,395.98345947265625,97.43633270263672,31.3602294921875,74.42110443115234
255,3,397.0530700683594,0.2658141255378723,15.414642333984375,17.40980690717697
256,5,397.35382080078125,97.10904693603516,30.80682373046875,74.4075698852539
256,6,350.812255859375,89.99122619628906,30.79925537109375,76.84603881835938
256,3,397.06585693359375,0.28183555603027344,16.241180419921875,17.471126556396484
257,5,398.0885009765625,96.7968978881836,31.109832763671875,74.4004135131836
257,6,351.349365234375,89.67559814453125,30.43499755859375,76.79852294921875
257,3,397.3521728515625,0.16115230321884155,15.98626708984375,17.58659130334854
258,6,351.9252624511719,89.54650115966797,30.072845458984375,76.73270416259766
258,5,398.64471435546875,97.07298278808594,31.58929443359375,73.93901062011719
258,3,397.8460693359375,0.14525970816612244,15.158721923828125,17.865278393030167
259,6,352.86529541015625,89.16365814208984,29.72802734375,77.58623504638672
259,5,399.7093505859375,96.96183776855469,31.613525390625,74.09260559082031
259,3,398.4326171875,0.13730990886688232,14.7890625,17.82985508441925
260,6,353.6966857910156,89.18360137939453,29.103851318359375,77.48455047607422
260,5,400.2286682128906,96.80353546142578,33.203857421875,74.06417083740234
260,3,399.1546325683594,0.08087877184152603,15.167694091796875,18.117203198373318
261,6,354.1036071777344,88.90605926513672,28.9290771484375,77.37198638916016
261,5,401.6432189941406,96.46822357177734,33.52410888671875,73.9587631225586
261,3,399.5137939453125,0.03269335255026817,14.24554443359375,18.156389746814966
262,6,354.5569152832031,88.5734634399414,28.858612060546875,78.06914520263672
262,5,403.2095031738281,96.05795288085938,32.833984375,73.5699462890625
262,3,399.59930419921875,0.06762400269508362,13.932708740234375,17.771695226430893
263,6,355.2044677734375,88.33545684814453,28.747528076171875,77.30548858642578
263,5,404.5328369140625,95.48976135253906,31.925384521484375,73.1099853515625
263,3,399.62310791015625,0.07128990441560745,13.583160400390625,17.85514747351408
264,6,356.0951843261719,87.17264556884766,29.284271240234375,75.91190338134766
264,5,406.74932861328125,94.08367156982422,30.279632568359375,71.4972152709961
264,3,400.5527038574219,0.0,13.892333984375,18.663227081298828
