0,1,542.8989868164062,140.5942840576172,34.497314453125,92.73013305664062
1,1,545.1075439453125,139.5103302001953,30.32855224609375,94.330078125
1,2,713.5939331054688,34.96858215332031,15.81439208984375,33.27098083496094
2,1,544.882568359375,137.2035675048828,27.85919189453125,91.982421875
2,2,713.6829223632812,34.892452239990234,15.7322998046875,33.45747756958008
3,1,542.4449462890625,135.87940979003906,28.04144287109375,90.57693481445312
4,1,537.7833862304688,134.613525390625,31.33843994140625,89.97084045410156
5,1,533.1796875,133.66778564453125,35.20068359375,89.37837219238281
5,2,713.66357421875,34.94736099243164,15.709228515625,33.031436920166016
6,1,529.5858154296875,132.7582550048828,37.275390625,88.76182556152344
6,2,713.8408203125,34.68388748168945,15.4818115234375,33.11508560180664
7,1,527.5257568359375,132.57276916503906,37.6624755859375,88.79214477539062
8,1,524.9268798828125,132.11260986328125,37.60455322265625,89.84889221191406
9,1,523.0337524414062,132.09580993652344,37.37469482421875,90.33692932128906
10,1,521.7545776367188,131.67095947265625,36.84185791015625,90.69207763671875
10,2,713.9835205078125,34.71529006958008,15.46612548828125,32.967777252197266
11,1,518.67724609375,129.96612548828125,36.36187744140625,88.56709289550781
11,2,713.6806030273438,34.74324417114258,15.70648193359375,33.153560638427734
12,1,517.5603637695312,129.27142333984375,36.17169189453125,90.59579467773438
13,1,517.2587280273438,128.42433166503906,34.71917724609375,90.1715087890625
13,2,713.5576171875,35.262733459472656,16.0985107421875,33.00891876220703
14,1,516.5125732421875,127.2650146484375,33.03546142578125,82.71266174316406
14,2,713.4735107421875,35.246299743652344,16.14617919921875,32.596153259277344
15,1,515.8646850585938,125.64994812011719,32.22283935546875,83.198974609375
16,1,515.301025390625,124.43698120117188,31.55023193359375,85.5042724609375
17,1,515.3981323242188,123.28688049316406,30.0799560546875,86.30601501464844
18,1,515.0234375,122.50321960449219,29.76531982421875,86.309326171875
18,2,713.3317260742188,35.33777618408203,16.634521484375,32.735679626464844
19,1,510.86981201171875,121.95379638671875,32.56134033203125,86.27679443359375
19,2,713.402587890625,35.28289031982422,16.572265625,32.93891906738281
20,1,506.80731201171875,121.87254333496094,34.24609375,86.03451538085938
20,2,713.6240844726562,35.169776916503906,16.065185546875,32.617637634277344
21,1,503.3539123535156,121.57593536376953,36.029022216796875,86.01934051513672
21,2,713.4473876953125,35.15851974487305,16.23779296875,32.79771041870117
22,1,502.2865905761719,121.45319366455078,36.075347900390625,87.4422378540039
22,2,713.5283813476562,35.13150405883789,16.05718994140625,32.61196517944336
23,1,499.5212707519531,121.14588165283203,36.876983642578125,87.39591217041016
23,2,713.6710815429688,35.02062225341797,15.82989501953125,32.18653106689453
24,1,499.9111022949219,120.3593978881836,34.979888916015625,87.37757110595703
25,1,500.57366943359375,119.86470794677734,32.7281494140625,86.48465728759766
26,1,502.5113220214844,118.60076141357422,28.406768798828125,85.3900375366211
26,2,712.9962768554688,34.81241226196289,16.775390625,34.97455978393555
27,1,501.60650634765625,117.11453247070312,27.0211181640625,85.66368103027344
28,1,499.83819580078125,115.73841094970703,27.2806396484375,84.8514175415039
29,1,497.7134704589844,114.52497863769531,27.712860107421875,84.13755798339844
30,1,494.4984130859375,114.0592041015625,29.90582275390625,82.53813171386719
30,2,713.1895141601562,34.51557159423828,16.58880615234375,33.56304931640625
31,1,491.300537109375,113.65249633789062,31.93109130859375,82.39840698242188
32,1,489.3724670410156,113.00554656982422,31.305938720703125,81.0941390991211
32,2,713.0429077148438,34.88902282714844,17.14910888671875,35.01875305175781
33,1,487.6898193359375,112.8883056640625,31.90399169921875,80.58853149414062
33,2,713.255615234375,34.62188720703125,16.7723388671875,34.423797607421875
34,1,484.9730224609375,112.95542907714844,33.05224609375,81.0167236328125
35,1,481.7803955078125,112.04496765136719,33.28753662109375,82.52561950683594
35,2,713.2391357421875,35.19445037841797,16.44940185546875,33.388153076171875
36,1,479.9766845703125,111.44758605957031,33.649169921875,83.22543334960938
36,2,713.7465209960938,35.135398864746094,15.30694580078125,31.562469482421875
37,1,478.99658203125,111.15750885009766,33.2662353515625,84.22090911865234
37,2,713.9495239257812,35.067901611328125,14.9061279296875,31.872703552246094
38,1,478.91375732421875,110.537353515625,31.451171875,82.31413269042969
38,2,713.95556640625,34.94649887084961,15.57586669921875,32.46498489379883
39,1,478.2799987792969,109.92617797851562,31.09295654296875,74.74346923828125
39,2,714.1614379882812,34.95173645019531,15.56219482421875,32.86529541015625
40,1,477.7809753417969,108.07367706298828,30.705596923828125,76.40764617919922
40,2,714.1740112304688,34.8205451965332,15.52313232421875,32.45759201049805
41,1,477.62823486328125,106.7345962524414,29.619049072265625,79.25261688232422
41,2,714.4964599609375,34.78705978393555,15.5775146484375,32.666927337646484
42,1,477.7462463378906,105.47184753417969,28.781951904296875,81.09303283691406
42,2,714.3150024414062,34.692161560058594,15.30615234375,32.96942901611328
43,1,477.60284423828125,105.26618957519531,27.902923583984375,79.71360778808594
43,2,714.05224609375,34.6286735534668,15.4256591796875,32.21335983276367
44,1,476.98651123046875,104.86924743652344,27.1575927734375,80.13044738769531
44,2,714.103515625,34.51756286621094,15.4803466796875,32.420745849609375
45,1,474.22802734375,104.76052856445312,29.1160888671875,79.01541137695312
45,2,680.1375732421875,24.7130069732666,16.93408203125,34.64313316345215
46,1,469.52227783203125,104.65744018554688,32.272674560546875,78.71742248535156
47,1,467.1199951171875,104.86774444580078,33.119110107421875,79.55168914794922
47,2,714.082763671875,35.013893127441406,15.88592529296875,33.15821075439453
48,1,466.4608459472656,104.21470642089844,32.24359130859375,80.23907470703125
49,1,465.87481689453125,103.55694580078125,30.89141845703125,80.15769958496094
50,1,465.65350341796875,103.57709503173828,29.76263427734375,80.26544952392578
50,2,713.8721313476562,34.035099029541016,16.3448486328125,34.03323745727539
51,1,466.764892578125,102.89652252197266,27.4326171875,80.20574188232422
52,1,466.4692687988281,102.53469848632812,26.791229248046875,78.31163024902344
53,1,465.4522399902344,101.12220764160156,25.61700439453125,76.67971801757812
54,1,463.7409362792969,100.04351806640625,24.581787109375,76.22943115234375
55,1,460.4045715332031,98.96556091308594,26.384857177734375,76.17547607421875
55,2,714.2753295898438,34.659263610839844,15.52496337890625,32.944923400878906
56,1,457.1353454589844,98.3836669921875,28.660491943359375,76.26608276367188
57,1,454.48052978515625,97.59856414794922,30.523284912109375,76.31505584716797
57,2,714.2191162109375,34.81259536743164,15.49603271484375,32.888492584228516
58,1,452.32965087890625,97.87407684326172,31.365631103515625,75.1092758178711
59,1,449.25689697265625,97.82144165039062,32.473236083984375,75.36184692382812
60,1,447.92791748046875,97.81688690185547,31.932403564453125,76.53099822998047
60,2,714.3694458007812,34.73521041870117,15.5538330078125,32.83553695678711
61,1,446.7901611328125,97.48811340332031,32.079437255859375,76.54701232910156
62,1,446.0860900878906,96.64410400390625,31.861114501953125,77.24166870117188
62,2,714.53125,34.84404373168945,15.25146484375,32.66593551635742
63,1,445.7781066894531,95.86637115478516,29.81939697265625,77.41582489013672
63,2,714.2600708007812,34.87198257446289,15.3448486328125,32.53327560424805
64,1,445.192138671875,95.24922943115234,28.835693359375,72.79883575439453
64,2,714.0951538085938,35.08869552612305,15.3394775390625,32.32761764526367
65,1,445.03875732421875,94.4653549194336,27.953765869140625,70.6287612915039
65,2,714.0928955078125,35.012996673583984,15.23968505859375,32.259700775146484
66,1,444.2269287109375,93.79515075683594,27.776641845703125,72.24998474121094
66,2,714.166748046875,34.986019134521484,15.46112060546875,32.425479888916016
67,1,444.50225830078125,92.45565032958984,26.65130615234375,73.6373519897461
67,2,714.0389404296875,34.961490631103516,15.52227783203125,32.30897903442383
68,1,444.5542907714844,91.7873764038086,26.116912841796875,73.4002456665039
69,1,445.3320617675781,91.598388671875,25.0660400390625,73.4718017578125
69,2,714.4900512695312,34.69056701660156,14.9268798828125,32.321510314941406
70,1,444.2969055175781,91.28070068359375,25.288330078125,73.53134155273438
70,2,714.3645629882812,34.90757369995117,15.2978515625,32.0507698059082
71,1,439.8358154296875,91.21222686767578,28.84344482421875,73.32122039794922
71,2,714.2289428710938,34.923736572265625,15.39581298828125,32.236419677734375
72,1,436.72381591796875,91.19969940185547,29.443145751953125,72.26313018798828
72,2,714.1558227539062,34.65864181518555,15.7154541015625,32.39558029174805
73,1,435.6004638671875,90.79254150390625,29.218536376953125,73.83145141601562
73,2,714.080078125,34.85196304321289,16.227783203125,32.530033111572266
74,1,435.5621337890625,90.47682189941406,27.8251953125,74.66334533691406
74,2,714.1229248046875,34.913475036621094,15.96527099609375,32.41729736328125
75,1,436.0460205078125,90.59184265136719,26.385406494140625,74.37863159179688
75,2,713.9845581054688,35.034027099609375,16.19384765625,32.33185577392578
76,1,435.2940673828125,89.81848907470703,26.300048828125,74.2083969116211
76,2,713.9495239257812,35.02250671386719,16.2088623046875,32.32731628417969
77,1,435.5602722167969,89.4154281616211,24.859039306640625,73.06023406982422
77,2,713.8009033203125,35.22692108154297,16.2969970703125,32.13591766357422
78,1,434.5918884277344,88.62982940673828,24.141876220703125,70.8422622680664
78,2,713.6087646484375,35.48845672607422,16.525146484375,32.23155975341797
79,1,432.9520568847656,87.25503540039062,23.2509765625,71.27647399902344
79,2,713.6949462890625,35.347679138183594,16.46551513671875,32.356170654296875
80,1,430.2831115722656,86.14907836914062,24.41229248046875,71.1583251953125
80,2,713.7913208007812,35.27635955810547,16.10845947265625,32.29186248779297
81,1,426.839599609375,85.27973175048828,26.79937744140625,70.93860626220703
81,2,713.5745849609375,35.4104118347168,16.1890869140625,32.22224044799805
82,1,424.9289245605469,85.02294921875,28.13958740234375,70.79107666015625
82,2,713.879638671875,35.22254943847656,16.0389404296875,32.13905334472656
83,1,422.2040100097656,84.98148345947266,29.200775146484375,70.12238311767578
83,2,713.765380859375,35.19949722290039,16.1827392578125,32.345340728759766
84,1,420.99359130859375,84.6438980102539,29.069000244140625,70.12842559814453
85,1,420.0951843261719,84.27584075927734,29.202880859375,71.3006362915039
86,1,419.02154541015625,84.0771484375,28.91650390625,70.25552368164062
87,1,418.4281311035156,83.81066131591797,28.401885986328125,68.33475494384766
88,1,417.58782958984375,83.54532623291016,28.572509765625,67.17227935791016
89,1,417.12994384765625,83.11990356445312,28.21502685546875,65.76261901855469
90,1,416.78143310546875,82.14500427246094,27.5635986328125,65.43368530273438
91,1,416.83929443359375,81.09220123291016,26.397491455078125,67.13256072998047
92,1,417.5123291015625,80.62071990966797,24.896148681640625,66.2750473022461
93,1,417.6598815917969,80.11691284179688,23.96551513671875,67.80877685546875
94,1,418.3357238769531,79.36271667480469,22.992706298828125,68.05958557128906
95,1,418.18994140625,78.83326721191406,22.401885986328125,68.69996643066406
95,2,714.2757568359375,34.378726959228516,15.492919921875,32.38944625854492
96,1,416.09503173828125,78.87360382080078,23.67205810546875,68.31414031982422
96,2,713.7259521484375,35.22124481201172,15.4493408203125,30.904617309570312
97,1,414.3026428222656,79.01844787597656,24.889251708984375,67.59837341308594
97,2,713.8673095703125,35.16450881958008,15.9688720703125,31.663227081298828
98,1,413.6011962890625,78.91635131835938,25.14044189453125,68.4671630859375
98,2,714.0697021484375,34.870697021484375,15.4876708984375,32.35075378417969
99,1,413.3996887207031,78.94612121582031,24.2764892578125,68.15145874023438
100,1,413.8584899902344,78.56008911132812,22.770721435546875,68.05886840820312
101,1,413.176513671875,78.41398620605469,22.096832275390625,67.94108581542969
102,1,412.6458740234375,77.80684661865234,20.95233154296875,67.97217559814453
103,1,411.7335205078125,76.21192169189453,20.295257568359375,67.78473663330078
104,1,410.3498229980469,75.31489562988281,20.86749267578125,66.77775573730469
105,1,409.4534912109375,74.7147216796875,21.601806640625,67.16839599609375
106,1,406.3866882324219,73.9168701171875,24.348388671875,65.87849426269531
107,1,402.5423583984375,73.39500427246094,27.107147216796875,66.10386657714844
108,1,401.75335693359375,73.6270751953125,27.380462646484375,65.21629333496094
109,1,400.9190673828125,73.552001953125,27.63958740234375,64.74957275390625
110,1,400.2081298828125,73.52171325683594,27.989471435546875,64.53558349609375
111,1,399.9017028808594,73.41841125488281,27.546356201171875,64.02154541015625
112,1,399.2456970214844,73.19953918457031,27.844879150390625,64.0079345703125
113,1,399.3543395996094,72.6825180053711,27.474761962890625,61.981971740722656
114,1,398.6109619140625,71.90392303466797,27.4771728515625,63.65001678466797
115,1,398.7580261230469,71.25264739990234,26.9713134765625,63.47771453857422
116,1,400.3854064941406,70.55193328857422,24.976898193359375,63.451087951660156
117,1,400.9774475097656,69.79910278320312,23.580780029296875,62.22767639160156
118,1,401.6248474121094,68.62263488769531,22.392913818359375,63.31730651855469
119,1,401.97412109375,68.17681884765625,21.458526611328125,63.71202087402344
120,1,402.17303466796875,68.27876281738281,20.89990234375,63.54078674316406
121,1,401.8157043457031,68.43280792236328,21.051666259765625,62.444923400878906
122,1,401.2478332519531,68.31700897216797,21.15679931640625,62.622840881347656
123,1,401.1999816894531,68.25079345703125,20.7119140625,62.92903137207031
124,1,400.62939453125,68.1383285522461,20.7222900390625,63.16649627685547
125,1,400.27105712890625,68.24810028076172,19.906097412109375,62.03362274169922
126,1,399.5152893066406,67.7524642944336,19.79522705078125,62.721290588378906
127,1,399.1720886230469,67.46128845214844,19.768890380859375,62.43482971191406
128,1,397.5393981933594,66.81706237792969,20.837554931640625,60.56549835205078
129,1,396.0606384277344,65.67523956298828,21.94549560546875,60.77947998046875
130,1,393.56781005859375,64.7436294555664,23.8577880859375,61.60559844970703
131,1,391.70343017578125,64.20294189453125,25.241241455078125,60.852439880371094
132,1,391.6512756347656,64.05018615722656,24.96734619140625,60.59367370605469
133,1,391.3672790527344,63.90055847167969,24.674041748046875,61.19413757324219
134,1,391.63299560546875,64.24434661865234,23.92633056640625,60.54417419433594
135,1,391.6365051269531,64.25981903076172,23.569427490234375,60.300567626953125
136,1,391.3598937988281,64.30696868896484,23.23260498046875,60.32654571533203
137,1,391.3305358886719,64.06884002685547,23.03741455078125,60.11284637451172
138,1,391.6784973144531,63.729942321777344,22.277587890625,61.01350402832031
139,1,391.83953857421875,62.72256088256836,21.9898681640625,61.26185989379883
140,1,392.1700134277344,61.540771484375,21.0162353515625,60.84056091308594
141,1,392.2366638183594,60.864768981933594,20.5009765625,59.69287872314453
142,1,392.1492919921875,59.8987922668457,20.137847900390625,59.5689582824707
143,1,392.9169006347656,59.258155822753906,18.683197021484375,59.298118591308594
144,1,392.60455322265625,58.889434814453125,18.910003662109375,59.7879638671875
145,1,392.0995178222656,58.91012954711914,19.15130615234375,59.147762298583984
146,1,391.7967834472656,58.913265228271484,18.981414794921875,58.93588638305664
147,1,390.923828125,59.09912109375,19.52313232421875,58.13525390625
148,1,390.17608642578125,59.147037506103516,19.892547607421875,57.44449996948242
149,1,390.056396484375,59.13933563232422,19.072906494140625,57.55377197265625
150,1,389.4580993652344,59.17704391479492,19.134552001953125,57.593074798583984
151,1,388.7918701171875,58.69000244140625,19.0050048828125,58.24958038330078
152,1,388.2780456542969,58.19308090209961,18.84552001953125,57.4802360534668
153,1,387.2266845703125,57.77100372314453,19.444610595703125,56.831504821777344
154,1,385.8466491699219,57.253326416015625,20.254608154296875,56.35283660888672
155,1,383.0836181640625,55.93030548095703,21.88653564453125,56.6300048828125
156,1,382.44061279296875,55.83482360839844,22.1651611328125,56.40941619873047
157,1,382.0511779785156,55.69894790649414,22.136016845703125,56.0406608581543
158,1,381.9956970214844,55.80331802368164,21.5836181640625,55.81245040893555
159,1,381.82537841796875,55.84589385986328,20.97174072265625,55.55473327636719
160,1,381.58746337890625,55.88430404663086,20.536285400390625,54.89200210571289
161,1,381.3084411621094,55.776004791259766,20.22607421875,54.900089263916016
162,1,381.26336669921875,55.55864334106445,20.120880126953125,54.98685073852539
163,1,381.2353515625,54.85286331176758,19.82037353515625,56.46088790893555
164,1,381.37164306640625,54.14311218261719,19.531158447265625,57.71399688720703
165,1,381.19805908203125,53.622520446777344,19.41473388671875,57.39939880371094
166,1,381.4229736328125,52.641258239746094,19.215362548828125,55.95979309082031
167,1,381.0968017578125,52.12311553955078,19.31805419921875,55.226158142089844
168,1,380.875244140625,51.78200912475586,18.91796875,54.96834182739258
169,1,380.6221008300781,51.52617645263672,18.50244140625,55.82312774658203
170,1,380.3894348144531,51.42379379272461,18.549560546875,55.767093658447266
171,1,380.05364990234375,51.17240905761719,18.6895751953125,56.142066955566406
172,1,379.64459228515625,51.05147933959961,18.775054931640625,56.0091438293457
173,1,379.4078063964844,51.3957633972168,18.45538330078125,55.2068977355957
174,1,378.8623352050781,51.48271179199219,18.316009521484375,54.510414123535156
175,1,378.4131774902344,51.250328063964844,18.060089111328125,54.73307800292969
176,1,377.8490295410156,51.017826080322266,18.00018310546875,55.42037582397461
177,1,377.6318664550781,50.50591278076172,17.8681640625,54.562896728515625
178,1,376.9060363769531,50.05128860473633,18.68426513671875,53.770565032958984
179,1,374.8440246582031,48.696128845214844,19.829620361328125,53.753379821777344
180,1,374.17132568359375,48.240570068359375,20.06683349609375,54.092613220214844
181,1,373.1026611328125,48.123348236083984,20.126312255859375,53.67911911010742
182,1,372.11883544921875,48.085697174072266,20.674346923828125,53.82486343383789
183,1,371.99114990234375,48.14917755126953,20.620391845703125,53.594818115234375
184,1,371.6255187988281,48.05995559692383,20.338165283203125,53.06965255737305
185,1,371.7955627441406,48.128116607666016,19.361419677734375,52.30257797241211
186,1,371.5398864746094,48.07038879394531,19.207763671875,51.54640197753906
187,1,371.5616760253906,47.85954666137695,18.6112060546875,52.501651763916016
188,1,371.8005065917969,47.588714599609375,17.964569091796875,52.908721923828125
189,1,371.426025390625,47.00269317626953,18.353179931640625,53.825111389160156
190,1,371.77728271484375,46.468475341796875,17.88006591796875,53.04363250732422
191,1,371.68011474609375,45.76068878173828,17.69635009765625,52.904205322265625
192,1,371.43292236328125,45.2596321105957,17.79461669921875,52.113277435302734
193,1,370.9346008300781,44.65912628173828,18.234527587890625,52.21251678466797
194,1,370.7259826660156,44.248077392578125,17.829620361328125,52.163116455078125
195,1,370.2690734863281,44.164249420166016,17.972900390625,52.51450729370117
196,1,369.9594421386719,44.052574157714844,17.79150390625,52.08294677734375
197,1,369.56402587890625,44.261985778808594,17.774139404296875,51.80451202392578
198,1,369.3959655761719,44.3192253112793,17.320556640625,51.34280776977539
199,1,369.11444091796875,44.27022171020508,16.84429931640625,51.45460891723633
200,1,368.79901123046875,44.15677261352539,16.985595703125,51.69308090209961
201,1,368.6058044433594,44.04100036621094,16.09246826171875,51.86201477050781
202,1,368.0205383300781,43.68903350830078,16.356353759765625,51.38777160644531
203,1,366.37847900390625,42.771034240722656,17.048004150390625,51.072509765625
204,1,365.1410827636719,42.383480072021484,17.924163818359375,51.0467643737793
205,1,364.2666015625,41.77064895629883,18.294952392578125,51.10597610473633
206,1,363.7745666503906,41.41472244262695,18.453216552734375,51.41532516479492
207,1,362.5620422363281,41.261287689208984,19.517669677734375,50.79780197143555
208,1,361.7549133300781,41.35596466064453,19.896392822265625,50.319854736328125
209,1,361.8977355957031,41.52619934082031,18.95635986328125,49.36723327636719
210,1,361.75909423828125,41.5747184753418,18.638214111328125,49.1068229675293
211,1,361.3650207519531,41.79293441772461,18.763702392578125,49.03158187866211
212,1,361.6051330566406,41.7546501159668,17.84423828125,48.58913803100586
213,1,361.2979736328125,41.6316032409668,17.934844970703125,48.41280746459961
214,1,361.05999755859375,41.218345642089844,18.062286376953125,48.69340515136719
215,1,361.17254638671875,40.63224792480469,17.577850341796875,48.9002685546875
216,1,361.50579833984375,39.795021057128906,16.818023681640625,49.155242919921875
217,1,361.54583740234375,39.00241470336914,16.63140869140625,49.4140510559082
218,1,361.2977294921875,38.180076599121094,16.282745361328125,50.18315887451172
219,1,361.05767822265625,38.02346420288086,16.203704833984375,50.34125900268555
220,1,360.66583251953125,38.057498931884766,16.28460693359375,50.21751022338867
221,1,360.21258544921875,38.215484619140625,16.467987060546875,49.349220275878906
222,1,359.6287536621094,38.43024826049805,16.76177978515625,48.406558990478516
223,1,359.1182861328125,38.80158996582031,16.685455322265625,48.23681640625
224,1,358.8445739746094,38.85569763183594,16.702728271484375,48.188209533691406
225,1,358.7426452636719,38.707191467285156,16.313201904296875,48.258941650390625
226,1,358.5145568847656,38.45945358276367,15.7867431640625,48.05086135864258
227,1,357.892822265625,37.283729553222656,15.1383056640625,48.249488830566406
228,1,357.5043640136719,36.89823913574219,14.657806396484375,47.93028259277344
229,1,356.8341064453125,37.139854431152344,15.408203125,47.16564178466797
230,1,355.36468505859375,36.469886779785156,16.909454345703125,47.894813537597656
231,1,354.3263854980469,36.403900146484375,17.883819580078125,47.884788513183594
232,1,353.6262512207031,36.25943374633789,18.50018310546875,47.30233383178711
233,1,353.9974365234375,36.36445617675781,17.790191650390625,47.07695770263672
234,1,353.8813781738281,36.45904541015625,17.495025634765625,46.613792419433594
235,1,353.9591369628906,36.28697204589844,17.2210693359375,46.47057342529297
236,1,353.88323974609375,36.14393615722656,16.730316162109375,46.073638916015625
237,1,354.0284118652344,35.96923065185547,16.318756103515625,46.99725341796875
238,1,353.6490478515625,35.72312545776367,16.709686279296875,47.117977142333984
239,1,353.6205749511719,35.442413330078125,16.278656005859375,47.451568603515625
240,1,353.6008605957031,34.8725471496582,15.993743896484375,45.84677505493164
241,1,353.61639404296875,34.25838088989258,15.79595947265625,46.20087814331055
242,1,353.6654357910156,33.68488693237305,15.89422607421875,46.5181770324707
243,1,353.8166809082031,33.560794830322266,15.45489501953125,46.53367233276367
244,1,353.6443176269531,33.32593536376953,15.5146484375,46.400840759277344
244,3,715.0640258789062,32.65855026245117,15.02923583984375,34.63009262084961
245,1,353.5572509765625,33.42808151245117,15.460540771484375,45.9984245300293
246,1,353.19024658203125,33.39227294921875,15.90338134765625,45.467926025390625
247,1,352.9870300292969,33.524314880371094,16.016937255859375,45.29907989501953
248,1,352.7861022949219,33.68703842163086,15.6597900390625,44.856563568115234
249,1,352.7084655761719,33.586936950683594,15.353973388671875,44.65898895263672
249,3,714.4678344726562,33.528873443603516,15.4266357421875,33.84353256225586
250,1,352.5478820800781,33.50816345214844,15.153167724609375,44.61925506591797
251,1,351.3538513183594,33.06520462036133,15.524871826171875,45.5527458190918
252,1,351.0167541503906,32.52793884277344,15.4293212890625,45.637969970703125
252,3,714.7892456054688,33.29081726074219,15.19757080078125,34.74725341796875
253,1,350.1788024902344,32.23792266845703,15.812469482421875,45.474761962890625
254,1,349.31842041015625,32.018287658691406,16.601776123046875,45.23011779785156
254,3,714.26123046875,33.75471496582031,15.83184814453125,34.96965789794922
255,1,348.5180358886719,30.9990234375,16.95166015625,46.18415069580078
256,1,347.912841796875,30.565032958984375,17.337615966796875,46.38136291503906
257,1,347.7724304199219,30.49645233154297,17.5372314453125,45.33275604248047
258,1,347.5157470703125,30.681610107421875,17.38037109375,44.74834442138672
259,1,347.4197998046875,30.862455368041992,16.897796630859375,44.482492446899414
260,1,347.30609130859375,30.915817260742188,17.211822509765625,44.17242431640625
261,1,347.5106201171875,31.093223571777344,16.74993896484375,44.25276184082031
262,1,348.0153503417969,31.219114303588867,16.215789794921875,43.65960121154785
263,1,347.8741760253906,30.94096565246582,16.005035400390625,43.480154037475586
264,1,347.6126403808594,30.601863861083984,16.819244384765625,45.24924850463867
265,1,347.986572265625,30.175453186035156,15.61895751953125,44.60203552246094
266,1,347.8883972167969,29.27058982849121,15.30401611328125,44.99283790588379
267,1,347.86846923828125,28.68346405029297,15.334808349609375,44.976829528808594
268,1,347.8170471191406,28.24275779724121,15.174468994140625,44.72204780578613
269,1,347.8281555175781,28.014928817749023,14.808837890625,44.60019111633301
270,1,347.7034606933594,28.161855697631836,14.66815185546875,44.427263259887695
271,1,347.7471618652344,28.196533203125,14.517730712890625,44.009063720703125
272,1,347.6785888671875,28.152429580688477,14.33721923828125,43.64862632751465
273,1,347.2931213378906,28.472929000854492,14.67926025390625,42.681901931762695
274,1,346.9714050292969,28.158023834228516,14.586517333984375,43.18623733520508
275,1,346.44537353515625,28.018007278442383,14.384735107421875,43.47356986999512
276,1,345.9410705566406,27.87236976623535,14.31781005859375,42.68105125427246
277,1,345.5540466308594,27.413745880126953,14.1697998046875,43.61832046508789
278,1,344.82623291015625,27.060697555541992,14.70263671875,43.26487922668457
279,1,344.1034851074219,26.426963806152344,15.136260986328125,43.4471435546875
280,1,343.5782165527344,25.945220947265625,15.161407470703125,43.60002136230469
281,1,342.4845886230469,25.756282806396484,15.55596923828125,43.053157806396484
282,1,342.5318908691406,25.59002113342285,15.55621337890625,42.8518123626709
283,1,342.20062255859375,25.624351501464844,15.887969970703125,42.25642395019531
284,1,342.0709533691406,25.607131958007812,15.82354736328125,42.51069641113281
285,1,341.6291198730469,25.760969161987305,16.0863037109375,42.32650184631348
286,1,341.6543273925781,25.85519027709961,15.978912353515625,42.02591323852539
287,1,341.3603515625,25.928525924682617,16.04302978515625,41.653879165649414
288,1,341.25091552734375,25.546045303344727,16.292236328125,42.22736930847168
289,1,341.1625671386719,25.46094512939453,16.038421630859375,42.28466033935547
290,1,341.3857727050781,25.299861907958984,15.8922119140625,42.485660552978516
291,1,341.8251647949219,24.955419540405273,15.212615966796875,41.52617835998535
292,1,342.11212158203125,24.802814483642578,14.657989501953125,41.56398391723633
293,1,342.2064208984375,24.45119857788086,14.40679931640625,41.39711380004883
294,1,342.2613830566406,24.373865127563477,14.412445068359375,40.58131217956543
295,1,342.1302185058594,24.256898880004883,14.39593505859375,40.86446189880371
296,1,342.28790283203125,24.290159225463867,14.261627197265625,40.90892219543457
297,1,342.2480163574219,24.38411521911621,14.34033203125,40.555551528930664
298,1,341.96185302734375,24.446550369262695,14.330047607421875,40.20263481140137
299,1,341.7291259765625,24.645994186401367,13.857391357421875,39.72552680969238
300,1,341.35125732421875,24.29672622680664,13.862518310546875,40.67561721801758
301,1,340.9496154785156,24.112314224243164,14.093475341796875,41.14312553405762
302,1,340.6270446777344,23.788990020751953,14.162445068359375,41.20273208618164
303,1,340.0263671875,23.038490295410156,14.45184326171875,41.36138916015625
304,1,339.1404113769531,22.310752868652344,15.020751953125,41.76660919189453
305,1,338.23822021484375,22.00111198425293,15.847900390625,41.99920082092285
306,1,337.9296875,21.985103607177734,16.047210693359375,41.02922058105469
307,1,337.6745300292969,21.84136390686035,16.090423583984375,41.17086219787598
308,1,337.5074768066406,21.83594512939453,16.231964111328125,40.37406921386719
309,1,337.6181945800781,21.927200317382812,15.85400390625,40.197532653808594
310,1,337.6219482421875,22.002056121826172,15.667633056640625,39.78257751464844
311,1,337.64276123046875,21.983325958251953,14.90191650390625,38.99449157714844
312,1,337.8653259277344,21.9919376373291,14.7222900390625,39.633893966674805
313,1,338.29449462890625,21.689170837402344,14.230621337890625,39.398292541503906
314,1,338.65277099609375,21.68775749206543,13.9013671875,40.02003288269043
315,1,338.6183166503906,21.57978057861328,13.9615478515625,39.45969772338867
316,1,338.6480712890625,21.34833335876465,13.822509765625,39.4569149017334
317,1,338.69403076171875,20.75536346435547,13.4652099609375,39.519187927246094
318,1,338.642578125,20.238054275512695,13.36065673828125,39.497541427612305
319,1,338.3512268066406,19.864608764648438,13.49713134765625,39.237491607666016
320,1,338.0063171386719,19.815950393676758,13.607879638671875,38.96022605895996
321,1,338.01409912109375,19.77911949157715,13.51361083984375,39.24827003479004
322,1,337.8743591308594,19.522354125976562,13.67437744140625,39.42844772338867
323,1,337.5423583984375,19.970783233642578,13.523345947265625,38.45220184326172
324,1,337.4501037597656,20.02906036376953,13.101165771484375,38.880863189697266
325,1,337.3002624511719,19.756141662597656,13.084228515625,39.142459869384766
326,1,337.0690612792969,19.511850357055664,12.713531494140625,39.17449760437012
327,1,336.93658447265625,18.85234832763672,12.830108642578125,39.61419677734375
328,1,336.34783935546875,18.303741455078125,13.157073974609375,40.29185485839844
329,1,335.7389831542969,17.796199798583984,13.79833984375,40.528995513916016
330,1,335.53314208984375,17.409812927246094,13.8829345703125,40.501220703125
331,1,334.90057373046875,17.232725143432617,14.278167724609375,40.456560134887695
332,1,334.63629150390625,17.249967575073242,14.409271240234375,40.12710380554199
333,1,334.5576477050781,17.121841430664062,13.99798583984375,40.1723518371582
334,1,334.37646484375,17.394685745239258,13.8778076171875,39.262380599975586
335,1,334.4481201171875,17.426475524902344,13.8138427734375,39.210670471191406
336,1,334.2752990722656,17.364473342895508,13.982452392578125,38.6048641204834
337,1,334.4714050292969,17.481294631958008,13.552734375,37.98160743713379
338,1,334.455078125,17.279909133911133,13.397247314453125,38.46978950500488
339,1,334.27783203125,17.032255172729492,13.389739990234375,39.14880561828613
340,1,334.4595031738281,16.82584571838379,13.27374267578125,39.01931571960449
341,1,334.4598693847656,16.50520896911621,13.332244873046875,38.748308181762695
342,1,334.5821228027344,16.236831665039062,13.2635498046875,38.13797378540039
343,1,334.6869812011719,16.077104568481445,12.893035888671875,37.89047813415527
344,1,334.8179626464844,15.957660675048828,12.657562255859375,37.56988525390625
345,1,334.59857177734375,15.620793342590332,12.8870849609375,38.297797203063965
346,1,334.3837890625,15.891761779785156,12.83123779296875,37.82328414916992
347,1,334.08172607421875,15.943914413452148,12.921417236328125,37.53002738952637
348,1,333.8664245605469,16.00517463684082,13.03216552734375,37.47827339172363
349,1,333.7317810058594,16.11652183532715,12.8985595703125,37.314470291137695
350,1,333.6004638671875,16.019046783447266,12.616668701171875,36.75885772705078
351,1,333.148193359375,15.810845375061035,12.618072509765625,37.058234214782715
352,1,332.63629150390625,15.349414825439453,12.962677001953125,37.83076095581055
353,1,332.2643737792969,14.82643985748291,12.864532470703125,38.06467342376709
354,1,331.95965576171875,14.349081993103027,12.881103515625,38.30146503448486
355,1,331.64825439453125,14.076812744140625,13.01806640625,37.79460144042969
356,1,331.26544189453125,13.629311561584473,13.227813720703125,37.86432933807373
357,1,330.77386474609375,13.634916305541992,13.43267822265625,37.34208106994629
358,1,330.50933837890625,13.61658000946045,13.601898193359375,37.369988441467285
359,1,330.1808166503906,13.438340187072754,13.552734375,37.390238761901855
360,1,330.4555358886719,13.766801834106445,12.9671630859375,37.298940658569336
361,1,330.4443664550781,13.762307167053223,12.89080810546875,37.88944149017334
362,1,330.0606689453125,13.706912994384766,12.98724365234375,37.28306198120117
363,1,330.0971374511719,13.760551452636719,13.007354736328125,36.7929573059082
364,1,329.9919738769531,13.5687837600708,12.9801025390625,37.06120586395264
365,1,329.9300842285156,13.2234525680542,12.942901611328125,37.74112033843994
366,1,330.315185546875,12.592604637145996,12.523834228515625,37.00916767120361
367,1,330.4178771972656,12.210799217224121,12.276153564453125,37.304348945617676
368,1,330.5041809082031,11.697773933410645,12.13092041015625,37.48787975311279
369,1,330.3980407714844,11.63571834564209,12.254058837890625,36.97853183746338
370,1,330.25714111328125,11.608588218688965,12.35223388671875,37.03250980377197
371,1,329.86199951171875,11.845549583435059,12.511077880859375,36.46677494049072
372,1,329.6749267578125,11.823423385620117,12.51214599609375,36.58588218688965
373,1,329.6645812988281,11.93616008758545,12.2950439453125,36.19225788116455
374,1,329.684326171875,12.147538185119629,12.193206787109375,35.68496227264404
375,1,329.3690185546875,12.313348770141602,12.28131103515625,35.60004234313965
376,1,328.9221496582031,12.202616691589355,12.326416015625,35.84418964385986
377,1,328.70953369140625,12.110666275024414,12.2755126953125,36.076982498168945
378,1,328.23797607421875,11.556599617004395,12.36859130859375,36.35420513153076
379,1,327.7537841796875,11.24642276763916,12.388275146484375,36.22474956512451
380,1,327.5254821777344,10.949114799499512,12.534271240234375,36.145161628723145
381,1,327.2193603515625,10.686223983764648,12.707275390625,36.110300064086914
382,1,327.093994140625,10.466287612915039,12.829925537109375,35.808340072631836
383,1,326.9718322753906,10.346711158752441,12.915191650390625,36.175612449645996
384,1,326.9051513671875,10.707892417907715,12.95135498046875,35.73542499542236
385,1,326.7380065917969,10.756036758422852,12.766143798828125,35.400957107543945
386,1,326.6231384277344,10.803668022155762,12.81243896484375,35.303860664367676
387,1,326.56793212890625,10.74448299407959,12.85089111328125,35.07029438018799
388,1,326.6614990234375,10.85200309753418,12.6868896484375,34.35701560974121
389,1,326.9204406738281,10.677607536315918,12.4635009765625,34.401719093322754
390,1,326.9208679199219,10.442466735839844,12.498809814453125,35.1971435546875
391,1,327.1347961425781,9.940546035766602,12.328216552734375,34.84330940246582
392,1,327.1440124511719,9.318413734436035,12.428741455078125,35.26183605194092
393,1,327.1026611328125,9.106012344360352,12.279083251953125,35.0831356048584
394,1,327.01922607421875,8.925248146057129,12.254486083984375,34.760661125183105
395,1,326.9881896972656,8.694092750549316,12.149871826171875,34.88954448699951
396,1,326.86669921875,8.751614570617676,12.1353759765625,35.101256370544434
397,1,326.7283020019531,9.016996383666992,12.265380859375,34.387861251831055
398,1,326.62139892578125,9.16811752319336,12.351959228515625,33.51243209838867
399,1,326.58624267578125,9.244786262512207,12.241607666015625,33.66518688201904
400,1,326.5450744628906,9.150383949279785,12.086578369140625,34.48473644256592
401,1,326.5970153808594,8.827149391174316,11.919189453125,34.473509788513184
402,1,326.3963623046875,8.463271141052246,11.8800048828125,34.779343605041504
403,1,326.3039855957031,8.270059585571289,11.84527587890625,34.42790412902832
404,1,325.9940490722656,8.032174110412598,11.6802978515625,34.838332176208496
405,1,325.85076904296875,7.586373329162598,11.769866943359375,35.18624782562256
406,1,325.67767333984375,7.532118320465088,11.734649658203125,34.922311305999756
407,1,325.7261047363281,7.2978434562683105,11.671356201171875,34.639912128448486
408,1,325.65423583984375,7.339089393615723,11.55230712890625,34.45783519744873
409,1,325.4738464355469,7.303186893463135,11.5550537109375,34.49682378768921
410,1,325.3815002441406,7.426235675811768,11.6561279296875,33.87033033370972
411,1,325.19964599609375,7.383724212646484,11.4114990234375,33.70930480957031
412,1,325.2926330566406,7.520471096038818,11.323516845703125,33.98267221450806
413,1,324.9013671875,7.427535533905029,11.84539794921875,33.48744249343872
414,1,325.2301330566406,7.599754810333252,11.393157958984375,33.06714200973511
415,1,325.1182861328125,7.35494327545166,11.488067626953125,33.595885276794434
416,1,325.05908203125,6.933224201202393,11.5560302734375,33.23456907272339
417,1,325.23565673828125,6.64165735244751,11.490142822265625,33.0312705039978
418,1,325.2441101074219,6.354006767272949,11.395843505859375,33.369771003723145
419,1,325.1531066894531,6.157569885253906,11.46063232421875,32.79624938964844
420,1,325.0514221191406,5.9493727684021,11.364959716796875,33.001741886138916
421,1,324.8068542480469,6.018121719360352,11.776153564453125,33.0640926361084
422,1,324.4688415527344,5.593957424163818,11.895294189453125,33.198816776275635
423,1,324.6945495605469,6.118007659912109,11.77496337890625,32.316261291503906
424,1,324.314208984375,6.196994304656982,11.835418701171875,32.097736835479736
425,1,324.279541015625,5.856809139251709,11.797882080078125,32.426512241363525
426,1,324.02520751953125,5.6642560958862305,11.856597900390625,32.5288667678833
427,1,323.6714782714844,5.489887714385986,11.953277587890625,33.155166149139404
428,1,323.3394470214844,5.43532133102417,12.056427001953125,32.64880418777466
429,1,323.1107177734375,5.103729248046875,11.97625732421875,32.823116302490234
430,1,322.9588317871094,4.540846824645996,11.9521484375,33.28947925567627
431,1,322.7673645019531,4.150776386260986,12.027069091796875,33.41784620285034
432,1,322.613525390625,3.6723508834838867,12.0147705078125,33.78921985626221
433,1,322.4211120605469,3.670886516571045,12.147918701171875,33.66436815261841
434,1,322.0896301269531,3.511812686920166,12.414825439453125,33.588963985443115
435,1,322.0904235839844,3.987337827682495,12.36212158203125,33.0898334980011
436,1,321.94390869140625,3.8727099895477295,12.369842529296875,33.309842348098755
437,1,321.7991943359375,4.073093414306641,12.456024169921875,33.228614807128906
438,1,321.8420715332031,4.103419303894043,12.389129638671875,32.72739505767822
439,1,321.81256103515625,4.227210521697998,12.4415283203125,32.41531038284302
440,1,321.7962341308594,4.031054496765137,12.4530029296875,32.73877811431885
441,1,321.7757568359375,3.6181252002716064,12.369964599609375,33.12567591667175
442,1,321.7071838378906,3.4386937618255615,12.359100341796875,33.29268288612366
443,1,321.5527648925781,2.614959239959717,12.235015869140625,33.762733936309814
444,1,321.54888916015625,2.4461913108825684,12.03167724609375,33.27868890762329
445,1,321.5236511230469,2.1413705348968506,12.00885009765625,33.58460831642151
446,1,321.6242370605469,2.2367451190948486,12.01025390625,33.10554766654968
447,1,321.53289794921875,2.2588210105895996,12.041107177734375,32.98243188858032
448,1,321.3968505859375,2.539226770401001,11.880218505859375,32.85566306114197
449,1,321.3772888183594,2.60390043258667,11.686065673828125,32.519123554229736
450,1,321.24127197265625,2.587693452835083,11.55084228515625,32.27156710624695
451,1,320.99200439453125,2.5618278980255127,11.604156494140625,32.91900324821472
452,1,320.78057861328125,2.3702585697174072,11.617279052734375,32.456592321395874
453,1,320.5370788574219,2.181570529937744,11.587860107421875,32.557340145111084
454,1,320.46026611328125,1.717085361480713,11.57855224609375,33.06055974960327
455,1,320.0799865722656,1.604372262954712,11.75177001953125,32.56618666648865
456,1,319.85943603515625,1.4501404762268066,11.85198974609375,32.55564260482788
457,1,319.5670166015625,1.3650109767913818,12.09619140625,32.49585938453674
458,1,319.4432373046875,1.4572374820709229,12.22576904296875,31.7270085811615
459,1,319.42578125,1.4877114295959473,12.160888671875,31.698014736175537
460,1,319.291748046875,1.473361611366272,12.058197021484375,31.41367757320404
461,1,319.16607666015625,1.4908071756362915,12.0958251953125,31.182551741600037
462,1,319.043212890625,1.7198532819747925,12.17572021484375,30.903922200202942
463,1,319.0616455078125,1.7144705057144165,12.10736083984375,30.607180953025818
464,1,319.08905029296875,1.7060953378677368,12.123382568359375,31.208245635032654
465,1,319.31005859375,1.5552959442138672,12.118316650390625,31.821184158325195
466,1,319.49786376953125,1.3989070653915405,11.878692626953125,31.406497597694397
467,1,319.9812316894531,0.9162315130233765,11.479156494140625,31.08241045475006
468,1,320.078857421875,0.7019625306129456,11.375946044921875,31.488326013088226
469,1,320.05047607421875,0.6186570525169373,11.3233642578125,31.442542135715485
470,1,320.12542724609375,0.5706610679626465,11.3531494140625,31.51292657852173
471,1,320.0902404785156,0.5987178087234497,11.418792724609375,31.35622489452362
472,1,320.0627746582031,0.6122781038284302,11.393646240234375,31.35103213787079
473,1,319.9574890136719,0.631076991558075,11.4029541015625,31.035123646259308
474,1,319.8824157714844,0.6802350282669067,11.435882568359375,30.761497378349304
475,1,319.8758544921875,0.710020124912262,11.332427978515625,30.581371247768402
476,1,319.92401123046875,0.6687487959861755,11.385528564453125,30.859516203403473
477,1,319.8246765136719,0.704578697681427,11.49322509765625,30.23797959089279
478,1,319.6184387207031,0.7625545263290405,11.643096923828125,30.74895441532135
479,1,319.4566955566406,0.7380067110061646,11.6639404296875,30.513803362846375
480,1,319.5173034667969,0.6457125544548035,11.702056884765625,30.445073425769806
481,1,319.51873779296875,0.5446872711181641,11.65496826171875,30.295852661132812
482,1,319.3447570800781,0.5673319101333618,11.852630615234375,30.603606581687927
483,1,319.3609619140625,0.4748157560825348,11.806365966796875,30.25810393691063
484,1,319.4448547363281,0.4137990474700928,11.732421875,30.04207444190979
485,1,319.57977294921875,0.3557620048522949,11.601654052734375,29.577696323394775
486,1,319.7322692871094,0.4282343089580536,11.469573974609375,29.442186146974564
487,1,319.8016662597656,0.4665476977825165,11.4261474609375,29.4054596722126
488,1,319.80059814453125,0.4140363037586212,11.389251708984375,29.386720150709152
489,1,320.0219421386719,0.4134151041507721,11.319793701171875,29.62309917807579
490,1,320.14031982421875,0.2884249985218048,11.356781005859375,29.703743427991867
491,1,320.4956970214844,0.04611840471625328,11.308868408203125,29.732871387153864
492,1,320.46380615234375,0.020300211384892464,11.370147705078125,29.372466741129756
493,1,320.6500549316406,0.0,11.305511474609375,29.243928909301758
494,1,320.65716552734375,0.0,11.272796630859375,29.470834732055664
495,1,320.642333984375,0.0,11.1871337890625,29.001834869384766
496,1,320.6919860839844,0.0,11.226959228515625,28.837751388549805
497,1,320.65545654296875,0.0,11.240570068359375,28.63504981994629
498,1,320.8120422363281,0.0,11.206268310546875,28.588125228881836
499,1,320.7306213378906,0.0,11.243743896484375,28.269418716430664
500,1,320.69390869140625,0.0,11.236358642578125,28.20555877685547
501,1,320.6260681152344,0.0,11.20440673828125,28.130416870117188
502,1,320.67047119140625,0.0,11.175018310546875,28.153921127319336
503,1,320.40826416015625,0.0,11.110321044921875,28.513124465942383
504,1,320.32257080078125,0.0,11.114013671875,28.285072326660156
505,1,320.1146545410156,0.0,11.122772216796875,28.215883255004883
506,1,319.9791259765625,0.0,11.083038330078125,27.844154357910156
507,1,319.80108642578125,0.0,11.1983642578125,27.625673294067383
508,1,319.7392883300781,0.0,11.2440185546875,27.368886947631836
509,1,319.57366943359375,0.0,11.370391845703125,27.27541732788086
510,1,319.582275390625,0.0,11.252471923828125,27.081401824951172
511,1,319.5041809082031,0.0,11.243927001953125,26.88877296447754
512,1,319.513916015625,0.0,12.097900390625,27.115673065185547
513,1,319.5052185058594,0.0,12.124237060546875,26.989999771118164
514,1,319.4287109375,0.0,12.14532470703125,26.938629150390625
515,1,319.3766784667969,0.0,12.16693115234375,26.52680015563965
516,1,319.35955810546875,0.0,12.008819580078125,27.008380889892578
517,1,319.493896484375,0.0,11.928314208984375,26.7991886138916
518,1,319.44140625,0.0,11.97088623046875,26.766361236572266
519,1,319.4382019042969,1.406616449356079,10.649810791015625,25.59965491294861
520,1,319.19866943359375,0.0,11.92242431640625,25.643083572387695
521,1,319.0963439941406,0.0,12.027008056640625,25.43721580505371
522,1,319.1029052734375,0.0,12.036956787109375,25.78006935119629
523,1,319.0386962890625,0.0,12.043914794921875,25.838266372680664
524,1,318.966796875,0.0,11.95703125,25.314891815185547
525,1,318.97314453125,0.0,11.775726318359375,25.053688049316406
526,1,318.86016845703125,0.0,11.7099609375,24.713865280151367
527,1,318.7331237792969,0.0,11.575103759765625,24.089792251586914
528,1,318.4330139160156,1.2474546432495117,11.186553955078125,23.829440116882324
529,1,318.32305908203125,0.0,11.919708251953125,24.64288902282715
530,1,318.39434814453125,0.0718332827091217,11.732391357421875,24.20148405432701
531,1,318.2487487792969,1.2382452487945557,11.087982177734375,23.254329442977905
532,1,317.95172119140625,0.0,11.363555908203125,24.42095375061035
533,1,317.8359375,0.0,11.377716064453125,23.863359451293945
534,1,317.6565246582031,0.0,11.39605712890625,23.799165725708008
535,1,317.77099609375,0.2210777848958969,11.1551513671875,22.986123219132423
536,1,317.62322998046875,0.0,11.33038330078125,23.333189010620117
537,1,317.6083068847656,0.0,11.270294189453125,23.481525421142578
538,1,317.68463134765625,0.1885591745376587,11.55902099609375,22.78417718410492
539,1,317.7137756347656,0.038332514464855194,11.74798583984375,22.818227238953114
540,1,317.86004638671875,0.06336624920368195,11.506744384765625,22.976052924990654
541,1,317.8086853027344,0.09507488459348679,11.470184326171875,23.211363561451435
542,1,317.7275695800781,0.11837389320135117,11.469573974609375,22.895051933825016
543,1,317.8162536621094,0.09925737977027893,11.395538330078125,22.543547719717026
544,1,317.8114929199219,0.3243633210659027,10.9197998046875,22.40458717942238
545,1,317.5539855957031,0.25603777170181274,11.184661865234375,22.26873868703842
546,1,317.4678649902344,0.11978080868721008,11.678253173828125,22.524344176054
547,1,317.2294616699219,0.1768765151500702,11.947998046875,22.08594086766243
548,1,317.1775817871094,0.18320956826210022,11.974517822265625,21.956293910741806
549,1,317.1549072265625,0.21023441851139069,11.8939208984375,21.824296221137047
550,1,317.0804748535156,0.2638096213340759,11.830535888671875,21.457660257816315
551,1,316.973876953125,0.32279568910598755,11.83514404296875,21.463840663433075
552,1,316.85321044921875,0.0,11.390594482421875,22.336816787719727
553,1,316.4918212890625,0.0,11.39385986328125,22.4045352935791
554,1,316.5367431640625,0.0,11.391876220703125,22.77849769592285
555,1,316.5064392089844,0.3537479043006897,11.2763671875,21.480951726436615
556,1,316.4392395019531,0.2244018316268921,11.20050048828125,21.438871026039124
557,1,316.35028076171875,0.2037578672170639,11.216552734375,20.88801421225071
558,1,316.2698669433594,0.19663716852664948,11.25946044921875,20.779690727591515
559,1,316.0120849609375,0.11071746796369553,11.2884521484375,20.840278930962086
560,1,315.9533386230469,0.12878994643688202,11.211181640625,20.840419724583626
561,1,315.7930603027344,0.11764875054359436,11.243865966796875,20.963047355413437
562,1,315.6167907714844,0.1360732764005661,11.232757568359375,20.896952465176582
563,1,315.4692687988281,0.0,11.08978271484375,20.99778938293457
564,1,315.2564697265625,0.06448809057474136,11.202178955078125,21.186736427247524
565,1,314.92822265625,0.0,11.294342041015625,21.21807289123535
566,1,314.8489074707031,0.0,11.389404296875,20.693025588989258
567,1,315.0708923339844,0.051739707589149475,11.16680908203125,20.253743156790733
568,1,315.19281005859375,0.07557635009288788,11.098175048828125,20.159962132573128
569,1,315.0372009277344,0.20340071618556976,11.1795654296875,20.04611863195896
570,1,315.005859375,0.19941720366477966,11.09881591796875,19.5615214407444
571,1,315.033203125,0.20720884203910828,11.01416015625,19.22482469677925
572,1,315.045166015625,0.2098032832145691,11.031005859375,18.962893784046173
573,1,314.87640380859375,0.28610795736312866,11.055816650390625,19.08502584695816
574,1,314.7159729003906,0.27173200249671936,11.246063232421875,19.247551292181015
575,1,314.82818603515625,0.3057895600795746,10.919403076171875,19.162701040506363
576,1,314.64935302734375,0.23407936096191406,10.971466064453125,19.15060806274414
577,1,314.53826904296875,0.23481789231300354,10.9019775390625,19.292062371969223
578,1,313.8357238769531,0.0,11.372833251953125,19.61770248413086
579,1,313.6929016113281,0.0,11.456024169921875,19.55859375
580,1,313.394287109375,0.032333649694919586,11.536224365234375,19.003646574914455
581,1,313.1707458496094,0.0,11.678741455078125,18.149986267089844
582,1,312.9407043457031,0.0,11.57159423828125,18.350637435913086
583,1,312.84686279296875,0.0,11.6751708984375,17.87062644958496
584,1,312.5572509765625,0.0,11.663970947265625,17.667421340942383
585,1,312.61163330078125,0.0,11.70831298828125,17.525854110717773
586,1,312.62774658203125,0.0,11.65765380859375,17.36922836303711
587,1,312.3816223144531,0.0,11.69866943359375,17.45351791381836
588,1,312.1145935058594,0.0,11.5867919921875,17.248424530029297
589,1,312.0377197265625,0.0,11.646759033203125,17.278385162353516
590,1,312.07769775390625,0.0,11.622711181640625,17.360923767089844
591,1,312.0346984863281,0.0,11.57049560546875,17.590669631958008
592,1,312.1182861328125,0.0,11.48974609375,17.636619567871094
593,1,312.30889892578125,0.0,11.45318603515625,17.051416397094727
594,1,312.2611083984375,0.0,11.506439208984375,16.807355880737305
595,1,312.0558166503906,0.0,11.59466552734375,16.79270362854004
596,1,312.0481262207031,0.0,11.628387451171875,16.490991592407227
597,1,312.0105895996094,0.0,11.658233642578125,16.277498245239258
598,1,312.008544921875,0.0,11.63800048828125,16.461933135986328
599,1,311.8880310058594,0.0,11.64398193359375,16.533855438232422
600,1,311.72747802734375,0.0,11.53369140625,16.270132064819336
601,1,311.7173156738281,0.0,11.427337646484375,16.334453582763672
602,1,311.592529296875,0.0,11.450531005859375,16.347475051879883
603,1,311.3251647949219,0.0,11.46484375,16.39900016784668
604,1,311.1832580566406,0.0,11.584564208984375,16.312137603759766
605,1,311.08367919921875,0.0,11.51776123046875,16.336742401123047
606,1,310.8055114746094,0.0,11.49615478515625,16.177932739257812
607,1,310.6253662109375,0.0,11.487091064453125,15.935343742370605
608,1,310.5884704589844,0.0,11.338043212890625,16.216230392456055
609,1,310.3638610839844,0.0,11.453704833984375,15.878190040588379
610,1,310.36151123046875,0.0,11.413848876953125,15.507391929626465
611,1,310.13031005859375,0.0,11.26348876953125,15.632244110107422
612,1,309.95904541015625,0.0,11.3089599609375,15.462849617004395
613,1,310.0474853515625,0.0,11.3619384765625,15.210359573364258
614,1,309.9442138671875,0.0,11.414794921875,15.335844039916992
618,1,309.4196472167969,0.0,11.723358154296875,14.704049110412598
619,1,309.3498229980469,0.0,11.665069580078125,15.216550827026367
620,1,309.2403259277344,0.0,11.657806396484375,14.884634971618652
621,1,309.1951904296875,0.0,11.634124755859375,14.930708885192871
628,1,309.182373046875,0.0,11.65081787109375,14.78897476196289
629,1,308.908447265625,0.0,11.735443115234375,14.459002494812012
630,1,308.8201904296875,0.0,11.581817626953125,14.23178482055664
632,1,308.1565856933594,0.0,11.411285400390625,13.577594757080078
690,4,707.9329223632812,34.29191970825195,14.47216796875,31.324825286865234
691,4,707.8648071289062,34.34123611450195,13.99383544921875,31.29007339477539
693,4,708.0028076171875,34.33612823486328,14.07965087890625,31.395545959472656
694,4,707.92041015625,34.10136413574219,13.8997802734375,31.430091857910156
696,4,707.7356567382812,34.29353332519531,14.03497314453125,31.36328125
698,4,707.8778076171875,35.392208099365234,13.7509765625,30.395793914794922
699,4,707.83349609375,35.87702178955078,13.48748779296875,30.019691467285156
700,4,708.076904296875,35.95180130004883,13.459228515625,30.037166595458984
707,4,708.494873046875,35.118873596191406,14.07281494140625,30.419281005859375
