0,1,401.4644470214844,0.4916924238204956,22.8729248046875,72.94261848926544
1,1,401.3186340332031,0.5209991931915283,23.35614013671875,72.83866572380066
2,1,401.096923828125,0.4264179468154907,23.953216552734375,73.15155446529388
3,1,401.1588439941406,0.626407265663147,23.794189453125,73.21590840816498
4,1,400.83966064453125,0.7660941481590271,24.0792236328125,73.56087881326675
5,1,400.52825927734375,1.0708332061767578,25.091278076171875,74.25783348083496
6,1,400.28399658203125,1.3113566637039185,25.3448486328125,75.59136092662811
7,1,400.24853515625,1.646190881729126,25.33526611328125,77.19704794883728
8,1,400.0153503417969,2.316091537475586,26.0299072265625,75.82766151428223
9,1,399.9413146972656,2.8743720054626465,25.653900146484375,76.0305962562561
10,1,399.8588562011719,3.51922869682312,25.475860595703125,75.82073712348938
11,1,399.4522399902344,3.732055187225342,26.427459716796875,76.25827074050903
12,1,399.5636901855469,3.5005624294281006,25.426544189453125,76.64998841285706
13,1,399.6747131347656,3.6865463256835938,25.38140869140625,76.87834167480469
14,1,399.76898193359375,3.6889214515686035,25.1422119140625,77.09158849716187
15,1,399.76739501953125,4.154778957366943,25.59722900390625,76.38616037368774
16,1,400.4233703613281,4.329813480377197,24.427978515625,76.18234014511108
17,1,401.00286865234375,4.71409797668457,23.90008544921875,76.25511741638184
18,1,400.9937744140625,5.253316879272461,23.87860107421875,75.94906806945801
19,1,401.0703430175781,5.732320308685303,23.568634033203125,77.53488397598267
20,1,400.65557861328125,6.293022155761719,24.1455078125,79.13088989257812
21,1,400.6404113769531,6.708209991455078,24.33306884765625,79.18021011352539
22,1,400.5078125,7.311371803283691,24.868072509765625,78.83573055267334
23,1,400.677734375,7.86939001083374,25.046600341796875,79.83778619766235
24,1,401.1034240722656,8.566656112670898,24.700897216796875,79.18675422668457
25,1,401.03509521484375,8.685500144958496,24.73150634765625,80.23313236236572
26,1,400.84686279296875,9.006418228149414,25.364501953125,79.7049617767334
27,1,400.56488037109375,9.449724197387695,25.3597412109375,79.50240135192871
28,1,399.9305419921875,9.348334312438965,26.138885498046875,79.86545658111572
29,1,398.8075256347656,9.629644393920898,27.106903076171875,79.61274909973145
30,1,398.2200012207031,10.194565773010254,27.990692138671875,78.78913021087646
31,1,398.3772277832031,11.030847549438477,27.467254638671875,78.54348564147949
32,1,398.13775634765625,11.257000923156738,27.871002197265625,79.22111797332764
33,1,398.3900451660156,12.060503959655762,27.89068603515625,80.02389240264893
34,1,398.325439453125,12.791699409484863,27.8338623046875,81.94896221160889
35,1,398.37030029296875,13.764068603515625,27.943084716796875,79.99987030029297
36,1,398.37518310546875,15.00356388092041,27.5162353515625,79.49644374847412
37,1,398.3029479980469,15.508508682250977,27.324859619140625,81.92973136901855
38,1,398.0249328613281,15.583717346191406,27.614013671875,82.30693054199219
39,1,397.976806640625,15.478541374206543,27.61639404296875,82.42265796661377
40,1,398.13934326171875,15.453423500061035,27.675811767578125,82.16937923431396
41,1,397.8841247558594,15.298583030700684,28.030181884765625,82.39769077301025
42,1,397.6895751953125,15.388202667236328,28.19110107421875,82.11271286010742
43,1,398.06280517578125,15.591166496276855,27.851593017578125,82.07469654083252
44,1,398.3875427246094,15.765218734741211,27.376800537109375,82.3237476348877
45,1,398.7218017578125,16.464139938354492,27.670928955078125,81.76996040344238
46,1,399.3058166503906,17.415966033935547,27.100372314453125,83.1755485534668
47,1,399.4947204589844,18.053363800048828,26.700439453125,84.58621597290039
48,1,399.9858093261719,19.360597610473633,26.449493408203125,86.24209403991699
49,1,400.19097900390625,19.966773986816406,26.879058837890625,87.05421447753906
50,1,399.7450866699219,20.757736206054688,27.319732666015625,88.07886505126953
51,1,400.2442626953125,21.190568923950195,27.33099365234375,88.05788993835449
52,1,400.36053466796875,21.563270568847656,27.50299072265625,87.16378784179688
53,1,400.5437316894531,21.53388214111328,27.860565185546875,87.25434112548828
54,1,400.5222473144531,21.98963165283203,28.08538818359375,86.90284729003906
55,1,400.4499206542969,22.38418197631836,28.784515380859375,86.29256057739258
56,1,400.5432434082031,22.979684829711914,28.628570556640625,85.13718223571777
57,1,400.9010314941406,23.801673889160156,28.317138671875,84.79789733886719
58,1,400.9398193359375,24.238004684448242,28.96270751953125,86.46712684631348
59,1,401.213134765625,24.654903411865234,29.068817138671875,88.15567398071289
60,1,401.8435974121094,25.53487777709961,28.4364013671875,89.17661666870117
61,1,401.9540100097656,26.463178634643555,28.628570556640625,87.14705085754395
62,1,402.0927429199219,27.37694549560547,28.407989501953125,86.54507446289062
63,1,401.82586669921875,27.907320022583008,28.935455322265625,87.03554344177246
64,1,401.61712646484375,28.875417709350586,28.53717041015625,89.82283973693848
65,1,401.4629211425781,29.034181594848633,28.915191650390625,89.38476371765137
66,1,401.164794921875,29.105907440185547,29.310302734375,89.3596076965332
67,1,400.9529113769531,29.42139434814453,29.434478759765625,89.00987243652344
68,1,400.6187438964844,29.757963180541992,29.731781005859375,87.9373722076416
69,1,400.388427734375,30.208694458007812,29.544830322265625,87.60020446777344
70,1,400.4898986816406,30.71055793762207,29.9500732421875,87.83973503112793
71,1,400.6476745605469,31.453706741333008,29.3953857421875,88.59637260437012
72,1,401.17144775390625,32.78093719482422,28.106597900390625,92.532470703125
72,2,0.04439004883170128,97.90766906738281,20.60103002563119,70.89678955078125
73,1,401.2093200683594,34.063846588134766,28.1671142578125,93.02074813842773
73,2,0.0,86.16779327392578,24.479963302612305,82.79785919189453
74,1,400.67108154296875,34.84747314453125,29.0875244140625,90.8141860961914
74,2,0.0,80.5877685546875,28.386579513549805,89.12040710449219
75,1,400.84259033203125,35.3677864074707,29.0123291015625,92.59919357299805
75,2,0.028718771412968636,77.12469482421875,30.271543679758906,92.60716247558594
76,1,400.69854736328125,35.12019348144531,29.30279541015625,96.40080261230469
76,2,0.10920276492834091,75.48628234863281,32.33652553707361,94.38362121582031
77,1,400.5156555175781,36.37784194946289,29.15911865234375,95.1062126159668
77,2,0.2098032832145691,75.83129119873047,33.5572903752327,94.47545623779297
78,1,400.55194091796875,38.05881881713867,28.94891357421875,93.85336685180664
78,2,0.21242068707942963,59.96846008300781,34.76884914934635,110.87544250488281
79,1,399.7601318359375,38.38148498535156,30.099456787109375,92.74703979492188
79,2,0.051121070981025696,73.33890533447266,34.80235640704632,97.50122833251953
80,1,399.49456787109375,38.86635208129883,30.390472412109375,91.90049362182617
80,2,0.34183311462402344,72.26986694335938,34.53498649597168,97.65362548828125
81,1,398.9584655761719,39.39213562011719,30.99932861328125,91.55633544921875
81,2,0.9321528077125549,73.29876708984375,34.410654962062836,97.07279968261719
82,1,398.44854736328125,39.953346252441406,31.5078125,91.11560821533203
82,2,1.7037993669509888,71.41482543945312,35.848591685295105,99.39164733886719
83,1,398.1615905761719,40.41965866088867,31.520721435546875,92.60103225708008
83,2,5.1722540855407715,71.22887420654297,38.33997964859009,98.82062530517578
84,1,397.7654113769531,41.37458419799805,31.5662841796875,94.40808486938477
84,2,7.245780944824219,70.11624908447266,43.35857391357422,101.15074920654297
85,1,397.4318542480469,42.367279052734375,32.08148193359375,95.84785461425781
85,2,8.492733001708984,68.31610107421875,48.797664642333984,102.29049682617188
86,1,396.8247985839844,43.738990783691406,33.154296875,93.94818878173828
86,2,11.28326416015625,70.29508972167969,48.168739318847656,100.34854125976562
87,2,15.282539367675781,71.25550079345703,49.22662353515625,98.79402923583984
87,1,396.421630859375,44.052528381347656,33.323455810546875,96.41252899169922
88,1,396.12628173828125,44.968971252441406,33.278076171875,96.0018539428711
88,2,17.14003562927246,69.8649673461914,53.3461856842041,100.98841094970703
89,1,395.7323913574219,45.77208709716797,33.3673095703125,97.71935272216797
89,2,18.00773048400879,70.59320831298828,54.46218681335449,99.45108795166016
90,1,394.9897766113281,46.3037109375,33.566802978515625,98.09561157226562
90,2,19.066455841064453,70.30189514160156,54.053592681884766,99.76271057128906
91,1,394.9095458984375,46.9070930480957,33.3685302734375,97.71352767944336
91,2,21.002418518066406,70.22496032714844,52.652191162109375,99.74684143066406
92,1,394.46929931640625,47.496952056884766,33.84405517578125,97.64852523803711
92,2,25.442686080932617,69.95962524414062,47.84151649475098,99.48513793945312
93,1,394.8791809082031,47.79768371582031,33.545745849609375,97.41917419433594
93,2,30.001754760742188,68.59809875488281,43.17138671875,100.11479187011719
94,1,394.9078369140625,48.1613655090332,33.640045166015625,97.07204818725586
94,2,34.61079406738281,68.32212829589844,38.111106872558594,100.2193603515625
95,1,395.3660583496094,48.649051666259766,33.04736328125,95.92008590698242
95,2,38.034027099609375,67.41868591308594,36.19020080566406,100.16514587402344
96,1,394.92877197265625,49.05876922607422,32.751708984375,98.87926483154297
96,2,42.759220123291016,67.72888946533203,38.51346969604492,100.95552825927734
97,1,394.6900329589844,49.78660583496094,33.243316650390625,101.30523681640625
97,2,45.39228820800781,66.94183349609375,36.8560791015625,103.43815612792969
98,1,395.0566711425781,50.75803756713867,33.004669189453125,103.70524978637695
98,2,48.41634750366211,68.51744842529297,41.448368072509766,101.17264556884766
99,1,394.8841552734375,51.7303352355957,33.4447021484375,103.38032150268555
99,2,51.310516357421875,68.59465026855469,43.762969970703125,100.22114562988281
100,1,396.2759704589844,52.70334243774414,32.164794921875,104.1131706237793
100,2,53.8221549987793,66.30740356445312,47.63920211791992,102.63961791992188
101,1,397.2121887207031,54.39952087402344,31.41949462890625,104.38345336914062
101,2,55.65106201171875,68.27227020263672,49.171417236328125,101.5250015258789
102,1,397.95489501953125,54.37261199951172,30.91107177734375,104.6416244506836
102,2,56.30184555053711,69.78626251220703,50.53677749633789,99.88494110107422
103,1,396.91455078125,54.84187698364258,32.285125732421875,103.7829704284668
103,2,58.25729751586914,69.40826416015625,49.63551712036133,99.74929809570312
104,1,396.52978515625,55.36676788330078,32.7529296875,103.4082260131836
104,2,63.79159164428711,70.39939880371094,45.08676528930664,98.86186218261719
105,1,396.7789611816406,56.30494689941406,33.02825927734375,102.45477294921875
105,2,68.39490509033203,69.37157440185547,41.62230682373047,100.42369842529297
106,1,396.521240234375,57.628814697265625,33.498046875,100.60623168945312
106,2,73.34900665283203,69.85240936279297,38.40296936035156,100.4081039428711
107,1,396.0943298339844,58.72277069091797,33.999542236328125,99.24596405029297
107,2,75.48040771484375,68.54230499267578,37.81843566894531,101.29195404052734
108,1,396.33575439453125,59.63633346557617,34.646087646484375,98.51456069946289
108,2,78.84214782714844,67.40632629394531,36.29838562011719,103.32698059082031
109,1,396.52044677734375,60.16801071166992,34.89093017578125,100.71074295043945
109,2,81.28770446777344,68.04180908203125,36.62598419189453,101.39144897460938
110,1,396.4193420410156,60.52545928955078,35.17877197265625,104.3722915649414
110,2,84.52935791015625,68.24507141113281,39.74201202392578,100.88929748535156
111,1,396.76385498046875,62.17167663574219,34.716217041015625,105.20590209960938
111,2,86.90990447998047,67.6131362915039,46.310386657714844,101.74010467529297
112,1,396.7829895019531,63.291629791259766,35.05328369140625,106.91225814819336
112,2,89.82453918457031,67.2659683227539,49.30784606933594,102.23397064208984
113,1,396.0553283691406,64.01322937011719,35.7208251953125,107.23655700683594
113,2,90.1592025756836,69.30554962158203,55.007164001464844,100.16321563720703
114,1,395.7549133300781,64.62255859375,35.795196533203125,107.88311767578125
114,2,90.31035614013672,69.9310073852539,58.04798126220703,100.24016571044922
115,1,394.3522644042969,65.85189819335938,37.113037109375,107.84249877929688
115,2,90.60443878173828,68.88468933105469,60.51909637451172,101.75888061523438
116,1,393.51336669921875,66.52149963378906,37.747161865234375,106.81605529785156
116,2,94.75616455078125,69.80886840820312,57.71366882324219,99.94052124023438
117,1,393.4571533203125,67.35411071777344,37.70062255859375,106.06231689453125
117,2,98.89905548095703,69.33963775634766,53.912986755371094,98.80477142333984
118,1,393.28143310546875,67.54806518554688,38.03607177734375,105.87251281738281
118,2,104.80850982666016,68.61832427978516,47.55474090576172,99.25557708740234
119,1,393.4281311035156,67.74224090576172,37.901123046875,105.7226791381836
119,2,111.39459991455078,67.41288757324219,38.857460021972656,99.28886413574219
120,1,393.8466796875,68.88143920898438,37.631561279296875,105.01132202148438
120,2,118.5702133178711,66.44855499267578,31.915184020996094,102.1639175415039
121,1,394.4217224121094,69.86589813232422,36.7464599609375,105.20862579345703
121,2,121.19083404541016,66.18063354492188,33.057884216308594,105.203369140625
122,1,394.97930908203125,70.42952728271484,36.35089111328125,108.88838958740234
122,2,124.07817840576172,67.22515869140625,35.111000061035156,104.28532409667969
123,1,395.35943603515625,70.92810821533203,35.9571533203125,112.24222564697266
123,2,126.95330047607422,65.78812408447266,41.89569854736328,106.4417495727539
124,1,395.3414001464844,73.11284637451172,36.154052734375,112.21959686279297
124,2,129.89382934570312,66.23601531982422,44.74009704589844,105.33490753173828
125,1,395.0629577636719,74.50946807861328,36.500579833984375,109.93927764892578
125,2,133.41000366210938,65.9176254272461,47.143402099609375,105.51578521728516
126,1,395.91986083984375,75.10325622558594,35.8487548828125,113.18069458007812
126,2,132.4739532470703,69.27300262451172,50.01585388183594,101.57381439208984
127,1,396.89453125,76.78925323486328,34.77557373046875,114.37769317626953
127,2,133.49208068847656,68.7080307006836,51.98139953613281,103.91271209716797
128,1,396.3365783691406,77.411865234375,36.8790283203125,113.71482849121094
128,2,135.59437561035156,69.50261688232422,52.00341796875,104.33946990966797
129,1,396.2852478027344,77.91236114501953,37.667816162109375,113.72029876708984
129,2,140.24639892578125,68.3549575805664,48.12310791015625,105.98731231689453
130,1,396.7825012207031,78.02571105957031,37.34149169921875,113.28776550292969
130,2,144.54830932617188,70.15557861328125,44.304779052734375,103.29901123046875
131,1,396.1009216308594,78.91899871826172,38.248565673828125,112.34575653076172
131,2,152.32119750976562,69.66349029541016,34.1441650390625,103.91133880615234
132,1,395.9626159667969,79.6470718383789,38.69818115234375,111.24059295654297
132,2,156.1321258544922,70.17627716064453,40.6649169921875,98.3368911743164
133,1,396.1977233886719,81.15872955322266,38.77606201171875,109.97284698486328
133,2,159.6509246826172,69.61275482177734,37.11024475097656,103.14447784423828
134,1,395.9897155761719,82.50735473632812,39.332733154296875,110.15205383300781
134,2,161.9692840576172,68.73226928710938,37.65472412109375,105.0435791015625
135,1,396.1244812011719,81.84896087646484,39.3050537109375,116.60083770751953
135,2,164.85679626464844,69.12931823730469,36.54899597167969,104.03717041015625
136,1,396.227294921875,82.87859344482422,39.94189453125,119.87845611572266
136,2,167.20370483398438,69.99418640136719,38.746490478515625,103.22926330566406
137,1,397.27398681640625,85.34383392333984,38.990753173828125,119.88410186767578
137,2,169.89283752441406,70.18866729736328,46.17962646484375,103.53142547607422
138,1,397.3909912109375,88.08324432373047,38.938873291015625,118.88457489013672
138,2,170.74549865722656,70.35719299316406,50.791656494140625,103.65576171875
139,1,397.2142639160156,89.7107162475586,39.35968017578125,117.40570831298828
139,2,170.52183532714844,70.94107818603516,55.26800537109375,103.19397735595703
140,1,397.6099853515625,90.51046752929688,39.1165771484375,119.80262756347656
140,2,172.0331573486328,71.37178802490234,56.01177978515625,103.15601348876953
141,1,397.66448974609375,91.22987365722656,39.315673828125,119.78602600097656
141,2,173.31365966796875,70.47071838378906,57.08424377441406,104.51025390625
142,1,396.79302978515625,89.98800659179688,39.987274169921875,121.89198303222656
142,2,175.6568145751953,70.6319351196289,54.984405517578125,105.42047882080078
143,1,396.8151550292969,90.27117156982422,40.4805908203125,121.90637969970703
143,2,182.75238037109375,72.56051635742188,47.946563720703125,102.91389465332031
144,1,396.7286682128906,92.92740631103516,41.56732177734375,118.87908172607422
144,2,195.82623291015625,71.9049301147461,32.25657653808594,103.10709381103516
145,1,397.3891906738281,94.07703399658203,40.846832275390625,117.3869857788086
145,2,199.62619018554688,71.45374298095703,31.064071655273438,102.76062774658203
146,1,397.2599792480469,95.47113800048828,40.394073486328125,117.37334442138672
146,2,201.87904357910156,70.7624740600586,32.21861267089844,107.50684356689453
147,1,397.22625732421875,97.35564422607422,40.24859619140625,119.61699676513672
147,2,205.532470703125,70.36272430419922,32.45576477050781,105.8645248413086
148,1,397.0168762207031,98.2540283203125,40.550079345703125,123.54782104492188
148,2,208.8679656982422,71.62149810791016,35.92311096191406,107.2065658569336
149,1,396.8117980957031,99.13648223876953,40.580780029296875,124.78060150146484
149,2,210.9915771484375,73.80997467041016,41.31254577636719,103.58956146240234
150,1,397.3935241699219,102.43618774414062,40.94927978515625,122.84559631347656
150,2,212.45889282226562,74.69316101074219,46.505401611328125,103.55754089355469
151,1,397.61431884765625,103.44400787353516,41.242889404296875,124.25812530517578
151,2,212.3732452392578,75.19930267333984,50.29536437988281,104.79727935791016
152,1,398.0647277832031,105.40274810791016,41.2894287109375,126.45320892333984
152,2,213.17706298828125,75.8619155883789,53.2562255859375,104.58014678955078
153,1,397.9552307128906,106.64472198486328,41.360595703125,126.18041229248047
153,2,215.87611389160156,76.50953674316406,52.58589172363281,105.0313720703125
154,1,398.6064147949219,108.18244171142578,40.370574951171875,124.9819564819336
154,2,218.4678192138672,75.4861068725586,51.91468811035156,106.22574615478516
155,1,398.6766357421875,109.29695892333984,40.39349365234375,124.47803497314453
155,2,225.2647247314453,75.75888061523438,44.95979309082031,105.53163146972656
156,1,399.3626403808594,110.16136932373047,40.99627685546875,123.64270782470703
156,2,234.9848175048828,73.9164047241211,36.30546569824219,107.29183197021484
157,1,398.2181701660156,111.05291748046875,42.367584228515625,122.35762023925781
157,2,242.5784912109375,72.7690200805664,34.941253662109375,107.57828521728516
158,1,397.85064697265625,112.42437744140625,43.402801513671875,121.72459411621094
158,2,245.75213623046875,73.02562713623047,34.33135986328125,105.88162994384766
159,1,398.03082275390625,113.61463928222656,43.74737548828125,120.81944274902344
159,2,248.0334014892578,72.14408111572266,33.72703552246094,108.26544952392578
160,1,398.8628234863281,115.20237731933594,42.095672607421875,124.31657409667969
160,2,251.23397827148438,72.0372543334961,31.432525634765625,108.28479766845703
161,1,398.76788330078125,116.51335906982422,41.814422607421875,129.4419174194336
161,2,252.89503479003906,72.80377197265625,35.74858093261719,107.67665100097656
162,1,397.8526916503906,119.05824279785156,42.25689697265625,130.18980407714844
162,2,251.8348388671875,73.56817626953125,48.6470947265625,107.88949584960938
163,1,397.35296630859375,121.19905090332031,42.856658935546875,129.255126953125
163,2,251.52490234375,75.24663543701172,56.113037109375,106.5791244506836
164,1,396.9010009765625,123.25887298583984,43.622528076171875,130.12596893310547
164,2,251.94186401367188,75.2359390258789,60.12994384765625,107.51590728759766
165,1,395.9373474121094,124.00927734375,44.4776611328125,132.29733276367188
165,2,252.30181884765625,75.60704803466797,61.84906005859375,107.74944305419922
166,1,395.0152587890625,123.79512786865234,44.459075927734375,133.43372344970703
166,2,255.48927307128906,75.89973449707031,60.87001037597656,107.18136596679688
167,1,394.0606384277344,124.92913055419922,45.1558837890625,132.75782012939453
167,2,258.6921691894531,76.32063293457031,58.72698974609375,106.56927490234375
168,1,392.9720458984375,126.70854187011719,46.06121826171875,131.32203674316406
168,2,272.3007507324219,76.1268539428711,44.902679443359375,107.56584930419922
169,1,393.1681213378906,127.68627166748047,45.4676513671875,130.2791519165039
169,2,281.2134704589844,75.61298370361328,35.969696044921875,107.83792877197266
170,1,392.0511169433594,129.56967163085938,45.711334228515625,127.898681640625
170,2,291.3492431640625,74.99596405029297,27.851806640625,104.70006561279297
171,1,392.6087646484375,130.7664337158203,44.73956298828125,126.45286560058594
171,2,295.03106689453125,74.87478637695312,27.21356201171875,111.27456665039062
172,1,392.036376953125,132.15896606445312,45.417449951171875,127.30581665039062
172,2,292.9632873535156,75.89705657958984,33.120635986328125,107.58332061767578
173,1,391.8484191894531,133.3916778564453,45.40325927734375,133.5812225341797
173,2,290.4025573730469,76.31814575195312,46.7283935546875,111.53556823730469
174,1,391.2207336425781,134.31784057617188,45.9443359375,136.385498046875
174,2,290.998779296875,77.94683074951172,57.658233642578125,109.88202667236328
175,1,390.7795104980469,138.3248748779297,45.88922119140625,137.1581268310547
175,2,293.03057861328125,78.1776351928711,61.802276611328125,110.64775848388672
176,1,390.7456970214844,138.2020263671875,46.74688720703125,137.50527954101562
176,2,295.59722900390625,78.5097427368164,61.190826416015625,110.08983612060547
177,1,390.1654968261719,141.2655487060547,46.969879150390625,138.00538635253906
177,2,300.1949462890625,79.77685546875,59.9783935546875,109.26701354980469
178,1,389.85467529296875,143.06649780273438,47.277008056640625,138.91323852539062
178,2,302.8379821777344,80.1650161743164,58.733306884765625,110.68628692626953
179,1,389.9230651855469,147.59210205078125,47.61505126953125,134.50485229492188
179,2,308.5521545410156,79.70155334472656,52.597198486328125,110.80599975585938
180,1,389.3538513183594,144.2627410888672,47.18572998046875,138.8810577392578
180,2,317.3039855957031,80.16730499267578,42.430877685546875,109.39339447021484
181,1,389.43975830078125,146.79554748535156,47.63897705078125,136.0137481689453
181,2,321.667236328125,79.5382308959961,39.813629150390625,110.49195098876953
182,1,390.08184814453125,146.9646759033203,46.716827392578125,136.25022888183594
182,2,333.0166320800781,79.40892028808594,30.787353515625,109.59889221191406
183,1,388.64385986328125,148.2967071533203,47.875213623046875,135.8391571044922
183,2,339.3272705078125,78.8524398803711,28.138580322265625,108.47212982177734
184,1,387.4224853515625,150.76988220214844,49.1441650390625,133.6257781982422
184,2,343.3475036621094,79.71160125732422,31.67901611328125,108.90653228759766
185,1,386.9370422363281,153.36512756347656,49.727691650390625,132.7515411376953
185,2,342.3680114746094,79.53926086425781,42.3280029296875,110.69215393066406
186,1,386.1601867675781,155.2981719970703,50.57763671875,139.6977996826172
186,2,341.9852600097656,80.29843139648438,51.806427001953125,109.93595886230469
187,1,385.57684326171875,157.63865661621094,50.4130859375,143.6327667236328
187,2,341.81085205078125,80.66371154785156,59.30194091796875,110.92520141601562
188,1,386.0728759765625,159.4949951171875,49.3372802734375,142.82546997070312
188,2,343.4005432128906,80.87639617919922,63.896728515625,110.1415023803711
189,1,386.1888732910156,161.0584716796875,48.23162841796875,141.396240234375
189,2,343.2747497558594,81.762451171875,68.04733276367188,109.75973510742188
190,1,385.76934814453125,163.2210235595703,48.50396728515625,144.71702575683594
190,2,345.4110412597656,81.53881072998047,69.00125122070312,109.52440643310547
191,1,384.9143371582031,164.50584411621094,48.973052978515625,146.6707305908203
191,2,347.26385498046875,81.67023468017578,69.11398315429688,111.1413803100586
192,1,383.4817810058594,167.23867797851562,49.804901123046875,145.84808349609375
192,2,364.5594787597656,80.85983276367188,53.874603271484375,110.576416015625
193,1,382.39532470703125,167.04684448242188,50.54595947265625,146.0687255859375
193,2,377.58013916015625,81.35333251953125,39.754547119140625,107.74266052246094
194,1,382.220458984375,168.94764709472656,50.575439453125,144.2570037841797
194,2,384.6902160644531,80.81790924072266,31.262176513671875,100.08692169189453
195,1,381.7975769042969,169.80165100097656,51.011871337890625,143.2532501220703
195,2,392.45965576171875,80.86504364013672,27.804718017578125,96.63080596923828
196,1,380.8656921386719,173.58255004882812,51.693328857421875,140.4954833984375
196,2,395.0697937011719,81.27255249023438,29.67498779296875,95.94343566894531
197,1,380.9476318359375,174.6688690185547,51.4486083984375,138.8811492919922
197,2,391.3088684082031,81.291259765625,37.096832275390625,102.51136779785156
198,1,380.2658996582031,176.08872985839844,51.1549072265625,144.54563903808594
198,2,389.28662109375,82.00786590576172,53.398529052734375,111.10543060302734
199,1,381.05535888671875,178.25186157226562,50.107269287109375,150.75384521484375
199,2,389.92510986328125,82.3307113647461,61.052276611328125,110.64665985107422
200,1,380.1913146972656,180.6409912109375,51.545654296875,153.9453125
200,2,391.5225524902344,84.43846130371094,63.057586669921875,109.57887268066406
201,1,379.7136535644531,182.07772827148438,52.308074951171875,153.07171630859375
201,2,394.6859130859375,85.16986083984375,61.204345703125,108.92634582519531
202,1,379.7428283691406,182.64561462402344,52.5411376953125,155.7213897705078
202,2,401.5003662109375,86.1517105102539,55.7327880859375,109.66913604736328
203,1,380.2720642089844,185.81236267089844,51.880401611328125,156.53684997558594
203,2,406.8997802734375,86.0198745727539,51.220855712890625,108.83104705810547
204,1,379.6761169433594,186.97021484375,53.341705322265625,159.30670166015625
204,2,411.0879211425781,86.21367645263672,49.014434814453125,110.7006607055664
205,1,379.72540283203125,191.5624542236328,53.736419677734375,154.82862854003906
205,2,416.5346984863281,85.18135070800781,45.286041259765625,112.34809875488281
206,1,379.8575744628906,193.9775390625,53.77691650390625,152.45114135742188
206,2,428.6444396972656,85.66412353515625,35.79046630859375,111.23019409179688
207,1,379.4282531738281,196.42799377441406,54.778564453125,150.0955047607422
207,2,435.9209899902344,84.8912582397461,32.627838134765625,103.33216094970703
208,1,379.43902587890625,198.43023681640625,54.409271240234375,148.10342407226562
208,2,439.3367004394531,85.04551696777344,34.26324462890625,109.722900390625
209,1,379.532470703125,200.78086853027344,54.1944580078125,145.98155212402344
209,2,436.7547607421875,85.02184295654297,47.26312255859375,110.0622329711914
210,1,379.441162109375,203.07302856445312,54.9713134765625,143.22384643554688
210,2,436.7979431152344,86.16697692871094,57.17559814453125,109.55943298339844
211,1,379.6719055175781,205.2677764892578,54.898162841796875,145.7014617919922
211,2,437.69061279296875,87.21131134033203,62.555572509765625,108.13701629638672
212,1,379.1191101074219,206.63607788085938,55.390350341796875,154.81631469726562
212,2,437.6395568847656,85.54615783691406,68.8194580078125,110.3629150390625
213,1,378.199951171875,208.87059020996094,55.743896484375,160.96043395996094
213,2,438.7668762207031,86.80013275146484,73.00772094726562,109.51688385009766
214,1,377.7129211425781,213.2829132080078,56.312957763671875,159.14369201660156
214,2,440.88330078125,87.26561737060547,73.5936279296875,108.71060943603516
215,1,377.32928466796875,216.15692138671875,57.030120849609375,159.37005615234375
215,2,444.621826171875,87.03160095214844,72.7381591796875,108.4107666015625
216,1,373.3264465332031,220.45750427246094,59.656646728515625,163.7999725341797
216,2,458.6349792480469,86.95809936523438,62.703460693359375,107.96418762207031
217,1,372.3331298828125,223.65249633789062,60.592315673828125,161.20498657226562
217,2,466.98004150390625,86.24011993408203,51.211181640625,107.45366668701172
218,1,370.88275146484375,225.56103515625,62.073760986328125,159.79196166992188
218,2,476.67828369140625,86.11583709716797,38.89410400390625,108.57923126220703
219,1,369.66705322265625,227.62661743164062,63.157135009765625,157.80902099609375
219,2,484.35528564453125,85.60223388671875,33.46636962890625,112.35688781738281
220,1,368.5198059082031,228.94232177734375,64.15240478515625,156.19036865234375
220,2,482.8233337402344,86.01940155029297,39.586456298828125,109.7058334350586
221,1,368.87823486328125,229.4337921142578,63.59222412109375,155.95701599121094
221,2,483.0879821777344,86.29036712646484,42.793975830078125,110.29120635986328
222,1,368.82513427734375,231.2217559814453,63.34820556640625,154.40345764160156
222,2,483.4674987792969,86.74401092529297,51.539398193359375,109.7859878540039
223,1,368.6351623535156,233.90370178222656,63.15557861328125,151.86109924316406
223,2,483.9952087402344,87.27629089355469,57.967254638671875,108.43820190429688
224,1,368.7498474121094,237.8332977294922,63.2269287109375,152.0194549560547
224,2,484.2205505371094,88.31184387207031,64.85934448242188,107.75434875488281
225,1,369.134033203125,239.44871520996094,63.345855712890625,162.29637145996094
225,2,485.1544494628906,89.77680969238281,64.01010131835938,107.35191345214844
226,1,369.5032958984375,241.36654663085938,62.43328857421875,169.06842041015625
226,2,488.9114685058594,89.3385009765625,63.191925048828125,108.96482849121094
227,1,369.72711181640625,245.8225860595703,62.5303955078125,168.04380798339844
227,2,493.5439147949219,90.59352111816406,58.414825439453125,107.92637634277344
228,1,370.472412109375,248.4410858154297,61.750885009765625,169.2466278076172
228,2,500.7708435058594,89.78595733642578,53.874847412109375,109.02387237548828
229,1,370.61785888671875,250.722412109375,61.38653564453125,170.39501953125
229,2,513.6761474609375,89.48397064208984,44.12994384765625,109.07231903076172
230,1,370.6844177246094,253.54000854492188,62.030975341796875,171.7130126953125
230,2,517.6316528320312,89.10396575927734,42.6343994140625,109.17838287353516
231,1,370.6153259277344,255.7906494140625,62.211151123046875,170.8756103515625
231,2,528.0551147460938,89.08200073242188,36.5679931640625,106.86105346679688
232,1,370.0140075683594,257.9379577636719,63.9576416015625,169.085693359375
232,2,530.0992431640625,88.95270538330078,39.07122802734375,108.8090591430664
233,1,368.76409912109375,260.18609619140625,64.94076538085938,166.70220947265625
233,2,533.66796875,88.64143371582031,45.39385986328125,107.32878112792969
234,1,368.4640808105469,263.2947692871094,65.42535400390625,163.34521484375
234,2,531.2921752929688,89.07638549804688,57.45458984375,109.68548583984375
235,1,367.6729431152344,266.281982421875,66.32208251953125,160.32843017578125
235,2,531.2396240234375,89.11190032958984,62.44927978515625,109.75296783447266
236,1,367.70489501953125,268.84759521484375,66.4722900390625,158.31832885742188
236,2,531.52294921875,90.06795501708984,70.7469482421875,109.0416030883789
237,1,367.3955078125,271.7938537597656,66.5257568359375,155.06793212890625
237,2,531.9769287109375,90.93780517578125,75.1243896484375,107.21043395996094
238,1,367.6086730957031,274.7442321777344,66.29647827148438,162.09768676757812
238,2,533.3419799804688,90.81157684326172,76.24664306640625,107.75249481201172
239,1,367.3518981933594,278.4113464355469,67.48245239257812,170.34149169921875
239,2,536.8023071289062,91.16419219970703,74.62384033203125,107.48442840576172
240,1,367.2096862792969,284.4084777832031,67.03738403320312,176.507080078125
240,2,549.6919555664062,89.8828353881836,64.1522216796875,107.5277328491211
241,1,366.8330383300781,289.55059814453125,67.01156616210938,172.57666015625
241,2,557.2890625,89.2544174194336,56.05169677734375,107.6871109008789
242,1,366.32501220703125,291.4617004394531,67.5791015625,176.51702880859375
242,2,568.4210205078125,89.4871597290039,41.9222412109375,105.1568374633789
243,1,365.9246520996094,295.70294189453125,67.447265625,174.37594604492188
243,2,571.8955688476562,89.4568099975586,36.30072021484375,109.72997283935547
244,1,365.42364501953125,298.723876953125,67.55569458007812,172.60202026367188
244,2,575.826416015625,89.42745971679688,35.79058837890625,110.06869506835938
245,1,364.47216796875,299.52410888671875,68.027587890625,172.748291015625
245,2,574.287109375,89.2225112915039,40.1689453125,109.3088150024414
246,1,363.2749938964844,303.0907287597656,69.21987915039062,169.4512939453125
246,2,573.7879638671875,90.0237808227539,45.90484619140625,109.51941680908203
247,1,362.3180236816406,306.08990478515625,69.67108154296875,166.07955932617188
247,2,573.8490600585938,90.5487289428711,53.56353759765625,108.14606475830078
248,1,361.6929016113281,309.06195068359375,69.97982788085938,163.08880615234375
248,2,574.1543579101562,91.07858276367188,60.03173828125,107.16995239257812
249,1,361.2623291015625,311.90692138671875,70.6759033203125,159.85623168945312
249,2,575.669677734375,91.59346771240234,60.04901123046875,107.2173080444336
250,1,360.7890930175781,316.0112609863281,70.43328857421875,155.7818603515625
250,2,576.4710083007812,93.13995361328125,59.79901123046875,106.21142578125
251,1,360.3468322753906,317.15069580078125,70.14544677734375,160.63424682617188
251,2,579.1099243164062,93.76032257080078,58.3800048828125,105.80266571044922
252,1,359.6526184082031,320.4963684082031,70.47402954101562,157.74755859375
252,2,585.5187377929688,93.2848129272461,54.59539794921875,106.62024688720703
253,1,359.21978759765625,326.1809997558594,70.710205078125,151.61981201171875
253,2,590.1357421875,93.9719009399414,53.46368408203125,106.13179779052734
254,1,359.0646057128906,329.9501953125,71.62484741210938,147.99960327148438
254,2,596.9660034179688,93.56716918945312,49.57366943359375,106.23117065429688
255,1,359.0054626464844,333.2053527832031,72.13372802734375,144.55712890625
255,2,605.6248168945312,93.45857238769531,44.2298583984375,105.14486694335938
256,1,358.7521667480469,336.0824890136719,71.40252685546875,141.71966552734375
256,2,614.7241821289062,92.55184173583984,38.08740234375,106.1146011352539
257,1,358.66259765625,338.1571960449219,71.85406494140625,139.37142944335938
257,2,619.5239868164062,92.49005889892578,41.64215087890625,108.15569305419922
258,1,357.9801330566406,341.0450439453125,73.24798583984375,137.51345825195312
258,2,621.2847900390625,92.94227600097656,49.662353515625,104.36589050292969
259,2,620.2727661132812,92.54222869873047,58.1136474609375,106.71479034423828
259,1,357.63153076171875,344.4344482421875,73.28802490234375,134.10281372070312
260,2,620.5753784179688,93.40777587890625,64.30694580078125,106.63026428222656
260,1,357.1949462890625,348.7765808105469,74.66824340820312,129.38812255859375
261,2,619.1776733398438,93.7409896850586,69.7176513671875,106.51477813720703
261,1,357.1194763183594,351.5691223144531,74.78994750976562,126.96987915039062
262,2,618.5693969726562,95.48796844482422,73.7689208984375,104.42630767822266
262,1,356.7330322265625,356.5259094238281,75.47537231445312,121.15655517578125
263,2,621.3007202148438,94.85176086425781,72.102294921875,105.66741943359375
263,1,356.7572021484375,359.863037109375,74.7183837890625,118.548095703125
264,2,626.7559204101562,94.69123840332031,70.5826416015625,104.67320251464844
264,1,356.9595947265625,369.0623474121094,75.084228515625,108.43548583984375
264,3,842.7388305664062,64.94573974609375,12.95330810546875,70.10466003417969
265,2,632.1932983398438,95.5102767944336,65.63995361328125,101.07837677001953
265,1,356.6777038574219,370.6355285644531,75.17910766601562,107.01788330078125
265,3,840.9369506835938,63.558677673339844,14.7662353515625,70.18299102783203
266,2,647.906982421875,94.96241760253906,46.064208984375,99.74609375
266,1,356.805908203125,375.21875,74.68612670898438,102.27523803710938
266,3,837.517333984375,62.43502426147461,18.01873779296875,69.84662246704102
267,2,648.9507446289062,94.46481323242188,43.48712158203125,105.01519775390625
267,3,831.7507934570312,59.410648345947266,23.94830322265625,73.08758163452148
267,1,357.1059875488281,381.9949645996094,73.07620239257812,95.8797607421875
268,3,824.8502807617188,55.95338821411133,30.66583251953125,76.67034530639648
268,2,655.4024047851562,94.82876586914062,39.91595458984375,105.74171447753906
268,1,356.15911865234375,386.74822998046875,73.46780395507812,91.10299682617188
269,3,819.311279296875,55.41354751586914,36.2606201171875,76.4925651550293
269,2,657.6507568359375,94.9435043334961,41.8870849609375,106.49816131591797
269,1,354.4453125,394.401123046875,73.77166748046875,84.25198364257812
270,2,655.509521484375,95.18722534179688,47.338623046875,105.26873779296875
270,3,815.6175537109375,56.0670280456543,39.87786865234375,74.96138381958008
270,1,352.7887878417969,393.5347900390625,75.25479125976562,85.34432983398438
271,2,655.9016723632812,95.36076354980469,50.46221923828125,106.58160400390625
271,3,814.2142944335938,56.28321075439453,41.25921630859375,75.13520050048828
271,1,350.9131164550781,398.9666442871094,74.57330322265625,79.59683227539062
272,2,655.8621826171875,96.93193817138672,55.0936279296875,102.13773345947266
272,3,812.8114624023438,55.25861740112305,42.4871826171875,75.6998176574707
272,1,350.2832946777344,399.5623474121094,74.88067626953125,79.11593627929688
273,3,812.0320434570312,54.27667999267578,42.4466552734375,76.66205596923828
273,2,655.8624267578125,98.16654205322266,59.0296630859375,100.9068832397461
273,1,349.3742980957031,402.0,74.3829345703125,76.92184448242188
274,2,657.184814453125,99.03831481933594,60.2518310546875,101.5906982421875
274,3,811.4019775390625,54.10237503051758,41.00616455078125,76.75788497924805
274,1,347.69476318359375,406.1165771484375,75.31411743164062,72.86724853515625
275,2,659.3265380859375,99.66273498535156,60.7703857421875,101.56932067871094
275,3,811.1293334960938,54.566375732421875,38.01177978515625,75.23554992675781
275,1,346.0787353515625,409.5321350097656,76.21478271484375,69.429931640625
276,2,663.8260498046875,100.31685638427734,59.2255859375,100.8382797241211
276,3,811.0062866210938,54.07404708862305,36.3472900390625,74.95927810668945
276,1,344.0653381347656,411.869140625,79.71609497070312,66.88485717773438
277,2,666.898193359375,99.04974365234375,59.54302978515625,102.55514526367188
277,3,811.6757202148438,53.366111755371094,34.42669677734375,75.25846099853516
277,1,342.2712097167969,416.1317443847656,81.23272705078125,62.783905029296875
278,2,675.1895751953125,99.37801361083984,54.53509521484375,101.8377914428711
278,3,811.2017822265625,52.74936294555664,33.6148681640625,76.10697555541992
278,1,342.50128173828125,420.7543640136719,80.50128173828125,58.070068359375
279,2,682.1480102539062,99.14136505126953,50.5078125,102.69751739501953
279,3,807.7988891601562,52.72279739379883,34.59930419921875,76.19796371459961
279,1,341.8987731933594,424.52593994140625,80.47113037109375,54.65203857421875
280,2,696.5914306640625,99.58329010009766,38.77410888671875,100.9881362915039
280,3,799.969482421875,52.07499694824219,40.48028564453125,76.98028564453125
280,1,342.5430908203125,428.9662170410156,80.22991943359375,50.07275390625
281,2,697.2269287109375,98.89617156982422,41.46673583984375,102.25667572021484
281,3,794.6358032226562,51.45649719238281,43.4754638671875,77.30982971191406
281,1,343.3761291503906,433.4806823730469,79.36181640625,45.47943115234375
282,2,698.5746459960938,98.92266082763672,49.1707763671875,101.60686492919922
282,3,789.554931640625,51.226463317871094,46.5826416015625,77.44062042236328
282,1,341.9326171875,438.3932189941406,80.5635986328125,40.330718994140625
283,2,698.650634765625,98.94147491455078,56.47381591796875,102.6943588256836
283,3,787.050048828125,51.69239044189453,46.99798583984375,76.8759536743164
283,1,343.42144775390625,444.03570556640625,77.58462524414062,34.53033447265625
284,2,698.76611328125,99.6873779296875,62.1898193359375,102.18620300292969
284,3,785.8541259765625,52.09456253051758,46.1903076171875,76.11225509643555
284,1,348.9088134765625,448.3621826171875,70.32260131835938,30.564117431640625
285,2,697.9005737304688,100.1865234375,69.37371826171875,100.87612915039062
285,3,785.418701171875,51.67086410522461,44.73583984375,76.41107559204102
285,1,350.4568176269531,453.3540344238281,66.84808349609375,25.572998046875
286,2,699.7311401367188,100.23004913330078,70.31103515625,101.29187774658203
286,3,784.5615844726562,52.11292266845703,43.20068359375,75.65979766845703
286,1,350.61370849609375,457.23089599609375,62.9287109375,21.585662841796875
287,2,700.7760620117188,100.34011840820312,71.88836669921875,101.92044067382812
287,3,783.7362060546875,50.63119125366211,41.69256591796875,76.90766525268555
287,1,350.9421691894531,461.1671142578125,58.4744873046875,18.04083251953125
288,2,706.372802734375,101.2791748046875,69.94854736328125,101.94985961914062
288,3,782.4063720703125,48.936607360839844,38.23956298828125,78.42253875732422
289,2,715.77734375,100.69975280761719,60.68450927734375,99.61076354980469
289,3,782.5947875976562,49.04011535644531,36.18218994140625,77.7676010131836
290,2,727.896484375,100.0135498046875,46.9019775390625,100.00059509277344
290,3,783.4008178710938,49.458900451660156,32.8114013671875,76.91364288330078
291,2,730.3995971679688,100.21968841552734,42.0958251953125,99.4822769165039
291,3,783.313720703125,48.593482971191406,31.5821533203125,77.42020416259766
292,2,731.5379638671875,99.40612030029297,40.4410400390625,102.43451690673828
292,3,783.5557250976562,49.35594940185547,28.75689697265625,76.57135009765625
293,2,736.2466430664062,99.08517456054688,38.900634765625,104.36422729492188
293,3,777.4977416992188,47.95641326904297,33.7451171875,78.15123748779297
294,2,735.250244140625,99.40289306640625,43.7777099609375,102.77854919433594
294,3,774.6053466796875,47.720767974853516,35.39447021484375,77.87687301635742
295,2,734.431884765625,99.74837493896484,47.71246337890625,102.99967193603516
295,3,778.7271728515625,48.43137741088867,27.88031005859375,77.17468643188477
296,2,734.9125366210938,101.79356384277344,49.179931640625,100.71818542480469
296,3,778.570556640625,48.8812255859375,27.60601806640625,76.5114517211914
297,2,735.3120727539062,102.98036193847656,53.6795654296875,98.89317321777344
297,3,775.369873046875,49.00605392456055,27.8359375,76.21158981323242
298,2,735.2652587890625,102.76595306396484,59.148681640625,99.08800506591797
298,3,768.128173828125,47.9024772644043,33.416748046875,74.51578140258789
299,2,734.4700927734375,102.31935119628906,61.0137939453125,99.57089233398438
299,3,762.4370727539062,47.62945556640625,36.6746826171875,73.23615264892578
300,2,737.1858520507812,102.41188049316406,61.15338134765625,98.56942749023438
300,3,758.5950317382812,47.92750930786133,39.046630859375,75.49979019165039
301,2,740.2613525390625,102.63359832763672,61.582275390625,97.50167083740234
301,3,758.2005615234375,47.56526565551758,37.07025146484375,76.23221969604492
302,2,744.5978393554688,103.26314544677734,58.75335693359375,97.7684097290039
302,3,758.0827026367188,47.19939041137695,35.34417724609375,76.54172897338867
303,2,751.4696655273438,103.17557525634766,53.9049072265625,97.73310089111328
303,3,757.73486328125,46.12910842895508,33.77496337890625,77.88512802124023
304,2,757.986328125,102.61690521240234,50.27069091796875,99.7411880493164
304,3,757.3423461914062,45.51356506347656,32.2449951171875,78.49795532226562
305,2,766.7832641601562,102.61669158935547,43.3421630859375,99.23169708251953
305,3,756.3237915039062,45.29314041137695,32.3624267578125,79.00761032104492
306,3,752.0778198242188,45.29377365112305,35.21356201171875,78.31610488891602
306,2,771.7699584960938,102.54833221435547,42.31817626953125,99.79940032958984
307,2,773.700439453125,102.69226837158203,46.315673828125,98.6187973022461
307,3,746.0455322265625,44.736328125,37.73883056640625,78.98312377929688
308,2,772.6465454101562,102.6771240234375,55.2705078125,99.04525756835938
308,3,739.5892944335938,43.66844177246094,43.0537109375,80.31317138671875
309,2,772.5052490234375,102.39208221435547,60.77410888671875,101.01587677001953
309,3,733.6734008789062,44.797332763671875,47.58984375,78.58235931396484
310,2,772.23193359375,103.46855926513672,66.71893310546875,98.47260284423828
310,3,731.4325561523438,45.19987487792969,47.7916259765625,78.07659149169922
311,2,773.090576171875,104.33966064453125,68.6334228515625,98.30322265625
311,3,730.3637084960938,45.008705139160156,46.03192138671875,77.82727813720703
312,2,779.1329956054688,104.90448760986328,67.85198974609375,96.65982818603516
312,3,729.3356323242188,44.58394241333008,42.2288818359375,78.79841232299805
313,2,785.9755249023438,104.730712890625,61.83013916015625,94.08085632324219
313,3,729.0350952148438,44.911685943603516,40.4698486328125,78.40291976928711
314,2,794.592529296875,104.70112609863281,53.21673583984375,92.59822082519531
314,3,728.248046875,45.0057258605957,39.04547119140625,78.04858779907227
315,2,799.0919189453125,104.11561584472656,47.76434326171875,93.48216247558594
315,3,728.5372314453125,44.93521499633789,35.7044677734375,77.5935173034668
316,2,802.0497436523438,101.9332275390625,42.42938232421875,97.55531311035156
316,3,728.8504638671875,43.63750076293945,33.573974609375,79.06862258911133
317,3,728.5481567382812,42.367733001708984,32.75616455078125,80.33687973022461
317,2,804.013427734375,103.51475524902344,38.7169189453125,100.50686645507812
318,2,803.7605590820312,102.22229766845703,42.24749755859375,101.57723236083984
318,3,727.7550659179688,40.56179428100586,31.8358154296875,81.85641098022461
319,2,803.5142211914062,99.47483825683594,48.23095703125,103.65841674804688
319,3,725.9833374023438,40.58450698852539,31.9217529296875,81.17700576782227
320,2,803.4876708984375,100.47157287597656,48.34149169921875,102.02299499511719
320,3,721.502197265625,40.47881317138672,34.33416748046875,81.22284698486328
321,2,803.238037109375,98.99935150146484,50.2679443359375,103.25426483154297
321,3,714.6987915039062,40.884559631347656,38.67449951171875,81.24364471435547
322,2,803.3728637695312,101.87178802490234,51.34942626953125,99.5953140258789
322,3,709.802978515625,41.866485595703125,41.53155517578125,79.89107513427734
323,3,706.2059936523438,41.2860107421875,43.56982421875,79.98552703857422
323,2,805.0536499023438,101.67281341552734,50.2708740234375,99.87654876708984
324,3,703.9457397460938,41.003013610839844,44.65240478515625,80.12299346923828
324,2,806.7422485351562,103.52400970458984,49.25775146484375,98.00508880615234
325,3,703.1422729492188,42.14998245239258,42.761474609375,78.77048873901367
325,2,815.7390747070312,106.92798614501953,39.97528076171875,95.41251373291016
326,3,702.936279296875,42.30543899536133,40.5142822265625,78.78583908081055
326,2,819.245849609375,115.11154174804688,36.54205322265625,86.92048645019531
327,3,702.9819946289062,42.02753829956055,37.5750732421875,79.12189865112305
327,2,818.1082763671875,114.99200439453125,37.755126953125,85.62199401855469
328,3,702.9669189453125,42.26496505737305,36.11676025390625,78.75444412231445
328,2,824.86328125,117.47344207763672,30.50421142578125,84.39212799072266
329,3,703.5955810546875,40.416046142578125,34.11260986328125,80.02698516845703
329,2,830.6264038085938,114.5599365234375,24.9765625,87.21098327636719
330,3,703.8106689453125,38.76213836669922,31.52447509765625,81.6335678100586
330,2,833.1704711914062,114.39497375488281,22.34564208984375,86.7508544921875
331,3,702.425048828125,38.64024353027344,31.83026123046875,81.9216537475586
331,2,837.0845947265625,126.43843078613281,18.55328369140625,75.60162353515625
332,3,699.107177734375,39.40568161010742,33.23223876953125,80.97118759155273
332,2,838.1546630859375,130.13807678222656,17.320556640625,70.71644592285156
333,3,693.1823120117188,39.441497802734375,36.7049560546875,81.21934509277344
334,3,686.5092163085938,40.31635284423828,41.6715087890625,80.3656234741211
335,3,680.7437744140625,39.642452239990234,45.47332763671875,80.82937240600586
336,3,673.927001953125,40.20426559448242,48.68365478515625,80.39958572387695
337,3,672.92578125,40.70528793334961,46.90570068359375,79.6400032043457
338,3,672.53955078125,40.96202087402344,44.56134033203125,79.79467010498047
339,3,671.7394409179688,39.74479293823242,43.64630126953125,80.42745590209961
340,3,671.205810546875,39.165706634521484,41.28375244140625,81.35515213012695
341,3,671.2857666015625,38.48580551147461,38.6002197265625,82.00859451293945
342,3,671.513427734375,38.80756378173828,35.85784912109375,81.7254409790039
343,3,671.2316284179688,38.43212890625,34.3072509765625,81.62664031982422
344,3,670.7286376953125,38.237037658691406,34.2431640625,81.50955200195312
345,3,667.9462890625,37.607059478759766,34.07928466796875,81.57018661499023
346,3,665.1622924804688,36.38248062133789,34.264404296875,83.8730583190918
347,3,661.9542846679688,37.10142135620117,34.81854248046875,84.24778366088867
348,3,657.614501953125,37.455078125,37.481201171875,83.22161865234375
349,3,651.53759765625,36.78363037109375,41.702392578125,83.60079956054688
350,3,648.1807861328125,37.175743103027344,42.67132568359375,82.59105682373047
351,3,645.9535522460938,37.1057243347168,42.28656005859375,82.53387832641602
352,3,645.5177612304688,37.89424133300781,40.30865478515625,81.81940460205078
353,3,644.997802734375,37.372650146484375,38.80810546875,82.87313842773438
354,3,645.2632446289062,36.64665222167969,35.97198486328125,84.05156707763672
355,3,645.2925415039062,35.398799896240234,32.8387451171875,85.29214096069336
356,3,645.1448364257812,35.49898147583008,31.2237548828125,85.01518630981445
357,3,644.456787109375,35.29522705078125,30.09283447265625,85.63033294677734
358,3,641.9804077148438,34.750247955322266,30.97894287109375,86.34414291381836
359,3,638.8600463867188,34.93818664550781,32.7349853515625,85.41780090332031
360,3,624.1943359375,35.151859283447266,42.2733154296875,84.85422134399414
361,3,617.5609741210938,34.95914077758789,47.42327880859375,85.11520767211914
362,3,613.2474975585938,35.2862663269043,49.25665283203125,84.75436019897461
363,3,611.954345703125,35.984458923339844,47.8492431640625,83.77558898925781
364,3,610.6934814453125,35.81123733520508,46.9442138671875,83.92959213256836
365,3,610.8735961914062,35.375,45.31427001953125,84.46136474609375
366,3,610.6665649414062,35.620697021484375,42.4365234375,84.20533752441406
367,3,609.681396484375,34.28683853149414,40.43597412109375,85.44636917114258
368,3,609.1278076171875,33.974605560302734,37.256103515625,85.22663497924805
369,3,609.5840454101562,33.17972946166992,34.50103759765625,87.21916580200195
370,3,609.3696899414062,33.0872802734375,33.0245361328125,87.1757583618164
371,3,607.2162475585938,32.437591552734375,32.83831787109375,86.90241241455078
372,3,603.1495361328125,33.05349349975586,35.1839599609375,87.7752571105957
373,3,598.78759765625,32.67346954345703,37.12481689453125,87.58120727539062
374,3,594.3732299804688,33.158817291259766,39.41656494140625,86.84097671508789
375,3,588.2506103515625,33.41935729980469,43.40081787109375,85.94346618652344
376,3,583.7359008789062,32.37975311279297,44.8271484375,86.5638656616211
377,3,581.190673828125,33.65312576293945,44.6961669921875,85.2615852355957
378,3,580.08740234375,34.03302001953125,43.63690185546875,84.56365203857422
379,3,579.419189453125,33.078365325927734,42.28814697265625,85.80685043334961
380,3,578.8675537109375,32.44015884399414,40.05279541015625,86.83937454223633
381,3,578.66748046875,31.89785385131836,36.731689453125,87.48894119262695
382,3,578.6190185546875,32.400203704833984,33.9342041015625,86.5107307434082
383,3,579.061767578125,33.19487380981445,32.16241455078125,85.85634231567383
384,3,574.9158325195312,31.847700119018555,31.5908203125,87.15721321105957
385,3,569.3933715820312,31.959121704101562,35.29534912109375,87.59066009521484
386,3,560.338134765625,32.40018844604492,42.18218994140625,86.60068893432617
387,3,553.1519775390625,32.11503982543945,47.769287109375,86.53266525268555
388,3,548.7025756835938,32.48995590209961,49.05560302734375,86.20397567749023
389,3,544.22900390625,32.440162658691406,51.407958984375,85.92974853515625
390,3,543.0521240234375,32.526649475097656,50.09735107421875,86.28462982177734
391,3,542.7435302734375,32.529685974121094,50.02349853515625,86.28071594238281
392,3,542.4920654296875,32.47598648071289,47.6180419921875,86.52054214477539
393,3,542.086669921875,31.526453018188477,44.38665771484375,87.22029685974121
394,3,541.9513549804688,32.093875885009766,40.5416259765625,86.60272598266602
395,3,541.7533569335938,30.350059509277344,37.67333984375,88.0582275390625
396,3,542.4376831054688,30.24738883972168,33.20489501953125,87.98399543762207
397,3,541.3443603515625,30.16168212890625,31.91705322265625,87.76387023925781
398,3,536.0416259765625,29.112199783325195,35.51690673828125,88.23560905456543
399,3,531.304931640625,28.35485076904297,37.5416259765625,90.01376342773438
400,3,526.8717041015625,28.18564796447754,40.10003662109375,89.65687370300293
401,3,522.3828735351562,28.656082153320312,42.212158203125,89.90347290039062
402,3,517.9879760742188,30.33938980102539,43.93048095703125,87.68863296508789
403,3,514.6746215820312,30.884984970092773,45.3150634765625,86.53249549865723
404,3,511.8122253417969,31.093265533447266,45.846771240234375,87.06417465209961
405,3,509.9869689941406,31.18573570251465,45.654205322265625,86.91652870178223
406,3,509.2354431152344,30.94722557067871,43.435699462890625,86.85037422180176
407,3,508.66455078125,31.178068161010742,41.046630859375,86.90555763244629
408,3,509.07159423828125,29.596878051757812,34.23443603515625,88.5803451538086
409,3,509.63336181640625,28.933326721191406,31.0379638671875,89.0262680053711
410,3,508.08551025390625,28.559446334838867,30.27813720703125,89.69616889953613
411,3,505.3964538574219,28.28594970703125,31.325775146484375,89.7884521484375
412,3,499.9876708984375,28.73453140258789,33.40533447265625,89.3597297668457
413,3,490.52410888671875,28.753660202026367,41.32421875,89.32988929748535
414,3,483.854736328125,30.0816593170166,43.547607421875,87.72077751159668
415,3,478.3050537109375,30.19835090637207,47.9881591796875,87.38216209411621
416,3,476.2665710449219,30.697036743164062,48.925201416015625,87.42655181884766
417,3,475.0278015136719,30.295242309570312,49.412139892578125,87.4708480834961
418,3,474.7217102050781,30.882938385009766,47.536834716796875,86.90813064575195
419,3,474.10382080078125,29.550132751464844,45.41302490234375,88.40214538574219
420,3,473.1897277832031,29.728382110595703,43.408905029296875,88.8293571472168
421,3,473.40899658203125,29.29578971862793,38.170989990234375,89.15170478820801
422,3,473.0461730957031,29.9185791015625,33.40966796875,88.4104232788086
423,3,471.90374755859375,28.131303787231445,30.248748779296875,91.2216625213623
424,3,468.3873291015625,28.340757369995117,32.434783935546875,89.62121772766113
425,3,463.332275390625,27.62141990661621,34.956787109375,92.77620887756348
426,3,457.95867919921875,28.56637954711914,37.13873291015625,92.47918319702148
427,3,454.7611083984375,28.481761932373047,38.7274169921875,92.98237228393555
428,3,448.5364990234375,28.803390502929688,42.91436767578125,92.28424835205078
429,3,443.1512451171875,30.19633674621582,46.711669921875,90.36483573913574
430,3,440.3958740234375,30.68354606628418,47.73095703125,89.57256507873535
431,3,440.1940612792969,29.940473556518555,46.23052978515625,90.2264347076416
432,3,437.86126708984375,29.935483932495117,42.929229736328125,91.2706241607666
433,3,437.7006530761719,29.8807430267334,39.20343017578125,91.35322761535645
434,3,437.490478515625,30.123809814453125,34.895660400390625,90.885009765625
435,3,435.997314453125,29.174312591552734,32.473968505859375,91.62557601928711
436,3,432.3873596191406,28.707965850830078,31.55548095703125,92.4085578918457
437,3,429.8465576171875,28.60867691040039,30.16583251953125,92.07796859741211
438,3,427.782958984375,28.172815322875977,32.09814453125,92.67083549499512
439,3,421.3887634277344,29.01676368713379,36.0802001953125,92.3160457611084
440,3,412.4075622558594,29.39573097229004,43.093719482421875,91.40002250671387
441,3,406.4143981933594,30.368181228637695,47.925750732421875,90.19307518005371
442,3,404.8920593261719,31.498212814331055,48.73004150390625,89.53158760070801
443,3,404.12890625,31.560632705688477,48.560211181640625,89.39745903015137
444,3,401.9591979980469,29.964622497558594,49.111968994140625,90.82971954345703
445,3,401.3438415527344,30.010244369506836,45.9906005859375,90.64814186096191
446,3,400.6976013183594,28.71828269958496,42.947265625,92.79905128479004
447,3,400.3162536621094,28.335018157958984,38.801300048828125,92.15629196166992
448,3,398.5804138183594,28.780466079711914,34.01318359375,91.77182579040527
449,3,395.5030822753906,27.180644989013672,33.601593017578125,93.09949111938477
450,3,393.18621826171875,26.84192657470703,32.859619140625,92.95633697509766
451,3,389.5309143066406,27.47854995727539,30.68682861328125,94.22125625610352
452,3,386.40679931640625,28.017009735107422,32.853546142578125,93.47323989868164
453,3,380.09930419921875,28.832090377807617,38.0450439453125,92.23150825500488
454,3,372.22637939453125,28.937894821166992,45.077362060546875,92.09412574768066
455,3,367.1288757324219,29.893869400024414,49.40496826171875,91.26810264587402
456,3,364.74578857421875,30.177759170532227,49.2752685546875,90.34351921081543
457,3,363.8047180175781,30.759119033813477,47.860198974609375,90.35570335388184
458,3,363.7568054199219,30.78000259399414,45.057525634765625,90.58993911743164
459,3,364.1351318359375,30.231000900268555,39.2447509765625,91.67598915100098
460,3,362.9124450683594,29.82834243774414,35.5751953125,92.16686630249023
461,3,360.100830078125,29.274728775024414,32.410064697265625,92.90156364440918
462,3,356.1667175292969,28.898759841918945,31.702850341796875,93.02540397644043
463,3,353.8706970214844,28.345462799072266,32.49078369140625,93.20335006713867
464,3,351.08197021484375,28.96027183532715,32.262939453125,92.38208198547363
465,3,345.55718994140625,29.257080078125,34.889068603515625,92.15890502929688
466,3,337.4305114746094,30.21461296081543,42.194854736328125,90.44566535949707
467,3,332.83709716796875,30.01219367980957,46.2471923828125,91.21242332458496
468,3,329.9079895019531,30.964191436767578,49.243499755859375,90.32802963256836
469,3,328.25054931640625,29.699466705322266,50.06390380859375,91.22007369995117
470,3,327.0836181640625,29.815954208374023,48.652313232421875,91.33564186096191
471,3,326.34588623046875,30.4700927734375,45.187408447265625,90.83822631835938
472,3,325.3147888183594,29.311647415161133,41.8609619140625,91.85860252380371
473,3,324.0329284667969,29.1135196685791,36.950042724609375,92.28710746765137
474,3,321.73748779296875,27.637144088745117,34.418701171875,94.58848762512207
475,3,319.17938232421875,27.15819549560547,31.945281982421875,93.6363296508789
476,3,315.8778991699219,26.93709373474121,31.8011474609375,95.06443977355957
477,3,313.4617614746094,27.51513671875,32.033233642578125,94.34861755371094
478,3,309.6546325683594,26.61113739013672,33.67413330078125,95.37290954589844
479,3,300.9942626953125,27.933998107910156,41.8251953125,93.62661743164062
480,3,291.0345153808594,29.770503997802734,50.19866943359375,90.86747360229492
481,3,289.5513000488281,29.664247512817383,51.447296142578125,91.51702690124512
482,3,288.1484375,29.965606689453125,50.790496826171875,90.59516143798828
483,3,287.75689697265625,29.69689178466797,47.565704345703125,90.93328857421875
484,3,287.5487976074219,29.611949920654297,45.29022216796875,91.49592971801758
485,3,287.31390380859375,29.76138687133789,40.482208251953125,91.53491592407227
486,3,282.7753601074219,28.260852813720703,39.571319580078125,92.96297073364258
487,3,281.1166687011719,26.821739196777344,34.660125732421875,94.89591217041016
488,3,280.5913391113281,27.32661247253418,29.47503662109375,93.66661262512207
489,3,278.94366455078125,28.357650756835938,29.489532470703125,92.2803726196289
490,3,277.11688232421875,27.85395622253418,28.74578857421875,92.42100715637207
491,3,272.1607666015625,29.276559829711914,31.67730712890625,91.5216121673584
492,3,264.7902526855469,27.31987190246582,38.108917236328125,93.25003623962402
493,3,259.8337097167969,28.496414184570312,43.27264404296875,92.67030334472656
494,3,256.23193359375,29.144668579101562,46.515289306640625,91.6770248413086
495,3,254.49888610839844,32.57121658325195,48.08982849121094,87.99391555786133
496,3,254.701904296875,28.146543502807617,46.15673828125,92.47614479064941
497,3,255.30685424804688,27.448869705200195,41.065185546875,93.33210563659668
498,3,254.57855224609375,27.992576599121094,38.045654296875,92.5825424194336
499,3,253.74554443359375,28.755098342895508,33.86962890625,91.33432579040527
500,3,250.06040954589844,23.803958892822266,32.60548400878906,94.77135848999023
501,3,248.2803497314453,25.567245483398438,29.675552368164062,91.58113861083984
502,3,245.00048828125,24.06809425354004,28.880523681640625,94.98348808288574
503,3,243.23292541503906,24.640300750732422,27.948074340820312,94.3177375793457
504,3,234.4634246826172,25.305484771728516,35.11882019042969,94.00857925415039
505,3,227.8126220703125,25.998857498168945,41.939422607421875,92.4914379119873
506,3,226.51409912109375,26.333829879760742,42.44256591796875,91.53415107727051
507,3,224.3433074951172,27.338111877441406,43.95716857910156,89.94252014160156
508,3,223.8636932373047,27.258609771728516,42.52769470214844,89.95077133178711
509,3,223.7310791015625,27.312850952148438,40.71710205078125,89.38947296142578
510,3,222.6486358642578,29.829076766967773,39.14869689941406,87.41606330871582
511,3,220.20181274414062,25.60411262512207,37.485198974609375,90.67268180847168
512,3,216.7873077392578,26.3129825592041,36.04106140136719,89.17990684509277
513,3,214.16357421875,23.796571731567383,32.9561767578125,91.1367015838623
514,3,211.85165405273438,24.05413818359375,29.538803100585938,91.1128158569336
515,3,210.2244110107422,24.329023361206055,27.772567749023438,91.14189338684082
516,3,208.0797119140625,24.60816764831543,27.980239868164062,90.37237739562988
517,3,205.38284301757812,24.60531997680664,29.242828369140625,90.3707160949707
518,3,200.9124298095703,24.60398292541504,32.53106689453125,90.1323070526123
519,3,197.02239990234375,24.99681282043457,35.92866516113281,90.27959251403809
520,3,192.59750366210938,25.688804626464844,40.03193664550781,89.98274230957031
521,3,191.871337890625,26.005800247192383,40.438323974609375,89.11967277526855
522,3,191.79640197753906,26.147289276123047,39.62678527832031,87.53219985961914
523,3,191.09754943847656,24.40583038330078,39.116363525390625,89.04542541503906
524,3,190.03407287597656,24.314573287963867,37.36943054199219,89.43473243713379
525,3,189.02642822265625,24.115272521972656,33.617218017578125,89.77777099609375
526,3,187.79092407226562,28.2416934967041,29.362640380859375,84.43111991882324
527,3,185.16578674316406,24.475868225097656,28.739715576171875,88.24533081054688
528,3,182.21421813964844,24.2533016204834,26.1466064453125,88.57013893127441
529,3,178.80667114257812,23.598695755004883,28.160491943359375,89.26481437683105
530,3,176.5998077392578,24.73389434814453,29.794036865234375,87.78789520263672
531,3,174.30255126953125,24.527429580688477,32.09800720214844,87.52705955505371
532,3,165.7898406982422,27.283493041992188,40.006103515625,84.4868392944336
533,3,162.87911987304688,28.859792709350586,42.95597839355469,81.87980842590332
534,3,161.19137573242188,25.65683364868164,44.303955078125,85.16064071655273
535,3,161.170166015625,25.46321678161621,43.340789794921875,85.17633247375488
536,3,160.3197784423828,27.818832397460938,42.530792236328125,82.49870300292969
537,3,159.3274383544922,27.641193389892578,41.513397216796875,82.6041374206543
538,3,158.26388549804688,28.157428741455078,38.77264404296875,82.15506362915039
539,3,156.08319091796875,27.46722984313965,36.49766540527344,83.02957344055176
540,3,150.26931762695312,21.486513137817383,38.15611267089844,88.58406639099121
541,3,148.6920928955078,23.18581771850586,35.2606201171875,86.76046371459961
542,3,148.4047393798828,22.718399047851562,29.687759399414062,86.2799072265625
543,3,147.63365173339844,21.986454010009766,28.187362670898438,87.18485641479492
544,3,146.3904571533203,20.29450225830078,28.781234741210938,88.34601593017578
545,3,143.78407287597656,21.767301559448242,30.611175537109375,87.85238075256348
546,3,141.31886291503906,21.03192710876465,32.57749938964844,88.81492042541504
547,3,139.4488067626953,22.578859329223633,34.209991455078125,87.26205253601074
548,3,138.4310760498047,23.107694625854492,34.91996765136719,87.07316017150879
549,3,136.88308715820312,21.99820899963379,35.93328857421875,87.38810539245605
550,3,136.5732879638672,21.077898025512695,35.70060729980469,88.44859886169434
551,3,131.9976806640625,19.688161849975586,37.24151611328125,88.87373542785645
552,3,128.45867919921875,22.02901268005371,32.21665954589844,84.15945625305176
553,3,128.2475128173828,22.346538543701172,28.344894409179688,82.2660026550293
554,3,125.72632598876953,22.075809478759766,28.023597717285156,84.18413925170898
555,3,123.97271728515625,24.032541275024414,29.606842041015625,82.87667655944824
556,3,121.82110595703125,25.951404571533203,30.529693603515625,81.06644821166992
557,3,118.46113586425781,25.903474807739258,33.73753356933594,81.17387199401855
558,3,113.6390380859375,24.786014556884766,38.05964660644531,81.7092399597168
559,3,108.8662109375,27.60687828063965,43.1396484375,78.81207466125488
560,3,106.30979919433594,24.57455062866211,45.35820007324219,81.33657455444336
561,3,97.31524658203125,27.75303840637207,53.718841552734375,78.06773948669434
562,3,97.31053924560547,28.841983795166016,51.856544494628906,76.9859733581543
563,3,95.42449951171875,27.652118682861328,49.991668701171875,79.38623428344727
564,3,96.50011444091797,30.98195457458496,45.83068084716797,75.84827613830566
565,3,98.01335144042969,30.591856002807617,40.81309509277344,76.24248695373535
566,3,97.06520080566406,27.928442001342773,36.22760009765625,79.3079776763916
567,3,96.46422576904297,28.866579055786133,31.029876708984375,78.11208152770996
568,3,94.20524597167969,27.704553604125977,27.381256103515625,79.42831230163574
569,3,91.45100402832031,26.970890045166016,27.22515869140625,79.02323532104492
570,3,88.92863464355469,27.543624877929688,27.86029052734375,78.67510223388672
571,3,86.74110412597656,27.484249114990234,29.345306396484375,78.81106948852539
572,3,85.40635681152344,31.200483322143555,29.996177673339844,75.40347480773926
573,3,82.51728057861328,31.528474807739258,33.33357238769531,75.16856956481934
574,3,78.14408874511719,29.244041442871094,37.2947998046875,77.34397888183594
575,3,77.3073959350586,31.134174346923828,36.929664611816406,75.32294082641602
576,3,74.44461059570312,28.0382022857666,35.89763641357422,77.61325645446777
577,3,72.0518569946289,25.863481521606445,33.89575958251953,80.29771995544434
578,3,65.8931884765625,26.305831909179688,34.58604431152344,78.53295135498047
579,3,65.13729858398438,27.95467758178711,31.35523223876953,77.40392684936523
580,3,64.7898941040039,24.856006622314453,27.505783081054688,81.32897567749023
581,3,62.31656265258789,26.067710876464844,28.53640365600586,81.4958724975586
582,3,61.30462646484375,26.718013763427734,28.923538208007812,80.6184196472168
583,3,58.292179107666016,27.50189208984375,32.597293853759766,79.24980163574219
584,3,56.37801742553711,27.027536392211914,33.409305572509766,78.54831504821777
585,3,50.44797897338867,28.14605712890625,39.180301666259766,77.80426025390625
586,3,49.43277359008789,29.180118560791016,40.10152053833008,76.65910720825195
587,3,48.16965866088867,28.895811080932617,40.99103927612305,77.21756172180176
588,3,45.91351318359375,27.684688568115234,42.154022216796875,78.89982986450195
589,3,44.81300735473633,28.719009399414062,41.519412994384766,78.01544189453125
590,3,42.92254638671875,29.39418601989746,40.70348358154297,77.84603309631348
591,3,42.239776611328125,31.922452926635742,37.52147674560547,75.4020938873291
592,3,39.644222259521484,32.64830017089844,34.1340446472168,74.20258331298828
593,3,37.213905334472656,32.839962005615234,30.64373779296875,73.82419967651367
594,3,34.86477279663086,33.69950485229492,30.184528350830078,73.10593032836914
595,3,33.071075439453125,32.87120056152344,26.362930297851562,74.01557159423828
596,3,31.157224655151367,30.524564743041992,27.916120529174805,76.95566749572754
597,3,29.297807693481445,29.205476760864258,28.258195877075195,78.38933372497559
598,3,27.251972198486328,28.62285041809082,29.92571258544922,78.98590660095215
599,3,24.38618278503418,31.828868865966797,31.67216682434082,75.1683235168457
600,3,20.661325454711914,33.2264404296875,36.48547172546387,74.32373046875
