16,1,0.0,79.18167877197266,30.406299591064453,48.28996276855469
17,1,0.05810592696070671,76.39804077148438,33.64768936112523,53.12965393066406
18,1,0.0,50.25730514526367,33.89085388183594,77.48723220825195
19,1,0.0,46.070770263671875,36.33528137207031,83.93780517578125
20,1,0.0,44.36442184448242,35.71941375732422,86.9582405090332
21,1,0.03372526541352272,43.940589904785156,35.15988587960601,85.13489532470703
22,1,0.04396019130945206,44.25728225708008,35.419956587255,83.95339584350586
23,1,0.3010132908821106,43.477996826171875,34.04141682386398,84.12393951416016
24,1,0.3695850074291229,42.002384185791016,34.997533828020096,83.97026443481445
25,1,0.27441319823265076,40.55772018432617,37.36818400025368,86.85944747924805
26,1,7.348752975463867,40.4734001159668,33.811994552612305,86.99889755249023
26,2,0.0,39.27421188354492,13.783502578735352,78.3253059387207
27,1,12.249008178710938,40.37808609008789,34.96499252319336,85.93679428100586
27,2,0.03424568474292755,35.89137268066406,17.440874859690666,81.21199798583984
28,1,12.3546781539917,39.3917121887207,40.34098148345947,87.42035293579102
28,2,0.3452356159687042,34.69441223144531,18.850891321897507,77.28313446044922
29,1,12.607462882995605,39.38998031616211,47.156216621398926,86.96094131469727
29,2,5.26879358291626,34.304500579833984,18.30102300643921,63.78477096557617
30,1,16.29652214050293,40.95335006713867,47.08668327331543,84.21383285522461
30,2,6.288714408874512,32.35918045043945,18.999804496765137,75.35149002075195
31,1,16.638086318969727,42.605438232421875,49.13723564147949,81.66283416748047
31,2,9.173490524291992,31.943498611450195,19.06730079650879,77.85703086853027
32,1,20.44519805908203,40.43117904663086,46.52098083496094,84.17081069946289
32,2,12.079044342041016,31.36739158630371,20.562496185302734,74.02462959289551
33,1,24.298934936523438,39.914642333984375,43.207801818847656,83.7068862915039
33,2,13.655420303344727,30.407777786254883,21.478361129760742,79.14578056335449
34,1,26.650075912475586,39.469486236572266,40.39345741271973,84.16373062133789
34,2,14.727651596069336,29.016456604003906,25.308576583862305,84.09732055664062
35,1,30.192249298095703,40.03160095214844,36.602535247802734,84.550048828125
35,2,20.249069213867188,28.57225799560547,19.820941925048828,81.95882415771484
36,1,35.85463333129883,37.5173454284668,31.522258758544922,87.70314407348633
36,2,22.87488555908203,29.199981689453125,19.87000274658203,83.38809204101562
37,1,37.48479461669922,37.89009475708008,31.731491088867188,85.40445327758789
37,2,24.961721420288086,28.863895416259766,20.509145736694336,83.86037826538086
38,1,25.4609375,28.559370040893555,44.044776916503906,91.95732307434082
38,2,24.19687271118164,28.96454429626465,29.879302978515625,84.63616371154785
39,1,42.847679138183594,31.603246688842773,31.8416748046875,91.06366920471191
39,2,26.06393051147461,27.5950927734375,34.532344818115234,87.80464935302734
40,1,46.15171813964844,38.32432556152344,39.40007781982422,84.79997253417969
40,2,28.486669540405273,28.03746795654297,24.721811294555664,83.54792785644531
41,1,47.81863021850586,40.642601013183594,45.70493698120117,82.22885131835938
41,2,30.841127395629883,28.208755493164062,27.299726486206055,82.40145874023438
42,1,46.34501266479492,38.72234344482422,51.942386627197266,83.43133544921875
42,2,35.494102478027344,24.347867965698242,23.586273193359375,84.8320484161377
43,1,46.60128402709961,34.137508392333984,55.35090255737305,88.43291854858398
43,2,40.63892364501953,22.707780838012695,23.745994567871094,85.06506156921387
44,1,49.291622161865234,34.00040817260742,54.148807525634766,88.3334846496582
44,2,46.84607696533203,22.738651275634766,19.000411987304688,81.3117561340332
45,1,49.74669647216797,37.944862365722656,54.93468475341797,84.86678314208984
45,2,49.0380744934082,23.753238677978516,19.615184783935547,78.81896591186523
46,1,51.05794906616211,35.92329788208008,54.27028274536133,86.27948379516602
46,2,51.71742248535156,23.6664981842041,20.672088623046875,79.84920310974121
47,1,58.35658645629883,32.94609832763672,46.56740188598633,87.97543334960938
47,2,55.13309860229492,23.291961669921875,21.075183868408203,80.00743865966797
48,1,64.1880111694336,32.98627853393555,40.74128723144531,85.62820816040039
48,2,57.56653594970703,23.008512496948242,18.255645751953125,74.55948066711426
49,1,65.49113464355469,32.46984100341797,39.00226593017578,84.80238342285156
49,2,59.46898651123047,23.263763427734375,18.890594482421875,76.82282257080078
50,1,76.20289611816406,33.395450592041016,28.66716766357422,79.28903579711914
50,2,60.94828796386719,24.01677131652832,23.922393798828125,80.47701835632324
51,1,61.850276947021484,23.586780548095703,46.250675201416016,92.26665115356445
52,1,62.81756591796875,27.17763328552246,47.131202697753906,90.09951972961426
52,2,65.85476684570312,24.173118591308594,18.66053009033203,58.864715576171875
53,1,76.79341888427734,28.846927642822266,41.215721130371094,87.71392440795898
53,2,66.62512969970703,23.800132751464844,24.70923614501953,79.31219482421875
54,1,75.38985443115234,30.60781478881836,48.90491485595703,85.31750869750977
54,2,73.02523040771484,22.69398307800293,18.96428680419922,71.42328834533691
55,1,81.1573257446289,31.699190139770508,49.88880157470703,83.1951732635498
55,2,77.43130493164062,21.574966430664062,16.2640380859375,74.66456604003906
56,1,86.16679382324219,30.723093032836914,46.86854553222656,83.98476219177246
56,2,80.60360717773438,20.887548446655273,16.140228271484375,59.8641300201416
57,1,89.16724395751953,31.48954963684082,45.585304260253906,82.22492027282715
57,2,83.76046752929688,19.490882873535156,15.573539733886719,54.912925720214844
58,1,90.77901458740234,31.304012298583984,45.84325408935547,83.55177688598633
58,2,86.47803497314453,18.751338958740234,16.13849639892578,57.4498176574707
59,1,92.56918334960938,28.975202560424805,44.59674072265625,85.24971961975098
59,2,88.9994125366211,17.33549690246582,17.296356201171875,69.99588584899902
60,1,95.91389465332031,27.760770797729492,41.58332824707031,86.69651985168457
60,2,91.64518737792969,18.349063873291016,17.30126953125,72.84616470336914
61,1,101.27104187011719,32.33063888549805,36.18212890625,80.50393295288086
61,2,93.96821594238281,17.669736862182617,20.925689697265625,85.90510749816895
62,1,101.41011047363281,21.163331985473633,37.21653747558594,92.35294914245605
62,2,96.08921813964844,18.029720306396484,32.48480224609375,87.70440292358398
63,1,112.34272003173828,25.927717208862305,27.18457794189453,83.91819953918457
63,3,0.0,120.64270782470703,22.250797271728516,42.856101989746094
64,1,96.35792541503906,18.110380172729492,45.856109619140625,94.61873817443848
64,3,0.0,117.60858917236328,26.185428619384766,54.18836212158203
65,1,98.2367935180664,14.052118301391602,44.48786163330078,98.1956844329834
65,3,0.0,116.20829010009766,30.16057014465332,63.430320739746094
66,1,100.64139556884766,11.422910690307617,45.13709259033203,101.15134620666504
66,3,0.014375329948961735,116.04510498046875,33.33514630701393,68.94477844238281
67,2,102.91788482666016,12.257847785949707,26.657249450683594,88.95641613006592
67,1,106.69270324707031,12.704644203186035,49.078826904296875,100.65728664398193
67,3,0.004686332307755947,107.62666320800781,37.46680262032896,74.8245849609375
68,3,0.0,109.11080169677734,41.2512321472168,73.81011199951172
68,1,112.42435455322266,24.180137634277344,50.351646423339844,88.90088653564453
68,2,110.69113159179688,11.736468315124512,22.190750122070312,85.1611680984497
69,3,0.0,110.22116088867188,45.377872467041016,74.10543823242188
69,1,120.10873413085938,28.23192596435547,46.85516357421875,84.80938720703125
69,2,116.3143310546875,12.534427642822266,18.698333740234375,79.46348190307617
70,3,0.0,111.24422454833984,49.26524353027344,71.50098419189453
70,1,121.49903106689453,30.50475311279297,47.906044006347656,82.60151672363281
70,2,119.90589904785156,12.801262855529785,18.185165405273438,55.410414695739746
71,3,1.5281141996383667,112.75590515136719,52.582279324531555,70.940673828125
71,1,123.70458221435547,32.69871139526367,45.78337860107422,79.82374954223633
71,2,122.5682601928711,13.127013206481934,16.71417999267578,50.45481204986572
72,3,5.450150489807129,113.2580795288086,51.611083030700684,75.13538360595703
72,1,126.839599609375,30.089527130126953,44.94981384277344,82.69536972045898
72,2,125.46358489990234,12.56408977508545,16.139610290527344,77.15047931671143
72,4,0.23538103699684143,115.40013885498047,18.334895223379135,63.59661102294922
73,3,8.922404289245605,113.54713439941406,53.48843860626221,79.49453735351562
73,1,129.56504821777344,31.492719650268555,43.1961669921875,80.02134895324707
73,2,127.10588073730469,12.889717102050781,17.55694580078125,77.99542999267578
73,4,0.08369006216526031,114.21644592285156,19.156799897551537,54.93226623535156
73,5,788.4782104492188,456.2358093261719,33.20220947265625,22.546722412109375
74,1,132.60755920410156,29.75722312927246,40.0611572265625,81.13674354553223
74,3,13.441890716552734,115.18121337890625,51.70766067504883,78.0416259765625
74,2,128.0028533935547,13.26194953918457,18.716842651367188,78.65849876403809
74,4,0.012666745111346245,114.40542602539062,20.99122424609959,55.417877197265625
74,5,785.3954467773438,450.94970703125,32.69964599609375,27.922607421875
75,3,16.42523765563965,116.39552307128906,52.65665626525879,77.83369445800781
75,1,135.23570251464844,26.24847984313965,35.74345397949219,84.2729434967041
75,2,130.04208374023438,13.918112754821777,20.026565551757812,77.18873691558838
75,4,0.289474755525589,114.48171997070312,25.151895254850388,55.890625
75,5,775.9536743164062,445.9989013671875,38.584228515625,33.3197021484375
76,3,20.457143783569336,117.49337768554688,52.03981971740723,80.002685546875
76,1,132.25228881835938,21.306774139404297,41.806640625,87.92079544067383
76,4,0.7898051142692566,115.80245208740234,42.36194735765457,64.9328842163086
76,2,130.78408813476562,14.22361946105957,22.673675537109375,77.70952415466309
76,5,768.5693359375,440.9686584472656,42.7867431640625,37.565582275390625
77,3,23.7023983001709,118.6621322631836,53.24093055725098,82.01073455810547
77,1,131.5965576171875,13.011150360107422,42.289581298828125,94.83328628540039
77,4,3.607304811477661,116.41427612304688,44.652498960494995,76.22723388671875
77,5,753.6732788085938,434.7830505371094,54.87786865234375,43.830230712890625
78,3,28.21550178527832,120.03394317626953,52.045278549194336,84.58312225341797
78,1,134.91184997558594,12.494505882263184,41.746124267578125,96.60432529449463
78,4,6.7617316246032715,117.43919372558594,47.58802270889282,78.03382873535156
78,5,747.8184204101562,428.724609375,58.14483642578125,50.041656494140625
78,6,554.3826293945312,466.59600830078125,25.52740478515625,12.12078857421875
79,3,31.03932762145996,120.9155502319336,53.37529182434082,85.96527862548828
79,4,9.616776466369629,118.67939758300781,51.67208003997803,85.78187561035156
79,1,152.53128051757812,21.496171951293945,30.419570922851562,86.81741905212402
79,2,140.49452209472656,13.258309364318848,19.6561279296875,77.60679531097412
79,5,741.8646850585938,422.7050476074219,60.91552734375,55.873138427734375
79,7,671.4215698242188,467.5201721191406,29.04278564453125,11.867767333984375
79,6,553.0325927734375,462.0480651855469,25.7716064453125,16.296783447265625
80,3,35.05476379394531,122.1095199584961,52.910003662109375,86.00711822509766
80,1,152.8158721923828,23.15369415283203,38.987823486328125,84.95046997070312
80,4,13.857157707214355,119.74248504638672,35.06029224395752,80.87549591064453
80,2,144.56640625,12.170695304870605,17.868728637695312,77.01975727081299
80,5,733.74560546875,416.64801025390625,66.83135986328125,61.7911376953125
80,7,667.4514770507812,464.23974609375,33.38812255859375,14.32867431640625
80,6,551.3119506835938,457.74072265625,26.35284423828125,20.536468505859375
81,3,37.64328384399414,123.75086212158203,54.01213455200195,85.36583709716797
81,1,154.3220672607422,25.8951358795166,43.8985595703125,81.75524711608887
81,4,16.76686668395996,121.39525604248047,29.439455032348633,59.93407440185547
81,5,728.6524658203125,411.2552490234375,70.83642578125,67.239013671875
81,2,149.96124267578125,11.928534507751465,14.53515625,58.5058069229126
81,6,519.7108154296875,452.8045654296875,58.96649169921875,26.354736328125
81,7,664.8713989257812,459.83203125,39.06854248046875,18.71087646484375
82,3,41.52925491333008,125.47822570800781,54.46290969848633,88.17709350585938
82,1,155.43984985351562,27.00058364868164,46.911163330078125,80.11903762817383
82,2,151.21034240722656,11.684196472167969,16.148544311523438,51.11713790893555
82,4,18.540029525756836,122.60316467285156,27.466218948364258,55.867950439453125
82,5,721.0796508789062,406.1708679199219,75.50750732421875,72.34542846679688
82,8,513.7706298828125,467.1377868652344,33.45458984375,11.789581298828125
82,7,660.7039184570312,455.1226806640625,45.11138916015625,23.552947998046875
82,6,547.5552368164062,448.7585754394531,29.04339599609375,30.094329833984375
83,3,45.1469841003418,127.36500549316406,53.33283615112305,89.33580017089844
83,1,156.63153076171875,24.94247817993164,47.05519104003906,82.63422775268555
83,5,708.8198852539062,401.84375,85.33941650390625,76.86062622070312
83,4,21.70877456665039,124.05240631103516,39.43764877319336,70.35834503173828
83,2,151.75787353515625,10.635805130004883,20.73040771484375,52.64043998718262
83,7,653.1636352539062,450.2669982910156,52.26300048828125,28.33697509765625
83,8,511.4562683105469,461.357421875,34.640899658203125,17.13018798828125
83,6,548.7783813476562,443.5968017578125,27.39959716796875,34.898101806640625
84,3,49.027732849121094,128.0542449951172,53.922607421875,89.96864318847656
84,1,157.8922576904297,29.09579849243164,47.69868469238281,78.84070205688477
84,2,150.9732208251953,9.59633731842041,25.43170166015625,69.65914058685303
84,5,703.0851440429688,397.2102355957031,88.10272216796875,81.71133422851562
84,4,23.49892807006836,124.5009994506836,30.967823028564453,56.854515075683594
84,7,651.4083251953125,445.1966552734375,50.31634521484375,33.30517578125
84,8,509.9202880859375,455.7283020019531,34.46746826171875,22.74517822265625
84,6,547.4288330078125,437.7643737792969,27.56695556640625,40.774993896484375
85,3,52.49712371826172,129.57911682128906,54.50263977050781,94.60650634765625
85,1,159.7379913330078,31.518842697143555,47.12785339355469,75.98922920227051
85,2,155.702880859375,9.094162940979004,24.509628295898438,74.84937191009521
85,5,702.0001831054688,392.61236572265625,86.88299560546875,86.08563232421875
85,4,23.87527847290039,126.23697662353516,33.09758758544922,56.76256561279297
85,7,648.8534545898438,439.8902282714844,48.109130859375,38.742279052734375
85,6,540.1151733398438,432.3035583496094,45.17864990234375,46.16546630859375
85,8,508.86834716796875,450.24444580078125,34.442626953125,28.1680908203125
86,3,56.16067886352539,130.87986755371094,53.864559173583984,95.02894592285156
86,1,162.39816284179688,23.037046432495117,44.90867614746094,84.33416175842285
86,2,160.57948303222656,9.42734146118164,23.259063720703125,81.13591384887695
86,4,33.55646514892578,128.45326232910156,37.68328094482422,84.07859802246094
86,5,698.832275390625,388.6369323730469,86.92218017578125,89.91357421875
86,7,626.7898559570312,434.04656982421875,65.53656005859375,44.472625732421875
86,6,535.931640625,426.3680725097656,50.53399658203125,52.14642333984375
86,8,508.3023986816406,445.2073974609375,33.267120361328125,33.350250244140625
87,3,59.9859504699707,133.3053436279297,54.26755142211914,94.56556701660156
87,1,163.51345825195312,10.677653312683105,42.70526123046875,96.27068042755127
87,2,162.92201232910156,9.72519302368164,27.90887451171875,87.09695816040039
87,4,35.45940017700195,129.67015075683594,36.668331146240234,83.32275390625
87,5,698.3975219726562,384.4783935546875,84.98138427734375,94.0570068359375
87,7,626.147705078125,428.8156433105469,61.31500244140625,49.81396484375
87,6,532.7886352539062,421.05242919921875,55.33966064453125,57.415771484375
87,8,507.4877624511719,440.76947021484375,33.692352294921875,37.709442138671875
88,3,63.63721466064453,134.64715576171875,54.49872589111328,98.89064025878906
88,4,39.83737564086914,131.50172424316406,52.468936920166016,100.59001159667969
88,5,698.0911254882812,380.0536193847656,84.1693115234375,98.67044067382812
88,1,162.86874389648438,9.481171607971191,43.46240234375,97.34168910980225
88,7,623.0267333984375,422.8310241699219,62.21063232421875,55.942657470703125
88,6,531.8194580078125,415.7747802734375,56.9580078125,62.582000732421875
88,8,502.5459899902344,436.297607421875,37.874237060546875,42.00030517578125
89,3,66.8000717163086,136.3019561767578,55.15160369873047,99.63056945800781
89,5,697.5679321289062,373.88861083984375,83.02099609375,104.68331909179688
89,4,41.598323822021484,132.80880737304688,55.16508865356445,101.20550537109375
89,1,163.2955322265625,9.343663215637207,42.77166748046875,97.77184581756592
89,7,617.2367553710938,417.2637023925781,66.22259521484375,61.57855224609375
89,6,531.5913696289062,410.9580078125,56.3629150390625,67.7789306640625
89,8,482.46026611328125,431.202392578125,62.400146484375,47.252105712890625
90,3,71.30265045166016,138.29766845703125,55.203773498535156,100.86734008789062
90,4,43.36113357543945,133.75131225585938,53.6126823425293,102.19754028320312
90,5,697.7017211914062,368.282470703125,81.1260986328125,110.75836181640625
90,1,164.4049530029297,5.9313859939575195,46.332000732421875,100.91128826141357
90,7,611.0216064453125,411.85406494140625,71.4345703125,66.62127685546875
90,6,530.9505615234375,405.5875244140625,56.04840087890625,73.26412963867188
90,8,480.67047119140625,427.072265625,69.47259521484375,51.76934814453125
90,9,667.5704956054688,441.7001953125,16.1285400390625,36.103912353515625
91,3,75.11341094970703,140.270263671875,54.21961212158203,100.69038391113281
91,5,696.9600830078125,362.5648193359375,79.97686767578125,116.04901123046875
91,4,49.78109359741211,135.5231170654297,57.17183303833008,104.75080871582031
91,1,166.05435180664062,9.385950088500977,50.57179260253906,97.02940940856934
91,2,167.01248168945312,8.908199310302734,30.062896728515625,86.84240341186523
91,7,606.8903198242188,407.45587158203125,75.0645751953125,71.19186401367188
91,8,477.6248474121094,423.168212890625,72.72952270507812,55.150726318359375
91,6,530.8648071289062,401.6532897949219,55.04327392578125,77.03958129882812
92,3,78.5090103149414,142.08497619628906,54.721717834472656,102.83448791503906
92,5,696.4303588867188,357.8222961425781,79.13702392578125,120.25582885742188
92,4,54.777740478515625,137.4744415283203,49.65373992919922,101.80743408203125
92,2,170.01934814453125,8.49145793914795,25.112335205078125,80.52505207061768
92,1,169.41546630859375,9.290346145629883,52.2479248046875,96.74136161804199
92,7,607.2899169921875,403.3537902832031,73.44976806640625,75.01242065429688
92,6,530.5759887695312,396.9923095703125,53.49420166015625,81.50396728515625
92,8,475.9845886230469,418.2642822265625,76.53359985351562,59.955352783203125
93,3,82.49807739257812,143.69715881347656,55.527435302734375,101.02210998535156
93,5,695.317626953125,353.03936767578125,78.71478271484375,125.12957763671875
93,1,181.9203643798828,8.18292236328125,44.5938720703125,98.5022201538086
93,4,52.90681838989258,139.34083557128906,58.085025787353516,104.66044616699219
93,7,609.4320678710938,399.0787658691406,70.6337890625,79.1663818359375
93,6,527.9037475585938,393.4093322753906,53.624267578125,84.80072021484375
93,8,476.0221252441406,414.22869873046875,77.98678588867188,64.05288696289062
94,3,86.61923217773438,145.72642517089844,53.505859375,102.29957580566406
94,5,695.2171630859375,349.46368408203125,76.819091796875,128.52737426757812
94,1,183.25270080566406,9.53907585144043,47.48297119140625,98.15582466125488
94,4,58.48358917236328,141.0930938720703,52.643226623535156,103.161865234375
94,7,610.8983764648438,395.69744873046875,69.3040771484375,83.08908081054688
94,6,527.446044921875,389.92669677734375,52.63525390625,88.4569091796875
94,2,183.10089111328125,6.736396789550781,20.4893798828125,51.64860534667969
94,8,478.0570983886719,410.2157897949219,76.87173461914062,68.29299926757812
95,3,89.76753234863281,148.13038635253906,54.127227783203125,102.34548950195312
95,5,693.6401977539062,345.47564697265625,75.75189208984375,132.68484497070312
95,1,188.85906982421875,14.496893882751465,46.71000671386719,91.938889503479
95,4,59.0006103515625,144.26559448242188,50.654632568359375,99.76139831542969
95,2,185.34556579589844,6.68526554107666,18.975082397460938,80.55511379241943
95,7,612.0991821289062,391.7460632324219,68.20404052734375,87.31692504882812
95,6,525.9977416992188,386.1511535644531,52.089111328125,91.66912841796875
95,8,477.174072265625,405.56756591796875,77.96539306640625,72.55960083007812
96,3,93.63218688964844,150.4843292236328,55.639404296875,100.49147033691406
96,5,692.2074584960938,340.9833068847656,75.14703369140625,137.16851806640625
96,1,193.17788696289062,19.299192428588867,46.09709167480469,85.99851417541504
96,4,64.637451171875,145.4215850830078,53.76036071777344,105.50788879394531
96,7,612.7815551757812,388.2073974609375,68.43035888671875,90.43203735351562
96,2,188.77633666992188,5.448744773864746,16.474655151367188,50.77475070953369
96,8,475.6598205566406,401.2524719238281,78.99789428710938,76.94314575195312
96,6,525.3299560546875,381.1495361328125,49.51519775390625,95.42437744140625
97,3,97.7079086303711,152.86279296875,54.934486389160156,101.39694213867188
97,5,691.2907104492188,337.2312316894531,74.000732421875,140.73492431640625
97,1,192.6706085205078,19.097219467163086,47.5843505859375,86.3492603302002
97,4,67.61231994628906,146.23182678222656,53.98835754394531,109.02752685546875
97,7,613.6148681640625,383.7166442871094,65.461181640625,94.67196655273438
97,2,192.5692138671875,4.978200912475586,16.057022094726562,53.26869773864746
97,6,524.5809936523438,375.8595275878906,47.45184326171875,99.9005126953125
97,8,475.68896484375,396.06304931640625,77.35400390625,82.26336669921875
98,3,100.66024017333984,155.62954711914062,55.13916778564453,101.81390380859375
98,5,682.947509765625,333.60015869140625,79.46368408203125,144.55154418945312
98,1,194.64906311035156,18.50160789489746,47.59840393066406,87.20449256896973
98,2,192.9254913330078,4.565783500671387,17.930526733398438,75.26215839385986
98,4,74.50116729736328,149.0847625732422,50.635719299316406,108.30049133300781
98,7,613.8009033203125,378.1752624511719,62.10162353515625,100.20986938476562
98,6,523.7203369140625,371.31121826171875,45.42059326171875,105.88742065429688
98,8,477.25189208984375,391.16583251953125,72.20721435546875,87.4688720703125
99,3,104.57775115966797,157.377197265625,55.44890594482422,101.54641723632812
99,5,686.7853393554688,330.711181640625,73.024169921875,147.02215576171875
99,1,196.29605102539062,13.452110290527344,46.71185302734375,91.71498107910156
99,2,194.44155883789062,4.057703018188477,18.770523071289062,80.05514335632324
99,4,78.29395294189453,150.93310546875,49.864540100097656,108.1484375
99,7,612.145751953125,374.0218200683594,60.54901123046875,104.55062866210938
99,6,522.2501831054688,366.36669921875,43.36376953125,108.1124267578125
99,8,477.3843078613281,386.4169616699219,70.70913696289062,92.41671752929688
100,3,108.54110717773438,160.53160095214844,54.86907958984375,100.53858947753906
100,5,677.81787109375,328.02569580078125,79.15576171875,149.708984375
100,1,199.38302612304688,15.968611717224121,44.60322570800781,88.80262088775635
100,2,196.02647399902344,4.768596649169922,19.977401733398438,79.65758895874023
100,4,75.76095581054688,152.848388671875,55.6485595703125,108.28500366210938
100,7,610.312255859375,369.1929626464844,61.616455078125,109.581298828125
100,8,475.2152404785156,381.2574768066406,71.80441284179688,97.53546142578125
100,6,521.81591796875,361.1407775878906,41.6553955078125,110.37503051757812
101,3,112.5429916381836,162.55886840820312,55.856483459472656,100.331298828125
101,5,680.285400390625,322.9254455566406,73.91455078125,154.86111450195312
101,1,206.06053161621094,16.269195556640625,37.83360290527344,87.06509399414062
101,2,196.95001220703125,5.850736141204834,22.030990600585938,80.49340295791626
101,7,607.7593994140625,364.1907653808594,63.82012939453125,113.91928100585938
101,4,85.67363739013672,155.8257598876953,51.876609802246094,105.91133117675781
101,8,472.9559631347656,377.0578918457031,72.98483276367188,101.59677124023438
101,6,520.5325317382812,357.1701965332031,41.795654296875,104.34451293945312
102,3,116.0254898071289,165.3676300048828,54.717140197753906,100.66096496582031
102,5,681.8193969726562,319.18951416015625,70.843505859375,159.3387451171875
102,1,212.77345275878906,18.946884155273438,30.363067626953125,83.38105773925781
102,2,195.8179473876953,5.4667863845825195,27.708389282226562,81.82197093963623
102,7,607.0292358398438,359.5538024902344,64.95269775390625,118.63259887695312
102,4,87.15910339355469,157.343017578125,54.48167419433594,108.23739624023438
102,8,470.141845703125,371.92901611328125,75.96368408203125,106.78997802734375
102,6,520.1405029296875,352.6182556152344,41.23828125,95.93240356445312
103,3,119.51416015625,168.9473876953125,55.08427429199219,99.724365234375
103,5,679.1612548828125,315.2922668457031,70.938720703125,162.76046752929688
103,1,219.66030883789062,10.31808853149414,23.931045532226562,88.48420333862305
103,7,605.6580810546875,356.0038146972656,67.1695556640625,122.4818115234375
103,4,90.38018035888672,159.88729858398438,49.59233856201172,107.44622802734375
103,8,467.4549865722656,366.74859619140625,77.37655639648438,111.14059448242188
103,6,518.6762084960938,348.2217102050781,42.0015869140625,90.21798706054688
104,3,123.60581970214844,172.17909240722656,56.90538024902344,99.08900451660156
104,5,679.3566284179688,310.30633544921875,69.05633544921875,161.9296875
104,1,223.6245574951172,16.09633445739746,23.075271606445312,85.20064735412598
104,7,605.2593994140625,352.04107666015625,67.16357421875,126.69210815429688
104,2,197.72286987304688,6.051996231079102,32.67735290527344,83.4477596282959
104,4,97.09208679199219,162.9394989013672,41.741302490234375,106.27909851074219
104,8,464.5843505859375,362.4569396972656,80.4512939453125,115.78265380859375
104,6,517.9369506835938,345.5168762207031,42.13751220703125,85.58261108398438
105,3,127.55608367919922,174.7740478515625,55.690940856933594,94.87158203125
105,5,672.8617553710938,306.73046875,73.43939208984375,154.57040405273438
105,1,225.9816436767578,17.45589828491211,24.559738159179688,83.21445083618164
105,2,201.0774383544922,6.119775772094727,29.1019287109375,80.01080131530762
105,7,596.1972045898438,348.7909851074219,75.04119873046875,129.51016235351562
105,4,99.04973602294922,165.242919921875,53.12419891357422,106.34500122070312
105,8,462.3917541503906,358.72857666015625,81.48117065429688,119.94027709960938
105,6,518.7210693359375,342.3550720214844,42.13104248046875,134.47451782226562
106,3,131.56402587890625,178.48580932617188,55.27326965332031,95.845458984375
106,5,673.1900024414062,302.704345703125,72.36199951171875,148.16159057617188
106,1,225.99583435058594,17.006244659423828,33.19517517089844,84.0319709777832
106,4,97.1107406616211,168.35121154785156,55.298377990722656,103.80290222167969
106,7,593.3975219726562,345.4873962402344,76.39312744140625,132.075927734375
106,2,206.2489013671875,5.288787364959717,25.34747314453125,79.66047716140747
106,8,460.4000549316406,355.1859130859375,82.83151245117188,123.19784545898438
106,6,517.938720703125,337.9457092285156,41.51751708984375,86.016357421875
107,5,672.3434448242188,298.5657653808594,71.57501220703125,150.34915161132812
107,3,135.63636779785156,181.3433074951172,56.30998229980469,97.29087829589844
107,1,225.11619567871094,16.487545013427734,38.39167785644531,83.71647262573242
107,4,107.49668884277344,170.52122497558594,50.06517028808594,105.92741394042969
107,7,592.9640502929688,342.58154296875,74.43798828125,135.39141845703125
107,2,213.7291259765625,5.475804328918457,20.13067626953125,77.12256908416748
107,8,458.49456787109375,351.74957275390625,84.64501953125,126.19473266601562
107,6,517.537353515625,335.2085876464844,41.6705322265625,87.8604736328125
108,5,669.2884521484375,295.37237548828125,72.66888427734375,153.4443359375
108,3,139.17723083496094,184.59127807617188,56.855316162109375,96.94888305664062
108,1,226.453125,14.576301574707031,42.367156982421875,85.55299377441406
108,7,594.8641967773438,339.23883056640625,70.868896484375,138.58111572265625
108,4,108.43156433105469,173.18380737304688,49.38954162597656,105.180419921875
108,2,217.1094207763672,5.074565410614014,19.353164672851562,75.41914796829224
108,8,456.4849853515625,347.926025390625,85.82965087890625,129.92306518554688
108,6,517.439453125,331.5974426269531,41.5345458984375,146.53994750976562
109,5,667.8132934570312,292.1944885253906,72.54437255859375,156.64920043945312
109,3,142.56314086914062,188.50857543945312,57.275360107421875,95.93829345703125
109,1,226.3131103515625,13.05891227722168,49.003021240234375,87.17432594299316
109,7,592.9088134765625,335.78265380859375,69.76922607421875,141.9608154296875
109,2,220.1448974609375,3.0385901927948,18.458587646484375,77.9128258228302
109,4,114.64602661132812,175.47276306152344,43.702392578125,101.97377014160156
109,8,455.1181335449219,346.24554443359375,86.67117309570312,131.85626220703125
109,6,514.7460327148438,329.043212890625,45.460693359375,145.63232421875
110,5,665.4502563476562,289.6706237792969,72.67626953125,159.23464965820312
110,3,146.1330108642578,192.2047576904297,58.41558837890625,97.62843322753906
110,1,226.7499237060547,13.889686584472656,52.68217468261719,85.85304260253906
110,7,589.9805908203125,330.9742431640625,69.29888916015625,147.1866455078125
110,8,454.7071838378906,341.8843994140625,86.16329956054688,136.14019775390625
110,2,220.74913024902344,3.0309088230133057,21.404983520507812,79.0655038356781
110,4,116.32720947265625,179.6769256591797,36.44012451171875,67.97930908203125
110,6,512.9395751953125,324.8580322265625,43.90753173828125,84.24749755859375
111,5,664.4357299804688,287.2156982421875,71.74420166015625,160.51895141601562
111,3,150.44485473632812,195.57359313964844,57.36244201660156,96.07820129394531
111,1,228.94235229492188,13.35953140258789,51.624267578125,86.25809097290039
111,7,587.4508056640625,327.19537353515625,68.66595458984375,150.40673828125
111,2,221.87013244628906,3.1650216579437256,23.252212524414062,82.07385468482971
111,8,454.61773681640625,338.14617919921875,85.34326171875,140.317138671875
111,4,121.44731903076172,183.54502868652344,37.35144805908203,67.36231994628906
111,6,511.1737060546875,320.2290344238281,44.6839599609375,98.26812744140625
112,5,663.2035522460938,284.3424377441406,72.387451171875,164.1263427734375
112,3,153.99493408203125,200.10293579101562,60.07403564453125,94.65145874023438
112,1,232.7486572265625,14.258021354675293,47.97003173828125,85.0117540359497
112,2,224.71929931640625,3.6503541469573975,22.271820068359375,80.44763016700745
112,7,586.3943481445312,322.7310791015625,67.696044921875,149.8013916015625
112,8,454.6728820800781,333.78509521484375,82.01388549804688,143.63348388671875
112,4,126.4886474609375,185.09857177734375,40.15740966796875,105.53042602539062
112,6,497.4734191894531,320.3389892578125,56.240081787109375,154.44436645507812
113,5,663.3772583007812,281.8646240234375,71.20068359375,165.76739501953125
113,2,226.90158081054688,4.0162811279296875,24.3736572265625,80.74091339111328
113,7,585.2259521484375,318.3145446777344,67.93780517578125,145.85287475585938
113,3,158.03009033203125,203.75816345214844,58.796783447265625,97.66966247558594
113,1,237.4986114501953,13.029763221740723,43.47703552246094,85.83463191986084
113,8,454.3782653808594,329.5462341308594,78.69827270507812,147.57492065429688
113,4,128.3092498779297,189.63194274902344,41.22697448730469,103.65449523925781
113,6,507.46990966796875,311.33331298828125,48.06988525390625,148.32553100585938
114,5,662.6724243164062,277.628662109375,71.04949951171875,164.29364013671875
114,8,453.7054748535156,325.37255859375,75.80972290039062,152.26187133789062
114,3,161.49468994140625,208.0975799560547,60.97767639160156,96.68013000488281
114,7,583.802490234375,313.993896484375,67.09564208984375,139.8973388671875
114,2,227.21925354003906,3.3730008602142334,29.117080688476562,81.89914727210999
114,1,243.4897918701172,11.507274627685547,37.67765808105469,87.45317459106445
114,6,506.8125,309.737060546875,49.30242919921875,144.89614868164062
114,4,134.3927764892578,193.8671417236328,37.08262634277344,72.71073913574219
115,5,662.7256469726562,273.53070068359375,69.3814697265625,162.00991821289062
115,8,453.0277404785156,321.0823669433594,73.18789672851562,156.72518920898438
115,3,165.04928588867188,212.27720642089844,62.33338928222656,96.16566467285156
115,7,581.8786010742188,310.2433776855469,68.97216796875,139.77569580078125
115,2,227.28477478027344,2.6728649139404297,34.25694274902344,84.40070533752441
115,1,251.18838500976562,10.82399845123291,29.845245361328125,88.283766746521
115,6,505.0641174316406,304.016845703125,50.242462158203125,151.21359252929688
115,4,139.4268798828125,197.1063690185547,34.17988586425781,71.45274353027344
116,5,661.4728393554688,268.76806640625,69.213623046875,160.52484130859375
116,3,169.58055114746094,215.58897399902344,62.62200927734375,97.93739318847656
116,7,579.9085083007812,306.47467041015625,70.34124755859375,143.07821655273438
116,2,227.05711364746094,2.7747907638549805,36.40568542480469,84.99354267120361
116,8,452.82867431640625,317.2051696777344,71.6739501953125,160.14410400390625
116,6,504.8404846191406,300.1047668457031,49.347198486328125,154.69580078125
116,1,254.73672485351562,9.674436569213867,31.583251953125,88.24752235412598
116,4,136.43783569335938,200.18345642089844,43.811492919921875,72.65391540527344
117,5,661.352783203125,265.08062744140625,68.5506591796875,158.0296630859375
117,3,173.44900512695312,220.6701202392578,63.66447448730469,97.89460754394531
117,8,453.9181213378906,314.115966796875,69.04397583007812,163.60537719726562
117,7,577.7086181640625,303.55902099609375,73.14410400390625,147.5947265625
117,1,256.96014404296875,9.482804298400879,35.0684814453125,88.71044826507568
117,2,226.6023406982422,2.2617993354797363,38.71452331542969,84.17565488815308
117,6,503.2104187011719,296.89874267578125,50.305633544921875,157.08123779296875
117,4,143.94882202148438,204.47824096679688,40.36775207519531,72.74325561523438
118,5,662.1257934570312,262.82171630859375,66.37261962890625,149.94241333007812
118,3,176.7732391357422,225.77244567871094,63.593994140625,98.95826721191406
118,8,453.22747802734375,309.68878173828125,68.40008544921875,162.58023071289062
118,7,575.5723876953125,300.656005859375,75.28692626953125,150.07757568359375
118,2,228.4803466796875,2.594146251678467,38.761016845703125,83.89785814285278
118,6,501.798095703125,294.6598815917969,51.2113037109375,159.24127197265625
118,1,259.6500244140625,10.903214454650879,36.176422119140625,87.3847188949585
118,4,147.8310089111328,207.19161987304688,52.762908935546875,116.83798217773438
119,5,661.4583129882812,259.2074890136719,65.7919921875,146.635498046875
119,3,181.73130798339844,230.1573028564453,64.29670715332031,102.11009216308594
119,1,262.0668640136719,9.913579940795898,37.528350830078125,89.70068550109863
119,7,574.81591796875,298.2946472167969,76.44677734375,152.07540893554688
119,8,453.4962463378906,307.0399475097656,67.55331420898438,162.168701171875
119,2,229.5939178466797,2.710082530975342,38.28019714355469,82.92772722244263
119,6,500.33282470703125,291.34906005859375,51.6009521484375,161.95089721679688
119,4,151.77053833007812,212.07476806640625,41.65345764160156,73.9765625
120,5,661.356201171875,256.37872314453125,63.69976806640625,145.70455932617188
120,3,185.4100799560547,234.0769805908203,65.28202819824219,103.85786437988281
120,8,451.3492126464844,303.9744567871094,68.70498657226562,169.01904296875
120,7,575.0252685546875,295.3415832519531,76.36224365234375,155.159423828125
120,1,264.0256042480469,8.704587936401367,39.574554443359375,90.97358131408691
120,6,499.8350524902344,288.8809509277344,50.443267822265625,160.72885131835938
120,2,232.6464385986328,2.2338855266571045,35.20448303222656,80.59710812568665
120,4,160.0010528564453,216.66311645507812,35.113861083984375,74.18170166015625
121,5,659.7758178710938,252.7640838623047,63.6488037109375,148.3376922607422
121,8,450.87872314453125,301.0613098144531,69.3421630859375,171.37103271484375
121,3,189.5206298828125,240.04371643066406,66.85092163085938,105.01423645019531
121,1,264.6527404785156,9.217676162719727,42.857879638671875,90.44473075866699
121,7,575.7141723632812,291.9205322265625,75.61029052734375,156.01828002929688
121,6,500.27471923828125,285.1043701171875,48.24822998046875,159.392822265625
121,2,237.11880493164062,1.1593403816223145,32.97296142578125,81.02909803390503
121,4,161.7271270751953,219.7959442138672,65.26597595214844,72.80366516113281
122,5,659.6393432617188,250.03414916992188,62.21453857421875,151.77810668945312
122,8,449.92950439453125,299.8814697265625,69.6514892578125,172.85708618164062
122,3,193.6975555419922,244.412353515625,67.56321716308594,107.7978515625
122,1,265.72216796875,9.39343547821045,43.90521240234375,89.96631336212158
122,6,499.8847961425781,281.63665771484375,45.906646728515625,159.3590087890625
122,7,576.8602294921875,288.0321960449219,73.04705810546875,155.36236572265625
122,2,240.91281127929688,1.2270945310592651,30.186279296875,80.87304127216339
122,4,162.69752502441406,222.87693786621094,70.4906005859375,76.46739196777344
123,5,659.5576171875,247.77456665039062,60.80499267578125,153.58444213867188
123,3,198.23226928710938,250.46762084960938,69.6265869140625,107.68771362304688
123,6,499.1486511230469,277.1741638183594,43.824615478515625,158.38748168945312
123,7,579.1769409179688,284.3019104003906,67.55572509765625,153.42367553710938
123,1,266.8016052246094,9.183297157287598,44.41937255859375,90.01991939544678
123,8,449.2735290527344,297.4599914550781,69.70071411132812,174.97665405273438
123,2,244.2636260986328,1.4474694728851318,28.231674194335938,83.23052430152893
123,4,170.67922973632812,227.02725219726562,67.4871826171875,127.17288208007812
124,5,662.3138427734375,245.45651245117188,55.58868408203125,155.14382934570312
124,3,202.25958251953125,254.329345703125,69.55499267578125,113.046142578125
124,7,580.2769775390625,280.9134216308594,62.90997314453125,152.5130615234375
124,6,499.16937255859375,273.7745666503906,41.89593505859375,152.50790405273438
124,2,248.74288940429688,1.3012875318527222,24.91217041015625,83.53120911121368
124,8,448.6903076171875,294.12139892578125,69.1695556640625,177.627197265625
124,4,170.59703063964844,229.496826171875,78.04647827148438,134.99627685546875
124,1,270.7008361816406,7.984321117401123,43.53765869140625,90.08856248855591
125,3,206.25198364257812,260.01708984375,72.18753051757812,113.67172241210938
125,5,656.64697265625,242.965087890625,58.48626708984375,157.697265625
125,7,582.1675415039062,276.87615966796875,59.86395263671875,145.5938720703125
125,2,250.42562866210938,1.3577326536178589,26.903961181640625,83.85635578632355
125,8,448.3998107910156,290.7711181640625,68.10989379882812,180.89102172851562
125,6,497.673583984375,270.9889221191406,42.0667724609375,147.25930786132812
125,1,272.9473876953125,7.624777317047119,46.003997802734375,89.3363585472107
125,4,181.2392578125,235.2886505126953,71.23532104492188,134.7400360107422
126,3,210.14788818359375,266.2931213378906,73.53250122070312,115.43505859375
126,5,655.2152709960938,240.83900451660156,57.6650390625,158.76939392089844
126,2,251.92564392089844,1.8191719055175781,27.323654174804688,82.69986343383789
126,7,582.3348388671875,273.3497314453125,59.426025390625,140.2705078125
126,8,447.8828430175781,287.6866455078125,67.84432983398438,181.6202392578125
126,1,274.19195556640625,6.352712154388428,44.542510986328125,87.8996376991272
126,6,497.5175476074219,267.2010803222656,39.957672119140625,140.53179931640625
126,4,182.0480499267578,240.36660766601562,75.80067443847656,79.28030395507812
127,3,215.4270477294922,270.57403564453125,72.06654357910156,118.24993896484375
127,5,657.6690673828125,238.2810821533203,53.69586181640625,156.53782653808594
127,8,447.8034973144531,284.4645690917969,67.17025756835938,181.0621337890625
127,2,252.88720703125,2.061312675476074,25.985107421875,80.4807481765747
127,7,581.7318725585938,270.6805114746094,58.93731689453125,135.62393188476562
127,4,180.25994873046875,243.4373779296875,87.30804443359375,138.8900146484375
127,6,497.5252990722656,265.28863525390625,38.991119384765625,136.30426025390625
127,1,281.96337890625,5.23695182800293,36.286285400390625,87.74008369445801
128,3,220.49856567382812,277.4959716796875,74.04122924804688,118.4844970703125
128,5,652.0081176757812,235.42237854003906,57.0440673828125,154.01243591308594
128,2,254.05751037597656,1.7608542442321777,27.591964721679688,80.34160089492798
128,7,579.5033569335938,267.294189453125,60.4151611328125,138.07275390625
128,8,448.26776123046875,278.9093322753906,66.3282470703125,182.34591674804688
128,6,496.12542724609375,262.8187561035156,40.1533203125,132.58917236328125
128,1,284.03887939453125,4.890734672546387,32.78546142578125,86.05600452423096
128,4,194.14137268066406,249.74118041992188,80.18592834472656,79.85195922851562
129,2,255.70098876953125,1.2536563873291016,28.127410888671875,81.30917930603027
129,3,227.28945922851562,283.4021911621094,74.07745361328125,120.31008911132812
129,5,646.0113525390625,231.97491455078125,60.96063232421875,152.437744140625
129,7,577.6747436523438,264.8743591308594,62.001953125,141.13494873046875
129,8,447.88677978515625,276.0474548339844,66.48388671875,177.83187866210938
129,1,286.9674377441406,4.548487186431885,28.692718505859375,86.75732183456421
129,6,496.1523742675781,257.92584228515625,40.451507568359375,132.56573486328125
129,4,192.569091796875,253.5740203857422,85.3720703125,88.27803039550781
130,2,257.53289794921875,1.4014939069747925,28.868194580078125,80.3014098405838
130,3,231.02674865722656,289.3062744140625,74.41975402832031,123.3138427734375
130,8,448.08172607421875,272.17437744140625,64.8199462890625,175.74575805664062
130,5,643.419189453125,228.50157165527344,62.27606201171875,147.9436798095703
130,7,575.1878662109375,262.98162841796875,63.23883056640625,142.3795166015625
130,1,289.39678955078125,0.25902125239372253,32.509246826171875,90.27903416752815
130,6,495.7051696777344,256.1150817871094,41.959442138671875,130.26296997070312
130,4,199.51353454589844,260.1053771972656,84.59040832519531,85.53195190429688
131,2,258.2527770996094,1.4589518308639526,29.8814697265625,80.29409992694855
131,3,237.5545196533203,296.25579833984375,74.96861267089844,123.58001708984375
131,5,644.4236450195312,225.81524658203125,59.98480224609375,139.381591796875
131,7,572.3042602539062,260.7809143066406,64.8197021484375,144.80422973632812
131,8,448.0063171386719,268.3182067871094,64.06521606445312,172.72665405273438
131,1,291.79071044921875,0.6371830105781555,34.691680908203125,89.71450155973434
131,6,492.5764465332031,253.27842712402344,44.701141357421875,152.6309356689453
131,4,201.87977600097656,265.01629638671875,100.03160095214844,134.07977294921875
132,2,259.8299560546875,2.0742032527923584,28.45037841796875,79.6262514591217
132,8,447.03033447265625,264.5844421386719,64.41342163085938,166.78292846679688
132,3,241.32337951660156,300.5589904785156,78.72221374511719,126.56625366210938
132,5,642.98388671875,223.0990753173828,61.52691650390625,139.4661407470703
132,1,292.2389831542969,2.088226556777954,44.416351318359375,86.83612036705017
132,7,572.3211669921875,258.9616394042969,63.2252197265625,146.2816162109375
132,6,491.8241882324219,251.37960815429688,45.817596435546875,153.93508911132812
132,4,209.9457244873047,269.4534606933594,89.96574401855469,86.65133666992188
133,8,447.1449279785156,262.4154968261719,64.11459350585938,158.25640869140625
133,5,640.4171142578125,220.9085235595703,62.665283203125,140.82582092285156
133,2,260.8264465332031,1.8148452043533325,28.301666259765625,79.8093079328537
133,1,290.43096923828125,1.9228706359863281,50.454376220703125,87.10036849975586
133,3,245.8523406982422,307.1271667480469,81.03443908691406,128.39947509765625
133,7,571.8320922851562,256.7576599121094,62.0699462890625,148.0391845703125
133,6,491.309326171875,248.8763427734375,46.11395263671875,153.92471313476562
133,4,213.58680725097656,274.9105224609375,88.63468933105469,87.16702270507812
134,8,445.644287109375,257.85498046875,65.47970581054688,160.77566528320312
134,5,637.6791381835938,218.18202209472656,62.5303955078125,143.4844512939453
134,3,254.7963409423828,314.47833251953125,78.49052429199219,126.16644287109375
134,2,261.5664978027344,3.7739105224609375,28.8819580078125,78.1900634765625
134,1,293.6647644042969,4.447211742401123,50.400726318359375,84.88739824295044
134,7,571.6802368164062,253.94595336914062,59.91534423828125,146.21176147460938
134,6,490.96136474609375,246.34132385253906,46.22601318359375,152.1716766357422
135,3,261.71319580078125,319.4638977050781,79.05047607421875,128.68264770507812
135,8,444.1545715332031,254.42955017089844,67.2431640625,165.1979522705078
135,2,262.8614501953125,3.640955924987793,29.455657958984375,77.8430757522583
135,5,634.3054809570312,215.6397705078125,63.75244140625,145.24996948242188
135,1,294.4737243652344,3.834052324295044,51.0504150390625,85.27717661857605
135,7,571.1947631835938,250.89552307128906,57.8367919921875,143.20802307128906
135,6,491.3377990722656,244.03445434570312,45.211334228515625,147.44119262695312
135,4,226.3444366455078,285.4954833984375,95.98646545410156,163.00546264648438
136,2,263.5076904296875,3.3610823154449463,31.401092529296875,78.66117262840271
136,1,296.47467041015625,3.863966226577759,49.724639892578125,85.15117812156677
136,3,266.8285217285156,325.33197021484375,81.15078735351562,131.70675659179688
136,5,634.2011108398438,214.0201416015625,62.9539794921875,146.78497314453125
136,8,441.48834228515625,251.82418823242188,70.14486694335938,167.51242065429688
136,6,490.159423828125,241.0464324951172,46.95086669921875,143.65187072753906
136,7,570.5341186523438,247.2483367919922,56.47430419921875,143.39649963378906
136,4,233.9665985107422,291.5777282714844,92.25105285644531,161.54736328125
137,3,279.4838562011719,332.799560546875,75.25442504882812,127.70513916015625
137,1,299.0417175292969,3.359842538833618,46.752227783203125,85.83792662620544
137,5,633.649169921875,211.73849487304688,62.564453125,148.73638916015625
137,2,263.791259765625,4.2203521728515625,32.420257568359375,79.15596771240234
137,8,438.86761474609375,249.3915252685547,72.69638061523438,170.0089569091797
137,6,490.602783203125,238.48907470703125,46.82830810546875,140.37435913085938
137,7,570.2136840820312,243.97203063964844,55.86572265625,140.12269592285156
137,4,240.2222900390625,296.59210205078125,95.92987060546875,165.47454833984375
138,5,633.8075561523438,209.62765502929688,61.1905517578125,150.96560668945312
138,3,282.9902038574219,338.8863525390625,79.12374877929688,132.37625122070312
138,1,302.1957702636719,3.071978807449341,43.2332763671875,83.48372340202332
138,2,264.70001220703125,3.7771530151367188,32.868743896484375,79.72434997558594
138,8,438.0354309082031,247.6014404296875,73.73361206054688,170.8817138671875
138,6,489.6826171875,235.83729553222656,47.7374267578125,134.6209259033203
138,7,569.1947631835938,240.15667724609375,56.59832763671875,133.42864990234375
138,4,244.94715881347656,303.5785217285156,96.43653869628906,165.69400024414062
139,3,291.87255859375,345.84197998046875,77.70736694335938,128.71200561523438
139,5,633.344970703125,206.47616577148438,60.335693359375,152.23269653320312
139,2,265.325927734375,3.5577476024627686,33.175079345703125,80.44692921638489
139,6,489.4560546875,231.70376586914062,46.61383056640625,137.979248046875
139,8,437.2276611328125,245.22203063964844,73.8067626953125,172.9943389892578
139,1,305.4950256347656,1.7225497961044312,43.201141357421875,83.00323450565338
139,7,568.7061157226562,237.5132293701172,56.781494140625,129.19004821777344
139,4,250.46922302246094,309.45538330078125,93.66844177246094,165.13134765625
140,5,633.0132446289062,203.75135803222656,60.1727294921875,149.5208282470703
140,3,301.8965759277344,353.1168518066406,75.21331787109375,117.8841552734375
140,2,266.03948974609375,3.2448220252990723,32.373931884765625,80.28992986679077
140,6,488.01043701171875,229.1200714111328,45.31500244140625,140.41090393066406
140,8,435.7525329589844,243.37644958496094,73.6519775390625,173.75230407714844
140,7,568.3574829101562,234.87088012695312,56.7471923828125,130.7318115234375
140,1,309.6180725097656,2.1026451587677,43.443878173828125,80.5923240184784
140,4,256.8745422363281,316.9223327636719,96.28536987304688,161.23196411132812
141,6,487.6700134277344,226.67263793945312,43.874420166015625,142.725341796875
141,2,266.6751403808594,3.1492228507995605,32.096649169921875,80.18775224685669
141,3,308.0855407714844,361.37066650390625,77.32232666015625,111.78884887695312
141,5,632.9835815429688,200.21127319335938,58.9910888671875,148.91531372070312
141,1,313.1258239746094,2.1849582195281982,42.381439208984375,79.76036190986633
141,7,567.5183715820312,231.62326049804688,56.8057861328125,135.104736328125
141,8,434.7292175292969,240.54339599609375,73.4700927734375,174.87213134765625
142,5,631.0862426757812,197.85682678222656,59.7615966796875,145.3621063232422
142,8,433.2862243652344,236.02723693847656,74.2989501953125,176.25062561035156
142,6,488.6214904785156,224.92686462402344,41.458343505859375,144.02186584472656
142,2,267.1811218261719,3.7727932929992676,31.68865966796875,78.62554502487183
142,1,315.0959777832031,1.6281981468200684,40.950286865234375,80.1641526222229
142,7,567.5049438476562,229.64559936523438,57.50311279296875,136.78662109375
142,3,316.97967529296875,368.5260009765625,75.67428588867188,104.6566162109375
142,4,268.3935241699219,329.59765625,98.09512329101562,147.5516357421875
143,5,630.9204711914062,195.2163543701172,58.7490234375,142.15196228027344
143,8,431.49920654296875,232.52456665039062,73.7508544921875,174.15328979492188
143,2,268.0292053222656,4.259766101837158,31.508453369140625,78.4991602897644
143,6,488.512451171875,223.47427368164062,40.875732421875,144.24984741210938
143,1,317.215087890625,0.9650731682777405,39.982513427734375,80.84046119451523
143,3,326.541748046875,375.4091796875,75.10946655273438,87.06732177734375
143,7,567.3633422851562,227.79527282714844,57.2177734375,138.86940002441406
143,4,273.58251953125,337.1558532714844,103.2093505859375,140.64340209960938
144,5,631.1452026367188,192.1863250732422,57.24560546875,136.89097595214844
144,8,430.9937744140625,228.69427490234375,72.82281494140625,172.69558715820312
144,1,318.3963623046875,0.5071978569030762,38.0477294921875,81.21192598342896
144,2,268.735595703125,3.516965866088867,31.323974609375,79.33592414855957
144,6,488.05181884765625,221.8484344482422,39.950439453125,144.46360778808594
144,3,330.95281982421875,382.73760986328125,80.10919189453125,90.77096557617188
144,7,567.0380859375,226.2452392578125,57.25640869140625,139.81246948242188
144,4,283.2314758300781,343.8102722167969,101.78997802734375,134.56878662109375
145,5,631.1861572265625,190.22669982910156,56.18487548828125,136.46543884277344
145,8,430.7258605957031,225.0330810546875,71.85739135742188,167.68533325195312
145,6,487.2607727050781,219.80270385742188,39.416412353515625,143.0421142578125
145,2,269.5844421386719,5.216255187988281,31.508514404296875,77.2314224243164
145,1,319.9132080078125,0.795566737651825,36.064544677734375,80.89638882875443
145,7,567.5228881835938,224.02700805664062,54.92010498046875,142.25469970703125
145,3,344.09417724609375,389.98760986328125,76.37997436523438,87.22280883789062
145,4,285.1651306152344,351.107666015625,108.68414306640625,127.7332763671875
146,8,431.04290771484375,221.113525390625,70.6466064453125,161.63449096679688
146,5,630.0810546875,188.15585327148438,56.1387939453125,137.35208129882812
146,6,486.1620178222656,216.8734893798828,39.557830810546875,141.29151916503906
146,2,270.0931091308594,4.981655120849609,35.725433349609375,77.47816848754883
146,1,321.5641174316406,0.9823669195175171,32.75152587890625,80.48949587345123
146,7,567.6544799804688,221.77561950683594,53.2003173828125,143.0282745361328
146,3,349.2190246582031,396.8958740234375,81.17315673828125,81.54415893554688
146,4,295.6676330566406,358.77630615234375,106.18441772460938,119.89736938476562
147,6,484.7523498535156,214.86203002929688,39.453704833984375,139.91751098632812
147,5,628.6845092773438,186.36607360839844,57.1527099609375,139.54954528808594
147,1,323.0675048828125,0.7147026062011719,31.327728271484375,81.0528450012207
147,8,433.42156982421875,218.82212829589844,66.94375610351562,155.1046905517578
147,2,271.4339599609375,3.399700403213501,38.04327392578125,79.31262564659119
147,7,567.7283325195312,217.83706665039062,52.8621826171875,142.94937133789062
147,3,359.8092041015625,405.4207458496094,80.06143188476562,73.79238891601562
147,4,303.81365966796875,366.5423278808594,108.93157958984375,112.52798461914062
148,6,482.9192199707031,212.25949096679688,40.679595947265625,135.2642822265625
148,5,624.4090576171875,184.2190704345703,59.47601318359375,141.9176483154297
148,1,324.7558288574219,0.6366345286369324,30.231109619140625,81.22795897722244
148,2,272.32525634765625,2.7303357124328613,40.915802001953125,79.78723478317261
148,8,435.37652587890625,216.65284729003906,64.57192993164062,154.9614715576172
148,7,567.554443359375,214.77459716796875,53.275634765625,141.0279541015625
148,3,367.50115966796875,413.3295593261719,77.74972534179688,65.98324584960938
148,4,303.5054016113281,373.2215881347656,114.07009887695312,105.39956665039062
149,6,481.9012756347656,207.55308532714844,40.456695556640625,134.18663024902344
149,5,621.0955810546875,182.33572387695312,61.23284912109375,142.80618286132812
149,1,326.05078125,0.28578972816467285,29.112884521484375,81.75764441490173
149,7,567.779296875,211.1996612548828,53.30682373046875,138.3811492919922
149,8,437.3746643066406,214.94363403320312,62.44036865234375,154.5452880859375
149,2,273.99639892578125,3.925636053085327,39.432342529296875,77.47243523597717
149,3,365.4415283203125,421.2978820800781,78.98876953125,57.80352783203125
149,4,315.5765075683594,381.38104248046875,115.74993896484375,97.63766479492188
150,5,619.7725830078125,180.78529357910156,60.9730224609375,144.3773956298828
150,1,326.7724304199219,0.48712342977523804,29.214080810546875,80.92579466104507
150,6,480.6064758300781,204.56777954101562,41.497833251953125,130.32449340820312
150,8,436.2846374511719,212.64453125,63.4541015625,158.29263305664062
150,7,567.1253662109375,208.10357666015625,53.0667724609375,137.67398071289062
150,2,273.9898986816406,1.752333641052246,39.51824951171875,80.28231143951416
150,4,319.5843200683594,388.255126953125,117.1507568359375,90.309814453125
150,3,388.1168212890625,429.57562255859375,61.15472412109375,49.50244140625
151,1,327.31610107421875,0.5099198818206787,29.1280517578125,79.0620481967926
151,5,624.7297973632812,179.06529235839844,54.4503173828125,145.3295135498047
151,8,437.22125244140625,210.16229248046875,61.2664794921875,160.52761840820312
151,6,478.7267150878906,202.18568420410156,43.682281494140625,129.9871063232422
151,2,274.6548767089844,1.1501641273498535,38.80120849609375,80.97077703475952
151,7,566.9214477539062,206.46302795410156,54.27374267578125,128.79981994628906
151,4,322.1839294433594,396.2792663574219,123.53179931640625,82.02197265625
151,3,398.7515563964844,437.8082275390625,55.964080810546875,40.819793701171875
152,5,621.7882080078125,177.63609313964844,57.04302978515625,145.3765411376953
152,1,328.4297180175781,0.5164072513580322,29.381561279296875,75.80595755577087
152,6,477.5750427246094,199.177490234375,46.010284423828125,128.15673828125
152,7,565.98876953125,203.8134002685547,53.29376220703125,128.54103088378906
152,2,279.6731262207031,0.5984346866607666,35.672454833984375,81.23454260826111
152,8,438.32489013671875,208.40419006347656,60.083160400390625,162.3142852783203
152,4,329.72259521484375,404.3924255371094,130.06240844726562,74.47573852539062
152,3,408.3752136230469,446.29986572265625,46.166107177734375,32.7139892578125
153,1,328.8270263671875,0.6719006299972534,31.087921142578125,73.85236847400665
153,5,621.71044921875,176.58360290527344,53.7459716796875,142.86949157714844
153,7,564.7754516601562,200.04766845703125,53.79693603515625,129.40939331054688
153,6,477.283203125,198.65025329589844,48.18267822265625,123.58091735839844
153,2,281.8398132324219,0.5640257000923157,33.68511962890625,81.16616839170456
153,8,438.94464111328125,206.55584716796875,58.303466796875,163.87881469726562
153,4,333.21392822265625,412.5298767089844,133.76663208007812,66.37222290039062
153,3,422.7944030761719,455.3177490234375,36.119110107421875,23.613525390625
154,5,623.625244140625,172.92840576171875,48.15447998046875,142.10061645507812
154,7,562.92724609375,199.771728515625,54.488525390625,131.6693115234375
154,1,329.82928466796875,0.4476378262042999,31.708251953125,72.88812419772148
154,2,284.5003662109375,0.4378570020198822,32.457366943359375,81.7616516649723
154,6,476.9266662597656,195.98486328125,48.863677978515625,127.48724365234375
154,8,438.7230529785156,204.75765991210938,56.459991455078125,165.5140380859375
154,4,336.943603515625,419.7550354003906,140.59933471679688,57.958465576171875
154,10,272.3406066894531,29.277042388916016,16.751678466796875,48.081058502197266
154,3,434.5158386230469,464.5472717285156,28.08465576171875,13.944488525390625
155,5,618.7075805664062,170.63064575195312,52.21636962890625,141.27883911132812
155,7,560.7726440429688,197.19305419921875,56.10784912109375,134.605712890625
155,1,330.88372802734375,0.4873989522457123,32.826934814453125,72.04079166054726
155,2,286.6322326660156,0.3939095437526703,32.346038818359375,81.33377447724342
155,6,476.2484436035156,193.92530822753906,48.481292724609375,140.62147521972656
155,8,437.9378967285156,202.37945556640625,56.466033935546875,166.52093505859375
155,4,345.70892333984375,428.0047302246094,140.81521606445312,50.208648681640625
156,7,559.0232543945312,195.9657440185547,57.046142578125,135.4293975830078
156,2,287.4776306152344,0.22896188497543335,31.201934814453125,80.6875496506691
156,5,618.7889404296875,170.35675048828125,50.568603515625,134.56063842773438
156,6,476.732421875,192.141357421875,46.94537353515625,142.14694213867188
156,8,438.3299865722656,199.85089111328125,55.682586669921875,167.40365600585938
156,1,331.53369140625,0.38472822308540344,34.3848876953125,71.75014421343803
156,4,354.1798095703125,436.8594055175781,142.97103881835938,41.910919189453125
157,7,558.0230712890625,194.2469482421875,57.49945068359375,136.42843627929688
157,5,618.3273315429688,166.03648376464844,51.2335205078125,132.4618682861328
157,6,477.27423095703125,190.470703125,45.12615966796875,142.76083374023438
157,8,437.5523681640625,196.86660766601562,55.452301025390625,168.49966430664062
157,2,289.47216796875,0.09226487576961517,30.651458740234375,80.69205977022648
157,1,332.30615234375,0.2707587778568268,35.257476806640625,72.25261005759239
157,4,383.16851806640625,445.0027770996094,125.6395263671875,33.78118896484375
158,2,291.2900695800781,0.16290169954299927,29.44476318359375,80.98585623502731
158,5,617.0448608398438,163.30299377441406,51.9622802734375,129.8825225830078
158,7,557.391845703125,192.320068359375,56.23504638671875,137.3353271484375
158,6,477.75628662109375,188.25128173828125,44.02203369140625,142.50424194335938
158,8,435.4369812011719,194.42933654785156,56.139801025390625,161.97328186035156
158,1,333.6239318847656,0.23048998415470123,35.658843994140625,71.56730054318905
158,4,404.4704284667969,453.5575256347656,117.01339721679688,25.16766357421875
159,5,613.7633666992188,161.55307006835938,55.0548095703125,130.47262573242188
159,6,478.0002136230469,185.5691375732422,44.332672119140625,138.4953155517578
159,2,292.93743896484375,0.025179149582982063,28.443878173828125,81.2118508797139
159,7,557.3001708984375,190.48577880859375,54.4923095703125,135.80374145507812
159,8,434.6649169921875,191.6326446533203,56.068145751953125,161.8007354736328
159,1,334.0934753417969,0.16864928603172302,36.764434814453125,71.53014984726906
159,4,419.62725830078125,462.180908203125,111.35784912109375,17.080230712890625
160,5,612.3082885742188,159.24534606933594,55.26654052734375,132.72218322753906
160,8,433.8053894042969,188.69967651367188,55.71923828125,158.07305908203125
160,6,478.0689392089844,183.7821807861328,45.058074951171875,129.66554260253906
160,2,294.16937255859375,0.18582569062709808,28.744171142578125,80.35963787138462
160,7,555.8455810546875,188.139892578125,54.57562255859375,133.52099609375
160,1,334.8402099609375,0.0,36.986724853515625,71.89421844482422
161,5,610.8576049804688,157.56124877929688,55.74078369140625,135.415283203125
161,8,431.8317565917969,185.3773193359375,56.743408203125,154.01275634765625
161,6,477.91571044921875,182.36651611328125,46.2215576171875,125.6658935546875
161,7,555.0993041992188,185.64059448242188,52.4964599609375,133.78152465820312
161,2,295.1374816894531,0.30010637640953064,29.111419677734375,80.39022412896156
161,1,335.38726806640625,0.21997953951358795,38.014007568359375,71.90251801908016
162,5,609.2013549804688,156.7002716064453,57.4630126953125,135.49595642089844
162,8,430.88739013671875,182.37283325195312,56.458709716796875,148.570068359375
162,6,477.97052001953125,179.20755004882812,47.08660888671875,128.00979614257812
162,7,553.5357055664062,184.7588348388672,52.054443359375,126.36167907714844
162,1,335.79443359375,0.0,39.711456298828125,71.24748992919922
162,2,295.7191467285156,0.16779722273349762,29.317108154296875,79.417041644454
163,5,608.593994140625,156.2988739013672,58.70660400390625,137.43675231933594
163,8,430.8250732421875,180.82223510742188,55.52593994140625,145.12185668945312
163,6,477.9476318359375,177.7473907470703,46.87847900390625,126.13349914550781
163,7,552.1342163085938,181.67330932617188,52.2054443359375,125.17092895507812
163,2,296.56494140625,0.1911293864250183,30.171417236328125,77.55289679765701
163,1,336.32904052734375,0.0,40.695709228515625,70.3308334350586
164,5,609.22314453125,153.89210510253906,57.4039306640625,137.12403869628906
164,8,428.69952392578125,178.68112182617188,57.38555908203125,146.57540893554688
164,6,477.2771301269531,174.9554901123047,46.715667724609375,127.77745056152344
164,7,551.8524780273438,178.82667541503906,52.5574951171875,122.22972106933594
164,2,297.8548889160156,0.4355508089065552,31.17535400390625,71.66550815105438
164,1,337.9916687011719,0.0,39.3233642578125,68.88741302490234
165,8,425.61474609375,177.671142578125,60.07379150390625,148.7657470703125
165,5,610.238525390625,152.3887481689453,55.9599609375,137.19020080566406
165,6,476.8186950683594,173.31549072265625,46.691558837890625,127.6573486328125
165,7,549.4169921875,177.14187622070312,54.77850341796875,122.3299560546875
165,2,298.8304138183594,0.0,30.70123291015625,75.0759506225586
165,1,339.6180725097656,0.0,38.075103759765625,69.65234375
166,8,422.0672302246094,175.74229431152344,63.30023193359375,150.9967803955078
166,6,476.41400146484375,171.51577758789062,46.77886962890625,130.467041015625
166,5,610.77734375,150.11180114746094,55.73681640625,136.4151153564453
166,7,548.4902954101562,174.98410034179688,53.407958984375,125.0064697265625
166,2,301.7923889160156,0.20249444246292114,29.319671630859375,71.79995459318161
166,1,340.7169189453125,0.0715603157877922,36.953338623046875,68.22485692054033
167,8,420.1465148925781,173.49842834472656,64.49420166015625,152.85633850097656
167,6,476.71905517578125,170.0310516357422,45.89593505859375,133.46519470214844
167,5,610.5968627929688,147.212890625,55.103515625,136.9825439453125
167,7,547.990478515625,173.8408660888672,52.8292236328125,125.84788513183594
167,2,302.10302734375,0.14923301339149475,30.24176025390625,70.5474451482296
167,1,341.95196533203125,0.06348360329866409,34.7373046875,65.20642148703337
168,8,418.11822509765625,171.40855407714844,65.84469604492188,154.57542419433594
168,6,476.9308776855469,169.2019805908203,45.009429931640625,133.35716247558594
168,5,609.7446899414062,144.402587890625,54.6864013671875,136.232666015625
168,7,547.5020751953125,172.37747192382812,52.24566650390625,127.15292358398438
168,2,302.2239685058594,0.06985364109277725,31.862884521484375,70.34041704982519
168,1,343.1765441894531,0.05297315493226051,33.24932861328125,63.99917375668883
169,5,609.9896240234375,141.67164611816406,52.74835205078125,132.6690216064453
169,6,477.4367980957031,167.7844696044922,43.622711181640625,133.21165466308594
169,8,416.0370178222656,169.392333984375,67.40945434570312,155.480224609375
169,7,546.4219970703125,171.64356994628906,51.5028076171875,127.85615539550781
169,2,303.50701904296875,0.21215027570724487,31.191650390625,69.84960204362869
169,1,343.3845520019531,0.07298381626605988,31.274658203125,62.24922077357769
170,5,610.6852416992188,140.3138885498047,50.92999267578125,129.2942657470703
170,6,476.8602600097656,166.05963134765625,42.575286865234375,134.17364501953125
170,8,413.8674621582031,166.976318359375,68.98492431640625,157.89035034179688
170,7,547.0286865234375,170.1162109375,50.0555419921875,128.26858520507812
170,2,302.7140808105469,0.1226864904165268,32.922393798828125,69.74708737432957
170,1,343.52813720703125,0.0,29.2945556640625,61.70699691772461
171,5,611.72216796875,138.87388610839844,48.48583984375,125.53263854980469
171,8,412.9108581542969,164.8045196533203,69.17434692382812,156.85914611816406
171,6,475.9736328125,163.28634643554688,42.105224609375,132.87991333007812
171,7,545.8928833007812,168.30181884765625,50.27105712890625,130.03469848632812
171,2,304.12908935546875,0.0,34.150848388671875,68.22770690917969
171,1,343.76019287109375,0.0,28.31719970703125,61.11142349243164
172,8,413.1361083984375,161.62384033203125,66.96218872070312,157.51043701171875
172,6,475.3340148925781,162.05209350585938,40.685394287109375,128.72573852539062
172,5,611.5420532226562,137.26661682128906,47.49017333984375,125.56517028808594
172,7,546.02880859375,166.0382843017578,48.0653076171875,129.9220733642578
172,2,304.4656982421875,0.0,36.419677734375,69.0890884399414
172,1,344.0145568847656,0.036909010261297226,27.8846435546875,60.87129030004144
173,8,414.55230712890625,159.34378051757812,63.796295166015625,154.75015258789062
173,5,610.1756591796875,135.4382781982422,47.7427978515625,128.7685089111328
173,6,474.6711120605469,159.50816345214844,40.625335693359375,123.78239440917969
173,7,545.5484008789062,163.20272827148438,48.270751953125,130.05319213867188
173,2,305.3916931152344,0.0020638229325413704,37.966522216796875,68.85048286896199
173,1,344.8097229003906,0.07470069825649261,27.21734619140625,60.84845985472202
174,8,414.6314392089844,155.99810791015625,63.16094970703125,153.78768920898438
174,7,545.1469116210938,160.6831512451172,48.104736328125,128.4612274169922
174,5,608.4013671875,133.72384643554688,49.46685791015625,130.65850830078125
174,6,473.8564453125,156.64114379882812,40.88507080078125,122.85159301757812
174,2,306.02630615234375,0.10486210137605667,37.06414794921875,69.40534602850676
174,1,345.2094421386719,0.0817110612988472,27.140380859375,61.449432127177715
175,8,417.24566650390625,154.39207458496094,60.086029052734375,148.53135681152344
175,7,544.9065551757812,158.41371154785156,47.76263427734375,125.62718200683594
175,6,472.9171142578125,154.32789611816406,41.741455078125,124.16593933105469
175,5,606.0218505859375,132.0198516845703,51.41064453125,132.29432678222656
175,2,307.42572021484375,0.07307310402393341,36.1004638671875,68.89989595115185
175,1,345.49169921875,0.025612832978367805,26.63128662109375,61.63589381985366
176,8,419.39251708984375,152.41091918945312,58.0841064453125,142.55609130859375
176,5,603.8711547851562,130.77745056152344,52.4521484375,133.7073211669922
176,7,544.7308959960938,156.91885375976562,47.7259521484375,120.11325073242188
176,6,472.48553466796875,152.55577087402344,42.25311279296875,123.50059509277344
176,2,308.1289367675781,0.28340956568717957,35.28216552734375,68.43268540501595
176,1,345.9294128417969,0.005367469973862171,26.4261474609375,61.68977718334645
177,8,422.37200927734375,150.70787048339844,54.39276123046875,138.2303924560547
177,6,471.2642822265625,150.75865173339844,44.23974609375,123.21257019042969
177,7,544.1846313476562,154.4279327392578,47.82330322265625,118.07539367675781
177,5,604.9091186523438,129.92942810058594,50.58990478515625,133.14353942871094
177,2,308.8400573730469,0.42075711488723755,34.666412353515625,67.11728304624557
177,1,346.1907958984375,0.013946748338639736,26.640625,61.48752572480589
178,8,424.2448425292969,149.04603576660156,52.499237060546875,138.41371154785156
178,7,543.302001953125,152.08218383789062,47.556640625,118.4168701171875
178,6,470.8155822753906,149.10984802246094,44.890106201171875,123.59291076660156
178,5,604.9437255859375,128.30223083496094,49.19952392578125,134.02308654785156
178,2,310.4351806640625,0.10433658212423325,33.0968017578125,66.75993648916483
178,1,346.7361145019531,0.08583615720272064,26.143951416015625,60.49679781496525
179,8,424.9488525390625,147.28573608398438,51.5264892578125,140.34097290039062
179,6,470.4284362792969,147.74574279785156,45.458404541015625,124.75733947753906
179,7,541.90185546875,150.77516174316406,47.467041015625,119.94572448730469
179,5,604.5145874023438,126.71700286865234,47.21807861328125,131.0549087524414
179,2,311.6861267089844,0.04001367464661598,32.44573974609375,63.722601529210806
179,1,347.2063293457031,0.13234741985797882,26.83148193359375,58.775668784976006
180,8,424.9619140625,146.26397705078125,50.6728515625,142.08975219726562
180,7,539.1141967773438,149.2516632080078,49.74493408203125,121.47334289550781
180,6,470.3918151855469,145.985595703125,45.448150634765625,124.31558227539062
180,5,604.5519409179688,124.70691680908203,45.7008056640625,130.11522674560547
180,2,313.9471130371094,0.10492842644453049,31.22760009765625,62.142939157783985
180,1,347.7919006347656,0.2568783462047577,27.23614501953125,55.42107728123665
181,7,536.45751953125,147.83724975585938,50.3485107421875,123.490478515625
181,8,425.02081298828125,145.0630645751953,50.35797119140625,144.21531677246094
181,6,471.0754699707031,145.44549560546875,43.985931396484375,128.18902587890625
181,5,604.0330810546875,123.19562530517578,45.3309326171875,121.20421600341797
181,2,315.3321838378906,0.05380480736494064,30.45355224609375,60.33377606421709
181,1,348.659423828125,0.21024717390537262,28.48590087890625,53.54392610490322
182,6,472.7586364746094,143.7224578857422,41.254364013671875,129.4458770751953
182,8,425.88507080078125,143.8942413330078,48.589141845703125,143.8567352294922
182,7,535.1971435546875,148.09715270996094,50.25518798828125,122.29365539550781
182,5,603.3204345703125,120.90396118164062,45.45452880859375,121.38475036621094
182,2,315.8502197265625,0.23226298391819,30.955657958984375,59.087923631072044
182,1,349.0164489746094,0.07443538308143616,30.6795654296875,52.64012607932091
183,7,535.6503295898438,145.98013305664062,46.1888427734375,124.4100341796875
183,8,426.51055908203125,142.57443237304688,48.258331298828125,144.93731689453125
183,5,601.0681762695312,119.30146026611328,47.37725830078125,121.52672576904297
183,6,473.76507568359375,141.5115203857422,39.625,130.86439514160156
183,2,317.93621826171875,0.18592773377895355,29.899200439453125,58.37645782530308
183,1,348.5130920410156,0.01559984777122736,33.925537109375,52.3110793819651
184,7,535.3660888671875,144.06527709960938,45.82012939453125,125.04971313476562
184,5,599.7407836914062,118.19928741455078,48.50592041015625,120.27022552490234
184,6,473.7180480957031,141.14207458496094,39.215301513671875,127.03324890136719
184,8,427.258544921875,140.99917602539062,46.884735107421875,147.3211669921875
184,2,318.79736328125,0.21516820788383484,29.51641845703125,57.191318303346634
184,1,349.39599609375,0.0,33.530548095703125,51.86159896850586
185,5,598.8634033203125,116.7460708618164,47.68548583984375,121.00064849853516
185,7,535.5388793945312,141.07945251464844,44.92041015625,125.28587341308594
185,8,427.772216796875,138.95970153808594,47.144683837890625,147.4070281982422
185,6,473.7222900390625,139.83694458007812,39.01446533203125,125.01010131835938
185,2,318.932861328125,0.22913281619548798,30.451812744140625,57.54413302242756
185,1,349.6886901855469,0.0,34.318572998046875,52.0456428527832
186,5,597.3367919921875,115.0385971069336,48.1256103515625,122.61249542236328
186,7,535.9786987304688,140.8987274169922,43.165771484375,122.34519958496094
186,6,473.68109130859375,138.18849182128906,39.376953125,121.47813415527344
186,8,428.4707336425781,137.1156768798828,45.017608642578125,145.85923767089844
186,2,319.8052062988281,0.2051348090171814,29.72564697265625,57.298164904117584
186,1,350.3868103027344,0.0,33.8212890625,52.37260437011719
187,5,596.5015258789062,113.89588165283203,48.46063232421875,124.50914764404297
187,7,535.6376953125,139.081787109375,43.6895751953125,120.58627319335938
187,6,473.30682373046875,136.55154418945312,40.2105712890625,118.490478515625
187,8,427.2531433105469,134.6106719970703,45.985382080078125,146.38218688964844
187,2,320.2474670410156,0.1927773803472519,29.597137451171875,57.57597567141056
187,1,350.89447021484375,0.0,33.714324951171875,51.94293212890625
188,5,596.64013671875,111.80194091796875,48.011474609375,125.94874572753906
188,7,535.1646728515625,136.54348754882812,44.172607421875,118.09025573730469
188,6,471.8213195800781,134.0930938720703,42.268890380859375,118.5614013671875
188,8,427.98828125,132.09628295898438,44.710723876953125,147.83990478515625
188,2,321.6558532714844,0.13727866113185883,28.1116943359375,57.34842003881931
188,1,351.5446472167969,0.0,33.076263427734375,51.87526321411133
189,5,595.843505859375,110.96285247802734,48.22906494140625,126.5163345336914
189,6,471.1036682128906,131.64535522460938,43.618133544921875,120.22361755371094
189,7,532.306884765625,134.4628448486328,46.1785888671875,115.26145935058594
189,8,428.3357849121094,129.3484344482422,44.82855224609375,141.6505889892578
189,2,321.9024963378906,0.17693772912025452,28.45452880859375,57.53723844885826
189,1,352.4571533203125,0.020839763805270195,32.1702880859375,51.35190956480801
190,5,595.6333618164062,110.09297943115234,48.0430908203125,126.83719635009766
190,6,471.198974609375,129.67288208007812,44.535888671875,121.63203430175781
190,8,427.64154052734375,127.41592407226562,45.404693603515625,138.29461669921875
190,7,529.2788696289062,132.9123992919922,48.77178955078125,114.00228881835938
190,2,323.16748046875,0.16520532965660095,27.440093994140625,57.00915685296059
190,1,353.5414733886719,0.08129268139600754,32.662384033203125,49.964254803955555
191,6,471.8153076171875,127.96583557128906,43.22857666015625,121.54899597167969
191,5,596.4830932617188,108.71898651123047,47.31011962890625,126.88373565673828
191,8,426.95257568359375,125.03805541992188,46.5931396484375,132.74325561523438
191,7,526.5554809570312,131.6793670654297,51.17327880859375,114.02143859863281
191,2,323.93328857421875,0.11992622166872025,26.71905517578125,55.922916643321514
191,1,355.0092468261719,0.18405523896217346,31.1505126953125,49.392265409231186
192,6,471.6187438964844,127.09679412841797,42.395172119140625,124.94266510009766
192,5,596.427734375,107.33728790283203,47.54949951171875,125.13886260986328
192,8,428.13104248046875,123.4293212890625,45.204559326171875,132.0458984375
192,7,525.5721435546875,130.34246826171875,51.96746826171875,116.05511474609375
192,2,324.33135986328125,0.1671569049358368,26.769805908203125,53.97209480404854
192,1,356.3637390136719,0.17455758154392242,30.53253173828125,48.238879308104515
