0,1,220.39561462402344,45.90305709838867,40.93489074707031,106.61661148071289
0,2,239.52476501464844,40.53669738769531,36.82337951660156,98.79426574707031
1,1,220.39540100097656,45.909942626953125,40.94279479980469,106.6671142578125
1,2,239.52247619628906,40.51165008544922,36.82884216308594,98.84064483642578
2,2,241.47763061523438,42.55025863647461,36.604583740234375,97.49248123168945
2,1,222.48789978027344,48.00226593017578,40.31571960449219,105.40032196044922
3,1,224.44607543945312,46.673213958740234,40.186676025390625,106.43201065063477
3,2,243.08131408691406,42.416099548339844,39.83821105957031,99.9463882446289
4,2,245.0070343017578,44.77289962768555,41.20555114746094,99.30820083618164
4,1,225.7334747314453,47.26725769042969,39.40031433105469,106.30867004394531
5,1,228.3995361328125,47.797210693359375,38.845855712890625,106.04231262207031
5,2,245.52496337890625,45.55067443847656,43.82574462890625,99.51712036132812
6,1,230.49386596679688,47.2212028503418,35.372406005859375,105.98407363891602
6,2,247.24867248535156,45.77528381347656,45.61479187011719,101.13613891601562
7,1,232.84942626953125,47.72195816040039,32.9771728515625,106.8942985534668
7,2,250.1977996826172,46.74375534057617,42.99671936035156,98.11923599243164
8,1,234.37545776367188,47.81489181518555,31.842376708984375,106.23747634887695
8,2,252.32371520996094,46.77518081665039,41.57200622558594,98.3890495300293
9,2,255.56129455566406,46.830543518066406,40.06712341308594,97.36437225341797
9,1,236.37454223632812,46.5063591003418,32.486907958984375,107.71075820922852
10,2,256.0299072265625,45.883670806884766,40.62078857421875,98.72494125366211
10,1,238.16697692871094,47.58106231689453,33.49018859863281,104.93497467041016
11,1,240.53985595703125,48.77348709106445,32.9842529296875,104.10500717163086
11,2,258.81024169921875,46.05951690673828,38.87255859375,98.2613754272461
12,2,261.68963623046875,46.32623291015625,38.73828125,97.92301940917969
12,1,242.10508728027344,49.362117767333984,34.97969055175781,103.98012161254883
13,2,263.83880615234375,46.596099853515625,38.27374267578125,96.70289611816406
13,1,244.27427673339844,49.24763107299805,39.07707214355469,105.3366584777832
14,2,266.54217529296875,47.254947662353516,37.127960205078125,93.81698226928711
14,1,247.0225830078125,51.031253814697266,42.10693359375,103.73887252807617
15,2,268.4280700683594,48.87716293334961,36.93402099609375,94.39059829711914
15,1,248.12667846679688,51.32450866699219,44.289825439453125,104.93995666503906
16,2,270.0712890625,50.00907516479492,45.070953369140625,93.71069717407227
16,1,249.29840087890625,52.726318359375,43.53076171875,105.44834899902344
17,2,272.61566162109375,51.14841079711914,47.84344482421875,93.23806381225586
17,1,249.1250457763672,52.986087799072266,44.32695007324219,106.4323844909668
18,2,274.7021789550781,51.968101501464844,52.131011962890625,93.13549041748047
18,1,249.9735565185547,52.27790832519531,45.00349426269531,107.77102661132812
19,2,276.844970703125,52.958702087402344,51.06549072265625,93.51042938232422
19,1,250.90020751953125,53.08650588989258,44.494293212890625,107.38309860229492
20,2,279.9125061035156,53.2468147277832,50.111572265625,93.11983871459961
20,1,252.9185028076172,53.29737091064453,43.25953674316406,105.98345184326172
21,1,256.0853576660156,53.688175201416016,39.941986083984375,105.52987289428711
21,2,282.4435119628906,52.94730758666992,46.783782958984375,94.35037612915039
22,2,284.9115295410156,51.77057647705078,44.453033447265625,95.42987823486328
22,1,259.9700622558594,55.988304138183594,36.009613037109375,103.62053680419922
22,3,271.910888671875,27.769561767578125,28.961456298828125,41.20885467529297
23,2,286.1984558105469,51.30246353149414,44.335968017578125,96.19245529174805
23,1,262.5827331542969,56.501991271972656,33.640625,103.64948272705078
23,3,272.4885559082031,28.304641723632812,27.39508056640625,44.69005584716797
24,2,288.6413269042969,51.117408752441406,42.234771728515625,96.67513275146484
24,1,264.10760498046875,56.48469543457031,33.020782470703125,103.98851013183594
25,2,290.9547119140625,48.048282623291016,40.381591796875,99.6463737487793
25,1,266.34771728515625,56.1955451965332,32.13787841796875,104.13241195678711
26,2,292.48663330078125,47.52157211303711,40.1517333984375,100.71014785766602
26,1,267.3614501953125,56.57791519165039,33.18035888671875,107.43319320678711
27,1,269.8965148925781,57.892635345458984,32.0830078125,104.27334976196289
27,2,293.5700988769531,46.999263763427734,38.670562744140625,101.2014045715332
28,1,272.319580078125,55.65424346923828,38.647216796875,110.81327056884766
28,2,295.9545593261719,47.79779052734375,38.4796142578125,100.69755554199219
29,1,275.50347900390625,56.589508056640625,42.839599609375,109.90553283691406
29,2,298.3437805175781,48.73717498779297,38.112640380859375,101.42066192626953
30,1,279.25811767578125,56.87823486328125,43.106292724609375,107.90460205078125
30,2,301.966552734375,49.305477142333984,34.995086669921875,103.50494766235352
31,1,280.09869384765625,57.6314811706543,45.27349853515625,107.92914199829102
31,2,304.3179931640625,50.13054275512695,36.457855224609375,103.96895980834961
32,1,280.8606872558594,57.45243453979492,46.8853759765625,108.96452713012695
32,2,306.5003356933594,50.608116149902344,38.187835693359375,108.09908294677734
33,1,281.1716003417969,56.76432800292969,48.51812744140625,110.15203857421875
33,2,308.3438720703125,51.8618278503418,41.769500732421875,107.47383499145508
34,2,311.14678955078125,52.50788497924805,41.800445556640625,106.82426834106445
34,1,282.41485595703125,56.599308013916016,47.534271240234375,110.0880241394043
35,2,313.7190856933594,53.60848617553711,41.384735107421875,106.97458267211914
35,1,286.2545166015625,56.623714447021484,44.7293701171875,110.34346389770508
36,1,290.4562072753906,57.582374572753906,38.9635009765625,109.69750213623047
36,2,315.72393798828125,54.443626403808594,42.220428466796875,106.78072357177734
37,1,294.89959716796875,57.485321044921875,36.164154052734375,109.80157470703125
37,2,317.42254638671875,55.270751953125,41.564971923828125,106.51512145996094
38,1,300.5897521972656,58.256813049316406,30.40283203125,109.13660430908203
38,2,320.6053161621094,56.16499328613281,42.37664794921875,105.29328918457031
39,2,322.1167907714844,56.258724212646484,43.40203857421875,103.98183059692383
39,1,302.7430419921875,58.2369384765625,31.195343017578125,107.58564758300781
40,2,325.75506591796875,56.398921966552734,41.674835205078125,104.31198501586914
40,1,304.9779968261719,58.27068328857422,31.55096435546875,107.97411346435547
41,2,328.42034912109375,56.652687072753906,40.066558837890625,104.0285873413086
41,1,306.688232421875,59.256248474121094,31.2882080078125,107.3041763305664
42,1,309.3020935058594,59.71965789794922,34.28680419921875,107.50733184814453
42,2,331.2988586425781,56.262939453125,37.3648681640625,105.33926391601562
43,1,311.4538879394531,59.94914245605469,39.588043212890625,107.28329467773438
43,2,333.0167541503906,56.668514251708984,36.482391357421875,102.96059036254883
44,1,313.35614013671875,59.89684295654297,41.668731689453125,108.58768463134766
44,2,335.8475036621094,57.34465408325195,37.218170166015625,97.92751693725586
45,1,313.99078369140625,60.12394332885742,48.44403076171875,109.79990005493164
45,2,338.68292236328125,57.9500617980957,37.211883544921875,100.52563095092773
46,1,314.61114501953125,61.284629821777344,50.558380126953125,109.12963104248047
46,2,340.46356201171875,58.1400032043457,45.0225830078125,103.06063461303711
47,1,313.5414123535156,63.4838981628418,52.2100830078125,110.20277786254883
47,2,343.1596374511719,59.02043151855469,48.8641357421875,101.15716552734375
48,1,314.8583984375,62.32241439819336,53.005950927734375,112.34463882446289
48,2,345.0317077636719,60.09060287475586,53.778564453125,101.39406204223633
49,1,316.7346496582031,61.855613708496094,51.1422119140625,112.8260726928711
49,2,347.61602783203125,60.62333679199219,52.30877685546875,102.96598815917969
50,1,318.42169189453125,63.900630950927734,48.65484619140625,110.76248550415039
50,2,351.64453125,60.792152404785156,48.12762451171875,103.8123550415039
51,1,322.71746826171875,63.98515701293945,43.755462646484375,110.78997421264648
51,2,354.5820617675781,61.38417053222656,47.479766845703125,103.28829956054688
52,2,356.571044921875,60.47188186645508,45.165771484375,104.6975212097168
52,1,327.7622375488281,63.241912841796875,39.39404296875,112.07974243164062
53,2,359.5251159667969,59.722713470458984,42.597381591796875,104.78430557250977
53,1,332.8035888671875,62.49363708496094,35.229034423828125,111.87541198730469
54,2,362.9524230957031,60.36969757080078,38.64111328125,104.08414459228516
54,1,338.1519470214844,62.381839752197266,30.455169677734375,112.54870223999023
55,2,365.1441650390625,60.090370178222656,36.343048095703125,104.37545013427734
55,1,343.2241516113281,63.167415618896484,26.8843994140625,113.06473159790039
56,2,366.9867248535156,59.62065887451172,35.97607421875,105.37091827392578
56,1,345.994873046875,63.924991607666016,27.423004150390625,113.6792106628418
57,2,368.8927917480469,59.433860778808594,36.32818603515625,106.41075897216797
57,1,348.098876953125,63.98550796508789,28.20587158203125,114.73269271850586
58,1,350.3611145019531,64.44659423828125,34.853607177734375,116.11370849609375
58,2,371.524169921875,59.50116729736328,36.51806640625,104.75875091552734
59,1,350.7452697753906,65.38916778564453,43.779144287109375,115.90727996826172
59,2,374.0076599121094,61.141780853271484,35.24755859375,105.49997329711914
60,1,351.5797119140625,67.62026977539062,48.923065185546875,111.72711181640625
60,2,376.7461242675781,61.84355163574219,34.085113525390625,111.17098999023438
61,2,378.59686279296875,62.8489990234375,35.435333251953125,107.38694763183594
61,1,351.3476257324219,67.4187240600586,52.542510986328125,112.3014907836914
62,1,351.1457824707031,67.51416778564453,53.947509765625,111.90203094482422
62,2,381.296875,65.13706970214844,39.35052490234375,110.76527404785156
63,1,352.091064453125,70.31535339355469,55.7864990234375,108.85824584960938
63,2,384.3890380859375,66.49839782714844,40.496185302734375,110.62840270996094
64,1,354.1639709472656,69.48037719726562,54.78826904296875,109.91427612304688
64,2,387.8365783691406,68.1528091430664,40.69921875,110.31755828857422
65,1,358.0216369628906,69.4367904663086,51.4151611328125,110.45276641845703
65,2,389.5512390136719,68.55134582519531,41.7550048828125,110.74072265625
66,1,362.8958435058594,70.21023559570312,46.47119140625,109.76806640625
66,2,393.1445007324219,68.17594146728516,39.4248046875,112.1086654663086
67,1,369.41485595703125,70.59465789794922,40.048004150390625,110.03992462158203
67,2,395.533935546875,68.44925689697266,37.78961181640625,112.15637969970703
68,2,398.14306640625,70.04134368896484,34.945953369140625,110.8964614868164
68,1,377.10784912109375,70.79381561279297,31.033203125,109.4699935913086
69,2,400.28985595703125,69.57976531982422,34.03033447265625,109.77057647705078
69,1,380.73138427734375,71.11790466308594,29.45391845703125,110.04110717773438
70,2,403.3003234863281,70.2315902709961,32.18939208984375,108.9091567993164
70,1,383.15960693359375,71.1492919921875,29.600433349609375,109.50199890136719
71,1,385.4784851074219,71.72810363769531,40.7667236328125,109.32792663574219
71,2,405.17572021484375,69.62693786621094,33.91375732421875,108.95622253417969
72,1,387.6091003417969,72.8012924194336,34.436370849609375,108.0828628540039
72,2,408.1287536621094,70.30387878417969,34.333282470703125,106.91343688964844
73,1,389.6020812988281,73.19835662841797,40.70184326171875,109.35282135009766
73,2,411.21466064453125,72.2724380493164,34.361602783203125,102.86043548583984
74,1,391.42840576171875,73.72329711914062,42.993255615234375,113.40104675292969
74,2,413.83978271484375,72.52252960205078,34.79730224609375,103.8686294555664
75,1,392.3724060058594,74.95228576660156,45.80169677734375,115.40188598632812
75,2,416.6943054199219,72.61283111572266,40.033477783203125,107.96219635009766
76,1,392.9072265625,75.981201171875,46.63714599609375,115.88067626953125
76,2,419.8128967285156,73.59391784667969,44.51507568359375,107.87590026855469
77,2,422.4424743652344,75.03555297851562,49.273223876953125,106.99420166015625
77,1,393.0090637207031,77.58081817626953,46.2974853515625,117.3924331665039
78,2,424.8764953613281,76.80386352539062,51.178955078125,106.72966003417969
78,1,393.5836486816406,77.33818054199219,47.744110107421875,119.7105712890625
79,2,428.2770690917969,77.44527435302734,47.5032958984375,108.06295013427734
79,1,393.4753723144531,78.6117172241211,47.46636962890625,119.69034576416016
80,1,395.17498779296875,78.89555358886719,45.96881103515625,119.38887023925781
80,2,432.1458740234375,76.88404083251953,44.101593017578125,109.3912582397461
81,1,399.2234802246094,78.15007781982422,42.5145263671875,119.6248550415039
81,2,435.579833984375,76.99313354492188,41.07196044921875,109.93458557128906
82,1,404.2453918457031,78.60382080078125,39.066619873046875,119.69563293457031
82,2,438.72381591796875,76.7686538696289,35.784576416015625,110.68059539794922
83,2,441.7343444824219,76.7575912475586,33.077667236328125,109.91008758544922
83,1,408.7065124511719,79.73460388183594,36.230804443359375,118.26615905761719
84,1,413.4537658691406,79.96951293945312,33.6502685546875,118.56040954589844
84,2,443.9724426269531,76.72142791748047,33.3037109375,110.0436782836914
85,1,417.0298156738281,79.82453918457031,31.704254150390625,118.96347045898438
85,2,446.6776428222656,76.69416046142578,33.159698486328125,110.33184051513672
86,2,448.36907958984375,76.61786651611328,34.867401123046875,110.94945526123047
86,1,418.9625549316406,80.7574234008789,31.89306640625,120.38036346435547
87,2,450.6806640625,77.39228820800781,35.083343505859375,109.73696899414062
87,1,421.0948181152344,81.3631591796875,31.803253173828125,123.67062377929688
88,2,452.97088623046875,78.06912231445312,35.4615478515625,112.02415466308594
88,1,423.2791748046875,83.26792907714844,31.556396484375,116.40310668945312
89,2,455.21771240234375,78.61585998535156,35.60662841796875,112.41134643554688
89,1,425.0751037597656,84.7251968383789,34.552398681640625,125.32451629638672
90,2,456.709228515625,80.39405822753906,35.924896240234375,116.325439453125
90,1,424.9194030761719,85.29696655273438,42.238189697265625,123.99620056152344
91,2,458.9720458984375,81.21097564697266,36.512115478515625,118.4608383178711
91,1,424.9880065917969,87.37958526611328,46.08807373046875,124.5292739868164
92,1,425.4676818847656,88.87676239013672,47.697357177734375,125.1550521850586
92,2,459.5697326660156,82.3162612915039,41.598907470703125,119.24384307861328
93,1,426.13671875,90.37129974365234,47.546905517578125,123.96772003173828
93,2,461.2497863769531,84.41435241699219,44.483856201171875,116.98405456542969
94,2,463.4419860839844,85.04080200195312,45.473785400390625,118.62422180175781
94,1,427.1792297363281,90.79560852050781,47.599151611328125,123.74797058105469
95,2,466.4959411621094,87.81283569335938,43.872100830078125,117.2337646484375
95,1,429.480712890625,91.59687805175781,45.871002197265625,123.35784912109375
96,2,471.4975280761719,87.92720031738281,39.843994140625,117.96827697753906
96,1,433.7357177734375,92.11309814453125,42.9617919921875,123.10914611816406
97,2,476.7942199707031,88.68042755126953,35.538665771484375,116.53893280029297
97,1,439.11029052734375,93.27422332763672,39.1961669921875,121.6513900756836
98,2,479.7781982421875,89.1674575805664,35.243896484375,115.65990447998047
98,1,443.7767333984375,94.39399719238281,36.541717529296875,120.05198669433594
99,2,482.47955322265625,89.8155746459961,36.02630615234375,115.73416900634766
99,1,451.5934753417969,94.02582550048828,31.570831298828125,124.47103118896484
100,2,485.1338806152344,90.85333251953125,35.612640380859375,114.77363586425781
100,1,454.1269226074219,94.1256103515625,34.225677490234375,120.33692932128906
101,2,487.91033935546875,90.19080352783203,36.30133056640625,115.72759246826172
101,1,456.7776184082031,95.6473388671875,34.08880615234375,119.00424194335938
102,2,490.9063415527344,89.99241638183594,36.539459228515625,114.4766845703125
102,1,457.88031005859375,96.63656616210938,34.91583251953125,118.26800537109375
103,2,493.2901306152344,90.90380096435547,36.010650634765625,114.28258514404297
103,1,456.9993591308594,98.38259887695312,38.947021484375,119.02162170410156
104,2,495.56072998046875,92.88297271728516,37.227294921875,113.20972442626953
104,1,456.6992492675781,99.0504150390625,45.239013671875,120.69987487792969
105,2,496.3644714355469,93.72312927246094,46.196563720703125,112.66508483886719
105,1,455.9857482910156,98.94453430175781,55.43414306640625,124.02044677734375
105,4,831.7999267578125,70.66199493408203,23.8369140625,54.40026092529297
106,2,497.0980224609375,94.69911193847656,54.1844482421875,112.29302978515625
106,1,456.09521484375,100.38544464111328,59.04290771484375,124.22827911376953
106,4,832.0374145507812,63.890220642089844,23.5523681640625,59.316078186035156
107,2,499.4483642578125,97.3952865600586,55.87786865234375,110.97504425048828
107,1,456.2928466796875,101.94503784179688,58.82598876953125,123.98390197753906
107,4,823.815673828125,47.55451965332031,31.75665283203125,78.03559112548828
108,2,501.3006896972656,96.70297241210938,54.995391845703125,113.33563232421875
108,1,457.03497314453125,102.2104721069336,59.61083984375,125.2369613647461
108,4,815.000244140625,47.82906723022461,40.5526123046875,75.42881393432617
109,2,504.0658874511719,97.05677032470703,54.002044677734375,116.33612823486328
109,1,457.60809326171875,102.75736236572266,59.17633056640625,125.4399185180664
109,4,808.3920288085938,47.216941833496094,45.75335693359375,78.00436401367188
110,2,507.2123107910156,98.60807800292969,50.828338623046875,114.88580322265625
110,1,460.69140625,102.90746307373047,57.10870361328125,125.78936004638672
110,4,800.8253173828125,47.0126953125,47.4422607421875,76.59638977050781
111,2,510.8379211425781,97.74298095703125,47.478912353515625,115.453369140625
111,1,464.469482421875,102.85208892822266,55.6834716796875,126.31757354736328
111,4,792.8568725585938,45.96162796020508,48.47119140625,78.12130355834961
112,2,517.5427856445312,98.1927261352539,40.29718017578125,115.9819107055664
112,1,469.88580322265625,103.60507202148438,52.81109619140625,125.7218017578125
112,4,787.9564819335938,46.074337005615234,46.72857666015625,76.5261344909668
113,2,519.0464477539062,97.68571472167969,40.2906494140625,116.93098449707031
113,1,475.8359069824219,103.86139678955078,50.887176513671875,125.38178253173828
113,4,779.9148559570312,45.65814971923828,43.41949462890625,73.77799224853516
114,2,525.357177734375,98.15902709960938,35.5081787109375,115.60212707519531
114,1,481.3704833984375,105.12667846679688,47.8536376953125,124.33901977539062
114,4,770.252685546875,41.25629425048828,46.97955322265625,77.06903839111328
115,2,527.7845458984375,98.3959732055664,36.18206787109375,114.41182708740234
115,1,488.6255798339844,105.58522033691406,44.264678955078125,125.60258483886719
115,4,763.9238891601562,40.78249740600586,48.7720947265625,76.13896560668945
116,1,497.2726745605469,105.8736343383789,39.937225341796875,127.98961639404297
116,4,755.8189697265625,39.49823760986328,45.312255859375,74.9354476928711
116,2,530.3355102539062,99.14652252197266,36.1273193359375,114.65894317626953
117,1,498.6553955078125,107.64163208007812,39.1163330078125,128.86802673339844
117,2,532.941162109375,101.01072692871094,35.6773681640625,113.68174743652344
117,4,747.7730712890625,39.18234634399414,44.01324462890625,73.70646286010742
118,2,534.4920654296875,101.35712432861328,36.91357421875,119.5073471069336
118,1,497.4570617675781,111.41114807128906,42.215911865234375,127.29667663574219
118,4,738.958984375,38.71052551269531,48.03167724609375,71.48837280273438
119,2,536.2133178710938,102.59194946289062,38.01580810546875,122.36688232421875
119,1,497.5016174316406,108.89213562011719,47.897979736328125,131.7250213623047
119,4,731.534912109375,37.65690612792969,46.8585205078125,72.23661041259766
120,2,536.8590698242188,103.82803344726562,39.8055419921875,121.86268615722656
120,1,497.5439147949219,110.178466796875,58.754730224609375,130.27679443359375
120,4,724.0046997070312,37.71770095825195,45.05755615234375,70.31425094604492
121,2,538.000732421875,105.66987609863281,42.62261962890625,125.77597045898438
121,1,497.8968505859375,111.59180450439453,63.6611328125,130.0698471069336
121,4,716.07763671875,37.6722526550293,43.2147216796875,71.35288619995117
122,2,541.7825927734375,107.4170150756836,43.389404296875,123.83988189697266
122,1,499.23638916015625,113.41519927978516,64.49407958984375,129.71538543701172
122,4,706.943603515625,36.76301574707031,48.10296630859375,73.8012466430664
123,1,500.7325134277344,114.80424499511719,62.965606689453125,128.81619262695312
123,2,544.7403564453125,108.49691009521484,43.7174072265625,124.0895767211914
123,4,699.530517578125,35.894657135009766,49.3924560546875,74.54230880737305
124,1,503.86614990234375,115.91079711914062,59.453857421875,128.41273498535156
124,2,548.8175659179688,110.60511779785156,41.883544921875,124.49522399902344
124,4,692.1488037109375,35.4178581237793,43.50823974609375,73.14430618286133
125,1,508.2933349609375,116.42745208740234,55.0426025390625,127.86011505126953
125,2,553.4537963867188,111.01226043701172,38.94403076171875,125.6430435180664
125,4,683.2321166992188,35.2049674987793,46.2265625,71.50162887573242
126,1,514.8883666992188,117.90860748291016,51.1741943359375,126.4786148071289
126,2,555.3848876953125,112.56941986083984,38.2388916015625,123.1749496459961
126,4,674.1123657226562,33.74671173095703,49.61126708984375,70.21797180175781
127,1,522.5435791015625,119.12467193603516,44.7257080078125,125.32218170166016
127,2,561.0973510742188,113.68131256103516,35.76983642578125,122.64608001708984
127,4,667.137451171875,33.37578201293945,48.45123291015625,69.85324478149414
128,2,563.9423217773438,113.74765014648438,35.4498291015625,121.04351806640625
128,1,529.2538452148438,119.79004669189453,40.24945068359375,123.97150421142578
128,4,659.4368286132812,33.04267120361328,48.04241943359375,69.91632843017578
129,2,566.9370727539062,113.90023803710938,36.2264404296875,121.74488830566406
129,1,540.001953125,119.80254364013672,33.4442138671875,124.0339584350586
129,4,650.5214233398438,31.76767921447754,47.7420654296875,70.05548667907715
130,2,570.0247802734375,114.91876220703125,35.7808837890625,119.34086608886719
130,1,543.9485473632812,121.14466094970703,35.66094970703125,121.6694107055664
130,4,641.8233642578125,31.128938674926758,50.01129150390625,71.23412895202637
131,2,573.7542114257812,114.85200500488281,35.3890380859375,120.42733764648438
131,1,544.3321533203125,120.90032958984375,38.99700927734375,122.73420715332031
131,4,632.9112548828125,30.244802474975586,51.52001953125,72.68204689025879
132,2,576.0800170898438,115.66228485107422,35.8519287109375,116.09984588623047
132,1,543.3785400390625,123.02926635742188,42.8565673828125,123.66096496582031
132,4,624.7129516601562,29.415843963623047,51.2957763671875,74.93781661987305
133,2,579.9361572265625,117.1886978149414,34.96234130859375,116.33032989501953
133,1,543.5300903320312,123.77347564697266,49.28558349609375,126.83470916748047
133,4,616.2598266601562,28.94287109375,51.484130859375,76.28156280517578
134,2,583.8209838867188,118.21834564208984,34.1099853515625,118.38777923583984
134,1,543.2430419921875,124.89588928222656,56.89068603515625,128.96026611328125
134,4,607.6439208984375,28.213180541992188,52.71746826171875,80.3493423461914
135,1,542.70849609375,126.52507019042969,64.3468017578125,129.9192352294922
135,2,586.0887451171875,121.46884155273438,37.90484619140625,116.07966613769531
135,4,599.9048461914062,27.294307708740234,51.64593505859375,79.34035110473633
136,2,587.9583740234375,121.43833923339844,46.16943359375,117.26138305664062
136,1,542.3703002929688,128.080322265625,66.5042724609375,131.08200073242188
136,4,590.6553344726562,26.88178062438965,52.142578125,79.48658180236816
137,1,542.933349609375,128.97467041015625,66.5987548828125,132.16561889648438
137,2,594.0195922851562,125.32979583740234,43.422119140625,115.54570770263672
137,4,582.3662109375,26.657672882080078,52.77374267578125,81.58054733276367
138,1,545.2840576171875,129.92318725585938,64.71636962890625,133.10617065429688
138,2,597.6190795898438,125.40230560302734,43.7308349609375,117.27713775634766
138,4,574.1452026367188,25.328563690185547,52.5711669921875,78.66641616821289
139,2,601.75048828125,126.12865447998047,40.083740234375,121.0190658569336
139,1,548.3078002929688,130.67430114746094,64.12750244140625,133.01722717285156
139,4,566.8274536132812,25.111793518066406,51.38916015625,84.33480834960938
140,1,553.9220581054688,131.4315948486328,65.07177734375,131.7190704345703
140,2,606.0311889648438,126.68461608886719,35.5208740234375,121.10029602050781
140,4,557.4345703125,24.536914825439453,51.52899169921875,85.7125358581543
141,1,560.6573486328125,131.51417541503906,61.120849609375,131.65931701660156
141,2,607.6235961914062,126.1142349243164,34.77044677734375,121.74446868896484
141,4,549.2759399414062,23.925151824951172,52.25537109375,85.66188430786133
142,2,609.480224609375,126.8598403930664,35.05401611328125,120.64376068115234
142,1,566.7367553710938,131.95037841796875,59.21612548828125,130.93215942382812
142,4,540.90283203125,23.437637329101562,51.50543212890625,81.16519165039062
143,2,612.2311401367188,127.82295227050781,35.47314453125,120.00982666015625
143,1,574.5108032226562,133.1008758544922,51.5433349609375,129.59886169433594
143,4,532.1570434570312,23.630144119262695,52.37542724609375,77.44647026062012
144,2,616.8209228515625,126.0802230834961,34.3272705078125,122.01973724365234
144,1,581.159912109375,133.4476318359375,48.27294921875,129.51278686523438
144,4,523.8763427734375,23.143232345581055,52.635009765625,77.57821083068848
145,1,587.8214111328125,135.0680389404297,44.2110595703125,132.0007781982422
145,2,617.855224609375,127.41925048828125,36.28985595703125,120.33795166015625
145,4,515.1152954101562,22.919475555419922,51.73321533203125,73.3869514465332
146,1,588.8876953125,135.95938110351562,47.29180908203125,136.67507934570312
146,2,622.0098266601562,128.8004608154297,35.481689453125,119.29351806640625
146,4,507.1592102050781,22.26255226135254,51.735626220703125,74.75363731384277
147,1,588.67822265625,137.85330200195312,54.50079345703125,138.55062866210938
147,2,624.7677612304688,129.17959594726562,35.37799072265625,124.63914489746094
147,4,498.8797912597656,21.82064437866211,51.781402587890625,73.6453971862793
148,1,588.74755859375,140.06507873535156,55.297119140625,137.3505401611328
148,2,626.331298828125,131.430419921875,38.5804443359375,122.84817504882812
148,4,489.64642333984375,21.924163818359375,52.83050537109375,72.8078384399414
149,1,588.88671875,142.26800537109375,62.09014892578125,135.53683471679688
149,2,633.3209228515625,133.3590850830078,35.3155517578125,128.43043518066406
149,4,481.4380187988281,22.091659545898438,51.097198486328125,72.86873626708984
150,1,588.6287231445312,143.58201599121094,64.2215576171875,134.98390197753906
150,2,636.5162963867188,136.14706420898438,35.92724609375,131.96856689453125
150,4,472.08099365234375,21.09148406982422,51.40875244140625,75.27426147460938
151,1,589.7547607421875,144.77655029296875,66.081298828125,135.65298461914062
151,2,641.1339721679688,134.65733337402344,36.5909423828125,133.45811462402344
151,4,465.23492431640625,20.833419799804688,51.42218017578125,74.83484649658203
152,1,591.9622802734375,146.5780792236328,66.44097900390625,135.5251922607422
152,2,645.2501831054688,138.897216796875,35.5880126953125,127.16555786132812
152,4,457.4116516113281,20.536386489868164,48.25360107421875,74.13405418395996
153,1,595.9981689453125,147.9632568359375,69.546142578125,134.0111083984375
153,2,648.180908203125,142.20846557617188,36.5115966796875,129.48880004882812
153,4,448.3480224609375,19.943227767944336,45.9398193359375,70.56295204162598
154,1,603.5631103515625,148.27911376953125,59.9324951171875,133.14984130859375
154,2,650.6156616210938,142.99978637695312,37.92340087890625,129.47354125976562
154,4,440.84375,20.216829299926758,41.51409912109375,68.36379814147949
155,1,610.6642456054688,149.67747497558594,57.42071533203125,131.9082489013672
155,2,655.6915283203125,146.54037475585938,36.3272705078125,126.15777587890625
155,4,431.77288818359375,20.48695945739746,44.216278076171875,68.52546882629395
156,1,617.361328125,150.5452880859375,54.2752685546875,131.85577392578125
156,2,658.0741577148438,146.4846954345703,36.91802978515625,125.35548400878906
156,4,424.162109375,19.60966682434082,49.242828369140625,71.02139091491699
157,1,627.2802124023438,150.53875732421875,48.6751708984375,131.7486572265625
157,4,415.83502197265625,19.103012084960938,46.103759765625,72.60704040527344
157,2,660.1314086914062,147.05368041992188,39.27862548828125,126.46560668945312
158,1,633.37109375,152.27853393554688,53.6170654296875,129.97311401367188
158,2,665.182373046875,146.9766387939453,37.63104248046875,128.73231506347656
158,4,407.3595275878906,19.228418350219727,41.395233154296875,71.01615715026855
159,1,633.67333984375,152.22572326660156,55.73577880859375,129.2869415283203
159,4,397.8329772949219,19.445756912231445,39.947998046875,71.39993858337402
159,2,668.89990234375,152.09042358398438,36.40985107421875,117.55398559570312
160,1,633.1676635742188,153.98797607421875,55.5186767578125,128.63259887695312
160,4,389.1001892089844,19.185333251953125,45.475830078125,73.25035858154297
160,2,669.60546875,150.1461181640625,38.70465087890625,95.71603393554688
161,1,632.5380859375,155.5056915283203,63.37384033203125,130.3950653076172
161,4,381.5307922363281,18.277050018310547,48.56414794921875,75.42506790161133
161,2,672.7826538085938,153.55116271972656,36.872802734375,130.06813049316406
162,1,633.01806640625,157.4285888671875,60.87982177734375,130.25439453125
162,2,675.0109252929688,153.5498046875,38.78765869140625,124.74111938476562
162,4,373.7394104003906,18.124666213989258,46.69525146484375,77.81035423278809
163,1,632.9509887695312,158.41427612304688,68.77215576171875,133.40884399414062
163,4,365.4482421875,18.136432647705078,43.347686767578125,78.15697860717773
163,2,682.253173828125,154.9365234375,35.9510498046875,118.52029418945312
164,1,632.9404907226562,158.70297241210938,73.176025390625,141.3477783203125
164,2,686.9783935546875,155.10650634765625,34.720947265625,123.21588134765625
164,4,358.0671081542969,18.050142288208008,43.299041748046875,78.59501457214355
165,1,633.1091918945312,157.69525146484375,76.3355712890625,142.98544311523438
165,2,689.8945922851562,159.16201782226562,37.95208740234375,120.73556518554688
165,4,349.53656005859375,16.952651977539062,48.30029296875,80.59919738769531
166,1,636.7297973632812,160.772216796875,82.539794921875,140.5753173828125
166,2,692.5689086914062,157.9294891357422,41.32464599609375,124.61354064941406
166,4,340.6318054199219,16.265352249145508,49.429107666015625,82.18096733093262
166,5,828.8557739257812,435.68988037109375,26.82037353515625,25.926788330078125
167,1,640.5033569335938,159.0172882080078,78.68316650390625,142.3050994873047
167,2,698.5728759765625,160.36587524414062,36.21893310546875,124.26739501953125
167,4,332.85009765625,16.17859649658203,47.828765869140625,82.0641098022461
167,5,823.201416015625,428.09033203125,32.22998046875,31.90594482421875
168,1,644.2769165039062,161.52940368652344,73.72509765625,139.26295471191406
168,2,700.3169555664062,161.29226684570312,36.22991943359375,125.44265747070312
168,4,326.669677734375,15.989617347717285,45.374755859375,82.64552211761475
168,5,821.8090209960938,420.4831237792969,33.39434814453125,39.61895751953125
169,1,650.16943359375,162.61842346191406,87.82696533203125,138.2500457763672
169,4,316.6824645996094,15.9722261428833,49.438018798828125,83.25659465789795
169,2,705.8283081054688,162.11471557617188,36.69635009765625,130.703857421875
169,5,821.60302734375,412.32550048828125,33.927490234375,47.68756103515625
170,1,655.9221801757812,162.7182159423828,86.77227783203125,137.57411193847656
170,4,307.3189392089844,15.798921585083008,51.104705810546875,81.81384086608887
170,5,821.284912109375,405.3914794921875,34.34149169921875,54.874542236328125
171,1,662.9940795898438,163.53150939941406,84.2491455078125,136.7052764892578
171,2,707.9414672851562,164.38597106933594,42.11151123046875,127.09089660644531
171,4,307.5003662109375,15.867754936218262,39.662506103515625,79.54466724395752
171,5,821.5219116210938,396.97320556640625,33.9576416015625,62.952117919921875
172,1,671.6981201171875,166.23094177246094,61.308837890625,135.01795959472656
172,2,709.6947631835938,165.13778686523438,43.69110107421875,125.94207763671875
172,4,300.5841979980469,16.306135177612305,35.749542236328125,78.87491035461426
172,5,823.2681274414062,387.15447998046875,32.22589111328125,75.42294311523438
173,1,679.5828857421875,167.5392608642578,57.8487548828125,134.21229553222656
173,2,717.3834228515625,164.94419860839844,39.97100830078125,125.16209411621094
173,4,286.1787109375,16.06563949584961,45.654327392578125,75.99231338500977
173,5,817.5292358398438,374.623046875,38.0723876953125,91.82162475585938
173,6,271.107666015625,28.293241500854492,26.01751708984375,42.29085731506348
174,1,685.4078979492188,168.97198486328125,62.56390380859375,137.93930053710938
174,2,722.5523681640625,165.82720947265625,37.08001708984375,120.53448486328125
174,4,275.5458984375,16.00994110107422,50.03277587890625,75.36007690429688
174,5,798.39697265625,356.0877685546875,57.1728515625,104.6300048828125
175,1,685.3992309570312,171.34254455566406,61.97088623046875,140.9452667236328
175,5,783.89111328125,328.0139465332031,71.61083984375,131.73257446289062
175,4,270.1264953613281,15.06893253326416,43.293609619140625,75.41977596282959
175,2,725.62255859375,167.3819122314453,39.19598388671875,107.83607482910156
176,1,685.1812133789062,171.4222412109375,76.70477294921875,145.89208984375
176,5,772.7664184570312,322.2601623535156,82.8101806640625,138.15927124023438
176,4,264.4726867675781,15.0715913772583,41.17999267578125,73.75832653045654
176,2,728.167236328125,170.1343536376953,39.55096435546875,99.39811706542969
177,1,685.6867065429688,171.439208984375,84.22412109375,148.37771606445312
177,5,765.2089233398438,319.78802490234375,90.13330078125,139.99200439453125
177,4,256.9964599609375,15.12593936920166,39.45751953125,71.13082027435303
177,2,731.9746704101562,183.8748321533203,38.34637451171875,85.75386047363281
178,1,684.8387451171875,175.8131866455078,74.8240966796875,144.1079864501953
178,5,761.6934814453125,318.0249328613281,93.32147216796875,139.2674560546875
178,2,732.2344970703125,172.39878845214844,41.99444580078125,137.05006408691406
178,4,247.04855346679688,15.870810508728027,35.798004150390625,70.45346927642822
179,1,685.9042358398438,178.4497528076172,72.1170654296875,142.84083557128906
179,5,756.91796875,317.1614990234375,96.531982421875,137.05465698242188
179,2,737.30126953125,175.57191467285156,40.57086181640625,139.77369689941406
179,4,239.5475616455078,16.75480079650879,34.90254211425781,68.87535667419434
180,1,685.4564208984375,179.68142700195312,84.595703125,144.88607788085938
180,5,755.5935668945312,314.1734924316406,92.26861572265625,136.75686645507812
180,2,744.068115234375,176.89125061035156,37.302734375,137.0166473388672
180,4,229.77093505859375,16.249958038330078,45.6678466796875,67.63228225708008
181,1,688.4931030273438,182.55369567871094,79.37310791015625,144.1462860107422
181,5,755.7727661132812,311.5838623046875,85.340087890625,132.74148559570312
181,2,746.4161376953125,176.43955993652344,37.50860595703125,138.9707489013672
181,4,222.39990234375,16.277259826660156,37.500946044921875,65.89167785644531
182,1,692.97021484375,181.9443817138672,93.10577392578125,145.2694854736328
182,2,749.22509765625,182.3013153076172,39.02508544921875,138.9604949951172
182,5,755.6024780273438,308.5224304199219,83.54840087890625,131.7440185546875
182,4,215.10430908203125,18.028778076171875,43.587188720703125,63.948143005371094
183,1,698.6612548828125,185.8662109375,92.29144287109375,141.67034912109375
183,2,755.1641845703125,186.3542938232422,37.631591796875,122.85841369628906
183,5,755.483642578125,305.1943054199219,80.2857666015625,133.69869995117188
183,4,209.3275604248047,20.09791374206543,36.5205078125,61.80809211730957
184,1,717.2734375,188.76242065429688,65.98211669921875,138.6607666015625
184,2,757.8204345703125,186.055419921875,38.537841796875,133.42935180664062
184,5,755.2412719726562,302.4986267089844,74.0555419921875,136.42739868164062
184,4,199.9910888671875,21.463563919067383,38.25813293457031,61.01376914978027
185,1,715.1644897460938,191.57083129882812,62.89825439453125,127.287353515625
185,2,756.375732421875,190.38633728027344,43.4324951171875,132.22691345214844
185,5,755.4456787109375,299.9236755371094,66.7244873046875,138.976318359375
185,4,192.96836853027344,17.3504638671875,42.137664794921875,65.34110260009766
186,1,723.9032592773438,189.39273071289062,77.8917236328125,137.8419189453125
186,2,764.3020629882812,189.01622009277344,38.8575439453125,125.45909118652344
186,5,755.8911743164062,298.1664733886719,63.79901123046875,140.63400268554688
186,4,188.90313720703125,17.191835403442383,31.152999877929688,68.75357627868652
187,1,731.2042846679688,190.9579315185547,74.56207275390625,136.61717224121094
187,5,731.7570190429688,295.6752014160156,80.48968505859375,143.76608276367188
187,2,770.4580078125,188.71400451660156,36.604248046875,118.91419982910156
187,4,183.97291564941406,18.061767578125,33.96653747558594,66.55978393554688
188,1,731.16015625,191.68653869628906,78.7421875,136.16868591308594
188,5,720.5811157226562,293.887451171875,85.32684326171875,145.3917236328125
188,4,173.80703735351562,18.569625854492188,34.32575988769531,66.89717864990234
189,1,732.0372314453125,192.00328063964844,81.23974609375,136.01100158691406
189,5,714.3344116210938,292.37103271484375,86.79058837890625,146.36239624023438
189,4,163.17832946777344,26.784563064575195,45.53550720214844,60.70929527282715
190,5,707.833984375,288.470458984375,89.5948486328125,150.03961181640625
190,1,730.885986328125,194.76129150390625,84.55902099609375,131.98519897460938
190,2,777.329833984375,192.1171112060547,39.317138671875,94.91810607910156
190,4,157.9778289794922,22.836355209350586,44.09986877441406,66.78115272521973
191,5,701.6497192382812,285.9350280761719,89.22882080078125,150.5653076171875
191,1,731.2245483398438,197.03453063964844,86.01190185546875,127.14482116699219
191,2,781.5553588867188,194.94163513183594,38.40594482421875,92.21339416503906
191,4,150.76339721679688,25.025543212890625,42.96473693847656,66.73103332519531
192,5,700.6915893554688,281.66351318359375,81.28076171875,152.84353637695312
192,2,781.7678833007812,198.0487060546875,41.1307373046875,122.5625
192,1,730.8413696289062,198.6449432373047,89.71844482421875,127.15080261230469
192,4,145.23741149902344,19.730052947998047,31.801544189453125,71.9131965637207
193,5,700.0706176757812,280.2290344238281,76.59979248046875,150.1597900390625
193,2,789.6039428710938,206.9671173095703,36.20703125,121.04466247558594
193,1,758.5574340820312,199.55760192871094,64.7054443359375,144.52516174316406
193,4,137.43914794921875,21.402284622192383,35.61927795410156,72.54314994812012
194,2,794.9711303710938,203.9735870361328,35.337646484375,122.23472595214844
194,1,762.7097778320312,201.6461639404297,66.1807861328125,144.6838836669922
194,5,700.8876953125,276.3721923828125,71.22314453125,144.41864013671875
194,4,127.46714782714844,23.261465072631836,43.483184814453125,72.20138740539551
195,1,765.2041625976562,204.00772094726562,63.17291259765625,145.1192626953125
195,5,708.34375,272.76629638671875,61.3861083984375,142.35675048828125
195,2,798.1035766601562,204.65916442871094,36.2357177734375,124.54277038574219
195,4,123.29545593261719,24.33664894104004,41.52162170410156,71.41112327575684
196,1,759.1915283203125,202.2490997314453,77.81976318359375,148.9417266845703
196,2,802.1936645507812,204.62962341308594,36.35760498046875,128.10865783691406
196,5,700.5520629882812,269.6772766113281,60.51422119140625,133.5570068359375
196,4,119.4344482421875,20.801620483398438,36.308746337890625,73.84725952148438
197,2,807.5790405273438,206.8050079345703,35.21417236328125,127.49073791503906
197,1,762.1227416992188,204.75860595703125,78.8253173828125,146.03753662109375
197,5,693.8536376953125,267.087158203125,63.55267333984375,140.49917602539062
197,4,108.9080810546875,21.56052017211914,39.87260437011719,76.89970016479492
198,2,807.3585205078125,213.81735229492188,39.33514404296875,122.59646606445312
198,5,674.8048095703125,265.7756652832031,78.73388671875,137.26370239257812
198,1,766.2193603515625,205.77066040039062,80.39483642578125,143.654296875
198,4,100.17137908935547,25.404890060424805,41.91661834716797,70.70487403869629
199,2,807.0081787109375,216.5815887451172,42.22283935546875,120.82316589355469
199,5,658.9102783203125,264.4516296386719,88.01971435546875,138.99575805664062
199,1,761.3865966796875,208.0656280517578,87.70831298828125,141.9604949951172
199,4,93.77516174316406,23.674623489379883,41.213134765625,69.54748344421387
200,5,650.3600463867188,264.1709899902344,90.77392578125,138.5628662109375
200,2,807.935791015625,204.63694763183594,47.11273193359375,130.98374938964844
200,1,762.805419921875,211.18714904785156,89.65887451171875,139.8262481689453
200,4,92.0882797241211,24.620012283325195,34.7825927734375,70.50650596618652
201,5,642.8656616210938,263.8644104003906,93.48138427734375,138.95437622070312
201,2,811.0974731445312,221.3112030029297,44.0574951171875,114.84068298339844
201,1,770.514892578125,214.80380249023438,82.669189453125,135.97805786132812
201,4,82.88408660888672,26.199478149414062,39.36561584472656,67.236328125
202,5,639.26416015625,262.57720947265625,91.13677978515625,138.91619873046875
202,1,777.3610229492188,214.7390899658203,77.27996826171875,136.68284606933594
202,4,77.60631561279297,21.548128128051758,35.41931915283203,66.62209892272949
202,2,840.3890380859375,206.11341857910156,15.43609619140625,58.07759094238281
203,1,780.7460327148438,215.95208740234375,73.99530029296875,143.09112548828125
203,5,635.3839111328125,261.68218994140625,90.19622802734375,136.14056396484375
203,4,70.18588256835938,24.284894943237305,38.147315979003906,66.12691688537598
204,1,782.1869506835938,219.76441955566406,72.98809814453125,146.63990783691406
204,5,633.568115234375,260.5968933105469,87.45703125,133.662109375
204,4,65.27696990966797,26.253738403320312,34.8480224609375,64.2914810180664
205,1,781.4158935546875,222.28530883789062,74.29412841796875,150.22589111328125
205,5,633.6140747070312,258.4125061035156,80.42083740234375,132.58026123046875
205,4,60.09880447387695,26.268814086914062,32.698368072509766,62.31353759765625
206,1,780.4210205078125,225.5249786376953,74.8846435546875,149.0541534423828
206,5,633.9974365234375,255.31671142578125,71.66082763671875,128.6539306640625
206,4,46.996978759765625,19.99638557434082,41.16102600097656,71.19044303894043
207,1,781.65966796875,228.4690399169922,73.80364990234375,147.3571014404297
207,5,633.7688598632812,251.64840698242188,64.59173583984375,131.4842529296875
208,1,781.3694458007812,232.5987091064453,74.07110595703125,145.0311737060547
208,5,633.8538818359375,247.9034881591797,57.13232421875,135.8907928466797
209,5,633.5894165039062,245.9417266845703,57.73565673828125,138.4647674560547
209,1,782.3655395507812,248.0424041748047,72.96868896484375,133.11021423339844
210,5,631.5663452148438,243.76123046875,54.885498046875,140.47509765625
210,1,786.471435546875,253.2801971435547,69.0794677734375,129.8656463623047
211,5,619.097900390625,242.6233673095703,61.28924560546875,141.15855407714844
211,1,792.4505004882812,255.62721252441406,63.0430908203125,127.76277160644531
212,5,606.1241455078125,241.16131591796875,67.7802734375,142.59112548828125
212,1,799.4485473632812,258.7621765136719,56.1378173828125,124.0567626953125
213,5,597.3516845703125,239.36282348632812,71.3248291015625,143.9329833984375
213,1,817.163330078125,265.2320861816406,38.74884033203125,116.8016357421875
214,5,594.38330078125,237.3701629638672,70.43505859375,144.3452606201172
214,1,819.6321411132812,271.8494873046875,35.90692138671875,110.81106567382812
215,5,590.2821655273438,234.25100708007812,70.82733154296875,145.88662719726562
215,1,823.8899536132812,278.288818359375,31.61737060546875,104.29583740234375
216,5,589.7760009765625,231.97767639160156,66.15789794921875,146.0170440673828
216,1,826.8095092773438,288.9751281738281,28.8819580078125,93.53369140625
216,7,0.0757211297750473,39.997215270996094,21.8446337133646,50.477691650390625
217,5,590.4441528320312,228.7165985107422,59.42584228515625,144.8339385986328
217,1,826.9342651367188,301.20166015625,28.72796630859375,81.28976440429688
218,5,590.6876831054688,224.12062072753906,54.30908203125,144.2782745361328
218,1,826.6264038085938,308.92669677734375,29.07562255859375,74.08642578125
219,5,589.6666259765625,221.3048553466797,49.15704345703125,141.28285217285156
219,1,825.7906494140625,319.44818115234375,29.67987060546875,63.66619873046875
220,5,584.2262573242188,218.90048217773438,49.9613037109375,137.69284057617188
220,1,826.3584594726562,335.5864562988281,29.0704345703125,46.74810791015625
221,5,577.9630737304688,217.5851593017578,49.13665771484375,135.19004821777344
221,1,826.8738403320312,338.98175048828125,28.6685791015625,43.265960693359375
222,5,564.7811279296875,215.89573669433594,60.5657958984375,133.35914611816406
222,1,826.7666625976562,347.1036071777344,28.811279296875,35.275177001953125
223,5,548.8787841796875,215.22476196289062,72.19427490234375,133.4979248046875
223,1,828.0814819335938,350.3528137207031,27.47259521484375,31.706695556640625
224,5,540.2667846679688,215.01148986816406,76.740966796875,134.22828674316406
224,1,831.6199340820312,350.8648681640625,23.99957275390625,31.864898681640625
225,5,535.402587890625,214.64651489257812,76.05438232421875,134.733642578125
225,1,835.5650024414062,354.5218811035156,19.87603759765625,28.55291748046875
226,5,533.4076538085938,213.73170471191406,76.43719482421875,134.3546905517578
227,5,528.0848388671875,212.59957885742188,79.3983154296875,132.962890625
228,5,527.49072265625,211.06268310546875,78.3328857421875,130.98495483398438
229,5,527.39501953125,207.75546264648438,71.66485595703125,127.60775756835938
230,5,527.434814453125,205.28091430664062,63.69195556640625,126.59573364257812
231,5,527.7929077148438,203.087646484375,55.4913330078125,126.92678833007812
232,5,528.383544921875,200.58050537109375,47.2230224609375,129.720947265625
233,5,527.5147094726562,198.16900634765625,45.40643310546875,132.13192749023438
234,5,521.0697021484375,197.53408813476562,41.432861328125,131.96328735351562
235,5,514.5578002929688,196.07601928710938,45.91778564453125,134.59060668945312
236,5,500.3650817871094,195.62657165527344,54.384918212890625,135.00502014160156
237,5,497.1143493652344,194.60877990722656,57.321868896484375,135.9821319580078
238,5,491.6223449707031,192.76815795898438,60.451202392578125,137.73712158203125
239,5,487.8656005859375,190.2405242919922,62.22998046875,138.54078674316406
240,5,486.5192565917969,188.06407165527344,59.620697021484375,139.4062957763672
241,5,484.25030517578125,184.77169799804688,56.62030029296875,140.01870727539062
242,5,485.23553466796875,181.54739379882812,47.99761962890625,136.77923583984375
243,5,483.7799987792969,179.48765563964844,42.066741943359375,133.4629364013672
244,5,477.7533264160156,177.97445678710938,44.613006591796875,129.75460815429688
245,5,473.3609924316406,175.91236877441406,45.337066650390625,131.7799530029297
246,5,463.205322265625,175.16549682617188,49.11016845703125,128.64404296875
247,5,449.3073425292969,175.09971618652344,61.179351806640625,126.95780944824219
248,5,438.4651794433594,175.27520751953125,68.95159912109375,125.5328369140625
249,5,433.10101318359375,175.39105224609375,73.3201904296875,126.73788452148438
250,5,431.3259582519531,174.917236328125,74.33270263671875,127.200927734375
251,5,429.9500427246094,174.16677856445312,73.00933837890625,124.966796875
252,5,428.2076721191406,172.8025360107422,71.51046752929688,125.11982727050781
253,5,428.8533020019531,170.71841430664062,68.26004028320312,124.5679931640625
254,5,429.38043212890625,169.97402954101562,58.6583251953125,122.64395141601562
255,5,428.9960632324219,167.52444458007812,49.403656005859375,123.34725952148438
256,5,427.59466552734375,164.69187927246094,42.171661376953125,125.54646301269531
257,5,422.0109558105469,163.4542694091797,38.179656982421875,127.14610290527344
258,5,414.8071594238281,162.65843200683594,42.891265869140625,126.96940612792969
259,5,410.7332763671875,162.32176208496094,42.58538818359375,125.94444274902344
260,5,404.344970703125,161.6626434326172,46.982452392578125,128.36119079589844
261,5,397.05657958984375,160.2946014404297,52.707489013671875,129.3574676513672
262,5,392.2417297363281,159.49143981933594,56.03436279296875,130.4164276123047
263,5,387.2908630371094,158.85696411132812,58.778717041015625,130.10733032226562
264,5,384.4004211425781,155.80406188964844,58.5841064453125,132.5947723388672
