0,1,125.87466430664062,127.2069320678711,43.45263671875,87.5726547241211
0,2,100.64506530761719,136.61740112304688,31.483657836914062,95.95004272460938
1,1,128.45297241210938,127.08695983886719,42.92596435546875,88.35447692871094
1,2,103.25878143310547,136.2536163330078,34.61693572998047,95.84562683105469
2,1,131.94081115722656,127.1360092163086,40.153411865234375,88.91576385498047
2,2,104.67526245117188,136.9790802001953,39.01759338378906,95.35829162597656
3,1,133.8379364013672,127.47637939453125,39.19770812988281,88.30247497558594
3,2,106.15414428710938,135.37953186035156,44.528076171875,96.82752990722656
4,1,136.3748321533203,126.4395980834961,37.68281555175781,89.44074249267578
4,2,107.77774047851562,137.0171661376953,47.80732727050781,95.72611999511719
5,1,139.82533264160156,126.63817596435547,34.76347351074219,89.44670867919922
5,2,110.1890640258789,136.63267517089844,49.88787078857422,96.64862060546875
6,1,142.38754272460938,126.86807250976562,32.801025390625,88.63795471191406
6,2,112.01180267333984,138.1807403564453,49.13140106201172,95.28700256347656
7,1,145.64263916015625,126.2833251953125,26.945083618164062,89.25149536132812
7,2,113.04066467285156,137.321044921875,47.54997253417969,95.96580505371094
8,2,115.30469512939453,136.97357177734375,45.36304473876953,95.92857360839844
8,1,148.45664978027344,126.56770324707031,25.9625244140625,88.41293334960938
9,2,119.23649597167969,136.87506103515625,41.57084655761719,95.09410095214844
9,1,151.34548950195312,126.97469329833984,25.987564086914062,88.00548553466797
10,1,153.72438049316406,127.44694519042969,31.489776611328125,87.1748046875
10,2,125.89117431640625,136.2024688720703,36.14387512207031,95.23594665527344
11,2,131.8149871826172,133.04891967773438,28.853134155273438,98.41529846191406
11,1,156.0594024658203,127.70563507080078,35.25587463378906,85.48632049560547
12,2,135.42315673828125,134.66021728515625,26.168380737304688,96.66416931152344
12,1,157.85897827148438,125.73319244384766,39.83482360839844,87.4719009399414
13,2,138.21578979492188,135.27935791015625,25.688705444335938,97.18319702148438
13,1,159.71905517578125,126.01982879638672,44.870208740234375,87.2445297241211
14,2,141.89178466796875,136.28306579589844,28.046661376953125,95.28680419921875
14,1,162.03004455566406,126.59419250488281,45.18450927734375,88.55856323242188
15,2,143.8495330810547,135.7425537109375,34.16429138183594,95.78398132324219
15,1,164.48045349121094,128.14520263671875,43.112823486328125,85.99092102050781
16,2,145.13014221191406,134.80218505859375,41.73539733886719,96.50341796875
16,1,166.98268127441406,125.7724609375,41.92399597167969,87.16505432128906
17,2,145.4749755859375,135.6756134033203,46.49424743652344,95.73741149902344
17,1,172.5037841796875,126.6008529663086,36.36769104003906,85.8552017211914
18,2,145.7827606201172,134.46510314941406,49.513702392578125,97.22868347167969
18,1,174.22483825683594,124.7551498413086,35.098846435546875,87.83585357666016
19,2,146.73915100097656,133.80601501464844,48.82164001464844,98.00750732421875
19,1,180.494140625,124.45841217041016,29.622146606445312,88.64167022705078
20,2,149.05081176757812,134.91331481933594,49.105499267578125,96.81910705566406
20,1,182.4921875,124.17755889892578,27.19769287109375,88.96002960205078
21,2,152.09310913085938,133.9174041748047,46.42832946777344,98.00910949707031
21,1,184.40951538085938,124.67256927490234,25.726181030273438,88.4937515258789
22,2,160.6697540283203,132.11940002441406,37.67323303222656,99.99046325683594
22,1,187.16802978515625,124.24665069580078,23.979293823242188,90.38643646240234
23,2,165.91465759277344,131.06642150878906,32.6827392578125,102.10597229003906
23,1,189.0037078857422,125.3203125,26.281585693359375,90.28822326660156
24,2,170.65066528320312,131.12762451171875,28.680313110351562,100.76789855957031
24,1,191.1912841796875,126.91060638427734,30.387680053710938,85.54166412353516
25,2,174.58033752441406,132.84774780273438,25.25689697265625,97.99244689941406
25,1,194.23558044433594,124.56040954589844,36.81488037109375,89.43324279785156
26,2,177.64308166503906,131.95623779296875,30.025955200195312,99.77992248535156
26,1,196.28163146972656,125.11305236816406,42.62223815917969,90.17855834960938
27,2,179.72760009765625,133.89334106445312,37.75041198730469,96.6292724609375
27,1,200.43116760253906,126.3543472290039,42.94209289550781,86.44725799560547
28,1,202.85888671875,126.90101623535156,42.818450927734375,85.90048217773438
28,2,182.44845581054688,134.3730926513672,44.33073425292969,96.57575988769531
29,1,204.946044921875,128.542236328125,43.20295715332031,84.97311401367188
29,2,183.10391235351562,132.35049438476562,46.16302490234375,98.51585388183594
30,2,182.61900329589844,131.9868927001953,46.676788330078125,97.88539123535156
30,1,209.7220458984375,126.144775390625,38.42108154296875,86.54069519042969
31,1,212.51194763183594,125.7080307006836,36.40605163574219,87.24283599853516
31,2,182.56378173828125,131.18206787109375,49.898162841796875,99.24122619628906
32,1,216.83157348632812,126.01513671875,32.48429870605469,87.2833251953125
32,2,184.87147521972656,129.7866973876953,49.84942626953125,100.53736877441406
33,2,187.8639678955078,129.06906127929688,46.083343505859375,100.28678894042969
33,1,220.59542846679688,124.09054565429688,28.651931762695312,89.76802062988281
34,1,223.3515625,124.29415893554688,24.82318115234375,88.03475952148438
34,2,194.76492309570312,130.9774627685547,39.385955810546875,97.61668395996094
35,2,199.70883178710938,129.8501434326172,34.752349853515625,98.60638427734375
35,1,227.0207977294922,123.63953399658203,22.563095092773438,89.31409454345703
36,2,208.3600311279297,128.98304748535156,27.36822509765625,99.7515869140625
36,1,229.43203735351562,123.76441192626953,24.50628662109375,88.3104019165039
37,2,211.21548461914062,128.38743591308594,26.012222290039062,100.16397094726562
37,1,231.84747314453125,124.4485092163086,29.472137451171875,87.12419891357422
38,2,213.78919982910156,128.79473876953125,26.5816650390625,98.76722717285156
38,1,232.3330078125,124.48423767089844,36.664337158203125,85.6783447265625
39,2,217.64663696289062,130.0262451171875,31.816513061523438,97.45469665527344
39,1,235.53028869628906,125.48160552978516,38.92958068847656,82.6538314819336
40,2,219.38632202148438,129.18544006347656,39.687042236328125,98.04899597167969
40,1,238.90045166015625,124.90248107910156,41.51580810546875,83.92219543457031
41,2,219.8341827392578,129.68385314941406,43.49067687988281,97.16961669921875
41,1,241.12904357910156,123.16204071044922,40.39512634277344,84.80115509033203
42,2,219.97622680664062,131.1471710205078,48.25421142578125,95.30345153808594
42,1,244.30935668945312,122.09749603271484,37.943084716796875,84.27718353271484
43,2,220.13076782226562,129.82382202148438,49.049041748046875,97.399658203125
43,1,246.34011840820312,122.3372573852539,36.196014404296875,83.96143341064453
44,2,221.12327575683594,129.5615997314453,49.35749816894531,97.57975769042969
44,1,251.45761108398438,121.93108367919922,32.16571044921875,84.56446075439453
45,2,223.01531982421875,130.76486206054688,48.92181396484375,96.07351684570312
45,1,254.54273986816406,121.30728149414062,30.383285522460938,85.05693054199219
46,2,228.59815979003906,129.37033081054688,43.92991638183594,97.69175720214844
46,1,258.3160400390625,121.508056640625,26.637603759765625,84.94496154785156
47,2,236.80523681640625,128.9935302734375,34.09307861328125,97.48028564453125
47,1,261.2008972167969,120.22415924072266,23.43310546875,85.47356414794922
48,2,247.9539031982422,127.84403991699219,26.432479858398438,98.74723815917969
48,1,266.94183349609375,119.9745101928711,22.362945556640625,89.71280670166016
49,2,250.73233032226562,128.49899291992188,26.987518310546875,97.92204284667969
49,1,270.0726318359375,119.80793762207031,23.656097412109375,86.63442993164062
50,1,272.349365234375,120.51627349853516,31.19244384765625,87.11438751220703
50,2,253.42813110351562,127.39338684082031,30.289703369140625,98.62266540527344
51,1,274.3750305175781,120.02529907226562,36.759124755859375,87.55921936035156
51,2,255.4840087890625,127.88671112060547,35.7503662109375,98.65206146240234
52,1,277.1275939941406,119.44815063476562,37.823516845703125,86.45596313476562
52,2,256.34710693359375,127.2552261352539,42.970123291015625,99.49089813232422
53,1,279.6246032714844,119.78109741210938,36.72247314453125,86.12559509277344
53,2,256.6481018066406,129.0899658203125,48.092315673828125,97.18075561523438
54,1,283.9039001464844,120.7295913696289,34.288238525390625,85.22620391845703
54,2,256.9449462890625,128.89356994628906,48.547210693359375,97.22978210449219
55,2,257.4707336425781,128.1319580078125,49.683319091796875,97.70890808105469
55,1,286.6482238769531,120.74723052978516,32.9012451171875,85.32575225830078
56,2,258.71734619140625,128.23236083984375,49.945465087890625,97.6181640625
56,1,289.2049255371094,120.4139404296875,30.69171142578125,85.28829956054688
57,2,263.0257873535156,127.82254791259766,45.080108642578125,98.5658950805664
57,1,292.9338073730469,120.02111053466797,27.34912109375,85.85137176513672
58,2,268.88055419921875,127.33057403564453,40.5570068359375,98.66468048095703
58,1,295.0846862792969,119.07598114013672,24.07623291015625,86.9753646850586
59,2,274.5408020019531,127.32807922363281,35.0130615234375,98.15501403808594
59,1,298.2119140625,118.96693420410156,19.901885986328125,86.54998779296875
60,2,282.46527099609375,125.76148223876953,26.3602294921875,98.87262725830078
60,1,300.6997985839844,118.8952407836914,20.008819580078125,85.89379119873047
61,2,287.5628356933594,127.08638000488281,24.792144775390625,97.00929260253906
61,1,303.9666748046875,118.39539337158203,19.74951171875,85.2549819946289
62,2,290.87957763671875,127.13424682617188,24.72064208984375,96.50552368164062
62,1,305.8314514160156,118.36214447021484,23.91314697265625,83.87821197509766
63,2,293.115234375,127.14485931396484,29.606719970703125,96.3861312866211
63,1,308.1333312988281,118.38433074951172,28.87847900390625,83.21305084228516
64,2,293.2335510253906,128.3357391357422,38.767913818359375,96.39457702636719
64,1,311.7452697753906,118.48197174072266,33.05322265625,82.15349578857422
65,2,292.4625244140625,127.94762420654297,45.82757568359375,95.99956512451172
65,1,315.90301513671875,118.76622009277344,33.78802490234375,81.74838256835938
66,2,292.4521484375,128.9349365234375,50.00433349609375,95.18478393554688
66,1,317.81365966796875,118.21080780029297,33.53668212890625,82.76604461669922
67,2,293.2426452636719,128.68080139160156,50.570037841796875,95.53515625
67,1,321.2618103027344,118.24131774902344,32.133331298828125,81.95793151855469
68,2,294.66357421875,129.22686767578125,49.72906494140625,95.34526062011719
68,1,324.60247802734375,117.53364562988281,29.686920166015625,82.962158203125
69,2,297.5711364746094,129.11224365234375,48.1849365234375,94.83111572265625
69,1,327.30096435546875,117.73430633544922,28.36553955078125,83.59651947021484
70,2,303.00738525390625,128.23768615722656,43.72637939453125,95.85386657714844
70,1,329.839599609375,117.03328704833984,27.110595703125,84.87494659423828
71,2,311.14892578125,126.1463851928711,36.987030029296875,97.7298812866211
71,1,333.2872009277344,116.1861343383789,23.475738525390625,86.18798065185547
72,2,324.4053955078125,126.79515838623047,28.821380615234375,97.0930404663086
72,1,339.2528381347656,115.5419921875,16.12396240234375,72.17599487304688
73,2,327.5561828613281,126.94911193847656,26.93145751953125,96.91035461425781
73,1,341.19818115234375,115.3212890625,17.259613037109375,66.76992797851562
74,1,343.3659973144531,116.15607452392578,20.39599609375,87.13928985595703
74,2,329.7892150878906,125.84064483642578,27.97613525390625,96.64041900634766
75,2,330.84930419921875,128.44186401367188,35.707305908203125,94.38005065917969
75,1,346.7370910644531,116.02621459960938,21.412750244140625,85.07730102539062
76,2,330.5091857910156,127.79496765136719,43.43780517578125,95.05549621582031
76,1,349.4919128417969,114.81424713134766,29.690216064453125,86.3418960571289
77,2,330.6361999511719,128.12857055664062,47.904205322265625,94.37261962890625
77,1,352.40087890625,115.78411102294922,31.557861328125,85.03960418701172
78,2,330.450439453125,127.76790618896484,50.64166259765625,95.4303970336914
78,1,355.4968566894531,117.290771484375,32.267181396484375,83.34805297851562
79,2,331.431640625,127.42135620117188,52.3829345703125,95.83341979980469
79,1,358.4691162109375,116.30057525634766,30.558746337890625,84.0272445678711
80,2,332.7481384277344,127.82579040527344,52.978057861328125,95.10401916503906
80,1,362.2919006347656,116.6500244140625,27.04486083984375,83.61894226074219
81,2,339.97650146484375,127.65277862548828,43.479278564453125,93.69414520263672
81,1,365.25897216796875,117.39432525634766,23.218963623046875,83.09819793701172
82,2,346.60833740234375,126.06089782714844,36.4990234375,95.02491760253906
82,1,368.2191467285156,116.16221618652344,20.431884765625,82.82435607910156
83,2,351.8780517578125,124.3036880493164,34.720367431640625,98.2109146118164
83,1,371.2467956542969,115.85578155517578,17.0177001953125,83.04027557373047
84,2,359.9598083496094,123.66545104980469,27.906524658203125,98.36209106445312
85,2,364.7269592285156,123.53662109375,24.7308349609375,98.83427429199219
85,1,376.0600280761719,114.83171844482422,14.454193115234375,49.95873260498047
86,2,366.9663391113281,123.98280334472656,27.13165283203125,97.34104919433594
87,2,367.187255859375,123.52909851074219,34.600860595703125,98.89170837402344
87,1,381.67156982421875,116.6165542602539,16.048797607421875,68.4356460571289
88,2,367.337890625,125.78925323486328,43.7103271484375,97.3629379272461
88,1,383.5238952636719,114.4859619140625,20.397216796875,50.004669189453125
89,2,367.04156494140625,127.07205963134766,49.653076171875,95.46692657470703
89,1,386.3427429199219,115.55145263671875,25.077880859375,82.03843688964844
90,2,366.7896423339844,126.07344818115234,51.8416748046875,96.46123504638672
91,2,367.53619384765625,125.15250396728516,51.962738037109375,96.92533111572266
92,2,369.73333740234375,127.76702880859375,52.232879638671875,94.53366088867188
92,1,389.62310791015625,115.96734619140625,32.824005126953125,44.327545166015625
93,2,372.21002197265625,125.29956817626953,52.792388916015625,97.2347183227539
94,2,379.17279052734375,123.86751556396484,48.653289794921875,97.29198455810547
95,2,387.4628601074219,123.24752044677734,40.547943115234375,98.83296966552734
96,2,398.7703857421875,124.04558563232422,28.94891357421875,98.24567413330078
97,2,403.0621032714844,122.85548400878906,27.051239013671875,99.25846862792969
98,2,404.2358093261719,122.50997924804688,33.00762939453125,99.059326171875
99,2,404.64739990234375,125.09239959716797,39.049163818359375,97.0341567993164
100,2,404.2209167480469,124.9659423828125,45.049041748046875,97.90611267089844
100,1,417.0049743652344,114.61438751220703,16.134735107421875,27.440757751464844
101,2,404.1277160644531,125.5512466430664,49.114044189453125,96.75977325439453
101,1,420.3309020996094,114.6160888671875,16.12994384765625,29.481979370117188
102,2,404.6548156738281,127.1068344116211,51.15447998046875,94.3481674194336
102,1,423.89068603515625,115.19187927246094,17.239715576171875,33.2086181640625
103,2,406.4508056640625,127.97417449951172,50.514556884765625,94.04174041748047
103,1,426.2391052246094,115.8089828491211,20.912139892578125,36.939674377441406
104,2,407.1969909667969,126.68818664550781,49.96563720703125,95.36723327636719
104,1,429.8349304199219,115.76686096191406,20.48406982421875,36.90721130371094
105,2,413.8786926269531,128.106689453125,44.873687744140625,94.18775939941406
105,1,431.22802734375,115.92314147949219,23.0274658203125,35.67839050292969
106,2,416.9443054199219,125.98336029052734,42.35101318359375,95.4045639038086
106,1,436.89404296875,116.00529479980469,19.2406005859375,34.079498291015625
107,2,423.33746337890625,117.44129180908203,35.7696533203125,103.58866119384766
108,2,427.5916442871094,117.05215454101562,32.56573486328125,104.08134460449219
109,2,431.2713317871094,115.8171615600586,31.4346923828125,106.59900665283203
110,2,438.46124267578125,115.76406860351562,28.53143310546875,105.54544067382812
111,2,439.3222351074219,114.970947265625,35.482391357421875,107.64118957519531
112,2,439.1774597167969,118.06526184082031,44.030914306640625,103.98078918457031
113,2,439.0281677246094,120.75015258789062,49.08447265625,100.95158386230469
114,2,439.77484130859375,121.77754974365234,50.59674072265625,99.89665985107422
115,2,440.43450927734375,122.15499114990234,48.930511474609375,99.64203643798828
115,1,450.62982177734375,116.13308715820312,24.451080322265625,45.32330322265625
116,2,442.1808776855469,127.004638671875,48.892791748046875,93.6785888671875
116,1,444.8356018066406,116.12928009033203,31.429046630859375,81.83582305908203
117,2,445.4306335449219,123.91880798339844,48.167816162109375,96.9683837890625
117,1,445.9355163574219,115.61293029785156,33.17315673828125,84.3455810546875
118,2,447.58404541015625,122.44801330566406,47.45111083984375,97.94400024414062
118,1,452.41021728515625,115.76438903808594,29.1915283203125,63.32353210449219
119,2,449.8529052734375,119.65411376953125,47.39495849609375,101.46463012695312
120,2,460.4621276855469,119.71256256103516,40.301727294921875,101.7565689086914
121,2,466.9526062011719,122.06505584716797,39.759429931640625,99.51427459716797
122,2,473.5352478027344,125.06387329101562,39.109527587890625,95.90876770019531
122,1,477.7708740234375,114.87904357910156,17.592010498046875,42.171478271484375
123,2,476.8183288574219,124.62765502929688,40.314422607421875,96.52894592285156
123,1,481.6217041015625,114.85943603515625,16.6990966796875,37.67607116699219
124,2,476.8695068359375,124.74055480957031,45.3380126953125,96.53871154785156
124,1,483.8963623046875,114.75825500488281,17.37176513671875,32.24713134765625
125,2,477.6606140136719,125.87351989746094,48.149444580078125,95.04124450683594
125,1,485.39306640625,115.58108520507812,19.411041259765625,40.319732666015625
126,2,477.7251281738281,126.80390930175781,50.828033447265625,93.60313415527344
126,1,482.06689453125,114.57587432861328,23.9678955078125,76.22003936767578
127,2,476.4457702636719,127.07925415039062,54.368804931640625,93.70083618164062
127,1,480.0344543457031,115.73249053955078,29.977264404296875,81.65848541259766
128,2,478.3791809082031,126.131103515625,53.651519775390625,95.35679626464844
128,1,479.8662109375,117.7015380859375,30.875244140625,80.44891357421875
129,2,482.0389404296875,125.59143829345703,50.63507080078125,95.62749481201172
129,1,480.21728515625,125.35709381103516,29.03118896484375,72.29735565185547
130,2,486.7057189941406,124.39940643310547,46.326934814453125,96.19449615478516
130,1,482.6702575683594,117.17401885986328,36.666412353515625,86.45455169677734
131,2,492.5541687011719,124.6172103881836,39.551300048828125,95.54447174072266
131,1,483.8623046875,117.40445709228516,37.8709716796875,82.4501724243164
132,2,489.17791748046875,120.72978210449219,41.60400390625,98.4796142578125
133,2,498.0766296386719,120.38609313964844,35.375640869140625,100.80110168457031
133,1,505.4896545410156,117.38864135742188,22.246307373046875,49.269439697265625
134,2,500.3032531738281,119.8314208984375,37.470306396484375,101.08328247070312
135,2,507.06097412109375,122.20394897460938,35.813232421875,98.58071899414062
135,1,513.3524780273438,117.0728988647461,19.308349609375,45.80554962158203
136,2,509.3001708984375,122.56562042236328,42.13336181640625,99.2023696899414
137,2,510.84295654296875,119.02483367919922,47.46478271484375,102.08797454833984
138,2,510.677978515625,123.63388061523438,50.0323486328125,98.06898498535156
138,1,513.5531616210938,116.94254302978516,26.68267822265625,82.66397857666016
139,2,510.65032958984375,125.7923355102539,50.71929931640625,96.31331634521484
139,1,513.6482543945312,117.87678527832031,27.86224365234375,83.03994750976562
140,2,511.7539978027344,128.6125030517578,48.986419677734375,92.59747314453125
140,1,513.3756103515625,117.96566772460938,30.5184326171875,82.49530029296875
141,2,515.2760620117188,125.40510559082031,46.340576171875,95.96469116210938
141,1,514.4996337890625,119.08465576171875,33.50274658203125,83.82914733886719
142,1,514.9844970703125,118.9439468383789,36.11407470703125,83.0472183227539
142,2,523.9531860351562,127.7553482055664,38.11956787109375,93.43209075927734
143,2,528.9083862304688,126.38490295410156,34.724609375,94.07371520996094
143,1,516.1962280273438,118.33840942382812,36.88909912109375,82.74308776855469
144,2,522.7841796875,121.98374938964844,47.43798828125,99.2044677734375
144,1,536.0709228515625,118.13748931884766,24.347412109375,48.48882293701172
145,2,529.9652099609375,123.94876098632812,47.02642822265625,97.60032653808594
145,1,532.0162353515625,117.18954467773438,30.237548828125,69.32366943359375
146,2,542.3482666015625,125.38787841796875,39.5391845703125,95.71522521972656
146,1,546.6924438476562,117.72158813476562,18.90081787109375,42.79316711425781
147,2,543.4552001953125,123.81843566894531,43.61480712890625,97.33549499511719
147,1,549.7576293945312,117.61339569091797,19.22271728515625,42.779945373535156
148,2,545.43115234375,122.3436279296875,45.5284423828125,99.32150268554688
148,1,552.2822265625,117.85291290283203,18.85821533203125,43.45952606201172
149,2,545.9298095703125,124.39354705810547,48.216064453125,96.13008880615234
149,1,555.3148803710938,118.20862579345703,18.913330078125,33.630271911621094
150,2,545.9478149414062,125.91011810302734,51.22430419921875,95.56781768798828
150,1,548.9442138671875,117.87841796875,25.75787353515625,82.44842529296875
151,2,546.9248046875,125.98189544677734,52.56231689453125,95.34818267822266
151,1,548.181884765625,118.63349914550781,30.25848388671875,83.29681396484375
152,2,548.6888427734375,125.99948120117188,52.55035400390625,95.64109802246094
152,1,548.9019165039062,120.18135070800781,29.89178466796875,86.26927185058594
153,2,550.8444213867188,126.427001953125,50.9898681640625,94.96206665039062
153,1,548.8163452148438,120.90113067626953,35.8289794921875,81.44510650634766
154,2,554.9840698242188,125.88068389892578,47.40557861328125,94.3995590209961
154,1,549.1458129882812,120.20722198486328,36.12713623046875,80.94196319580078
155,2,554.23193359375,123.91229248046875,47.373291015625,96.61250305175781
155,1,550.9940185546875,128.12767028808594,32.56134033203125,75.62226867675781
156,2,554.8980712890625,121.48763275146484,46.01141357421875,98.0511703491211
157,2,559.30224609375,121.44725799560547,42.0582275390625,100.5257797241211
158,2,569.760986328125,121.47563934326172,33.1866455078125,100.45880889892578
159,2,571.6484985351562,123.33370208740234,36.5018310546875,100.49893951416016
160,2,576.2724609375,120.57621002197266,37.30462646484375,102.47351837158203
161,2,577.4095458984375,121.4444808959961,44.80230712890625,102.33026885986328
162,2,577.0675048828125,121.8141860961914,50.2352294921875,102.40283966064453
163,2,577.9834594726562,124.92731475830078,49.93157958984375,99.39122772216797
164,2,578.6093139648438,129.73886108398438,49.2640380859375,94.09994506835938
164,1,579.530517578125,122.35836791992188,33.75921630859375,84.28245544433594
165,2,581.8489990234375,130.76385498046875,45.74267578125,92.92271423339844
165,1,581.8995361328125,122.1981430053711,34.0496826171875,80.63455963134766
166,1,584.2008666992188,122.93720245361328,33.76416015625,80.99272918701172
166,2,585.2385864257812,129.92845153808594,45.1396484375,93.57002258300781
167,2,593.2583618164062,130.5491180419922,39.780029296875,93.09071350097656
167,1,584.55615234375,123.38175964355469,35.5614013671875,80.39512634277344
168,2,598.71240234375,127.61664581298828,39.3890380859375,96.16747283935547
168,1,587.1024780273438,122.50922393798828,39.984375,86.8094253540039
169,2,592.7655029296875,127.4041519165039,47.422119140625,95.9697494506836
169,1,601.5716552734375,123.72086334228516,25.51104736328125,47.469642639160156
170,2,599.5742797851562,130.1704559326172,45.49444580078125,93.81260681152344
170,1,611.6002807617188,122.564453125,21.654296875,45.42216491699219
171,2,613.02490234375,127.14701843261719,37.33642578125,96.94291687011719
171,1,615.9776000976562,121.77379608154297,19.41259765625,52.392127990722656
172,2,611.1973876953125,127.76280212402344,43.97381591796875,96.47593688964844
172,1,612.0238647460938,121.7034683227539,26.0859375,77.74210357666016
173,2,613.0606689453125,126.07456970214844,46.11676025390625,98.22927856445312
174,2,613.791015625,130.09230041503906,48.7529296875,93.90757751464844
174,1,625.5479125976562,121.55220031738281,17.68865966796875,31.906631469726562
175,2,613.77685546875,131.86724853515625,51.41998291015625,92.49069213867188
175,1,618.6320190429688,121.156494140625,26.04815673828125,79.71534729003906
176,2,614.0855102539062,133.5955810546875,53.20745849609375,91.34707641601562
176,1,617.7876586914062,122.11112976074219,29.84991455078125,81.23931884765625
177,2,616.29052734375,134.07443237304688,51.81646728515625,90.11854553222656
177,1,617.5421752929688,122.20075225830078,32.51446533203125,81.33251190185547
178,2,619.7969360351562,133.6558380126953,48.7366943359375,91.62039184570312
178,1,617.3689575195312,123.45915985107422,33.6600341796875,79.90583038330078
179,2,623.83251953125,133.25601196289062,44.52069091796875,92.70436096191406
179,1,618.284912109375,124.9734115600586,36.0118408203125,79.35991668701172
180,2,630.65283203125,133.5875701904297,36.92413330078125,91.31216430664062
180,1,619.9197387695312,125.5838394165039,38.422119140625,80.77753448486328
181,2,631.8141479492188,128.14129638671875,36.4266357421875,95.66862487792969
181,1,621.503662109375,125.36644744873047,40.15966796875,85.00916290283203
182,2,633.8695068359375,130.01364135742188,36.09332275390625,95.32133483886719
182,1,623.6708984375,126.8838119506836,39.12078857421875,82.75220489501953
183,2,642.215576171875,130.46209716796875,30.82122802734375,96.15739440917969
183,1,639.9224853515625,125.67427062988281,25.77789306640625,52.684661865234375
184,2,643.5474243164062,130.3585205078125,31.44171142578125,96.41984558105469
184,1,646.3213500976562,123.86315155029297,20.80633544921875,60.152076721191406
185,2,643.075439453125,130.3283233642578,37.9595947265625,96.12464904785156
185,1,642.9033203125,124.12581634521484,26.50946044921875,83.2022476196289
186,2,644.6239624023438,131.6967315673828,43.30938720703125,95.02055358886719
186,1,648.1712036132812,125.423095703125,23.212158203125,77.19033813476562
187,2,645.4982299804688,129.0423126220703,46.42059326171875,96.7196044921875
188,2,645.36181640625,130.6083526611328,46.20965576171875,95.31753540039062
188,1,657.2830200195312,124.76078033447266,20.1810302734375,49.21215057373047
189,2,646.2210693359375,132.878173828125,45.67645263671875,93.11372375488281
189,1,648.5475463867188,126.0350341796875,31.40087890625,83.31053161621094
189,3,0.0885862186551094,131.8897247314453,12.864708535373211,19.107559204101562
190,1,650.2567138671875,128.03749084472656,31.00628662109375,77.04278564453125
190,2,648.9591674804688,132.76356506347656,45.58355712890625,92.92323303222656
190,3,0.16661861538887024,129.17425537109375,15.011416167020798,21.0743408203125
191,1,650.505859375,128.0298309326172,32.84613037109375,80.33039855957031
191,2,652.6674194335938,133.8984832763672,44.82763671875,92.32325744628906
191,3,0.2541314661502838,128.34825134277344,16.580421298742294,21.837692260742188
192,2,664.2061767578125,134.41773986816406,37.1873779296875,92.83290100097656
192,1,652.17138671875,127.20702362060547,38.6190185546875,82.25641632080078
192,3,4.446135997772217,128.912109375,17.737804889678955,21.428970336914062
193,2,667.8922119140625,133.23451232910156,37.96136474609375,93.13058471679688
193,1,654.124267578125,127.7576675415039,39.62310791015625,82.3458023071289
193,3,6.1285552978515625,129.1626739501953,18.339527130126953,20.777786254882812
194,2,656.5498046875,133.5061492919922,51.9732666015625,92.174072265625
194,1,667.1154174804688,125.83586120605469,29.0853271484375,46.14216613769531
194,3,8.440689086914062,129.62344360351562,18.32795524597168,19.895721435546875
195,2,659.8373413085938,131.259033203125,54.05657958984375,94.98507690429688
195,1,670.7653198242188,124.2227783203125,27.09136962890625,47.9903564453125
195,3,10.593405723571777,130.73159790039062,18.00074291229248,18.80316162109375
196,2,666.8253784179688,131.80409240722656,52.1910400390625,94.10121154785156
196,1,675.6061401367188,123.87062072753906,25.655029296875,47.442779541015625
196,3,12.562678337097168,131.52200317382812,18.19686222076416,18.113555908203125
197,2,673.275634765625,131.35643005371094,49.47979736328125,94.58621215820312
197,3,15.413542747497559,131.06460571289062,17.331326484680176,18.666915893554688
198,2,675.523681640625,129.80355834960938,50.6361083984375,96.46788024902344
198,3,17.31212043762207,128.6992645263672,17.36378288269043,21.016021728515625
199,2,677.854736328125,131.0346221923828,50.6302490234375,94.88780212402344
199,3,19.323266983032227,127.49407196044922,17.941267013549805,22.073631286621094
200,2,678.5029907226562,131.11257934570312,51.8291015625,95.07855224609375
200,1,683.9277954101562,125.62643432617188,26.562744140625,89.27082824707031
200,3,21.97043800354004,128.3915252685547,16.862306594848633,21.125823974609375
201,2,678.00634765625,131.7596893310547,54.49627685546875,94.23619079589844
201,3,25.04616355895996,128.3698272705078,15.457010269165039,21.240768432617188
202,2,681.255126953125,131.37416076660156,51.8516845703125,93.02543640136719
202,1,684.1105346679688,128.35452270507812,27.68817138671875,85.4598388671875
202,3,27.11137580871582,128.7289581298828,15.466878890991211,21.176971435546875
203,2,686.9168090820312,130.61817932128906,46.81414794921875,94.37503051757812
203,1,684.7743530273438,128.60794067382812,30.9908447265625,82.734130859375
203,3,28.725618362426758,127.7518081665039,16.118059158325195,22.20861053466797
204,2,686.9004516601562,129.5891571044922,46.00494384765625,96.52531433105469
204,1,684.9610595703125,128.9573211669922,34.5762939453125,83.250244140625
204,3,30.410974502563477,126.40609741210938,16.410768508911133,24.162612915039062
205,1,683.8461303710938,128.9902801513672,38.5308837890625,82.20634460449219
205,2,689.2075805664062,130.0413055419922,42.48931884765625,94.66777038574219
205,3,32.86173629760742,128.13497924804688,15.663471221923828,22.919998168945312
206,2,686.2265014648438,130.1555938720703,45.2237548828125,95.69171142578125
206,3,35.54745864868164,128.68710327148438,15.366558074951172,23.3572998046875
207,2,696.485595703125,130.5792694091797,36.4241943359375,95.31642150878906
207,3,37.75796127319336,129.43373107910156,16.33169937133789,23.390899658203125
208,2,692.0116577148438,131.252197265625,43.49896240234375,94.75996398925781
208,3,39.67818832397461,130.0076141357422,17.172718048095703,25.032928466796875
209,2,705.4630737304688,132.84750366210938,32.14801025390625,93.98394775390625
209,3,42.95269012451172,130.30567932128906,16.39862060546875,27.140380859375
210,2,703.7809448242188,132.6713104248047,39.796875,94.02391052246094
210,3,46.11506271362305,129.82705688476562,16.31766128540039,28.173873901367188
211,2,704.8357543945312,131.09976196289062,45.12969970703125,96.31013488769531
211,3,48.46152114868164,128.81814575195312,16.871883392333984,31.370147705078125
212,2,705.909912109375,130.73399353027344,46.2164306640625,96.51571655273438
212,3,50.560420989990234,128.79837036132812,17.297359466552734,33.09529113769531
213,2,706.6181030273438,130.0343017578125,45.50341796875,97.49908447265625
213,3,53.201942443847656,128.9595184326172,17.48316192626953,37.420196533203125
214,2,706.8936767578125,135.609375,45.15814208984375,91.98265075683594
214,3,54.947425842285156,127.12548828125,19.22857666015625,46.00848388671875
215,3,56.98242950439453,126.76575469970703,22.455856323242188,52.441505432128906
215,2,709.5269775390625,133.33082580566406,43.82940673828125,94.29745483398438
216,3,60.825565338134766,127.57764434814453,29.223560333251953,75.1234359741211
216,2,716.1489868164062,136.82579040527344,43.30438232421875,90.0308837890625
216,1,722.601806640625,134.2886505126953,24.2025146484375,39.75334167480469
217,3,63.79621887207031,128.7345733642578,29.508262634277344,74.98017883300781
217,2,722.0234985351562,137.17649841308594,38.39599609375,90.004638671875
218,3,63.16230392456055,127.84913635253906,33.92850875854492,75.9100341796875
218,2,726.0126953125,134.82713317871094,37.44427490234375,93.67538452148438
218,1,716.7086791992188,133.93661499023438,38.78375244140625,84.28517150878906
219,3,62.87813186645508,127.95069122314453,37.98967361450195,75.84850311279297
219,2,719.2101440429688,134.89991760253906,49.027587890625,91.64601135253906
219,1,726.5226440429688,132.70191955566406,32.5435791015625,43.835906982421875
220,3,66.48735809326172,128.60604858398438,38.14558410644531,75.68521118164062
220,2,724.135009765625,136.8743438720703,49.6285400390625,90.41836547851562
220,1,730.74072265625,132.8322296142578,28.83917236328125,42.603302001953125
221,3,68.6480484008789,128.51043701171875,37.00829315185547,75.60580444335938
221,2,733.1521606445312,135.84765625,44.82568359375,91.73487854003906
221,1,734.5842895507812,133.26731872558594,26.301025390625,42.90521240234375
222,3,70.56922912597656,128.45590209960938,36.25416564941406,76.10890197753906
222,2,735.3425903320312,137.3472137451172,46.8812255859375,90.14921569824219
222,1,738.7625732421875,132.2249298095703,25.23583984375,43.94184875488281
223,3,75.42040252685547,127.26377868652344,32.214439392089844,77.28355407714844
223,2,737.44482421875,134.5751190185547,47.90362548828125,93.65625
223,1,743.1593627929688,132.77536010742188,22.85980224609375,42.36431884765625
224,3,79.50855255126953,126.40473937988281,27.185012817382812,79.29557800292969
224,2,738.1317138671875,137.092041015625,49.48687744140625,90.74090576171875
224,1,749.638671875,133.15011596679688,19.144775390625,29.112136840820312
225,3,82.91767883300781,127.16180419921875,25.692161560058594,76.93826293945312
225,2,738.5003051757812,137.80934143066406,51.14337158203125,90.07810974121094
225,1,753.6182250976562,132.59860229492188,17.4759521484375,29.338546752929688
226,3,85.65934753417969,124.19868469238281,24.80095672607422,79.76385498046875
226,2,739.2572021484375,136.495361328125,52.34197998046875,91.59234619140625
226,1,744.7555541992188,131.95565795898438,28.08013916015625,75.43412780761719
227,3,87.14151000976562,122.7773208618164,27.062461853027344,80.97834014892578
227,2,740.6856689453125,136.2516632080078,51.57586669921875,91.78553771972656
227,1,743.998779296875,134.5018768310547,31.203369140625,79.87771606445312
228,3,90.11119842529297,123.32137298583984,29.618621826171875,80.60933685302734
228,2,746.6868286132812,135.58529663085938,46.5885009765625,91.43867492675781
228,1,746.4782104492188,135.51559448242188,31.9324951171875,74.49237060546875
229,3,92.26685333251953,122.70040893554688,34.322784423828125,81.80422973632812
229,2,749.4421997070312,136.6053009033203,43.166015625,90.15513610839844
229,1,747.0748901367188,136.66334533691406,32.2838134765625,77.2725830078125
230,3,94.58527374267578,124.6795654296875,38.652259826660156,79.71405029296875
230,2,753.4219360351562,137.38888549804688,39.29461669921875,90.4095458984375
231,3,94.59586334228516,125.126708984375,41.729896545410156,79.38284301757812
231,2,757.471923828125,136.1821746826172,36.19036865234375,91.58433532714844
232,3,94.68445587158203,121.61787414550781,43.63721466064453,83.07954406738281
232,2,761.1617431640625,137.34852600097656,35.95233154296875,92.67768859863281
233,3,95.45700073242188,123.32268524169922,42.60057067871094,81.46625518798828
233,2,753.7481079101562,137.77236938476562,45.270263671875,91.96243286132812
234,3,97.98731994628906,122.0045394897461,40.002288818359375,82.33454132080078
234,2,755.7236328125,137.3006591796875,45.1561279296875,93.78643798828125
235,2,761.9136352539062,136.06759643554688,41.0977783203125,95.38679504394531
235,3,101.16881561279297,122.79739379882812,35.85883331298828,80.65164184570312
236,2,765.2777099609375,137.6451416015625,43.581787109375,94.52584838867188
236,3,107.86798858642578,124.0938491821289,29.200050354003906,78.58129119873047
237,3,112.54998016357422,123.26942443847656,25.43859100341797,79.90672302246094
237,2,765.8407592773438,138.85780334472656,46.4476318359375,93.16152954101562
238,3,115.52825164794922,123.37362670898438,23.93340301513672,79.59129333496094
238,2,766.9403686523438,139.77438354492188,46.32305908203125,93.25320434570312
239,3,118.37574005126953,123.58108520507812,25.41405487060547,79.94853210449219
239,2,766.7780151367188,139.53399658203125,47.06768798828125,92.96131896972656
239,1,782.0696411132812,135.8045196533203,22.234619140625,43.17701721191406
240,3,121.60881042480469,123.79827117919922,33.60813903808594,79.23201751708984
240,2,774.7332763671875,141.87643432617188,43.437744140625,91.35725402832031
240,1,777.5704956054688,135.103515625,32.56976318359375,80.3763427734375
241,3,123.8469009399414,122.47294616699219,37.191566467285156,80.76780700683594
241,2,778.3244018554688,144.2073211669922,43.99041748046875,89.49885559082031
242,3,125.37590026855469,123.5131607055664,40.98689270019531,79.74678802490234
242,2,784.847412109375,142.92587280273438,39.4007568359375,90.7484130859375
242,1,777.5996704101562,135.19769287109375,36.82940673828125,83.5003662109375
243,3,126.32417297363281,123.96784973144531,42.29515075683594,79.14292907714844
243,2,792.740966796875,142.10256958007812,32.84649658203125,91.37327575683594
243,1,777.8348999023438,136.35609436035156,39.55718994140625,81.88175964355469
244,3,126.69657135009766,124.2528305053711,42.132911682128906,78.74051666259766
244,2,797.5855712890625,142.47206115722656,32.1279296875,91.77354431152344
244,1,780.3021850585938,139.68983459472656,38.46502685546875,78.33943176269531
245,3,133.59678649902344,125.33721160888672,35.60417175292969,77.34650421142578
245,2,796.3713989257812,141.8474578857422,38.04254150390625,91.69790649414062
245,1,783.49072265625,139.79714965820312,34.93060302734375,77.53948974609375
246,3,135.29159545898438,123.84776306152344,34.40217590332031,79.08943176269531
246,1,790.34326171875,137.25527954101562,32.89044189453125,80.50331115722656
246,2,797.5396118164062,144.38748168945312,41.4180908203125,88.86077880859375
247,3,140.79400634765625,121.97439575195312,28.45404052734375,81.49676513671875
247,2,797.3204956054688,144.3710479736328,45.34210205078125,88.88066101074219
247,1,796.8654174804688,137.09771728515625,27.77203369140625,79.96403503417969
248,3,142.9821319580078,120.49848937988281,26.275054931640625,83.05513000488281
248,2,798.9859619140625,145.12503051757812,47.7176513671875,88.25227355957031
248,1,799.2813720703125,137.99127197265625,26.8157958984375,69.61236572265625
249,3,145.3784637451172,119.20924377441406,26.282394409179688,83.30076599121094
249,2,799.4907836914062,145.25912475585938,49.6192626953125,88.07199096679688
249,1,800.5596313476562,137.88026428222656,28.22723388671875,72.54930114746094
250,3,148.76023864746094,118.91394805908203,27.328887939453125,83.7192611694336
250,2,799.2800903320312,144.79843139648438,53.949462890625,88.8939208984375
250,1,802.247802734375,140.34796142578125,27.447021484375,73.31100463867188
251,3,151.06869506835938,118.73058319091797,30.554397583007812,84.22489166259766
251,2,799.9781494140625,146.31039428710938,54.99957275390625,87.37217712402344
251,1,802.6456298828125,138.74362182617188,28.41485595703125,75.61051940917969
252,3,153.66380310058594,118.59687805175781,33.3787841796875,83.84217834472656
252,2,804.424072265625,145.90890502929688,49.708251953125,87.66621398925781
252,1,805.2579345703125,141.4508056640625,27.62933349609375,72.88710021972656
253,3,154.17608642578125,118.73944854736328,37.41615295410156,84.1210708618164
253,2,811.1721801757812,145.5767822265625,43.00048828125,88.33006286621094
253,1,805.12109375,138.69029235839844,31.3143310546875,76.24076843261719
254,3,154.76824951171875,119.89614868164062,40.85023498535156,83.01153564453125
254,2,816.267578125,145.64443969726562,37.77978515625,87.9134521484375
254,1,805.6072387695312,141.18922424316406,32.7684326171875,73.80296325683594
255,3,155.3602752685547,121.24134826660156,38.778289794921875,82.00540161132812
255,1,805.5810546875,141.91323852539062,33.83538818359375,73.92337036132812
255,2,820.7020874023438,147.6651611328125,33.04241943359375,84.89811706542969
256,3,156.45755004882812,119.76293182373047,37.36175537109375,82.48412322998047
256,1,805.6160278320312,142.6169891357422,35.97015380859375,73.13175964355469
256,2,825.554443359375,146.9288787841797,29.8101806640625,88.92008972167969
257,3,165.98880004882812,118.61768341064453,28.103866577148438,80.0597152709961
257,2,827.092529296875,145.40481567382812,28.56640625,89.21746826171875
257,1,807.0078125,145.87838745117188,36.281494140625,69.96699523925781
258,3,162.69302368164062,118.24699401855469,32.61515808105469,83.54800415039062
258,2,825.8106079101562,145.99916076660156,30.16351318359375,90.39567565917969
258,1,809.587890625,143.18563842773438,37.97393798828125,73.53451538085938
259,3,166.95272827148438,118.35720825195312,28.6817626953125,82.95068359375
259,2,826.4111328125,148.77163696289062,29.41082763671875,87.56695556640625
259,1,812.9713134765625,144.64883422851562,36.61309814453125,71.51412963867188
260,3,173.90452575683594,119.34004974365234,22.755706787109375,81.62029266357422
260,1,817.2532348632812,143.77821350097656,34.69091796875,69.09608459472656
260,2,824.3938598632812,149.65261840820312,30.950927734375,85.67842102050781
261,3,176.6182861328125,118.24359893798828,24.206146240234375,82.33663177490234
261,1,822.8283081054688,138.36061096191406,32.63189697265625,94.42282104492188
262,3,180.08306884765625,120.45243835449219,24.86138916015625,80.41619873046875
262,1,825.5015869140625,138.77523803710938,30.09552001953125,93.16221618652344
263,3,183.41653442382812,125.58057403564453,26.026596069335938,75.00920867919922
263,1,828.3792114257812,136.20545959472656,27.12530517578125,81.16838073730469
263,2,827.8539428710938,164.58700561523438,28.14605712890625,67.45355224609375
264,3,184.59791564941406,117.11195373535156,35.84523010253906,82.25823974609375
264,1,832.47900390625,140.0198974609375,23.21820068359375,74.54023742675781
265,3,184.9250030517578,116.03717803955078,40.038421630859375,83.2749252319336
265,1,832.9462890625,142.25845336914062,22.742431640625,72.14500427246094
266,3,185.5222625732422,116.22989654541016,41.42829895019531,82.61071014404297
266,1,832.70654296875,142.79934692382812,23.00250244140625,73.2506103515625
267,3,186.0663299560547,117.56139373779297,41.52674865722656,81.59966278076172
267,1,833.2691040039062,140.61692810058594,22.49859619140625,76.26597595214844
268,3,189.337646484375,117.6641845703125,39.027435302734375,81.23527526855469
268,1,834.4500732421875,143.30548095703125,21.32427978515625,73.69355773925781
269,3,191.83982849121094,114.68675231933594,35.072601318359375,84.32673645019531
269,1,834.8817749023438,143.5172576904297,20.89385986328125,73.53147888183594
269,4,188.31640625,143.45335388183594,16.778961181640625,48.11918640136719
270,3,195.40731811523438,114.8872299194336,31.099746704101562,82.57479095458984
270,1,836.9002685546875,144.33731079101562,18.9005126953125,72.30607604980469
270,4,188.962158203125,143.74876403808594,19.550735473632812,47.935455322265625
271,3,201.4087677001953,115.8261489868164,25.024734497070312,81.31061553955078
271,4,189.3267364501953,144.9265899658203,19.27301025390625,47.051361083984375
272,3,204.43820190429688,115.05025482177734,23.41229248046875,82.81871795654297
273,3,206.35775756835938,114.73886108398438,26.49298095703125,82.90837097167969
274,3,209.11415100097656,114.96763610839844,29.568069458007812,82.59658813476562
275,3,210.70742797851562,114.6902084350586,33.18006896972656,82.0395278930664
276,3,211.96617126464844,114.89962768554688,35.039459228515625,82.63427734375
277,3,212.13294982910156,114.60865020751953,37.85453796386719,82.43653106689453
278,3,212.31382751464844,112.8964614868164,37.05583190917969,84.7564468383789
279,3,211.73776245117188,112.83670043945312,39.9281005859375,84.17543029785156
280,3,211.79908752441406,111.628173828125,40.14561462402344,84.37240600585938
281,3,215.5065155029297,111.71183013916016,36.30133056640625,80.93352508544922
282,3,222.17457580566406,111.4522705078125,29.853012084960938,79.11460876464844
283,3,224.17800903320312,110.05242156982422,27.615692138671875,80.6571273803711
284,3,224.9018096923828,109.62432098388672,26.042892456054688,79.90779876708984
285,3,225.308349609375,109.55467987060547,26.132034301757812,79.45732879638672
286,3,227.78233337402344,108.83998107910156,26.469589233398438,79.90974426269531
287,3,229.8809051513672,109.40579986572266,27.848861694335938,78.6432876586914
288,3,232.54421997070312,108.41854858398438,31.001190185546875,79.26904296875
289,3,234.4537353515625,107.38907623291016,29.16229248046875,79.5932388305664
290,3,235.5853271484375,106.82817840576172,26.71234130859375,79.55536651611328
291,3,237.14720153808594,105.5704116821289,25.233383178710938,79.91353607177734
292,3,238.54647827148438,104.38386535644531,24.8157958984375,79.9365234375
293,3,239.22769165039062,103.71331787109375,25.6339111328125,78.01499938964844
294,3,240.03765869140625,102.69984436035156,27.678466796875,78.4827880859375
295,3,239.56935119628906,102.2696762084961,30.912063598632812,77.57048797607422
296,3,240.6990509033203,102.23757934570312,31.257797241210938,76.89572143554688
297,3,242.17352294921875,102.02788543701172,30.234039306640625,77.42681121826172
298,3,244.05047607421875,101.77418518066406,29.093109130859375,77.1297607421875
299,3,245.37042236328125,101.397705078125,26.794677734375,77.26528930664062
300,3,246.49684143066406,101.39102935791016,24.410934448242188,76.93360137939453
301,3,247.51068115234375,100.825439453125,23.273834228515625,76.59764099121094
302,3,248.11033630371094,100.71320343017578,23.570114135742188,77.52860260009766
303,3,249.077392578125,100.32807159423828,23.351318359375,76.92530059814453
304,3,249.7560577392578,99.3057632446289,23.341934204101562,76.84122467041016
305,3,249.94139099121094,98.09567260742188,23.987991333007812,75.6619873046875
306,3,250.0579833984375,97.4996566772461,24.478240966796875,74.04647064208984
307,3,251.09278869628906,96.5684585571289,24.457321166992188,74.29969024658203
308,3,252.01351928710938,95.8682861328125,24.355865478515625,73.60000610351562
309,3,252.7819061279297,95.23819732666016,24.459365844726562,74.17671966552734
310,3,253.96771240234375,94.97956848144531,24.419464111328125,73.90219116210938
311,3,254.7762908935547,94.86750793457031,24.617752075195312,73.30738830566406
312,3,256.468505859375,94.63287353515625,25.7755126953125,70.79681396484375
313,3,258.4549560546875,94.3025131225586,23.303314208984375,71.24486541748047
314,3,259.9522399902344,93.84883880615234,22.678131103515625,71.50606536865234
315,3,261.1707763671875,93.05647277832031,22.388153076171875,72.8096923828125
316,3,261.57049560546875,92.51520538330078,22.583099365234375,72.21741485595703
317,3,261.8802185058594,91.6537094116211,22.861083984375,71.7589340209961
318,3,262.6934509277344,90.9264144897461,22.67303466796875,72.39461517333984
319,3,262.5852355957031,90.29159545898438,23.6634521484375,72.08351135253906
320,3,263.5124816894531,89.90071868896484,23.152008056640625,71.66925811767578
321,3,263.97515869140625,89.70311737060547,23.128814697265625,71.9784164428711
322,3,264.3155517578125,89.34691619873047,23.7088623046875,72.08466339111328
323,3,265.14990234375,89.62320709228516,23.841064453125,70.61470794677734
324,3,266.4308166503906,89.75901794433594,23.3690185546875,70.03924560546875
325,3,266.2635498046875,89.55634307861328,23.924468994140625,71.2566909790039
326,3,268.42877197265625,89.22269439697266,22.27154541015625,71.56627655029297
327,3,269.4128112792969,88.00721740722656,21.91815185546875,72.24124145507812
328,3,270.005615234375,87.48954772949219,22.431610107421875,72.42306518554688
329,3,270.94012451171875,86.88389587402344,22.08074951171875,70.27006530761719
330,3,271.5957946777344,85.7646255493164,21.756988525390625,69.02770233154297
331,3,272.5310363769531,84.85669708251953,21.955078125,69.7190170288086
332,3,273.3592529296875,83.92849731445312,21.71502685546875,69.86378479003906
333,3,273.5741882324219,83.5406494140625,22.6036376953125,69.76472473144531
334,3,274.04168701171875,83.44092559814453,23.40789794921875,70.22863006591797
335,3,275.8930358886719,83.30194091796875,23.07958984375,70.56501770019531
336,3,278.7481689453125,83.17833709716797,23.0283203125,70.15186309814453
337,3,279.8432922363281,82.96013641357422,21.749053955078125,69.93956756591797
338,3,280.9344787597656,82.93995666503906,21.016448974609375,69.41026306152344
339,3,281.5196533203125,82.49647521972656,21.048553466796875,69.09677124023438
340,3,282.4165954589844,81.99275970458984,20.882598876953125,67.4599380493164
341,3,282.8282775878906,81.28922271728516,21.106903076171875,67.2832260131836
342,3,283.5692138671875,80.60091400146484,21.0926513671875,67.99141693115234
343,3,284.3760070800781,80.00444030761719,20.647247314453125,67.71380615234375
344,3,284.3211669921875,79.64321899414062,21.362640380859375,67.90074157714844
345,3,284.71856689453125,79.5759048461914,21.20611572265625,67.8645248413086
346,3,284.8287048339844,79.51130676269531,22.0135498046875,67.65788269042969
347,3,284.58099365234375,79.16993713378906,22.841644287109375,65.12501525878906
348,3,285.09027099609375,79.09051513671875,23.33563232421875,64.70346069335938
349,3,285.320068359375,79.0164794921875,24.12286376953125,65.60716247558594
350,3,286.382568359375,78.44535064697266,24.069976806640625,66.9803695678711
351,3,286.7298583984375,77.90117645263672,24.7825927734375,67.25910186767578
352,3,288.0155029296875,77.21896362304688,23.528839111328125,66.01087951660156
353,3,288.93218994140625,76.4669418334961,22.919921875,65.8675308227539
354,3,290.4751281738281,75.71183013916016,21.399322509765625,66.1827621459961
355,3,291.361083984375,75.06793212890625,20.410491943359375,65.4652099609375
356,3,291.4477233886719,74.62242889404297,21.51654052734375,65.7298812866211
357,3,291.95452880859375,74.47113800048828,22.580322265625,65.82584381103516
358,3,292.4197082519531,74.07098388671875,23.556304931640625,65.5594482421875
359,3,293.3250732421875,74.17729187011719,23.243804931640625,64.26704406738281
360,3,294.6363220214844,73.4666748046875,22.611114501953125,64.15107727050781
361,3,295.68707275390625,72.98336029052734,22.134307861328125,64.22693634033203
362,3,296.3307800292969,72.56175994873047,21.76092529296875,64.05980682373047
363,3,296.768310546875,71.92813873291016,21.81640625,63.560646057128906
364,3,297.2417297363281,71.46832275390625,21.92919921875,63.63645935058594
365,3,297.7897033691406,70.68416595458984,22.225006103515625,63.45917510986328
366,3,297.58001708984375,70.24935913085938,22.837677001953125,63.39585876464844
367,3,297.45135498046875,69.97820281982422,22.791534423828125,63.334022521972656
368,3,297.44818115234375,69.69264221191406,22.932403564453125,63.52174377441406
369,3,297.4540710449219,69.73139953613281,22.724700927734375,63.40602111816406
370,3,297.501953125,69.71785736083984,22.6888427734375,63.561378479003906
371,3,297.35400390625,69.9814224243164,22.87921142578125,63.64075469970703
372,3,297.3901672363281,69.63044738769531,23.167205810546875,63.57630920410156
373,3,297.3896484375,69.47857666015625,23.28607177734375,63.284881591796875
374,3,297.8597717285156,68.91463470458984,23.10260009765625,62.837913513183594
375,3,298.47296142578125,68.39351654052734,23.111572265625,62.770408630371094
376,3,299.5083923339844,67.80382537841797,22.302276611328125,61.35016632080078
377,3,300.5118713378906,67.42723083496094,21.950775146484375,61.16154479980469
378,3,301.3026428222656,66.5047836303711,21.177337646484375,61.549278259277344
379,3,301.7679138183594,66.19871520996094,21.09088134765625,61.126319885253906
380,3,301.7008056640625,65.8370132446289,21.5264892578125,61.85192108154297
381,3,302.0184020996094,65.76589965820312,21.445404052734375,61.73290252685547
382,3,302.35955810546875,65.7730712890625,21.172210693359375,61.70841979980469
383,3,303.09814453125,65.5770263671875,20.77166748046875,61.80839538574219
384,3,304.55670166015625,65.20564270019531,20.020111083984375,61.34589385986328
385,3,305.07037353515625,64.76799011230469,19.96405029296875,61.23919677734375
386,3,305.1830139160156,64.36647033691406,20.211029052734375,60.23272705078125
387,3,305.46746826171875,64.13018798828125,20.700958251953125,58.99714660644531
388,3,305.9239501953125,63.26311492919922,20.599822998046875,59.53759002685547
389,3,306.1169128417969,62.79617691040039,20.777557373046875,59.51740646362305
390,3,305.8865051269531,62.459197998046875,20.7646484375,59.39305877685547
391,3,305.8437194824219,62.34907531738281,20.5947265625,59.681617736816406
392,3,305.4410400390625,61.95743179321289,20.896331787109375,59.2863655090332
393,3,304.78533935546875,61.888248443603516,21.766815185546875,59.98970413208008
394,3,304.8249816894531,61.78977966308594,21.69378662109375,60.22032928466797
395,3,304.68194580078125,61.464420318603516,21.7781982421875,60.402835845947266
396,3,304.6822204589844,61.11764144897461,21.9315185546875,60.35757827758789
397,3,304.9208679199219,60.8066520690918,21.74920654296875,59.83145523071289
398,3,305.41064453125,60.13545608520508,21.59625244140625,59.30549240112305
399,3,306.3486633300781,59.64560317993164,21.124176025390625,57.84292221069336
400,3,307.3917236328125,59.12721633911133,20.264678955078125,57.81013870239258
401,3,307.5859680175781,58.76342010498047,20.30145263671875,57.59075164794922
402,3,307.4266357421875,58.37757110595703,20.532928466796875,57.11943054199219
403,3,307.6953430175781,58.025447845458984,20.74725341796875,57.874027252197266
404,3,307.95928955078125,57.99769973754883,20.68060302734375,57.820552825927734
405,3,308.09686279296875,58.05171203613281,20.57122802734375,57.39586639404297
406,3,308.7434997558594,58.09247589111328,20.10205078125,57.037109375
407,3,309.15484619140625,58.24132537841797,20.0391845703125,56.697914123535156
408,3,310.0164794921875,57.52817916870117,19.421417236328125,56.69260787963867
