0,1,345.0411376953125,52.463417053222656,18.073577880859375,56.92597198486328
1,1,345.7191467285156,52.099884033203125,19.5003662109375,56.47871398925781
2,1,345.8396911621094,51.76017761230469,21.419525146484375,56.20927429199219
3,1,346.2969665527344,50.40804672241211,22.501739501953125,57.69411087036133
4,1,346.4056701660156,50.650474548339844,23.895965576171875,56.774566650390625
5,1,346.583984375,50.62943649291992,24.839111328125,56.740169525146484
6,1,347.2823791503906,50.71932601928711,24.716400146484375,56.27719497680664
7,1,347.87091064453125,50.78260040283203,24.51617431640625,55.73345947265625
8,1,348.405517578125,50.71013259887695,24.2042236328125,55.606143951416016
9,1,348.76483154296875,50.72165298461914,23.896636962890625,56.35109329223633
10,1,349.1707458496094,50.51523971557617,23.565948486328125,56.77583694458008
11,1,349.1645202636719,50.05615997314453,23.69989013671875,57.325225830078125
12,1,349.2596130371094,49.51042175292969,23.812286376953125,56.587371826171875
13,1,349.47186279296875,49.2081298828125,23.232696533203125,55.594520568847656
14,1,349.4665832519531,48.59202194213867,23.028717041015625,56.01608657836914
15,1,349.6922302246094,48.35813903808594,22.30908203125,55.065834045410156
16,1,349.697509765625,47.95226287841797,22.0357666015625,55.247276306152344
17,1,350.003662109375,48.02056121826172,20.27362060546875,54.35681915283203
18,1,350.2755432128906,48.053321838378906,18.980377197265625,54.49738311767578
19,1,350.5575866699219,48.13109588623047,18.0606689453125,54.20020294189453
20,1,350.8994140625,48.12416076660156,18.396087646484375,53.77589416503906
21,1,350.6747131347656,48.082359313964844,19.40484619140625,53.62126922607422
22,1,351.1524658203125,47.965999603271484,19.005828857421875,53.576351165771484
23,1,351.4288330078125,47.78800582885742,18.804534912109375,53.223026275634766
24,1,352.19769287109375,47.143470764160156,18.4317626953125,53.523155212402344
25,1,352.5479431152344,46.73857498168945,18.56573486328125,53.93281936645508
26,1,353.18121337890625,46.2138786315918,18.678558349609375,53.996097564697266
27,1,354.0061950683594,45.60745620727539,18.737091064453125,53.76668167114258
28,1,354.35955810546875,44.88446807861328,20.54144287109375,54.03052520751953
29,1,354.8338928222656,44.67851638793945,21.43902587890625,53.402889251708984
30,1,355.2079162597656,44.52001190185547,22.147125244140625,53.306602478027344
31,1,355.7105712890625,44.41693878173828,22.58868408203125,53.27549743652344
32,1,356.2658386230469,44.381324768066406,22.720550537109375,53.01335144042969
33,1,356.6844787597656,44.56040954589844,22.337890625,52.617645263671875
34,1,357.2102355957031,44.46757125854492,22.14434814453125,53.020572662353516
35,1,357.2948303222656,44.308597564697266,22.066131591796875,53.00632858276367
36,1,357.3349914550781,44.21513748168945,21.8297119140625,53.00558090209961
37,1,357.28546142578125,43.87175369262695,21.900665283203125,53.057559967041016
38,1,357.3253479003906,43.750484466552734,21.47021484375,52.8560905456543
39,1,356.9617004394531,42.92291259765625,21.6685791015625,53.066993713378906
40,1,356.8398132324219,42.354217529296875,21.338958740234375,53.24568176269531
41,1,356.7109680175781,41.7013053894043,21.237640380859375,53.102046966552734
41,2,0.0,223.64013671875,13.62252426147461,55.302642822265625
42,1,356.92718505859375,40.93775177001953,20.292205810546875,53.32496643066406
42,2,0.20093190670013428,217.7691650390625,18.92779314517975,62.05169677734375
43,1,356.5730285644531,41.302490234375,20.013702392578125,51.98101043701172
43,2,0.4175287187099457,212.88803100585938,24.395514875650406,68.05508422851562
44,1,356.8859558105469,40.84248733520508,18.811859130859375,52.53522872924805
44,3,751.515380859375,33.56538391113281,12.940673828125,27.117130279541016
44,2,0.0,206.07183837890625,32.89837646484375,74.77520751953125
45,2,0.07508718222379684,185.96160888671875,37.78333795815706,92.07086181640625
45,1,357.0961608886719,41.07601547241211,18.235260009765625,51.6671257019043
45,3,751.9721069335938,34.1983757019043,12.85272216796875,26.961414337158203
46,2,0.024462295696139336,189.65097045898438,47.192120956256986,91.28665161132812
46,1,357.15240478515625,41.112735748291016,18.38287353515625,51.621944427490234
47,2,0.13004635274410248,190.26966857910156,53.962399020791054,89.70603942871094
47,1,357.408447265625,40.95125198364258,18.59375,51.48166275024414
48,2,13.976417541503906,189.7231903076172,54.14634704589844,90.21586608886719
48,1,358.0042724609375,41.18454360961914,18.38653564453125,51.30430221557617
49,2,21.683902740478516,189.31320190429688,54.139041900634766,88.7891845703125
49,1,358.5621643066406,40.996299743652344,18.191436767578125,51.127479553222656
50,2,29.293474197387695,188.91421508789062,55.14772605895996,89.12924194335938
50,1,359.3382873535156,40.485904693603516,17.76458740234375,51.034542083740234
51,2,37.31134796142578,188.7014617919922,54.577728271484375,89.94169616699219
51,1,360.3901062011719,39.84620666503906,17.52392578125,50.827362060546875
52,2,44.819122314453125,187.9978485107422,55.255279541015625,89.31022644042969
52,1,360.9157409667969,39.39836120605469,17.935211181640625,50.41175842285156
53,2,52.988670349121094,188.093017578125,56.15257263183594,87.7491455078125
53,1,361.3784484863281,38.84830856323242,18.836761474609375,50.649227142333984
54,2,61.263702392578125,187.02822875976562,55.20037078857422,90.74008178710938
54,1,361.61083984375,38.74435043334961,20.5208740234375,50.08394241333008
55,2,68.98185729980469,186.50579833984375,55.65558624267578,92.31634521484375
55,1,361.93792724609375,38.665645599365234,20.931121826171875,49.98518753051758
56,2,77.25,186.1573944091797,55.34031677246094,93.81358337402344
56,1,362.1083984375,38.563819885253906,20.998504638671875,49.913414001464844
57,2,85.53225708007812,186.038330078125,55.459930419921875,94.9268798828125
57,1,362.4468994140625,38.4846076965332,21.28277587890625,49.737186431884766
58,2,93.93588256835938,186.00079345703125,55.46678161621094,95.6688232421875
58,1,362.83062744140625,38.501220703125,20.903656005859375,49.665550231933594
59,2,102.34487915039062,185.5213165283203,54.94866943359375,96.32395935058594
59,1,363.322509765625,38.55356979370117,20.311004638671875,49.41609573364258
60,2,110.75325775146484,184.1951904296875,54.139564514160156,100.51953125
60,1,363.4623107910156,38.596839904785156,20.19482421875,49.39756774902344
61,2,118.90448760986328,183.8243865966797,54.42420196533203,101.63505554199219
61,1,363.6484680175781,38.4849967956543,19.875885009765625,49.44401168823242
62,1,363.6525573730469,38.28367233276367,20.043792724609375,49.356441497802734
62,2,127.59261322021484,183.3212432861328,53.548545837402344,99.73802185058594
63,2,136.08888244628906,180.32933044433594,52.933135986328125,103.40306091308594
63,1,363.638671875,37.68911361694336,20.141845703125,49.836673736572266
64,2,144.6665496826172,182.19456481933594,51.55418395996094,98.52052307128906
64,1,363.4917297363281,37.35350036621094,19.982025146484375,49.453208923339844
65,2,152.6437225341797,181.9174041748047,52.11018371582031,98.63896179199219
65,1,363.2654113769531,36.72910690307617,19.92755126953125,49.20676040649414
66,2,161.64146423339844,180.55569458007812,51.91127014160156,99.05783081054688
66,1,363.24139404296875,36.2735710144043,19.725860595703125,49.35976028442383
67,2,169.92343139648438,181.4233856201172,54.613494873046875,96.80528259277344
67,1,363.5447998046875,36.162696838378906,19.169342041015625,49.34796142578125
68,1,363.43426513671875,35.748573303222656,18.4036865234375,49.31519317626953
68,2,178.59716796875,182.6612548828125,54.01890563964844,92.55056762695312
69,2,187.7352294921875,184.51773071289062,52.40492248535156,90.44293212890625
69,1,363.5329284667969,35.604942321777344,17.635101318359375,49.52801513671875
70,2,195.85861206054688,180.24432373046875,54.68522644042969,91.6610107421875
70,1,363.62896728515625,35.58049011230469,16.931640625,49.02649688720703
71,2,204.76104736328125,180.18136596679688,53.825164794921875,88.90322875976562
71,1,363.5575866699219,35.73569869995117,17.176055908203125,48.4287223815918
72,2,222.50682067871094,179.98565673828125,55.90455627441406,91.7923583984375
72,1,364.27935791015625,35.83069610595703,17.19146728515625,47.925437927246094
73,2,231.2568359375,179.2062225341797,54.295654296875,93.29057312011719
73,1,364.25994873046875,35.804141998291016,17.142364501953125,47.521610260009766
74,2,240.12196350097656,179.15301513671875,53.39076232910156,93.09597778320312
74,1,364.6122131347656,35.853389739990234,17.382354736328125,47.098018646240234
75,2,250.02615356445312,179.0332794189453,52.723724365234375,89.17207336425781
75,1,365.1584777832031,35.470645904541016,17.093292236328125,47.70181655883789
76,1,365.7018737792969,34.98723220825195,16.747894287109375,47.78029251098633
76,2,257.85992431640625,177.96495056152344,54.037689208984375,88.55830383300781
77,1,366.5159606933594,34.418540954589844,16.534576416015625,47.57965087890625
77,2,266.5391540527344,178.11703491210938,55.25006103515625,82.82461547851562
78,1,366.80450439453125,33.96240997314453,17.08203125,47.51423645019531
78,2,275.25762939453125,177.6380157470703,54.333251953125,88.55104064941406
79,1,366.986083984375,33.74647521972656,18.51123046875,47.33265686035156
79,2,283.96697998046875,177.5646514892578,53.74072265625,83.37950134277344
80,1,367.2711181640625,33.681007385253906,19.9454345703125,47.29231262207031
80,2,293.33203125,177.34400939941406,52.695709228515625,83.40480041503906
81,1,367.8529357910156,33.52775192260742,20.08331298828125,47.37128829956055
81,2,302.216796875,176.58346557617188,53.65985107421875,83.290283203125
82,1,368.2340393066406,33.489662170410156,19.97491455078125,47.457977294921875
82,2,310.6092834472656,176.3836669921875,53.871124267578125,83.34622192382812
83,1,368.73736572265625,33.495609283447266,19.742401123046875,47.604000091552734
83,2,319.5096740722656,176.15159606933594,54.716400146484375,85.65809631347656
84,2,328.416015625,175.6429443359375,55.065277099609375,85.85797119140625
84,1,369.0076904296875,33.482608795166016,19.413848876953125,47.358890533447266
85,2,337.231201171875,175.564453125,54.151702880859375,90.33554077148438
85,1,369.2955017089844,33.52767562866211,19.358978271484375,47.06326675415039
86,2,346.2140197753906,174.86459350585938,54.475860595703125,91.1307373046875
86,1,369.3369140625,33.562400817871094,19.051544189453125,46.81170654296875
87,2,355.485107421875,174.3439483642578,54.154144287109375,92.74909973144531
87,1,369.2787780761719,33.61700439453125,18.88720703125,46.74168395996094
88,2,364.27984619140625,173.78256225585938,53.247344970703125,94.55380249023438
88,1,369.1357727050781,33.475948333740234,18.84271240234375,46.725093841552734
89,2,372.7219543457031,173.19859313964844,52.442901611328125,96.56047058105469
89,1,369.0064697265625,33.03535461425781,18.788177490234375,47.134071350097656
90,2,381.150390625,173.02316284179688,51.682403564453125,97.44989013671875
90,1,368.951416015625,32.51194381713867,18.737335205078125,47.37862777709961
91,2,390.18548583984375,171.90011596679688,51.12908935546875,92.5111083984375
91,1,368.9281005859375,32.13351058959961,18.44647216796875,47.02071762084961
92,2,399.6033020019531,171.87574768066406,51.648773193359375,99.85536193847656
92,1,368.6448669433594,31.764894485473633,18.15716552734375,46.70281791687012
93,2,407.9333190917969,170.97486877441406,52.472564697265625,99.91395568847656
93,1,368.0829772949219,30.891767501831055,18.108001708984375,47.3420352935791
94,2,416.6266174316406,170.67909240722656,51.249114990234375,91.72926330566406
94,1,367.4161071777344,30.64055061340332,17.968658447265625,47.36477470397949
95,2,424.697265625,170.20545959472656,51.86492919921875,94.19880676269531
95,1,367.13421630859375,30.606489181518555,17.33526611328125,47.25631141662598
96,2,442.85882568359375,170.147705078125,51.945526123046875,88.26986694335938
96,1,367.11712646484375,30.66307830810547,17.045196533203125,46.800514221191406
97,2,451.2351379394531,169.385009765625,51.925018310546875,90.61209106445312
97,1,367.3561096191406,30.963550567626953,16.97247314453125,46.291202545166016
98,2,459.62945556640625,169.63160705566406,51.821441650390625,86.47438049316406
98,1,367.4632568359375,31.101125717163086,16.90478515625,45.80356025695801
99,2,467.7304382324219,168.7901611328125,52.102081298828125,86.62879943847656
99,1,367.6105651855469,31.222198486328125,16.696136474609375,45.85784912109375
100,2,476.3702697753906,168.571044921875,52.169647216796875,85.63543701171875
100,1,367.9754943847656,31.261795043945312,16.459259033203125,45.680442810058594
101,2,485.75799560546875,168.55267333984375,53.12713623046875,84.87492370605469
101,1,368.6512756347656,30.70504379272461,16.077911376953125,46.06724166870117
102,2,493.640380859375,168.0226287841797,51.82879638671875,85.51625061035156
102,1,369.00335693359375,30.45184898376465,16.252716064453125,45.96182441711426
103,1,369.50555419921875,29.941162109375,16.465118408203125,46.36558532714844
103,2,502.032470703125,168.03720092773438,53.4287109375,83.73445129394531
104,2,510.0000915527344,167.6137237548828,51.389007568359375,84.44920349121094
104,1,369.7314147949219,29.60723114013672,17.199188232421875,45.79371643066406
105,1,370.0089416503906,29.555870056152344,17.619842529296875,45.7730712890625
105,2,518.3250122070312,167.45703125,51.87432861328125,82.63699340820312
106,1,370.42669677734375,28.951984405517578,17.8812255859375,46.21562576293945
106,2,527.2418823242188,167.632080078125,52.85693359375,81.01713562011719
107,1,370.8861389160156,28.609792709350586,18.3236083984375,46.2263126373291
107,2,534.864990234375,167.18275451660156,51.057861328125,79.83580017089844
108,1,371.2846984863281,28.556434631347656,18.33135986328125,46.11273193359375
108,2,542.798828125,167.11990356445312,50.81072998046875,78.20040893554688
109,2,550.91650390625,167.22439575195312,50.154541015625,79.63031005859375
109,1,371.7896423339844,28.599288940429688,18.3267822265625,45.97338104248047
110,2,559.0255126953125,167.06301879882812,50.8243408203125,80.58584594726562
110,1,372.2587585449219,28.804676055908203,18.028411865234375,45.57126235961914
111,2,566.8577270507812,167.35888671875,48.422607421875,80.273681640625
111,1,372.5013427734375,28.852794647216797,17.929962158203125,45.05379104614258
112,2,574.6895751953125,166.7826385498047,50.27642822265625,80.94288635253906
112,1,372.85150146484375,28.823776245117188,17.535491943359375,45.1728515625
113,2,582.3963012695312,166.52706909179688,49.231201171875,81.4521484375
113,1,372.8454284667969,29.073652267456055,17.453369140625,44.74993324279785
114,2,590.960205078125,166.6966552734375,51.57196044921875,82.23136901855469
114,1,372.8669128417969,28.81962776184082,17.440582275390625,45.03346824645996
114,4,803.5011596679688,46.258121490478516,12.97119140625,28.233478546142578
115,2,598.4583129882812,166.40237426757812,47.47650146484375,82.95594787597656
115,1,372.6843566894531,28.377222061157227,17.419403076171875,45.536481857299805
115,4,804.8212280273438,45.64650344848633,12.89764404296875,29.257762908935547
116,2,606.2261352539062,166.50196838378906,48.77496337890625,85.18182373046875
116,1,372.56976318359375,28.001846313476562,17.462615966796875,45.65888214111328
116,4,805.02001953125,45.634403228759766,13.36376953125,29.55771255493164
117,1,372.2433776855469,27.72467803955078,17.618682861328125,45.00648498535156
117,2,614.5731811523438,166.25892639160156,50.93878173828125,87.30950927734375
117,4,804.9513549804688,46.00321960449219,14.05389404296875,29.037460327148438
118,2,622.0577392578125,165.7456817626953,49.05194091796875,89.05368041992188
118,1,372.0669860839844,27.48012351989746,17.6214599609375,44.63775825500488
118,4,807.3543701171875,45.56103515625,12.5762939453125,29.878990173339844
119,2,629.649658203125,166.12911987304688,48.85577392578125,88.58529663085938
119,1,371.760986328125,27.104825973510742,17.57159423828125,44.840898513793945
120,2,644.7991943359375,165.42901611328125,51.64886474609375,89.60386657714844
120,1,371.8052978515625,26.663143157958984,16.78131103515625,44.792667388916016
120,4,809.1648559570312,46.3934326171875,12.24127197265625,29.256546020507812
121,2,652.4569702148438,165.46556091308594,51.4036865234375,89.1837158203125
121,1,372.1477355957031,26.765701293945312,16.168853759765625,44.47850036621094
121,4,809.7632446289062,46.79957962036133,12.77484130859375,28.92495346069336
122,2,659.7027587890625,165.30099487304688,50.69769287109375,87.48046875
122,1,372.4135437011719,26.77570343017578,15.836761474609375,44.33158874511719
122,4,809.4381103515625,47.44621276855469,13.75213623046875,28.523849487304688
123,2,667.6990356445312,165.06434631347656,50.4202880859375,84.83741760253906
123,1,372.3829650878906,26.813732147216797,16.0819091796875,44.21682357788086
123,4,810.1594848632812,48.39496994018555,13.5185546875,27.794025421142578
124,1,372.4744567871094,26.990476608276367,16.07745361328125,43.74239540100098
124,2,675.0491943359375,164.80226135253906,51.6470947265625,85.68194580078125
124,4,811.1407470703125,50.13078308105469,13.301025390625,26.50714874267578
125,1,372.4937438964844,27.05567169189453,16.05670166015625,43.39471435546875
125,2,682.1239013671875,164.9241485595703,49.7547607421875,81.32359313964844
125,4,812.9996337890625,49.9969482421875,12.62786865234375,27.95207977294922
126,1,372.90643310546875,26.998029708862305,15.56451416015625,43.40057563781738
126,2,689.8533325195312,165.50067138671875,50.86187744140625,78.29196166992188
126,4,813.9180297851562,50.8687629699707,13.0460205078125,27.73995590209961
127,1,373.39910888671875,26.676509857177734,15.29144287109375,43.41817092895508
127,2,697.5338134765625,164.82286071777344,50.36016845703125,78.38551330566406
127,4,815.0857543945312,51.03684997558594,12.68109130859375,26.210174560546875
128,1,373.92138671875,26.285364151000977,15.097015380859375,43.60333824157715
128,2,703.841796875,165.08192443847656,49.42431640625,75.77262878417969
128,4,816.2477416992188,50.84817886352539,12.39190673828125,26.440288543701172
129,1,374.56494140625,25.73289680480957,15.0120849609375,43.685163497924805
129,2,711.3062744140625,165.4832000732422,47.79229736328125,74.71719360351562
129,4,817.3562622070312,50.98931884765625,12.5081787109375,26.682357788085938
130,1,375.11212158203125,25.494688034057617,15.198974609375,43.19382667541504
130,2,718.7478637695312,165.02059936523438,49.4107666015625,74.930908203125
130,4,818.0492553710938,50.36186981201172,12.74786376953125,27.54883575439453
131,1,375.3135986328125,24.936687469482422,15.7379150390625,43.70199966430664
131,2,725.0662841796875,165.28163146972656,48.81414794921875,71.5089111328125
131,4,818.516845703125,50.908748626708984,12.01348876953125,26.81271743774414
132,1,375.4509582519531,24.65241050720215,16.9154052734375,44.0097599029541
132,2,732.3572387695312,165.95816040039062,47.25543212890625,73.04408264160156
132,4,818.86474609375,50.16584014892578,11.7852783203125,27.87389373779297
133,1,375.6389465332031,24.58270263671875,17.3531494140625,43.99273681640625
133,2,739.5713500976562,166.24514770507812,47.04791259765625,71.83543395996094
133,4,819.3240356445312,49.47642135620117,12.2352294921875,28.946468353271484
134,1,375.8069152832031,24.359146118164062,17.15289306640625,44.17345428466797
134,2,745.4679565429688,165.8438720703125,48.9661865234375,71.90402221679688
134,4,819.58544921875,49.493568420410156,12.591796875,29.271408081054688
135,2,753.107421875,166.01971435546875,46.66961669921875,72.59478759765625
135,1,375.8957214355469,24.305234909057617,17.15869140625,44.27183723449707
136,1,376.01434326171875,24.3012638092041,16.85101318359375,43.86855888366699
136,2,759.662353515625,167.03956604003906,46.4356689453125,70.46832275390625
136,4,820.691650390625,50.23897933959961,12.75836181640625,28.976383209228516
137,2,766.1194458007812,166.7679901123047,48.8646240234375,71.47625732421875
137,1,376.2736511230469,24.48591423034668,16.480133056640625,43.47171974182129
137,4,821.47119140625,50.76017379760742,12.73516845703125,29.070430755615234
138,1,376.42822265625,24.445329666137695,16.31256103515625,43.628652572631836
138,2,772.956787109375,167.67544555664062,45.40460205078125,72.30815124511719
138,4,822.6624755859375,51.752830505371094,12.511474609375,27.970855712890625
139,1,376.5152587890625,24.44793128967285,16.3182373046875,43.54340171813965
139,2,779.4517211914062,167.9612274169922,46.0191650390625,71.88630676269531
139,4,824.1140747070312,50.743186950683594,12.338134765625,28.86260986328125
140,1,376.3902282714844,24.344858169555664,16.285125732421875,43.501996994018555
140,2,785.8565673828125,170.5861358642578,45.18487548828125,70.77426147460938
140,4,824.7283935546875,51.16870880126953,12.2667236328125,28.516075134277344
141,1,376.3809814453125,24.116527557373047,16.100860595703125,43.79182052612305
141,2,792.655517578125,172.32156372070312,45.3970947265625,69.19090270996094
141,4,825.3720703125,51.7446174621582,12.69775390625,28.552471160888672
142,1,376.0550842285156,23.878841400146484,16.29302978515625,43.60651779174805
142,2,799.72119140625,172.09703063964844,46.5604248046875,69.42510986328125
143,1,375.8192138671875,23.417259216308594,16.356048583984375,43.476600646972656
143,2,806.31494140625,169.36700439453125,43.09710693359375,73.26966857910156
143,4,826.750732421875,51.267250061035156,12.96649169921875,29.266860961914062
144,1,375.7192077636719,22.392505645751953,16.15087890625,43.58724594116211
144,2,819.9325561523438,168.88046264648438,35.657958984375,80.41607666015625
144,4,827.3121337890625,50.93062973022461,13.762451171875,29.927791595458984
145,1,375.8456115722656,22.088659286499023,15.862823486328125,43.51866340637207
145,2,827.2603759765625,167.8625946044922,28.35101318359375,81.87428283691406
145,4,828.1207885742188,50.581565856933594,15.08624267578125,30.928298950195312
146,1,375.97149658203125,21.993051528930664,15.44696044921875,43.37261772155762
146,2,833.4299926757812,170.6468505859375,22.22564697265625,80.16331481933594
146,4,828.8936157226562,51.2424430847168,14.8983154296875,30.715496063232422
147,1,376.20989990234375,21.992877960205078,15.229339599609375,43.51017379760742
147,2,840.0169067382812,176.03067016601562,15.68084716796875,73.23086547851562
147,4,829.747802734375,50.16106033325195,14.5758056640625,32.07831954956055
148,1,376.315185546875,21.92666244506836,15.265228271484375,43.38019943237305
148,4,830.2562866210938,50.34539031982422,14.578125,32.22936248779297
149,1,376.4743957519531,22.051815032958984,14.87896728515625,42.89716720581055
149,4,830.56298828125,50.508026123046875,14.2724609375,32.029266357421875
150,1,376.5484313964844,22.036893844604492,14.677642822265625,42.66595649719238
150,4,831.905029296875,51.29403305053711,13.77191162109375,31.68320083618164
151,1,376.7893371582031,22.130109786987305,14.23101806640625,42.432024002075195
151,4,832.4287719726562,51.766422271728516,13.0650634765625,31.131305694580078
152,1,377.0789794921875,22.42713165283203,14.0830078125,41.51911544799805
152,4,834.928466796875,51.75049591064453,12.92193603515625,31.483779907226562
153,1,377.19769287109375,22.533790588378906,14.05328369140625,41.0800895690918
154,1,377.5797424316406,22.305356979370117,13.908966064453125,41.31049156188965
154,4,835.7664794921875,52.64849853515625,17.53363037109375,30.491058349609375
155,1,377.87689208984375,21.983280181884766,14.018829345703125,41.51839828491211
155,4,837.4324340820312,52.462257385253906,13.86236572265625,31.374053955078125
156,1,378.1497802734375,21.601011276245117,14.3770751953125,41.79412651062012
156,4,837.540283203125,52.47844314575195,14.42926025390625,31.506633758544922
157,1,378.2063293457031,21.229812622070312,14.835845947265625,41.8083610534668
157,4,838.2470092773438,53.43378829956055,15.28558349609375,30.769939422607422
158,1,378.2601013183594,21.05038833618164,15.645751953125,41.71115493774414
158,4,838.5155029296875,54.107269287109375,14.55328369140625,30.222145080566406
159,1,378.2183532714844,20.82235336303711,16.626922607421875,41.969181060791016
159,4,839.949951171875,54.088130950927734,14.72735595703125,30.785076141357422
160,1,377.95013427734375,20.7264347076416,17.08245849609375,42.070138931274414
160,4,841.11279296875,54.27578353881836,14.292236328125,30.67642593383789
161,1,377.9812927246094,20.608253479003906,17.01678466796875,42.227474212646484
161,4,842.2138061523438,54.5018424987793,13.16046142578125,30.888057708740234
162,1,378.0154113769531,20.51584243774414,17.104156494140625,42.07973098754883
162,4,844.2015991210938,53.059043884277344,11.48858642578125,32.38604736328125
163,1,377.9016418457031,20.379899978637695,17.583526611328125,41.847238540649414
163,4,844.9192504882812,53.78079605102539,10.9334716796875,32.085575103759766
164,1,378.12750244140625,20.468772888183594,17.485443115234375,41.97004699707031
164,4,845.4884643554688,53.98722839355469,10.4931640625,31.858612060546875
165,1,378.12457275390625,20.61382484436035,16.847808837890625,41.64796257019043
166,1,378.2142028808594,20.68231773376465,16.862335205078125,41.08395195007324
167,1,378.1867370605469,20.39339828491211,16.855560302734375,41.658138275146484
168,1,378.2890930175781,19.757225036621094,15.83636474609375,41.96623611450195
169,1,378.5594787597656,19.31948471069336,15.254058837890625,42.019866943359375
170,1,378.5693359375,19.181154251098633,15.013427734375,41.65464210510254
171,1,378.9729919433594,18.986936569213867,14.3701171875,41.293203353881836
172,1,378.7701721191406,18.85985565185547,14.43731689453125,40.952354431152344
173,1,378.87176513671875,18.780363082885742,14.224578857421875,40.96645927429199
174,1,379.0167541503906,18.996435165405273,13.921295166015625,40.48198127746582
175,1,378.93988037109375,18.949344635009766,14.034698486328125,40.38287353515625
176,1,379.12408447265625,18.936092376708984,13.97265625,40.26713562011719
177,1,379.234375,18.566909790039062,13.862762451171875,40.72300720214844
178,1,379.56219482421875,18.66965675354004,13.500946044921875,40.274160385131836
179,1,379.86126708984375,18.7877254486084,13.29473876953125,39.86070442199707
180,1,380.2783203125,18.47132110595703,13.101287841796875,39.95048904418945
181,1,380.46307373046875,18.25531578063965,13.279388427734375,39.68772315979004
182,1,380.5572204589844,17.9072322845459,13.667083740234375,39.783308029174805
183,1,380.68609619140625,17.247034072875977,14.104400634765625,40.21956443786621
184,1,380.73114013671875,17.06915283203125,14.680999755859375,40.20906066894531
185,1,380.8536682128906,16.875362396240234,15.19635009765625,40.37773132324219
186,1,381.0310363769531,16.76990509033203,16.2081298828125,40.465450286865234
187,1,381.1819763183594,16.771198272705078,15.685028076171875,40.311187744140625
188,1,381.2870788574219,16.780759811401367,15.557342529296875,40.20301628112793
189,1,381.3666076660156,16.57512855529785,15.686553955078125,40.105146408081055
190,1,381.61712646484375,16.60224151611328,15.473663330078125,40.117069244384766
191,1,381.8055725097656,16.8012638092041,14.789642333984375,39.936086654663086
192,1,381.6103210449219,16.795915603637695,14.123748779296875,39.57723426818848
193,1,381.39739990234375,16.628726959228516,14.0601806640625,39.34230422973633
194,1,381.29315185546875,16.34207534790039,14.00848388671875,39.68092346191406
195,1,381.0818176269531,15.975203514099121,13.982940673828125,39.21046543121338
196,1,380.8667297363281,15.756316184997559,14.416412353515625,39.015915870666504
197,1,380.69287109375,15.11247444152832,14.76971435546875,39.26384162902832
198,1,380.6195068359375,14.718043327331543,14.54327392578125,39.48639392852783
199,1,380.2795104980469,14.600449562072754,14.656005859375,39.71079921722412
200,1,380.1219177246094,14.523688316345215,14.57208251953125,39.59254550933838
201,1,379.67303466796875,14.436747550964355,14.779449462890625,39.70225238800049
202,1,379.92816162109375,14.461585998535156,14.532806396484375,39.42652893066406
203,1,379.9476623535156,14.52913761138916,14.26007080078125,39.008307456970215
204,1,380.03607177734375,14.564619064331055,13.647003173828125,38.691694259643555
205,1,380.1931457519531,14.634333610534668,13.38275146484375,38.52524280548096
206,1,380.3557434082031,14.519362449645996,13.290191650390625,38.62070560455322
207,1,380.7228698730469,14.388290405273438,13.156951904296875,38.531944274902344
208,1,380.8662109375,14.108880043029785,13.191558837890625,38.182074546813965
209,1,380.9107360839844,13.870417594909668,13.595184326171875,38.25097370147705
210,1,380.9387512207031,13.664348602294922,13.94970703125,38.26417541503906
211,1,380.904541015625,13.287288665771484,14.05804443359375,38.62997817993164
212,1,381.0199279785156,13.207225799560547,14.261474609375,38.61073303222656
213,1,380.97369384765625,13.005511283874512,14.419189453125,38.96621799468994
214,1,381.14581298828125,13.090557098388672,14.301055908203125,38.87909698486328
215,1,381.1785888671875,13.100055694580078,14.0106201171875,38.88536834716797
216,1,381.3753356933594,13.421416282653809,13.395416259765625,38.143757820129395
217,1,381.1632385253906,13.37674617767334,13.295562744140625,38.20841312408447
218,1,380.94683837890625,13.362236976623535,13.336456298828125,37.96828365325928
219,1,380.76251220703125,13.24926471710205,13.425262451171875,38.13979625701904
220,1,380.5789794921875,13.190665245056152,13.385223388671875,37.86477756500244
221,1,380.4285583496094,13.007599830627441,13.442047119140625,37.52451992034912
222,1,380.07757568359375,12.798975944519043,13.549774169921875,37.587090492248535
223,1,379.8357849121094,12.321783065795898,13.549774169921875,37.694833755493164
224,1,379.53021240234375,12.038012504577637,13.6666259765625,37.906086921691895
225,1,378.8522644042969,11.814979553222656,14.473388671875,37.86589050292969
226,1,378.67523193359375,11.746846199035645,14.52349853515625,37.855624198913574
227,1,378.5017395019531,11.738349914550781,14.561248779296875,37.9207649230957
228,1,378.3451232910156,11.741650581359863,14.634552001953125,37.693724632263184
229,1,378.0932922363281,11.980347633361816,14.738861083984375,37.41322994232178
230,1,378.0113830566406,11.815022468566895,14.631011962890625,37.63963985443115
231,1,378.15087890625,11.734518051147461,14.130859375,37.52958106994629
232,1,378.5067443847656,11.932485580444336,13.795166015625,37.236398696899414
233,1,378.5777587890625,11.688529014587402,13.7767333984375,37.149598121643066
234,1,378.9149169921875,11.42077350616455,13.634735107421875,37.317275047302246
235,1,379.150390625,11.225733757019043,13.469696044921875,36.838128089904785
236,1,379.3714599609375,10.830089569091797,13.68463134765625,36.47896194458008
237,1,379.5515441894531,10.457802772521973,13.982269287109375,36.61192989349365
238,1,379.5522155761719,10.10108757019043,14.096099853515625,37.135549545288086
239,1,379.9171447753906,10.045232772827148,13.491546630859375,37.05057334899902
240,1,380.06689453125,9.93632984161377,13.25238037109375,36.94619655609131
