61,1,806.2385864257812,126.9084243774414,49.5147705078125,133.13085174560547
62,1,802.6217041015625,110.96544647216797,53.03125,160.71439361572266
63,1,791.7134399414062,108.7674331665039,63.98333740234375,161.8893051147461
64,1,776.12890625,108.24877166748047,79.59234619140625,162.60858917236328
65,1,763.4448852539062,108.30864715576172,91.5245361328125,162.3194351196289
66,1,737.7034912109375,108.50511169433594,99.717041015625,161.22337341308594
67,1,713.334228515625,107.95645904541016,104.7305908203125,157.79631805419922
68,1,700.3204345703125,107.75100708007812,90.39959716796875,166.56198120117188
69,1,685.5369873046875,108.20330047607422,76.60943603515625,176.67609405517578
70,1,662.7357788085938,108.17738342285156,70.50726318359375,177.13597106933594
71,1,634.4190063476562,106.04395294189453,79.30291748046875,179.0893783569336
72,1,562.095458984375,99.24905395507812,137.84173583984375,180.8226318359375
73,1,540.5858154296875,97.91323852539062,136.3565673828125,181.4285888671875
73,2,824.4246215820312,205.82864379882812,31.25872802734375,111.63357543945312
74,1,532.0130004882812,98.82908630371094,109.4859619140625,189.03016662597656
74,2,811.3157958984375,144.86322021484375,44.229248046875,175.56637573242188
75,1,509.50323486328125,100.06916809082031,96.66748046875,188.5374298095703
75,2,807.527099609375,142.38011169433594,48.14788818359375,177.53919982910156
76,1,472.3748779296875,99.08399200439453,111.270263671875,188.2162094116211
76,2,794.8690185546875,138.89427185058594,60.584228515625,180.90354919433594
77,1,439.0890197753906,98.45603942871094,123.74880981445312,189.80418395996094
77,2,764.3668823242188,134.940673828125,90.205322265625,183.26416015625
78,1,412.01348876953125,97.30033874511719,131.33734130859375,191.0609588623047
78,2,730.4955444335938,134.03878784179688,104.3953857421875,183.94088745117188
79,1,377.8534851074219,97.78617095947266,136.42190551757812,196.2256088256836
79,2,686.368408203125,129.79763793945312,134.36328125,189.4539794921875
80,1,361.9194641113281,98.1368637084961,111.26556396484375,202.59378814697266
80,2,662.2381591796875,129.40200805664062,132.37200927734375,192.25680541992188
81,1,330.3439025878906,97.40458679199219,91.1810302734375,202.9691925048828
81,2,653.8233642578125,130.0661163330078,100.115478515625,193.0570831298828
82,1,296.5163879394531,94.772705078125,100.34942626953125,205.62387084960938
82,2,623.4157104492188,128.37294006347656,87.9278564453125,195.71421813964844
83,2,574.8794555664062,124.714599609375,114.2042236328125,198.66680908203125
83,1,263.8013916015625,92.71345520019531,124.17874145507812,207.81068420410156
84,1,223.57774353027344,92.18350219726562,141.42356872558594,199.93994140625
84,2,542.9486694335938,119.83304595947266,141.635986328125,203.31905364990234
85,1,187.744384765625,93.38480377197266,142.9302978515625,194.7234115600586
85,2,516.0592041015625,117.16376495361328,153.87445068359375,196.65447235107422
86,1,165.66574096679688,96.24022674560547,119.72271728515625,194.42084503173828
86,2,484.35455322265625,117.35004425048828,156.65582275390625,202.63921356201172
87,1,136.60928344726562,101.05937957763672,97.65107727050781,190.45294952392578
87,2,468.15802001953125,119.51599884033203,128.66693115234375,204.18660736083984
88,1,106.38285064697266,102.05018615722656,107.78467559814453,197.16490173339844
88,2,444.456298828125,120.87945556640625,101.0540771484375,203.35333251953125
89,1,78.77984619140625,103.1343994140625,129.5659942626953,192.29623413085938
89,2,413.6047668457031,117.81602478027344,97.29415893554688,206.7257843017578
90,1,44.1402702331543,104.7575912475586,142.33282852172852,187.27039337158203
90,2,380.0181884765625,116.9635238647461,121.78564453125,206.81800079345703
91,1,17.358720779418945,107.65144348144531,137.1680736541748,185.52870178222656
91,2,337.00775146484375,114.56792449951172,144.12118530273438,207.53372955322266
92,1,0.30759379267692566,112.06306457519531,115.58516743779182,189.31748962402344
92,2,294.18560791015625,115.17069244384766,156.30441284179688,211.50826263427734
93,2,275.8088073730469,117.43011474609375,131.60348510742188,213.49716186523438
93,1,0.11454344540834427,110.95124053955078,74.69549226015806,190.91197967529297
94,2,244.17030334472656,119.58027648925781,111.35954284667969,212.14979553222656
94,1,0.08924439549446106,138.4915008544922,48.864277333021164,164.32569885253906
95,2,211.4868927001953,116.56221008300781,105.08097839355469,215.4846649169922
95,1,0.03980448469519615,246.97479248046875,39.38300511613488,54.718292236328125
96,2,136.4541778564453,109.9737777709961,149.7096710205078,216.65189361572266
97,2,105.94165802001953,109.9935531616211,149.4131088256836,211.75232696533203
98,2,85.63664245605469,113.65953063964844,127.15505981445312,211.5685272216797
99,2,68.6136474609375,119.0916748046875,97.02568054199219,208.436279296875
100,2,39.09430694580078,124.71832275390625,80.56881713867188,202.11724853515625
101,2,8.382804870605469,117.71117401123047,105.48072814941406,214.80982208251953
102,2,0.017867757007479668,118.73600006103516,102.06359128840268,214.61815643310547
103,2,0.2726771831512451,150.28219604492188,79.83434796333313,167.23843383789062
104,1,0.11041324585676193,267.2528991699219,43.6697648242116,29.122802734375
143,3,830.893310546875,191.0093994140625,24.4560546875,36.563995361328125
144,3,827.0330810546875,143.33758544921875,28.41180419921875,86.0885009765625
145,3,827.6648559570312,146.52383422851562,28.08636474609375,81.65962219238281
146,3,827.399658203125,142.38226318359375,28.33111572265625,86.23728942871094
147,3,826.824951171875,109.50361633300781,28.756591796875,119.56600952148438
148,3,826.74365234375,98.58209991455078,28.81634521484375,130.53675079345703
149,3,826.6080322265625,84.56878662109375,28.9317626953125,145.29505920410156
150,3,822.7734375,65.79360961914062,32.66522216796875,166.53103637695312
151,3,816.7501220703125,65.8691177368164,38.77032470703125,166.91446685791016
152,3,808.8405151367188,65.64521789550781,46.6807861328125,167.37612915039062
153,3,798.3920288085938,66.48123931884766,57.23907470703125,166.92914581298828
154,3,787.8994750976562,68.80167388916016,67.70050048828125,162.85407257080078
155,3,781.77294921875,67.09916687011719,73.68756103515625,163.39065551757812
156,3,778.0872802734375,68.082275390625,77.27606201171875,163.14674377441406
157,3,775.9881591796875,73.46186828613281,79.44281005859375,158.6195831298828
158,3,775.0110473632812,66.92980194091797,79.9400634765625,164.80074310302734
159,3,774.7736206054688,68.83771514892578,70.7344970703125,162.25505828857422
160,3,774.7393188476562,65.00125885009766,63.287841796875,166.3057632446289
161,3,774.6160888671875,64.56562805175781,59.60345458984375,167.20263671875
162,3,773.9419555664062,63.85197067260742,55.29608154296875,167.53419876098633
163,3,768.6533203125,63.5086784362793,55.86822509765625,167.86691665649414
164,3,763.0985107421875,63.28474807739258,57.0184326171875,168.46416854858398
165,3,750.9244384765625,63.05476379394531,64.8592529296875,169.05374145507812
166,3,735.6911010742188,62.455322265625,75.6688232421875,169.05322265625
167,3,724.4367065429688,63.41708755493164,82.00762939453125,168.29215621948242
168,3,714.5108642578125,63.38627624511719,84.06951904296875,168.32705688476562
169,3,712.7471923828125,63.48816680908203,83.87066650390625,167.95050811767578
170,3,711.3180541992188,63.28384017944336,83.9720458984375,168.17181777954102
171,3,711.4087524414062,63.40931701660156,80.26483154296875,167.8838348388672
172,3,710.4227294921875,62.17986297607422,74.569580078125,168.66165924072266
173,3,710.263671875,60.8013801574707,67.225830078125,169.45388412475586
174,3,709.8224487304688,59.39133834838867,59.3739013671875,170.87512588500977
175,3,709.0306396484375,59.72971725463867,56.7169189453125,170.71445083618164
176,3,703.5317993164062,58.983680725097656,58.09033203125,173.97270965576172
177,3,695.0668334960938,57.32714080810547,63.10284423828125,177.37604522705078
178,3,687.4920043945312,57.6854248046875,67.4345703125,177.94482421875
179,3,678.103271484375,58.77040100097656,75.81768798828125,177.3411407470703
180,3,668.2317504882812,58.54862976074219,84.72064208984375,176.26882934570312
181,3,658.7492065429688,60.583614349365234,90.24041748046875,172.04623794555664
182,3,654.727294921875,60.56795120239258,89.22650146484375,173.55930709838867
183,3,650.820068359375,61.52375030517578,87.33050537109375,173.50212860107422
184,3,650.5328979492188,62.20085525512695,83.96844482421875,173.3365592956543
185,3,649.4597778320312,59.82223129272461,78.0106201171875,175.51668167114258
186,3,648.4854125976562,59.345943450927734,68.6796875,176.54603958129883
187,3,647.8826904296875,56.64923095703125,61.0927734375,178.85202026367188
188,3,648.5477294921875,55.77041244506836,55.59814453125,179.69580459594727
189,3,644.8383178710938,55.820106506347656,54.67352294921875,179.46782684326172
190,3,637.7398071289062,55.287811279296875,55.9638671875,180.60299682617188
191,3,630.3024291992188,54.37329864501953,58.9835205078125,182.23041534423828
192,3,599.4845581054688,55.61479568481445,79.92083740234375,179.67962265014648
193,3,588.2155151367188,54.92859649658203,88.4873046875,180.5605697631836
194,3,582.5858154296875,55.081661224365234,94.24322509765625,180.06035232543945
195,3,580.248779296875,56.79296875,97.2132568359375,177.95388793945312
196,3,578.76708984375,56.60574722290039,97.69586181640625,178.4216423034668
197,3,578.0944213867188,55.07767105102539,95.96258544921875,180.27819442749023
198,3,578.113525390625,55.15065383911133,87.8363037109375,178.74540328979492
199,3,577.7781982421875,53.990413665771484,80.45452880859375,179.4812355041504
200,3,577.0906982421875,53.637271881103516,71.124267578125,179.55070114135742
201,3,577.7333984375,51.37868881225586,60.391845703125,182.26668167114258
202,3,576.369873046875,48.97746276855469,50.85369873046875,185.8791961669922
203,3,564.800537109375,49.46767807006836,57.34161376953125,186.89709854125977
204,3,555.90625,49.0653190612793,62.82373046875,190.13237380981445
205,3,546.3196411132812,50.7658805847168,72.57196044921875,188.5821418762207
206,3,536.4660034179688,51.304779052734375,83.14178466796875,186.91831970214844
207,3,524.7368774414062,52.51240921020508,92.25433349609375,184.60825729370117
208,3,515.49462890625,53.76346969604492,97.3302001953125,182.40002822875977
209,3,512.6995239257812,53.59231185913086,95.1016845703125,183.68915176391602
210,3,510.48284912109375,54.371185302734375,94.97344970703125,184.10743713378906
211,3,509.12908935546875,53.90382766723633,93.0560302734375,184.7140007019043
212,3,506.8545227050781,52.90398025512695,87.00338745117188,185.43664169311523
213,3,507.5224304199219,52.09496307373047,76.33285522460938,186.2214126586914
214,3,509.7967224121094,49.92000198364258,64.24490356445312,188.88567733764648
215,3,509.4121398925781,49.790958404541016,51.641082763671875,188.5422019958496
216,3,495.4200744628906,49.07081985473633,53.466278076171875,189.8351707458496
217,3,488.3293762207031,49.49824905395508,55.635955810546875,189.80479049682617
218,3,473.48541259765625,49.056983947753906,66.61181640625,188.82486724853516
219,3,456.8009033203125,49.799560546875,83.94488525390625,188.01316833496094
220,3,445.2494812011719,49.623291015625,95.81570434570312,188.66213989257812
221,3,440.6001892089844,50.99961853027344,100.39450073242188,186.9629669189453
222,3,437.5411376953125,50.540374755859375,102.9820556640625,187.5819854736328
223,3,435.9156799316406,50.81352233886719,102.88204956054688,187.8050537109375
224,3,435.2857360839844,50.669918060302734,100.56240844726562,188.13608169555664
225,3,434.8782958984375,49.62124252319336,95.42596435546875,188.35084915161133
225,4,831.9439697265625,159.72528076171875,23.7427978515625,140.24755859375
226,3,435.0900573730469,48.79683303833008,84.77127075195312,187.4162712097168
226,4,817.841064453125,144.7884521484375,37.8310546875,154.221435546875
227,3,434.817626953125,46.88701629638672,75.90042114257812,189.19934844970703
227,4,806.5033569335938,135.66432189941406,49.1365966796875,160.50559997558594
228,3,434.49920654296875,45.83327865600586,65.02850341796875,190.36169815063477
228,4,800.225830078125,130.3130340576172,55.439453125,166.76258850097656
229,3,434.21923828125,45.174007415771484,52.734100341796875,190.74953079223633
229,4,798.6090087890625,102.57840728759766,56.93194580078125,195.04390716552734
230,3,427.9163818359375,44.569278717041016,48.900634765625,194.4644889831543
230,4,796.740234375,103.69239044189453,58.88836669921875,193.9415512084961
231,4,789.3643798828125,102.84021759033203,66.35211181640625,194.43013763427734
231,3,415.88067626953125,44.93090057373047,53.61993408203125,193.94597625732422
232,3,407.4825744628906,45.891014099121094,61.128997802734375,195.36409759521484
232,4,787.0684204101562,102.10619354248047,68.642578125,195.4417495727539
233,3,393.0771484375,46.64263153076172,75.62908935546875,194.56122589111328
233,4,790.7930908203125,100.62882232666016,64.86029052734375,196.95256805419922
234,3,383.62469482421875,47.57036590576172,84.86178588867188,191.81696319580078
234,4,783.458984375,100.95377349853516,72.15167236328125,196.34117889404297
235,3,372.3038024902344,48.91230773925781,96.33993530273438,189.0759735107422
235,4,776.8917236328125,101.31060028076172,78.71478271484375,195.41101837158203
236,3,367.82159423828125,50.77059555053711,99.74905395507812,187.3599739074707
236,4,773.1981811523438,102.87804412841797,82.38360595703125,194.3183364868164
237,3,365.1675720214844,51.12043762207031,101.05111694335938,187.99281311035156
237,4,772.576904296875,104.54537200927734,82.71539306640625,192.4313735961914
238,3,363.0049743652344,51.46754837036133,101.52291870117188,187.54951095581055
238,4,772.4217529296875,108.47879791259766,82.97186279296875,188.6603012084961
239,3,361.44512939453125,50.978118896484375,98.90985107421875,188.7228546142578
239,4,772.0819702148438,111.72911834716797,83.295166015625,184.58753204345703
240,3,362.69384765625,49.382389068603516,78.12823486328125,190.59307479858398
240,4,762.3811645507812,107.99991607666016,93.29571533203125,187.5696029663086
241,3,364.0317077636719,48.23276138305664,67.4857177734375,192.28747177124023
241,4,754.3547973632812,109.03148651123047,99.11767578125,185.88129425048828
242,4,746.9334716796875,114.46295166015625,108.09814453125,180.578857421875
242,3,362.9759521484375,47.328861236572266,57.00384521484375,193.18040084838867
243,4,741.0610961914062,131.65472412109375,114.5640869140625,164.36749267578125
243,3,356.0087585449219,47.06724548339844,48.32696533203125,193.4708709716797
244,3,345.5881652832031,47.590152740478516,52.480560302734375,193.06463241577148
244,4,733.3899536132812,143.81484985351562,121.93914794921875,153.01785278320312
245,3,330.7218933105469,47.86703872680664,66.55874633789062,191.9079704284668
245,4,729.552978515625,143.30430603027344,113.35040283203125,154.4600372314453
246,3,315.4730529785156,47.96208190917969,82.05380249023438,191.77944946289062
246,4,727.5474243164062,138.41957092285156,87.1025390625,159.4685821533203
247,4,722.3766479492188,131.33534240722656,84.7818603515625,166.80345153808594
247,3,307.4091491699219,47.856590270996094,89.91592407226562,191.52787017822266
248,4,683.2118530273438,123.34081268310547,122.03399658203125,175.37384796142578
248,3,300.327392578125,49.50310516357422,97.08572387695312,189.93030548095703
249,3,293.7605285644531,50.70181655883789,102.809326171875,188.45197677612305
249,4,657.2454223632812,113.17536163330078,147.6385498046875,186.18770599365234
250,3,286.3509826660156,52.00970458984375,109.20989990234375,187.5355682373047
250,4,652.574462890625,102.92668151855469,151.9603271484375,195.46339416503906
251,4,655.24365234375,70.11813354492188,135.4735107421875,228.09225463867188
251,3,280.5802917480469,52.37253952026367,113.21524047851562,187.9842872619629
252,3,275.8337097167969,52.48643112182617,114.40505981445312,187.5575294494629
252,4,654.0632934570312,59.01941680908203,130.10198974609375,233.71642303466797
253,3,270.8434143066406,52.446468353271484,111.65878295898438,187.29004287719727
253,4,645.1524047851562,51.60197067260742,131.06671142578125,230.03908157348633
254,4,627.7051391601562,52.61219787597656,138.274169921875,212.5787811279297
254,3,264.9884033203125,52.30150604248047,106.6126708984375,185.42700958251953
255,4,605.9685668945312,61.207916259765625,142.81292724609375,195.14376831054688
255,3,262.7654724121094,51.31587219238281,98.6929931640625,185.62136840820312
256,3,257.02532958984375,50.72291946411133,93.66766357421875,186.27318954467773
256,4,581.6825561523438,66.23756408691406,143.80999755859375,193.34779357910156
257,4,559.3643798828125,67.05517578125,139.367919921875,204.29864501953125
257,3,253.89068603515625,50.19105911254883,85.52203369140625,188.27196884155273
258,4,549.4710083007812,71.13540649414062,126.18988037109375,209.8505859375
258,3,253.80776977539062,49.12615966796875,73.23992919921875,190.45509338378906
259,4,548.9537963867188,79.72698211669922,113.61541748046875,209.07254791259766
259,3,254.15402221679688,49.841522216796875,71.70254516601562,193.16993713378906
260,3,255.46141052246094,49.26516342163086,70.51799011230469,195.55351638793945
260,4,551.7164916992188,92.31620025634766,96.11541748046875,197.77596282958984
261,3,248.18638610839844,50.776206970214844,78.63945007324219,196.0568618774414
261,4,532.5516357421875,107.56595611572266,99.7982177734375,184.15422821044922
262,3,236.40322875976562,52.195125579833984,89.97854614257812,193.83644485473633
262,4,511.17510986328125,120.54776763916016,105.17236328125,177.68047332763672
263,3,224.1147003173828,53.78864288330078,102.06263732910156,191.20755767822266
263,4,499.1755065917969,130.2754669189453,110.58218383789062,173.3000030517578
264,3,219.78404235839844,56.24638366699219,104.75721740722656,193.80462646484375
264,4,481.8348083496094,140.15570068359375,120.81845092773438,163.90975952148438
265,3,219.58140563964844,57.342369079589844,101.38377380371094,192.52251434326172
265,4,469.6391906738281,137.99526977539062,116.30142211914062,166.50885009765625
266,3,217.89051818847656,57.182159423828125,97.75843811035156,192.89056396484375
266,4,457.5530090332031,133.38755798339844,106.66952514648438,170.9680938720703
267,3,214.85028076171875,56.26307678222656,90.76211547851562,193.85585021972656
267,4,445.36614990234375,126.76644897460938,102.62567138671875,177.81613159179688
268,3,209.46946716308594,55.45008850097656,85.86250305175781,194.3229522705078
268,4,433.63739013671875,118.48622131347656,105.19390869140625,186.6177520751953
269,4,420.5871276855469,109.11485290527344,113.20022583007812,195.8413543701172
269,3,205.39686584472656,55.0590705871582,79.41355895996094,194.03484725952148
269,5,803.8059692382812,404.62139892578125,51.98504638671875,73.7666015625
270,4,407.7413330078125,101.68119049072266,126.13507080078125,202.37020111083984
270,3,199.85806274414062,53.986087799072266,74.41656494140625,194.6012077331543
270,5,793.6643676757812,402.24322509765625,61.5947265625,75.07513427734375
271,3,195.12042236328125,55.099212646484375,65.96090698242188,193.7842559814453
271,4,395.0615234375,95.36250305175781,136.10028076171875,208.6337432861328
271,5,789.5440063476562,392.7562561035156,65.89654541015625,85.14291381835938
272,3,190.00387573242188,55.03776550292969,61.36622619628906,193.7562255859375
272,4,381.97039794921875,91.38286590576172,137.527099609375,211.37873077392578
272,5,788.2908935546875,380.2379150390625,67.31488037109375,98.71908569335938
273,4,369.9171447753906,88.77655029296875,136.5400390625,206.99951171875
273,3,185.81178283691406,56.46111297607422,65.00761413574219,192.1806411743164
274,4,360.14312744140625,88.35972595214844,129.30050659179688,205.6455841064453
274,3,179.46153259277344,56.8486328125,71.31155395507812,192.29747009277344
274,5,786.0570678710938,334.9134521484375,69.37481689453125,144.48764038085938
275,4,348.8306579589844,89.04615020751953,115.516357421875,205.31200408935547
275,3,170.0987091064453,58.50494384765625,80.95011901855469,191.22242736816406
275,5,785.7825927734375,323.13543701171875,69.80633544921875,155.43081665039062
276,4,337.80096435546875,84.36518859863281,100.47994995117188,208.93199157714844
276,3,155.7845916748047,58.60680389404297,94.89524841308594,191.8432388305664
276,5,785.900634765625,319.2376708984375,69.740234375,159.52255249023438
277,4,325.5441589355469,79.47242736816406,92.48263549804688,218.5074005126953
277,3,148.10635375976562,59.6181640625,102.09332275390625,191.8965301513672
277,5,786.2806396484375,299.2996520996094,69.30889892578125,179.69570922851562
278,4,312.50860595703125,72.0715103149414,102.67190551757812,231.07457733154297
278,3,145.34988403320312,61.045738220214844,104.33766174316406,191.79366302490234
278,5,785.5148315429688,271.36395263671875,70.0750732421875,207.32843017578125
279,4,299.21881103515625,68.24199676513672,107.07708740234375,235.7319107055664
279,3,143.26368713378906,61.65041732788086,105.28671264648438,192.38501358032227
279,5,784.0511474609375,249.10255432128906,71.57373046875,230.74021911621094
280,4,280.27239990234375,69.47206115722656,110.26177978515625,234.74095153808594
280,3,140.0811767578125,62.300636291503906,103.96630859375,192.68187713623047
280,5,786.8837280273438,201.1435546875,68.82818603515625,277.4250793457031
281,4,266.0514221191406,71.27143096923828,110.66427612304688,233.50743865966797
281,3,136.44580078125,62.656131744384766,100.43218994140625,192.60110092163086
281,5,776.123779296875,181.8437042236328,79.4241943359375,295.42088317871094
282,4,260.46368408203125,76.34697723388672,95.05447387695312,229.28742218017578
282,3,132.7146453857422,62.7533073425293,95.23037719726562,192.55124282836914
282,5,758.7938842773438,179.37734985351562,96.935302734375,297.7764892578125
283,4,239.59701538085938,79.44159698486328,89.9781494140625,226.6546859741211
283,3,128.4498748779297,63.05961990356445,89.28326416015625,192.0945701599121
283,5,743.7565307617188,179.0079803466797,111.87469482421875,297.90431213378906
284,4,215.4947509765625,78.43561553955078,89.6954345703125,227.33849334716797
284,5,730.2940673828125,180.39405822753906,125.33123779296875,297.3257293701172
284,3,123.42601013183594,63.29671859741211,82.14872741699219,192.60995864868164
285,4,198.97061157226562,75.49861907958984,104.24319458007812,230.54850006103516
285,3,118.801025390625,63.329322814941406,72.35372924804688,192.61287689208984
285,5,719.0633544921875,181.57798767089844,136.58404541015625,296.0261993408203
286,4,188.75628662109375,69.16997528076172,110.4412841796875,236.60291290283203
286,3,112.92171478271484,62.44596481323242,69.56128692626953,195.18446731567383
286,5,710.63818359375,183.2526397705078,145.0133056640625,294.34593200683594
287,3,105.84669494628906,63.337127685546875,71.91372680664062,197.43338012695312
287,4,175.0526123046875,68.63267517089844,108.99270629882812,235.83787536621094
287,5,704.5816650390625,184.47573852539062,150.658447265625,293.42926025390625
288,3,90.72998046875,65.59972381591797,80.48709106445312,202.09876251220703
288,4,148.2587890625,75.25237274169922,96.6414794921875,225.74335479736328
288,5,699.786376953125,182.68186950683594,154.69580078125,295.13404846191406
289,4,139.1510772705078,78.2551040649414,82.33357238769531,224.40532684326172
289,3,81.04613494873047,67.11241149902344,81.59624481201172,200.35472106933594
289,5,702.4705810546875,180.92149353027344,142.763916015625,296.54139709472656
290,4,127.8297119140625,79.88470458984375,81.06794738769531,226.46011352539062
290,5,702.0685424804688,178.95497131347656,130.63092041015625,297.4352264404297
290,3,73.7408676147461,67.2615966796875,73.24604034423828,199.77679443359375
291,4,114.00675201416016,80.30934143066406,93.96773529052734,231.51026916503906
291,5,685.718994140625,177.90626525878906,136.44525146484375,297.7665252685547
291,3,67.14461517333984,70.3096923828125,67.53874969482422,199.07247924804688
292,4,97.3138656616211,79.222412109375,108.5551528930664,234.08868408203125
292,5,672.164306640625,176.1817169189453,141.42010498046875,300.4700164794922
292,3,65.68814086914062,72.50700378417969,55.40007019042969,198.0043487548828
293,4,79.45396423339844,77.52883911132812,112.11155700683594,236.6820068359375
293,3,62.59414291381836,73.2286376953125,44.21211624145508,197.68927001953125
293,5,662.6856079101562,176.26690673828125,141.72216796875,300.69915771484375
294,4,57.82829666137695,72.82965087890625,113.93984603881836,240.597412109375
294,5,653.9848022460938,175.99522399902344,140.91558837890625,300.86952209472656
295,4,50.84724044799805,73.03223419189453,98.72720718383789,242.75386810302734
295,5,632.856201171875,177.54803466796875,151.25225830078125,298.4084167480469
296,4,44.9863166809082,90.1192626953125,88.52810287475586,225.7919921875
296,5,616.7095336914062,178.01983642578125,156.4886474609375,297.5302734375
296,3,43.95465087890625,72.1658706665039,59.200836181640625,83.7203140258789
297,4,28.007041931152344,88.97835540771484,87.32255554199219,227.27323150634766
297,5,608.4594116210938,179.47885131835938,153.6839599609375,296.0223388671875
297,3,40.664546966552734,71.95957946777344,85.91123580932617,189.12742614746094
298,4,13.455671310424805,86.84161376953125,100.35849189758301,230.11322021484375
298,5,607.6090698242188,179.0840301513672,143.72894287109375,296.7046356201172
298,3,35.722503662109375,72.63641357421875,69.30847930908203,190.59564208984375
299,4,5.25444221496582,83.69352722167969,101.97159385681152,232.3137664794922
299,5,603.6349487304688,177.82968139648438,138.330078125,297.68499755859375
299,3,30.543060302734375,72.66580963134766,74.00518798828125,198.35225677490234
300,4,0.4114380180835724,85.0621337890625,93.95551297068596,226.96945190429688
300,3,25.943384170532227,72.52863311767578,76.09274101257324,198.99910736083984
300,5,599.3711547851562,175.19956970214844,133.40692138671875,300.6149139404297
301,5,596.7214965820312,173.8031463623047,126.02557373046875,302.36729431152344
301,3,21.366817474365234,71.08161926269531,79.86366653442383,200.72364807128906
301,4,0.4148998260498047,89.51100158691406,77.22834205627441,221.3988800048828
302,3,14.336997985839844,73.89546966552734,87.47891235351562,198.85901641845703
302,5,597.29931640625,172.2538299560547,115.3505859375,304.48997497558594
302,4,0.08459122478961945,103.03646087646484,57.39586226642132,206.96375274658203
303,3,8.320022583007812,75.2966079711914,93.52349853515625,195.99596405029297
303,5,592.52294921875,172.5060272216797,108.4598388671875,304.75144958496094
303,4,0.0,113.13235473632812,38.2446174621582,199.69107055664062
304,3,1.573158621788025,76.55879211425781,99.44434320926666,195.1667938232422
304,5,586.8290405273438,170.92921447753906,103.6109619140625,305.51951599121094
304,4,0.16208280622959137,156.09237670898438,35.653751239180565,153.60031127929688
305,3,0.5676813721656799,76.37596130371094,100.21066945791245,195.50035095214844
305,5,571.5213012695312,168.98667907714844,110.30426025390625,308.3972625732422
305,4,0.0,189.0760955810547,34.48358917236328,116.95097351074219
306,3,0.37634027004241943,78.27399444580078,98.44686377048492,194.46019744873047
306,5,555.301513671875,171.3887939453125,118.54644775390625,305.6663513183594
307,3,0.0,80.84854125976562,93.8773422241211,193.68377685546875
307,5,529.9674072265625,172.2118682861328,134.2080078125,304.23960876464844
308,5,506.36761474609375,172.57406616210938,151.1356201171875,303.8353271484375
308,3,0.0,80.52659606933594,86.94866943359375,192.3041534423828
309,5,486.77435302734375,175.30079650878906,168.697998046875,300.92906188964844
309,3,0.03660288080573082,79.7016372680664,77.31843099370599,192.3375473022461
310,5,468.72552490234375,177.44757080078125,182.04705810546875,299.1108093261719
310,3,0.09642823785543442,93.45060729980469,67.17919889837503,177.6765594482422
311,5,452.9968566894531,180.23765563964844,188.36221313476562,295.7682647705078
311,3,0.2426815927028656,95.73005676269531,55.944425493478775,175.53248596191406
312,5,434.0379638671875,181.71385192871094,174.64849853515625,294.8040008544922
312,3,0.0,99.76839447021484,34.670677185058594,172.16699981689453
313,5,430.26568603515625,181.2523651123047,157.11468505859375,294.8208770751953
313,3,0.0,109.10626220703125,32.61137008666992,166.0716552734375
314,5,431.0843200683594,180.78729248046875,145.64657592773438,295.0252990722656
314,3,0.10612105578184128,78.29097747802734,30.405370719730854,193.02301788330078
315,5,434.5407409667969,179.8236846923828,119.95266723632812,296.48670959472656
315,3,0.03873303160071373,79.24664306640625,30.231482956558466,193.74908447265625
316,5,440.636474609375,177.9439697265625,98.0426025390625,299.0419921875
316,3,0.0,113.23592376708984,31.73625373840332,158.2586441040039
317,5,417.98345947265625,177.05670166015625,110.33673095703125,299.9104919433594
317,3,0.0,125.78443908691406,31.157852172851562,145.02772521972656
317,4,0.0512167364358902,197.4727020263672,31.58688674867153,72.35105895996094
318,5,404.5732421875,177.00802612304688,111.570068359375,300.0242614746094
318,3,0.0,119.57032012939453,29.69911766052246,151.81572723388672
318,4,0.029565729200839996,210.4239501953125,31.154125295579433,60.108489990234375
319,5,393.17645263671875,177.62646484375,111.21759033203125,299.2130432128906
319,4,0.05697707459330559,219.5838165283203,29.875811774283648,51.48298645019531
320,5,367.62457275390625,178.9961700439453,129.1934814453125,297.4362335205078
320,4,0.05470661446452141,224.88963317871094,25.950155217200518,45.94096374511719
321,5,343.919677734375,180.9106903076172,154.23464965820312,294.37818908691406
322,5,323.99432373046875,181.4104461669922,172.77618408203125,293.98851013183594
323,5,309.2217102050781,182.66075134277344,178.72842407226562,292.41603088378906
324,5,298.1882629394531,182.38314819335938,179.41146850585938,292.8910217285156
325,5,290.4676818847656,180.30560302734375,171.96990966796875,295.4256896972656
326,5,288.5321044921875,178.21815490722656,155.37924194335938,297.54173278808594
327,5,291.80780029296875,177.5162811279297,130.67926025390625,298.0045928955078
328,5,286.2829284667969,176.54666137695312,108.6240234375,299.3280944824219
329,5,274.17425537109375,175.81048583984375,99.35513305664062,301.6600341796875
330,5,261.68212890625,174.98646545410156,99.58297729492188,301.4865264892578
331,5,249.15127563476562,176.0052490234375,99.7022705078125,299.83929443359375
332,5,236.17535400390625,177.2826385498047,114.18405151367188,297.5317840576172
333,5,223.3937225341797,179.3544921875,131.17893981933594,295.6871643066406
334,5,205.35824584960938,183.1042022705078,148.33233642578125,292.7009735107422
335,5,182.1576690673828,184.84996032714844,166.47303771972656,290.7422332763672
336,5,149.60906982421875,190.89768981933594,172.85470581054688,284.8118133544922
337,5,141.23617553710938,191.7140350341797,162.4163818359375,284.33753967285156
338,5,137.86285400390625,191.76605224609375,148.15283203125,284.7850646972656
339,5,125.21466827392578,191.06185913085938,145.6303939819336,285.2425842285156
340,5,111.96220397949219,190.0980987548828,138.2519073486328,286.3743133544922
341,5,100.12519836425781,188.5782470703125,126.08760070800781,287.0588073730469
342,5,87.43656158447266,186.9683380126953,120.17583465576172,290.33433532714844
343,5,76.67594909667969,187.06715393066406,117.13978576660156,289.16688537597656
344,5,63.741127014160156,187.40818786621094,133.82978057861328,289.6763458251953
345,5,39.00802230834961,188.62240600585938,164.64255142211914,287.4375305175781
346,5,18.126243591308594,190.56112670898438,186.38518524169922,285.3334045410156
347,5,1.0543609857559204,191.969482421875,199.07280576229095,283.958740234375
348,5,0.10220643132925034,191.7632598876953,190.64078978449106,284.92185974121094
349,5,0.34586507081985474,192.3790740966797,178.79064005613327,284.00181579589844
350,5,0.0,190.5487823486328,165.25379943847656,285.94984436035156
351,5,0.0,189.19479370117188,148.16558837890625,287.7235412597656
352,5,0.0,186.9464569091797,129.89837646484375,289.69496154785156
353,5,0.0,190.3018798828125,109.35275268554688,286.37518310546875
354,5,0.1021171435713768,194.27377319335938,85.20938340574503,283.59869384765625
355,5,0.2911112606525421,204.2642059326172,75.26571246981621,272.8038787841797
356,5,0.0,245.8460693359375,73.10012817382812,231.45632934570312
357,5,0.03874833881855011,248.92343139648438,70.44944135844707,228.43307495117188
358,5,0.0,250.11866760253906,68.69358825683594,227.15711975097656
359,5,0.04795518144965172,259.303955078125,64.98619398847222,217.87652587890625
360,5,0.13276325166225433,318.94091796875,56.86954082548618,159.2606201171875
361,5,0.01907186582684517,347.0040588378906,50.80516595765948,131.96792602539062
362,5,0.0942215546965599,365.0051574707031,43.64492563158274,114.35430908203125
