0,1,623.6929931640625,19.5102596282959,23.7220458984375,98.88138008117676
1,1,620.8633422851562,17.931779861450195,24.9486083984375,98.61137199401855
2,1,616.3570556640625,18.295373916625977,26.15057373046875,97.91637229919434
3,1,607.6641845703125,17.950437545776367,32.14349365234375,98.98893928527832
4,1,605.6029052734375,17.75090789794922,31.98931884765625,99.2662353515625
5,1,593.6841430664062,17.967416763305664,41.6800537109375,101.21581077575684
6,1,590.30908203125,19.472049713134766,43.75537109375,99.49654769897461
7,1,589.423095703125,18.028602600097656,43.8843994140625,101.29854583740234
8,1,589.3230590820312,17.01764488220215,40.73828125,98.10372352600098
9,1,587.8323364257812,16.93659782409668,40.80926513671875,98.16578102111816
10,1,588.1314697265625,15.536581039428711,36.04083251953125,99.16778755187988
11,1,590.1936645507812,15.287412643432617,27.45721435546875,89.14750862121582
12,1,589.162353515625,14.582345008850098,25.431640625,93.44177913665771
13,1,585.7886352539062,13.974973678588867,26.953857421875,95.66276741027832
14,1,581.2806396484375,13.765172958374023,29.25738525390625,95.4112720489502
15,1,576.0948486328125,13.253973007202148,32.284912109375,94.99508094787598
16,1,573.0965576171875,13.515707969665527,33.235107421875,91.22434329986572
17,1,565.1434326171875,13.086989402770996,39.979248046875,94.36608982086182
18,1,561.544189453125,13.760335922241211,41.6304931640625,93.88778114318848
19,1,558.50634765625,13.012869834899902,43.84259033203125,94.33397006988525
20,1,555.9007568359375,12.74013900756836,45.42584228515625,93.99053573608398
21,1,555.44189453125,12.920913696289062,44.2783203125,93.46185302734375
22,1,555.7315673828125,12.277067184448242,40.99066162109375,94.31074714660645
23,1,558.3978271484375,11.882843971252441,30.2548828125,86.6652135848999
24,1,558.8308715820312,10.495567321777344,27.1094970703125,87.41114807128906
25,1,557.3993530273438,9.275845527648926,23.0533447265625,86.96660900115967
26,1,555.5296020507812,8.141885757446289,22.7908935546875,92.80637168884277
27,1,552.0379028320312,9.02857494354248,23.85467529296875,91.77476978302002
28,1,550.0164794921875,8.492633819580078,22.96209716796875,92.24399185180664
29,1,546.0764770507812,8.154814720153809,24.9744873046875,94.01853275299072
30,1,540.060302734375,8.000412940979004,30.002685546875,93.46350765228271
31,1,529.9456787109375,8.922965049743652,39.26141357421875,91.65581607818604
32,1,528.1403198242188,9.472441673278809,40.08026123046875,90.10719394683838
33,1,525.9024047851562,8.684173583984375,41.7647705078125,90.37887573242188
34,1,527.6458129882812,7.335163116455078,35.79632568359375,90.89925765991211
35,1,523.3641967773438,6.997650623321533,36.79620361328125,88.01345777511597
36,1,524.5191650390625,5.829684734344482,31.01995849609375,88.58237886428833
37,1,525.8333129882812,5.1738739013671875,25.87139892578125,89.04320526123047
38,1,525.919189453125,4.806610584259033,23.76300048828125,87.823401927948
39,1,523.1197509765625,3.963555335998535,24.650634765625,89.18842220306396
40,1,519.2130126953125,3.067192792892456,27.25860595703125,89.74533772468567
41,1,511.9910583496094,3.2025275230407715,33.480194091796875,89.5424370765686
42,1,506.2074890136719,2.9586341381073,38.254547119140625,89.14503407478333
43,1,501.06353759765625,3.372398853302002,42.5447998046875,87.3962550163269
44,1,500.1173095703125,3.9638512134552,42.53521728515625,86.29230570793152
45,1,498.1650695800781,3.3302855491638184,43.619720458984375,86.13970804214478
46,1,497.620361328125,3.2487378120422363,41.9322509765625,87.09360837936401
47,1,497.9435119628906,3.9692187309265137,39.898223876953125,85.99574708938599
48,1,498.5079345703125,2.2648046016693115,29.6129150390625,84.55579018592834
49,1,498.4504699707031,0.8906658291816711,23.275360107421875,83.94765967130661
50,1,497.0711669921875,1.4425586462020874,20.5362548828125,84.81346094608307
51,1,494.5893249511719,0.764747142791748,20.776397705078125,85.71044206619263
52,1,490.6227722167969,1.2482658624649048,23.836151123046875,85.44785535335541
53,1,484.3375549316406,1.3405206203460693,27.851409912109375,85.03162598609924
54,1,476.8767395019531,1.07197105884552,34.37841796875,84.85281836986542
55,1,473.03118896484375,1.4121497869491577,37.785858154296875,84.55775988101959
56,1,471.52728271484375,1.6970900297164917,38.217681884765625,83.53755962848663
57,1,467.6141357421875,0.754318356513977,41.104522705078125,83.19737994670868
58,1,464.7763977050781,0.04938633739948273,41.648468017578125,83.13548915088177
59,1,464.98388671875,0.0,37.52423095703125,81.59241485595703
60,1,467.536376953125,0.0,30.2135009765625,80.52530670166016
61,1,469.3429260253906,0.0,23.781280517578125,80.36597442626953
62,1,468.9354553222656,0.0,21.273223876953125,79.22407531738281
63,1,464.6070861816406,0.012436510063707829,23.245025634765625,79.83109986688942
64,1,462.7285461425781,0.0,23.612213134765625,80.87225341796875
65,1,456.80517578125,0.0,28.675506591796875,78.9734878540039
66,1,452.1447448730469,0.0,32.5343017578125,78.46829986572266
67,1,447.425537109375,0.07033069431781769,36.922149658203125,78.51421062648296
68,1,444.1841125488281,0.0,39.42236328125,78.80181121826172
69,1,443.6460266113281,0.0,39.316314697265625,78.05850982666016
70,1,443.1458740234375,0.0,38.469390869140625,78.79609680175781
71,1,442.3196105957031,0.0,38.2786865234375,78.10118103027344
72,1,442.36639404296875,0.0,30.650665283203125,75.09609985351562
73,1,442.4444885253906,0.0,22.2178955078125,74.96319580078125
74,1,442.1733093261719,0.0,20.359161376953125,74.44422912597656
75,1,439.3865051269531,0.0,20.940399169921875,74.4587173461914
76,1,434.5863037109375,0.04578421264886856,24.3363037109375,74.8751065954566
77,1,433.8426513671875,0.04709036648273468,23.33563232421875,74.15679757297039
78,1,425.1636657714844,0.002007699105888605,29.8179931640625,74.56494023790583
79,1,421.782958984375,0.0,32.90850830078125,74.29222869873047
80,1,419.74127197265625,0.0,34.82904052734375,73.46309661865234
81,1,418.47161865234375,0.02121732383966446,36.12481689453125,73.07896425575018
82,1,414.4980773925781,0.0,37.57843017578125,72.53915405273438
83,1,413.49041748046875,0.0,35.347686767578125,70.66397857666016
84,1,413.156982421875,0.0,30.617279052734375,69.579833984375
85,1,418.26275634765625,0.0,22.85040283203125,69.32669830322266
86,1,416.45184326171875,0.0,21.572418212890625,69.07935333251953
87,1,414.58233642578125,0.09297917783260345,21.48834228515625,69.4013826996088
88,1,412.2190246582031,0.1509447991847992,22.228179931640625,68.76423159241676
89,1,408.7933044433594,0.15870007872581482,24.39312744140625,68.32028093934059
90,1,402.3214111328125,0.26768216490745544,30.34844970703125,67.91285982728004
91,1,398.4928283691406,0.07788188755512238,32.944091796875,67.8543004244566
92,1,395.8696594238281,0.3252829909324646,35.8218994140625,68.07593160867691
93,1,394.7117614746094,0.0,35.463104248046875,68.61959838867188
94,1,393.37841796875,0.21207629144191742,35.9046630859375,68.04221905767918
95,1,393.1988525390625,0.10827799886465073,34.803192138671875,67.7434904947877
96,1,395.21685791015625,0.0,26.375244140625,64.5297622680664
97,1,394.3687744140625,0.06561630219221115,23.8426513671875,65.27929336577654
98,1,394.1278991699219,0.26852911710739136,19.183380126953125,63.047434628009796
99,1,391.5243225097656,0.0957445427775383,20.188873291015625,64.43016488105059
100,1,390.14666748046875,0.0,18.873565673828125,65.22185516357422
101,1,388.3765563964844,0.0,18.678955078125,64.28194427490234
102,1,386.4044494628906,0.0,20.1502685546875,63.597999572753906
103,1,381.9496765136719,0.0,23.900787353515625,63.840946197509766
104,1,379.6757507324219,0.0,26.448760986328125,64.21949768066406
105,1,378.0162353515625,0.0,25.910125732421875,63.81557846069336
106,1,376.4365539550781,0.0,25.635711669921875,62.89054489135742
107,1,376.06280517578125,0.0,23.7117919921875,63.28346252441406
108,1,372.38519287109375,0.0,23.38690185546875,60.06874084472656
109,1,373.31219482421875,0.0,20.4405517578125,60.7054443359375
110,1,372.50634765625,0.0,19.956695556640625,61.36083221435547
111,1,370.64630126953125,0.0,19.498077392578125,61.419490814208984
112,1,368.7425842285156,0.0,20.125030517578125,59.90872573852539
113,1,367.4839782714844,0.0,20.73681640625,59.0826530456543
114,1,363.0667419433594,0.0,23.41204833984375,58.5113525390625
115,1,359.2701721191406,0.04406478628516197,27.152618408203125,59.04100677743554
116,1,355.26947021484375,0.09893594682216644,31.776641845703125,59.685339108109474
117,1,353.5298767089844,0.1925375908613205,32.896331787109375,59.62907953560352
118,1,353.054443359375,0.12037266045808792,33.204986572265625,59.39070903509855
119,1,353.04046630859375,0.10066812485456467,31.22088623046875,58.722223110497
120,1,353.5169677734375,0.014010525308549404,23.730682373046875,56.590050601400435
121,1,351.71575927734375,0.17526933550834656,23.75555419921875,57.19011762738228
122,1,351.19482421875,0.09480830281972885,21.417388916015625,57.06870488077402
123,1,349.75946044921875,0.0,20.50872802734375,57.48435592651367
124,1,348.5225830078125,0.003936314955353737,20.04052734375,56.85258147679269
125,1,348.2178039550781,0.0684199407696724,20.001434326171875,56.67369507998228
126,1,345.6924133300781,0.0,19.405181884765625,56.43463134765625
127,1,343.1978454589844,0.0,21.60308837890625,57.09021759033203
128,1,340.37091064453125,0.0,24.13232421875,56.028099060058594
129,1,340.66546630859375,0.038253430277109146,22.21380615234375,55.69164692983031
129,2,0.15327775478363037,163.19854736328125,35.226120591163635,291.29010009765625
129,3,0.10780094563961029,293.4715576171875,36.16782619059086,160.66229248046875
130,1,338.9900207519531,0.0,23.604400634765625,55.651084899902344
130,2,0.0,178.40475463867188,35.44786071777344,270.3247985839844
130,4,0.04197162762284279,135.09275817871094,41.75051265582442,113.65036010742188
130,3,0.14871641993522644,294.4981384277344,37.110785990953445,159.39004516601562
131,1,337.3626708984375,0.0,23.6400146484375,53.66227340698242
131,4,0.04749343916773796,145.18772888183594,50.78521301224828,102.3316650390625
131,3,0.0,288.6716003417969,37.65071487426758,164.15927124023438
132,3,0.0,281.7319030761719,38.153167724609375,170.70297241210938
132,4,0.1746596246957779,159.4911346435547,54.98506556451321,89.314697265625
132,1,336.08221435546875,0.0,21.777069091796875,47.941490173339844
133,3,0.0,279.977783203125,37.81426239013672,172.018798828125
133,1,335.6800231933594,0.0,20.916748046875,45.77958297729492
133,4,0.10572946816682816,158.30931091308594,57.336641900241375,89.92115783691406
134,4,0.1088443323969841,75.4367446899414,58.8793835118413,172.98099517822266
134,1,334.5495300292969,0.0,20.837738037109375,51.96843719482422
134,3,0.139903724193573,271.34893798828125,39.34439116716385,179.61407470703125
135,4,0.29927727580070496,74.12760925292969,59.49951270222664,173.906982421875
135,1,334.1252746582031,0.0,19.38885498046875,51.16950225830078
135,3,0.0,230.97816467285156,59.424232482910156,221.05882263183594
136,4,0.2340206801891327,71.87963104248047,59.29325821995735,176.2224349975586
136,3,0.09319601953029633,197.4639434814453,91.9851731210947,253.3699188232422
136,1,330.900390625,0.10269368439912796,22.11376953125,51.559900157153606
137,3,0.03142419084906578,151.1049041748047,120.47821936383843,300.6501922607422
137,4,0.4437933564186096,68.58067321777344,58.11236661672592,178.36508178710938
137,1,329.8381042480469,0.13835521042346954,23.29327392578125,51.89854817092419
138,3,0.1355082094669342,154.47592163085938,141.8114217221737,296.76849365234375
138,4,0.03332984820008278,66.76960754394531,56.519274827092886,178.9337921142578
138,1,328.4080505371094,0.12403091043233871,22.816009521484375,51.45524612814188
139,3,0.3311147391796112,155.7994842529297,154.977387458086,294.4545135498047
139,4,0.23592378199100494,64.93553161621094,54.57018278539181,174.8819122314453
139,1,326.9654541015625,0.07893803715705872,22.823394775390625,51.21143290400505
140,3,0.0,155.96524047851562,162.46925354003906,293.2641296386719
140,4,1.5689059495925903,63.708412170410156,55.95979201793671,119.7129898071289
140,1,321.979248046875,0.1379929631948471,26.642425537109375,50.73371495306492
141,3,0.0,154.5648193359375,165.93894958496094,294.27447509765625
141,4,7.304203510284424,62.63216781616211,58.760417461395264,146.55888748168945
141,1,321.1419372558594,0.1891956776380539,26.404693603515625,50.60707278549671
142,3,0.08742037415504456,152.09104919433594,165.68151578307152,294.3865203857422
142,4,11.982701301574707,63.406944274902344,56.54603862762451,172.1017074584961
142,1,321.0260009765625,0.2456025779247284,25.514373779296875,50.52085784077644
143,3,12.250893592834473,149.08554077148438,153.5906744003296,296.26324462890625
143,4,5.607682228088379,63.9144172668457,72.31178951263428,182.88373947143555
143,1,320.66387939453125,0.0,24.936798095703125,50.513221740722656
144,3,50.309669494628906,141.25839233398438,115.96198272705078,300.4002685546875
144,4,25.796428680419922,65.30799102783203,64.44601821899414,180.22083282470703
144,1,320.1965026855469,0.0,22.820892333984375,48.06358337402344
145,3,71.48937225341797,139.043701171875,93.6073989868164,302.1669921875
145,4,27.46060562133789,66.99492645263672,65.99753952026367,177.6989974975586
145,1,319.793212890625,0.0,21.2257080078125,48.23310852050781
146,3,82.1744155883789,137.43894958496094,84.02220916748047,303.79893493652344
146,4,29.983369827270508,66.45399475097656,68.7906551361084,177.7783660888672
146,1,318.59710693359375,0.028301669284701347,21.470855712890625,48.702903317287564
147,3,90.99225616455078,138.17977905273438,88.38471221923828,304.6077880859375
147,4,35.538291931152344,64.94255065917969,66.6238784790039,177.5382537841797
147,1,317.106201171875,0.0,21.453887939453125,48.922061920166016
148,3,101.25680541992188,138.65631103515625,104.36558532714844,304.2855224609375
148,4,46.07342529296875,63.170257568359375,59.19593048095703,180.83575439453125
148,1,315.2706604003906,0.0,21.53839111328125,48.74166488647461
149,3,111.77169036865234,139.4066925048828,126.57703399658203,304.8086395263672
149,4,54.25121307373047,61.2218017578125,60.13233947753906,183.4697723388672
149,1,312.73883056640625,0.0,22.103851318359375,48.523826599121094
150,3,115.26154327392578,141.19908142089844,149.95775604248047,299.46275329589844
150,4,61.783973693847656,60.97151184082031,57.95167541503906,185.65631103515625
150,1,310.3669128417969,0.0,23.445068359375,48.88270950317383
151,3,116.4143295288086,143.68540954589844,167.41947174072266,292.7150115966797
151,4,68.71072387695312,60.642250061035156,55.41871643066406,186.02790069580078
151,1,309.9490966796875,0.06319022923707962,22.52105712890625,48.90484260767698
152,3,118.36619567871094,145.65940856933594,173.12657165527344,291.4269256591797
152,4,74.03563690185547,60.58356475830078,58.59510040283203,186.30748748779297
152,1,310.7396240234375,0.0,21.76580810546875,49.30281448364258
153,3,120.01528930664062,145.8092041015625,178.74526977539062,292.1582336425781
153,4,79.00203704833984,59.9859504699707,63.292396545410156,186.24729537963867
153,1,310.26361083984375,0.09110413491725922,20.9539794921875,48.69228972494602
154,3,127.616943359375,144.49942016601562,170.26617431640625,294.2846984863281
154,4,85.5078125,60.72970199584961,74.86654663085938,184.58684158325195
154,1,309.5794677734375,0.07823903858661652,20.84271240234375,48.03562204539776
155,3,143.20729064941406,144.45408630371094,155.6663360595703,294.5747833251953
155,4,88.43412017822266,61.265865325927734,88.07622528076172,183.98657608032227
155,1,308.3790588378906,0.0350237637758255,21.151641845703125,47.875952646136284
156,3,162.10655212402344,142.9499053955078,139.77552795410156,296.04444885253906
156,4,90.03182220458984,60.57883834838867,101.06360626220703,184.65948867797852
156,1,307.26202392578125,0.0,21.005859375,45.919307708740234
157,3,181.70626831054688,140.45602416992188,121.96469116210938,298.08685302734375
157,4,91.30281829833984,61.93705368041992,105.07854461669922,183.57544326782227
157,1,306.26800537109375,0.15091672539710999,21.130126953125,46.22375902533531
158,3,204.61578369140625,136.1374053955078,99.138427734375,302.48179626464844
158,4,91.40399932861328,62.90708541870117,109.94963836669922,182.4542579650879
158,1,304.15826416015625,0.0782492458820343,21.951904296875,46.38233730196953
159,3,228.07452392578125,133.11131286621094,76.87698364257812,305.3587188720703
159,4,91.49166107177734,60.979461669921875,111.75867462158203,185.1834716796875
159,1,302.6005859375,0.0,21.315216064453125,39.6823616027832
160,4,96.81350708007812,59.7778434753418,106.87669372558594,185.8924446105957
160,3,238.1300811767578,131.60708618164062,80.60069274902344,307.7942810058594
160,1,301.3200378417969,0.07650940865278244,21.938018798828125,45.733011312782764
161,4,105.00724792480469,57.67894744873047,98.85816955566406,186.61817169189453
161,3,244.94410705566406,131.29421997070312,92.04649353027344,306.5372314453125
161,1,301.36431884765625,0.1673584282398224,20.20611572265625,45.34303280711174
162,4,115.14346313476562,56.0432243347168,89.10179138183594,184.6928596496582
162,3,244.72586059570312,131.6605987548828,125.27871704101562,307.8069305419922
162,1,300.5884094238281,0.22548732161521912,19.24969482421875,45.21783009171486
163,4,127.17354583740234,53.60966873168945,77.25170135498047,186.75666427612305
163,3,244.00149536132812,136.11680603027344,154.86398315429688,303.38352966308594
163,1,298.53558349609375,0.1411001831293106,20.0108642578125,44.400739416480064
164,4,141.53033447265625,51.978885650634766,62.62208557128906,187.36440658569336
164,3,246.33963012695312,137.5553741455078,172.54092407226562,302.7383575439453
164,1,296.69012451171875,0.18586395680904388,21.0020751953125,43.47494460642338
165,4,152.0954132080078,50.67742919921875,54.631256103515625,189.4290771484375
165,3,246.0321044921875,139.4559783935547,181.26596069335938,299.7866668701172
165,1,296.24176025390625,0.226278156042099,20.795623779296875,43.91612449288368
166,4,157.79812622070312,51.17108154296875,55.32768249511719,190.68270874023438
166,3,248.07843017578125,139.6750946044922,183.62637329101562,299.59886169433594
166,1,293.71881103515625,0.2013234943151474,22.842620849609375,43.29366399347782
167,4,163.29429626464844,50.67091751098633,59.45368957519531,190.73254013061523
167,3,255.8237762451172,139.33590698242188,177.58143615722656,299.0113830566406
167,1,292.83734130859375,0.13347627222537994,23.819915771484375,42.170883163809776
168,4,171.57603454589844,51.78117752075195,83.70127868652344,186.80535507202148
168,3,290.4761047363281,133.9805908203125,143.66250610351562,300.14483642578125
168,1,291.510009765625,0.03404032066464424,23.644683837890625,41.89909566566348
168,5,0.08630300313234329,418.406494140625,15.57392667979002,60.231842041015625
169,4,172.13851928710938,53.58285140991211,90.29129028320312,184.64772415161133
169,3,312.4730529785156,132.23358154296875,121.52499389648438,299.69287109375
169,5,0.14601100981235504,337.04205322265625,32.058449134230614,142.60025024414062
169,1,289.72198486328125,0.0,23.280914306640625,41.21767807006836
170,4,171.96742248535156,53.79452133178711,93.55744934082031,184.55791091918945
170,3,335.2312316894531,129.54403686523438,107.33779907226562,302.406005859375
170,1,287.77734375,0.0,22.410430908203125,40.63844299316406
170,5,0.07171083241701126,319.9998474121094,45.62043546885252,158.90707397460938
171,4,173.37652587890625,54.29787826538086,96.09033203125,183.9773292541504
171,3,360.21270751953125,127.31737518310547,89.90328979492188,305.56558990478516
171,1,287.7202453613281,0.0,19.569000244140625,40.54176330566406
171,5,0.010446668602526188,310.3023681640625,49.9809054126963,167.88180541992188
172,4,176.5340576171875,53.728721618652344,93.84814453125,185.1585922241211
172,3,384.4858093261719,126.0155029296875,77.17996215820312,307.49774169921875
172,1,285.6235656738281,0.09566163271665573,21.08734130859375,41.573928363621235
172,5,0.14243949949741364,273.3404846191406,54.704144820570946,204.7054443359375
173,3,384.33062744140625,126.70731353759766,91.88455200195312,307.44261932373047
173,4,186.48609924316406,53.15744400024414,83.72709655761719,186.30427169799805
173,5,0.06323869526386261,247.18812561035156,58.7593969553709,230.33934020996094
173,1,285.0472717285156,0.0,20.654327392578125,41.89527130126953
174,3,384.09759521484375,128.40101623535156,115.34991455078125,303.8111114501953
174,4,195.54644775390625,51.91679382324219,74.5706787109375,187.02244567871094
174,5,0.0856320708990097,235.77304077148438,61.1696932464838,241.78646850585938
174,1,284.18084716796875,0.0,20.90362548828125,42.03345489501953
175,3,384.65521240234375,130.57766723632812,143.623779296875,298.3897399902344
175,4,209.09649658203125,49.64939498901367,62.07476806640625,189.62724685668945
175,5,0.14967435598373413,220.8663330078125,68.3003836274147,256.0611572265625
175,1,283.33746337890625,0.0,21.0584716796875,41.7575569152832
176,3,384.8122253417969,131.81846618652344,164.04849243164062,293.47853088378906
176,4,223.32765197753906,48.50868606567383,49.20930480957031,190.12479782104492
176,5,0.07917018234729767,216.03573608398438,84.76975254714489,261.2721252441406
176,1,283.2290344238281,0.0,21.197174072265625,42.15200424194336
177,3,385.9967956542969,135.51211547851562,172.59164428710938,287.742919921875
177,4,230.04415893554688,47.10792922973633,47.536956787109375,192.48928451538086
177,5,0.0,215.44004821777344,100.57161712646484,261.43186950683594
177,1,283.32720947265625,0.0,20.927947998046875,41.63270950317383
178,3,388.7123107910156,135.42486572265625,173.72628784179688,287.71966552734375
178,4,235.7873992919922,47.256656646728516,53.42915344238281,191.44697189331055
178,5,0.24158208072185516,213.64523315429688,113.36126978695393,262.8318176269531
178,1,282.8432922363281,0.0,20.85650634765625,41.77333068847656
179,3,395.0531921386719,136.0840301513672,170.03396606445312,286.81809997558594
179,4,238.8606719970703,48.03144073486328,64.57597351074219,190.34537506103516
179,5,4.676872730255127,212.677490234375,132.60417890548706,264.4599609375
179,1,281.7838439941406,0.0012168646790087223,21.245330810546875,41.2668266533874
180,3,408.08282470703125,135.3740692138672,161.49822998046875,286.66917419433594
180,4,239.49713134765625,48.66962814331055,83.45550537109375,190.3264503479004
180,5,13.966534614562988,213.22877502441406,132.6052122116089,261.94886779785156
180,1,280.74798583984375,0.10460061579942703,21.042724609375,38.75363760441542
181,3,427.156494140625,134.22987365722656,143.748046875,286.91709899902344
181,4,239.0823211669922,51.33254623413086,96.92146301269531,186.89387893676758
181,5,28.68142318725586,211.02215576171875,167.51083755493164,266.1516418457031
181,1,279.7587585449219,0.10119875520467758,20.135101318359375,38.51390973478556
182,3,446.14178466796875,131.11322021484375,126.57098388671875,290.52581787109375
182,4,238.35682678222656,51.979610443115234,105.89332580566406,186.32007217407227
182,5,41.623260498046875,210.50241088867188,168.14047241210938,266.3514709472656
182,1,278.9233093261719,0.09761831164360046,20.341064453125,38.32946756482124
183,4,239.5831756591797,52.79434585571289,109.97721862792969,186.47118759155273
183,3,466.08343505859375,128.42660522460938,113.69952392578125,293.7623596191406
183,5,53.55317687988281,210.0216827392578,163.9512481689453,266.77598571777344
183,1,277.2423095703125,0.0,20.136199951171875,35.99403381347656
184,4,241.80665588378906,53.801570892333984,109.31401062011719,185.87237930297852
184,3,487.5459289550781,125.14766693115234,101.19088745117188,295.0807571411133
184,5,65.00349426269531,209.9394073486328,153.0033416748047,267.05235290527344
184,1,276.2891540527344,0.0004349589580669999,20.00396728515625,37.154689705348574
185,4,245.7654571533203,52.894264221191406,106.45066833496094,186.50824737548828
185,3,509.137451171875,123.1663818359375,92.77606201171875,296.6995544433594
185,5,67.3811264038086,208.01873779296875,140.2174301147461,269.2340087890625
185,1,274.82403564453125,0.03800087422132492,20.92193603515625,38.91776008158922
186,4,255.76870727539062,50.92506790161133,96.15374755859375,186.80718612670898
186,3,513.496826171875,122.81187438964844,106.6177978515625,297.72312927246094
186,5,77.32192993164062,204.4357147216797,135.99822998046875,272.80723571777344
186,1,274.30145263671875,0.08712827414274216,20.320526123046875,38.53613222390413
187,3,513.8236694335938,122.4654312133789,123.60943603515625,297.59752655029297
187,4,265.983642578125,49.65003967285156,85.94973754882812,185.8647918701172
187,5,92.38265228271484,200.451416015625,120.59737396240234,276.9759826660156
187,1,273.4390563964844,0.0,19.983795166015625,38.525821685791016
188,3,514.2440795898438,124.41879272460938,138.5545654296875,295.33074951171875
188,4,278.5528259277344,48.16722869873047,73.99044799804688,186.65460968017578
188,5,108.3933334350586,198.0636749267578,98.17940521240234,278.9023895263672
188,1,273.7035217285156,0.0,19.264129638671875,37.58656311035156
189,3,514.8252563476562,126.44359588623047,151.50811767578125,293.40723419189453
189,4,293.41253662109375,48.38040542602539,59.725250244140625,186.9724235534668
189,5,117.9874038696289,197.13497924804688,94.72466278076172,280.7367248535156
189,1,273.2343444824219,0.0,19.545135498046875,37.13077926635742
190,3,516.1141967773438,128.06883239746094,160.99896240234375,291.39295959472656
190,4,307.61114501953125,46.618927001953125,48.802947998046875,190.0984649658203
190,5,129.02011108398438,197.7991943359375,98.47952270507812,279.8696594238281
190,1,272.9454650878906,0.0,18.669158935546875,38.62007141113281
191,4,317.4982604980469,46.883995056152344,46.488372802734375,190.59090423583984
191,3,519.1947631835938,128.79698181152344,165.79327392578125,290.7425994873047
191,5,140.80320739746094,198.2882843017578,99.73654174804688,278.48011779785156
191,1,272.3539123535156,0.0,18.53265380859375,37.594154357910156
192,3,543.3431396484375,128.13536071777344,150.5379638671875,285.78639221191406
192,4,320.4394836425781,46.985477447509766,73.64749145507812,189.39667892456055
192,5,143.1516876220703,201.38619995117188,125.15455627441406,274.7817077636719
192,1,270.38983154296875,0.0,19.726226806640625,36.244571685791016
193,3,563.8301391601562,125.59577178955078,130.0194091796875,284.92040252685547
193,4,320.68646240234375,49.61585235595703,90.65213012695312,185.85620880126953
193,5,149.3291015625,202.91653442382812,134.4609375,273.6537170410156
193,1,269.632568359375,0.0,16.91412353515625,37.72587203979492
194,3,581.70068359375,124.14910888671875,110.74884033203125,282.06549072265625
194,4,321.0115051269531,50.52226257324219,99.4625244140625,182.8012237548828
194,5,160.91973876953125,204.40870666503906,129.89178466796875,272.27610778808594
194,1,268.1005554199219,0.0,16.835540771484375,37.77543258666992
195,3,599.102783203125,119.00920104980469,89.345947265625,282.5627899169922
195,4,322.2781677246094,51.73567581176758,100.33486938476562,182.19919967651367
195,5,177.03594970703125,204.06961059570312,119.52191162109375,272.3232727050781
195,1,265.8153381347656,0.0,18.177703857421875,37.979698181152344
196,3,607.5160522460938,116.75869750976562,77.9998779296875,276.3855895996094
196,4,323.2977600097656,51.82051467895508,102.81924438476562,181.98156356811523
196,5,181.89181518554688,203.02935791015625,120.30361938476562,273.69134521484375
196,1,264.0634765625,0.0,18.914886474609375,37.48115539550781
197,4,328.5964660644531,50.05657958984375,96.52606201171875,184.61061096191406
197,3,610.8778686523438,114.49964141845703,78.01934814453125,282.5696029663086
197,5,192.628662109375,202.46493530273438,115.17742919921875,274.8426818847656
197,1,262.814453125,0.0,19.75396728515625,37.28620529174805
198,3,614.1650390625,113.47975158691406,78.48931884765625,281.7052459716797
198,4,339.3557434082031,49.386043548583984,85.90966796875,185.6432228088379
198,5,210.4070587158203,201.61866760253906,102.79661560058594,275.75914001464844
198,1,262.6435852050781,0.0,19.860015869140625,37.093997955322266
199,3,618.0431518554688,112.79186248779297,83.53082275390625,282.86026763916016
199,4,351.5480651855469,48.233943939208984,74.57827758789062,186.53009414672852
199,5,229.74305725097656,199.0663604736328,89.37358093261719,278.28440856933594
199,1,262.4537048339844,0.0,19.6705322265625,36.7791748046875
199,2,0.1320585161447525,336.3201599121094,19.671774491667747,16.646240234375
200,4,363.9772033691406,47.28483963012695,61.89801025390625,187.71670150756836
200,3,621.5855102539062,112.99101257324219,84.476806640625,281.31980895996094
200,5,252.49359130859375,197.9152374267578,83.31710815429688,280.4657745361328
200,1,262.299072265625,0.0,19.487579345703125,36.433998107910156
200,2,0.24748528003692627,338.085693359375,22.191208720207214,15.642303466796875
201,4,382.7650451660156,46.35060501098633,46.9339599609375,188.37682723999023
201,3,624.14892578125,113.37139892578125,80.9095458984375,279.1319885253906
201,5,262.6015930175781,196.0139923095703,103.16741943359375,280.9598846435547
201,1,262.5105895996094,0.0,18.44293212890625,36.30248260498047
201,2,0.1850922554731369,339.0645751953125,22.509882643818855,14.9085693359375
202,4,392.0332336425781,46.00367736816406,44.55279541015625,188.29830932617188
202,3,626.2048950195312,113.71348571777344,81.29388427734375,277.32896423339844
202,5,273.72723388671875,196.28663635253906,118.49496459960938,280.7245330810547
202,1,261.9391174316406,0.0,19.056915283203125,36.343994140625
202,2,0.18634994328022003,338.91015625,22.778360292315483,15.517333984375
203,3,628.72412109375,114.00525665283203,82.5985107421875,276.20116424560547
203,4,393.17498779296875,45.7995719909668,52.03662109375,188.82422256469727
203,5,284.68609619140625,195.87130737304688,129.24453735351562,281.7820129394531
203,1,260.7101745605469,0.0,19.52593994140625,36.145565032958984
203,2,0.16632014513015747,338.79046630859375,22.711338698863983,15.91302490234375
204,4,393.0731506347656,45.82871627807617,65.31210327148438,189.3282814025879
204,3,631.8773803710938,113.91096496582031,82.73260498046875,274.3466033935547
204,5,293.123046875,196.5288848876953,138.41592407226562,281.12730407714844
204,1,259.2072448730469,0.0,20.442230224609375,36.272281646728516
204,2,0.1755588799715042,338.4753112792969,22.653725787997246,16.038818359375
205,3,634.0469970703125,112.80280303955078,85.253662109375,268.63155364990234
205,4,393.5888671875,47.98479461669922,84.3392333984375,187.25855255126953
205,5,298.8190612792969,197.13003540039062,146.86614990234375,279.9880065917969
205,6,0.0285338182002306,118.83573913574219,27.72596370987594,152.32066345214844
205,7,0.02648785337805748,191.62083435058594,28.047204468399286,76.02522277832031
205,1,258.2131652832031,0.0,20.03277587890625,36.09803009033203
206,3,636.9810180664062,110.90876007080078,85.22601318359375,257.04524993896484
206,4,393.91357421875,50.47478103637695,97.40811157226562,184.39640426635742
206,5,302.85797119140625,196.92169189453125,154.30908203125,280.1284484863281
206,6,0.06653214246034622,125.90035247802734,42.90074538439512,140.5978775024414
206,1,256.3712463378906,0.0,21.129119873046875,34.717193603515625
206,2,0.25076723098754883,256.0643310546875,21.881410121917725,100.74264526367188
207,3,638.5595703125,108.10697174072266,86.77471923828125,248.19561004638672
207,4,396.1693420410156,51.338260650634766,100.34140014648438,183.33514022827148
207,5,307.8608703613281,196.43618774414062,156.68121337890625,280.625244140625
207,6,0.07695967704057693,183.96963500976562,32.031717233359814,174.28317260742188
207,1,255.3342742919922,0.0,20.455734252929688,32.254051208496094
208,3,639.653076171875,107.24047088623047,86.820068359375,245.89225006103516
208,4,403.5692138671875,52.01893997192383,96.61929321289062,182.08182907104492
208,5,314.0975341796875,193.2128448486328,154.88217163085938,283.69651794433594
208,6,0.0,181.8286895751953,24.55261993408203,182.1578826904297
208,7,0.19835405051708221,147.3367156982422,58.731806471943855,118.72261047363281
208,1,255.1609649658203,0.0,19.307632446289062,32.102725982666016
209,3,637.6640014648438,106.3967514038086,88.1328125,246.8428726196289
209,4,416.0548095703125,51.83012771606445,85.05282592773438,175.51882553100586
209,5,308.39276123046875,191.91159057617188,163.36715698242188,285.730712890625
209,7,0.2778686285018921,99.0958251953125,61.066259026527405,168.124755859375
209,6,0.0,130.81748962402344,44.71136474609375,232.29945373535156
209,1,254.4007568359375,0.005558800883591175,19.140106201171875,34.269259619526565
210,3,633.0648193359375,103.18981170654297,91.87091064453125,249.16345977783203
210,4,426.5136413574219,51.73595428466797,74.88595581054688,174.65177154541016
210,5,336.9469299316406,188.18898010253906,133.59039306640625,289.94972229003906
210,7,0.11228574067354202,79.4972915649414,62.276668421924114,188.00096893310547
210,6,0.0,148.10595703125,62.883392333984375,209.52883911132812
210,1,254.5753173828125,0.029614200815558434,18.794464111328125,33.96961141563952
211,3,626.5570678710938,103.73172760009766,96.1455078125,248.04595184326172
211,4,437.7366943359375,50.34555435180664,64.27764892578125,176.52810287475586
211,5,345.52886962890625,186.7722930908203,122.020751953125,291.1162567138672
211,7,0.04399845749139786,74.48148345947266,63.19084193557501,192.72991180419922
211,6,0.0,197.12574768066406,78.65235900878906,158.1020965576172
211,1,254.39718627929688,0.0,18.072906494140625,32.90312957763672
212,3,620.2454223632812,103.37652587890625,99.519287109375,247.03530883789062
212,4,451.4732666015625,48.71928024291992,51.605926513671875,177.65854263305664
212,7,0.0,74.01412963867188,63.49838638305664,193.4525146484375
212,5,365.26568603515625,184.59002685546875,96.759765625,293.2108154296875
212,6,0.024398518726229668,173.83631896972656,89.61921720393002,180.2379608154297
212,1,253.8750762939453,0.0,17.674240112304688,34.24835205078125
213,3,612.0887451171875,104.15839385986328,103.63812255859375,245.90572357177734
213,4,461.3717041015625,47.79384231567383,43.572906494140625,178.54400253295898
213,5,386.35784912109375,183.59303283691406,88.54644775390625,294.7723846435547
213,7,0.13408471643924713,72.45314025878906,62.84581945836544,194.58460998535156
213,1,253.22129821777344,0.0,17.006423950195312,34.31859588623047
213,6,0.0,216.32327270507812,93.35326385498047,136.5872802734375
214,3,605.9210815429688,103.09120178222656,105.2281494140625,246.49110412597656
214,4,467.16925048828125,45.8254280090332,44.8665771484375,179.98134994506836
214,5,403.66033935546875,183.87100219726562,84.55841064453125,294.64056396484375
214,6,0.0,107.11810302734375,93.04539489746094,246.63143920898438
214,7,0.22299490869045258,70.68419647216797,63.778324976563454,196.19983673095703
214,1,252.49913024902344,0.0,16.877853393554688,34.05472946166992
215,3,604.34033203125,101.81037139892578,101.382568359375,245.41414642333984
215,5,406.9217529296875,184.66468811035156,92.38702392578125,293.4698944091797
215,4,472.19488525390625,44.270057678222656,45.75445556640625,186.1275405883789
215,6,0.0,106.6592025756836,94.63912963867188,246.9574966430664
215,1,251.91043090820312,0.0,16.16119384765625,33.672569274902344
216,3,603.4659423828125,99.15227508544922,94.56805419921875,240.56952667236328
216,4,478.3813171386719,48.18994140625,63.343597412109375,181.73434448242188
216,6,0.0,97.81266784667969,94.70234680175781,255.1234893798828
216,5,407.772705078125,189.4438018798828,142.82550048828125,288.81248474121094
216,7,9.839592933654785,67.53463745117188,53.206759452819824,158.0061492919922
216,1,250.21266174316406,0.0,14.879867553710938,27.77418327331543
217,3,602.98095703125,98.24815368652344,93.35693359375,235.85899353027344
217,6,0.061593249440193176,95.36536407470703,94.49328498542309,255.83763885498047
217,4,473.26898193359375,49.21244430541992,83.37139892578125,180.13457107543945
217,5,407.07562255859375,191.10887145996094,157.1881103515625,286.69883728027344
217,7,13.712628364562988,65.96028900146484,50.997958183288574,160.68334197998047
217,1,249.17189025878906,0.0,15.612594604492188,30.067108154296875
218,3,603.4963989257812,96.95094299316406,87.3504638671875,227.0565948486328
218,6,0.5724263787269592,74.20364379882812,94.91203254461288,274.44256591796875
218,4,472.48492431640625,51.84884262084961,94.89898681640625,176.7143440246582
218,5,407.2416076660156,190.16099548339844,159.18862915039062,287.7598419189453
218,1,247.4482879638672,0.0,17.149978637695312,31.585100173950195
219,3,602.26513671875,93.64448547363281,81.86669921875,219.59510803222656
219,4,472.9458312988281,53.16631317138672,98.05398559570312,174.90140533447266
219,6,5.450140476226807,92.21648406982422,90.12258291244507,256.4849624633789
219,5,409.8418884277344,190.2350616455078,158.43399047851562,288.4412078857422
219,1,245.84255981445312,0.0,17.79095458984375,33.14048385620117
220,3,600.7341918945312,93.12854766845703,73.51702880859375,218.2593002319336
220,6,10.9525728225708,70.55821228027344,85.99404430389404,278.73912048339844
220,4,474.28271484375,54.07892608642578,98.4293212890625,173.8576889038086
220,5,421.9927978515625,188.84695434570312,148.2374267578125,289.6533508300781
220,1,244.40087890625,0.0,18.4720458984375,32.34480285644531
221,3,597.810791015625,92.65081024169922,65.2099609375,218.11347198486328
221,6,16.4732608795166,80.51492309570312,80.03250694274902,267.9540100097656
221,5,439.87860107421875,186.590576171875,135.107666015625,292.24371337890625
221,4,478.25640869140625,53.95476531982422,83.728271484375,169.88878631591797
221,1,243.32186889648438,0.0,19.097015380859375,31.22219467163086
222,3,590.9254150390625,91.7082290649414,62.73211669921875,219.15596771240234
222,6,21.182680130004883,88.44255828857422,77.61386680603027,260.10181427001953
222,5,459.4660949707031,187.861083984375,122.01449584960938,289.7574462890625
222,4,487.41607666015625,53.01382827758789,80.92938232421875,170.4609489440918
222,1,243.80343627929688,0.0,18.398895263671875,31.25075340270996
223,6,26.70795440673828,83.68528747558594,84.48712921142578,265.1077117919922
223,3,584.4685668945312,91.90380096435547,60.49951171875,218.5489273071289
223,5,478.0783996582031,182.6851348876953,111.47946166992188,295.4121551513672
223,4,497.9467468261719,52.99995040893555,76.85678100585938,166.52997207641602
223,1,244.2391357421875,0.0,17.72576904296875,31.111696243286133
224,6,32.016632080078125,87.29084014892578,94.19013977050781,261.2796859741211
224,5,499.84674072265625,181.3793487548828,106.68603515625,296.87672424316406
224,4,509.4919738769531,52.211360931396484,70.79129028320312,165.49980545043945
224,3,582.55322265625,90.71409606933594,59.28265380859375,220.39573669433594
224,1,242.4262237548828,0.0,19.458145141601562,31.63799476623535
225,6,36.944496154785156,89.95608520507812,106.02063751220703,259.2088317871094
225,4,520.2572631835938,50.99905776977539,67.766357421875,173.27058029174805
225,5,517.93994140625,179.74864196777344,111.24749755859375,298.51319885253906
225,3,580.0215454101562,91.22697448730469,61.474853515625,218.1527557373047
225,1,242.214599609375,0.0,19.3447265625,31.834087371826172
226,4,539.1643676757812,50.85752487182617,54.18829345703125,178.1214942932129
226,6,40.92215347290039,89.88304138183594,116.03840255737305,259.23155212402344
226,5,518.1691284179688,181.7566680908203,130.24700927734375,296.86268615722656
226,3,577.95556640625,91.29631042480469,63.53192138671875,218.83946228027344
226,1,241.53665161132812,0.0,19.27545166015625,32.404701232910156
227,6,47.05784606933594,89.11930847167969,118.86697387695312,259.2025604248047
227,4,545.8676147460938,50.64045715332031,54.2718505859375,178.9202880859375
227,5,516.4036254882812,180.5341796875,148.92437744140625,298.55841064453125
227,3,571.1804809570312,93.52265930175781,70.4134521484375,209.90235900878906
227,1,240.84178161621094,0.0,19.429183959960938,32.44810104370117
227,7,59.696075439453125,65.01942443847656,28.206451416015625,31.863922119140625
228,6,53.44599151611328,90.3958740234375,116.28124237060547,258.0226135253906
228,5,518.4546508789062,181.2267303466797,159.463623046875,297.0648956298828
228,4,544.0208740234375,51.44276428222656,61.6539306640625,178.78358459472656
228,3,567.1775512695312,97.32552337646484,50.4385986328125,126.76045989990234
228,7,57.684722900390625,64.4330825805664,36.80846405029297,70.09859466552734
228,1,240.1136932373047,0.0,19.454177856445312,31.708385467529297
229,6,57.85638427734375,91.44539642333984,113.63414001464844,256.83521270751953
229,5,518.603271484375,181.6354522705078,169.519775390625,297.25563049316406
229,4,544.7074584960938,52.504398345947266,67.32257080078125,177.50504684448242
229,3,516.9638061523438,90.39971923828125,95.4361572265625,217.19644165039062
229,7,61.40428161621094,62.07209777832031,37.226043701171875,78.74832153320312
229,1,239.88307189941406,0.0,18.603012084960938,32.07512283325195
230,6,60.26296615600586,89.93168640136719,111.31251907348633,258.2367706298828
230,3,518.1718139648438,93.34700775146484,88.52105712890625,215.2662124633789
230,5,519.5011596679688,181.2789306640625,175.93603515625,298.2542724609375
230,4,573.1010131835938,54.423397064208984,47.91314697265625,100.83943557739258
230,7,65.8426513671875,62.09617233276367,37.59706115722656,78.35051345825195
230,1,238.89389038085938,0.0,17.92138671875,30.07773208618164
231,6,60.09708023071289,88.38382720947266,111.09980392456055,258.9482650756836
231,3,517.8592529296875,92.13251495361328,83.23321533203125,217.37981414794922
231,5,524.5501098632812,178.79891967773438,176.31060791015625,299.94622802734375
231,4,576.5862426757812,55.659271240234375,50.371337890625,104.95021057128906
231,7,69.40558624267578,63.77027893066406,38.11225128173828,80.3060302734375
231,1,237.29763793945312,0.0,18.2860107421875,28.7435302734375
232,6,66.9840087890625,87.15132904052734,104.03622436523438,257.41773223876953
232,3,517.76171875,91.56375885009766,78.63226318359375,217.69686126708984
232,5,535.7024536132812,175.91824340820312,166.93109130859375,302.6034240722656
232,4,581.3905639648438,56.509098052978516,50.17950439453125,168.86787033081055
232,7,74.42897033691406,61.95132064819336,40.54658508300781,88.11938858032227
232,1,236.81715393066406,0.0,17.577911376953125,29.755075454711914
233,3,517.7554321289062,89.70142364501953,75.370849609375,220.7192611694336
233,6,79.56312561035156,84.62372589111328,91.64735412597656,257.0492477416992
233,4,585.0482177734375,57.624176025390625,53.893798828125,165.73611450195312
233,5,554.2034912109375,174.98532104492188,149.72125244140625,301.2863464355469
233,7,78.51205444335938,61.71616744995117,38.55841827392578,85.96803665161133
233,1,220.85791015625,0.0,15.518234252929688,23.49909019470215
234,3,516.4302978515625,89.05848693847656,75.41607666015625,221.52479553222656
234,6,88.90787506103516,83.97199249267578,83.24407196044922,254.87798309326172
234,5,568.72998046875,172.42799377441406,134.954345703125,298.58375549316406
234,4,581.26416015625,56.90383529663086,61.776611328125,164.76192092895508
234,1,235.77731323242188,0.0,16.0389404296875,29.58858299255371
234,7,84.95286560058594,61.64894104003906,34.75988006591797,83.82876586914062
235,3,515.9521484375,88.97759246826172,75.35711669921875,223.30670928955078
235,6,91.989501953125,84.52789306640625,80.17979431152344,252.29428100585938
235,5,583.1600952148438,170.5113525390625,118.17315673828125,295.42596435546875
235,4,583.0030517578125,57.351627349853516,64.61529541015625,165.11075973510742
235,7,84.42616271972656,62.25654220581055,39.051673889160156,188.07283401489258
235,1,235.03045654296875,0.0,16.21331787109375,29.008853912353516
236,3,511.2030334472656,87.85802459716797,80.37295532226562,235.80231475830078
236,6,97.6362533569336,82.1592025756836,78.83606719970703,254.8495864868164
236,4,604.3662109375,56.13368225097656,49.1923828125,167.1293487548828
236,5,598.2456665039062,171.45303344726562,100.78741455078125,291.4245300292969
236,7,89.70561981201172,60.2423210144043,39.74968719482422,194.51289749145508
236,1,235.27984619140625,0.0,15.093338012695312,28.812427520751953
237,3,502.1925964355469,89.98997497558594,86.85733032226562,242.37998962402344
237,6,101.47147369384766,82.78904724121094,79.76375579833984,254.4639129638672
237,4,588.1857299804688,56.429561614990234,71.82257080078125,167.87884902954102
237,5,607.5946044921875,171.1585693359375,97.26043701171875,288.80279541015625
237,7,91.049560546875,58.83757400512695,43.09193420410156,194.79894638061523
237,1,234.7211456298828,0.0,14.949569702148438,29.093652725219727
238,3,494.2956237792969,91.12242126464844,92.83016967773438,251.1520538330078
238,6,106.91056823730469,81.1613540649414,84.83665466308594,256.10921478271484
238,5,608.8950805664062,170.27284240722656,102.82452392578125,285.69044494628906
238,4,598.8924560546875,54.54703903198242,65.9814453125,170.34686660766602
238,7,95.01348114013672,58.58535385131836,43.293434143066406,193.37541580200195
238,1,234.48434448242188,0.0,13.847381591796875,26.800018310546875
239,3,487.4462890625,92.94429016113281,96.97235107421875,256.13697814941406
239,6,113.92200469970703,80.83984375,95.9216079711914,255.93099975585938
239,5,608.8359985351562,172.63380432128906,112.40570068359375,280.52003479003906
239,4,611.224853515625,55.7756462097168,60.97021484375,170.51727676391602
239,7,92.23755645751953,60.29695510864258,51.98505401611328,193.5033073425293
239,1,233.28549194335938,0.0,14.458984375,29.91071128845215
240,3,474.9328308105469,97.3265380859375,102.44412231445312,255.39144897460938
240,6,123.42679595947266,81.0948715209961,117.82711029052734,252.17777252197266
240,4,615.6968994140625,56.140708923339844,66.19256591796875,173.0918197631836
240,5,610.5337524414062,175.8415069580078,128.85357666015625,275.5536651611328
240,7,104.78348541259766,57.80643844604492,48.009803771972656,189.04143142700195
240,1,230.91015625,0.0,16.464950561523438,30.156871795654297
241,3,471.8671569824219,99.79972839355469,101.29165649414062,258.56053161621094
241,6,126.95063018798828,81.58588409423828,119.1666488647461,250.34740447998047
241,4,615.5823364257812,58.296104431152344,71.6021728515625,173.31194305419922
241,5,610.587158203125,175.53323364257812,137.24810791015625,272.74285888671875
241,7,119.71886444091797,54.989322662353516,39.496498107910156,192.26691818237305
241,1,230.8289794921875,0.0,15.552017211914062,29.504432678222656
242,3,470.3916015625,101.32986450195312,98.40374755859375,259.28277587890625
242,6,132.50108337402344,81.67086791992188,114.7564697265625,250.25674438476562
242,4,615.9929809570312,60.82399368286133,78.3216552734375,170.97391891479492
242,5,613.112060546875,176.0626983642578,144.07904052734375,269.2551727294922
242,7,126.97986602783203,53.740142822265625,36.51811981201172,189.09347534179688
242,1,229.61782836914062,0.0,15.364639282226562,29.297813415527344
243,3,469.1045227050781,102.27066802978516,94.66549682617188,258.89818572998047
243,6,134.14569091796875,83.27584075927734,115.173583984375,248.9711685180664
243,4,615.3933715820312,61.44645690917969,85.1319580078125,167.24179077148438
243,5,619.50732421875,173.99969482421875,146.333740234375,270.21368408203125
243,7,130.46493530273438,51.055171966552734,39.16477966308594,190.69826126098633
243,1,227.41018676757812,0.0,17.200546264648438,29.087953567504883
244,3,468.9259948730469,103.38374328613281,91.36135864257812,257.2621612548828
244,6,133.63568115234375,80.54340362548828,115.94119262695312,251.2043685913086
244,4,617.4073486328125,63.00701904296875,88.36419677734375,169.23080444335938
244,5,631.277587890625,171.69744873046875,142.92767333984375,268.9741516113281
244,7,136.05152893066406,51.59486770629883,37.17185974121094,188.53391647338867
244,1,225.77569580078125,0.0,17.876571655273438,29.66560935974121
245,3,468.9638366699219,102.52787780761719,86.36477661132812,258.6674346923828
245,6,134.71253967285156,79.01031494140625,115.28897094726562,252.60247802734375
245,4,619.2243041992188,63.61653137207031,94.34423828125,169.012939453125
245,5,641.9888916015625,172.5226593017578,139.88397216796875,266.6222381591797
245,7,140.44180297851562,50.697593688964844,35.70098876953125,193.13336944580078
245,1,222.86314392089844,0.0,19.497909545898438,28.908571243286133
246,3,471.349609375,101.19340515136719,78.89508056640625,260.26869201660156
246,6,138.99700927734375,78.97321319580078,110.62074279785156,251.83788299560547
246,4,627.060791015625,64.26608276367188,91.71630859375,167.3199005126953
246,5,654.8751831054688,171.4021453857422,133.4500732421875,267.5115203857422
246,7,143.0995330810547,50.38514709472656,37.76324462890625,190.65904235839844
246,1,222.1790771484375,0.0,20.436843872070312,29.09869956970215
247,3,469.77972412109375,100.34231567382812,74.3681640625,260.9425964355469
247,6,152.74905395507812,79.1070785522461,96.44866943359375,252.13208770751953
247,4,636.2295532226562,64.62874603271484,88.97943115234375,166.30718231201172
247,5,674.2302856445312,170.93191528320312,119.7490234375,269.01580810546875
247,7,149.11477661132812,49.94633102416992,35.474609375,189.92168045043945
247,1,221.86082458496094,0.0,20.386428833007812,29.502626419067383
248,3,465.2352600097656,99.1904067993164,72.57119750976562,261.6530990600586
248,6,161.8361053466797,76.50487518310547,87.73846435546875,254.40238189697266
248,5,687.4312133789062,170.88198852539062,112.3914794921875,268.1336975097656
248,4,646.7274780273438,64.33685302734375,85.2896728515625,166.69334411621094
248,7,151.25889587402344,50.62679672241211,38.089447021484375,190.77785110473633
248,1,221.7435760498047,0.0,20.0364990234375,28.72796630859375
249,3,459.4021911621094,99.43583679199219,72.21536254882812,262.67579650878906
249,4,657.3770751953125,63.76599884033203,80.3125,166.8579330444336
249,6,169.7700653076172,74.89796447753906,79.53445434570312,256.33973693847656
249,5,694.7387084960938,169.57778930664062,112.80487060546875,269.7039794921875
249,7,155.25558471679688,51.64704132080078,37.69123840332031,188.3624496459961
249,1,222.30906677246094,0.0,20.112258911132812,28.698556900024414
250,3,452.856689453125,99.9399642944336,72.66534423828125,262.7714309692383
250,4,669.7774047851562,62.95545196533203,73.33587646484375,167.65326690673828
250,6,180.59324645996094,74.80278015136719,67.5928955078125,254.58348083496094
250,5,697.1946411132812,170.7195587158203,120.81158447265625,267.7328643798828
250,7,157.00758361816406,51.95836639404297,41.09233093261719,187.82775115966797
250,1,221.0980987548828,0.0,20.352508544921875,28.283597946166992
251,4,683.0110473632812,61.44943618774414,64.98419189453125,169.9599723815918
251,3,438.6599426269531,101.26482391357422,86.44430541992188,265.9898147583008
251,6,185.45867919921875,75.41114044189453,65.45306396484375,253.7614974975586
251,7,156.28533935546875,51.06208038330078,45.60243225097656,187.87079620361328
251,5,695.802734375,171.0043487548828,131.4298095703125,267.98670959472656
251,1,220.93870544433594,0.0,20.204910278320312,28.000831604003906
252,4,682.4752807617188,61.066524505615234,69.772705078125,169.46490859985352
252,6,190.43031311035156,75.32183837890625,66.24354553222656,254.88214111328125
252,3,422.66552734375,102.82255554199219,103.79608154296875,270.45240783691406
252,5,696.3723754882812,170.8899688720703,138.4322509765625,268.15476989746094
252,7,154.86874389648438,50.23918533325195,53.87922668457031,188.9418601989746
252,1,221.1238250732422,0.0,19.403915405273438,27.824352264404297
253,4,683.3463134765625,61.318477630615234,73.0201416015625,169.00787734985352
253,6,194.7063446044922,75.0660171508789,76.86973571777344,255.99608612060547
253,3,414.3397521972656,105.17945861816406,112.34762573242188,274.0785675048828
253,7,155.56100463867188,49.918216705322266,57.80479431152344,188.02880477905273
253,5,696.4616088867188,168.8880615234375,144.94976806640625,269.83294677734375
253,1,220.9339141845703,0.0,18.982223510742188,28.109935760498047
254,4,682.5599365234375,60.73439407348633,78.084716796875,170.03901290893555
254,3,413.4046630859375,107.16069793701172,110.82110595703125,276.21573638916016
254,7,158.3214874267578,48.85805892944336,59.41455078125,188.55493545532227
254,6,200.28182983398438,73.25269317626953,87.763427734375,256.5509567260742
254,5,698.1295776367188,170.18409729003906,147.33203125,268.8600311279297
254,1,220.34519958496094,0.0,18.71826171875,28.067901611328125
255,4,683.0357666015625,61.12854766845703,84.669677734375,170.06189727783203
255,6,205.63327026367188,75.46525573730469,96.67654418945312,254.52793884277344
255,3,413.619873046875,108.94157409667969,106.3870849609375,274.8255157470703
255,5,702.21923828125,170.70501708984375,146.07977294921875,266.6092529296875
255,7,168.17808532714844,48.59343338012695,54.97065734863281,184.87543869018555
255,1,220.0232391357422,0.0,18.095596313476562,27.724151611328125
256,4,683.7300415039062,68.1978530883789,90.1539306640625,162.75829315185547
256,3,413.2127990722656,109.01457214355469,99.31411743164062,274.1902618408203
256,6,209.2927703857422,75.25579071044922,102.05744934082031,254.5076675415039
256,7,175.85525512695312,47.28030014038086,52.26141357421875,181.64850234985352
256,5,712.9601440429688,168.4932403564453,138.03515625,267.53749084472656
256,1,219.7470703125,0.0,17.247085571289062,26.815370559692383
257,4,685.0521240234375,69.70527648925781,92.63299560546875,161.60081481933594
257,6,210.34207153320312,75.59964752197266,104.99813842773438,254.44893646240234
257,3,413.1614990234375,108.9737548828125,89.1722412109375,273.5705871582031
257,7,186.39739990234375,47.09764099121094,45.45570373535156,180.57876586914062
257,5,729.7130126953125,165.7740478515625,122.98291015625,267.2651062011719
257,1,219.4725341796875,0.0,16.7586669921875,26.129291534423828
258,4,690.0686645507812,67.63965606689453,90.27911376953125,163.4707260131836
258,3,408.0708923339844,107.35272979736328,81.61083984375,275.0939254760742
258,7,199.74880981445312,46.471168518066406,35.01075744628906,185.18343353271484
258,6,209.69668579101562,74.16944885253906,108.45352172851562,255.17796325683594
258,5,742.994873046875,164.4707794189453,112.043212890625,264.51307678222656
258,1,219.15292358398438,0.0,16.01763916015625,25.686967849731445
259,4,696.0699462890625,67.46865844726562,88.90130615234375,163.61138916015625
259,6,211.49440002441406,74.22245788574219,106.27357482910156,255.16062927246094
259,3,396.8780212402344,104.5953598022461,76.65521240234375,276.26090240478516
259,7,204.8507080078125,45.38057327270508,38.00654602050781,188.17199325561523
259,5,756.1192626953125,162.39193725585938,99.5521240234375,264.0802307128906
259,1,218.93014526367188,0.0,15.872406005859375,25.35317611694336
260,3,389.3431701660156,102.61331176757812,80.13760375976562,279.1800231933594
260,6,212.6992645263672,70.97818756103516,105.12193298339844,258.9255905151367
260,4,707.5894775390625,67.30481719970703,81.9610595703125,160.91854095458984
260,7,209.53465270996094,44.977439880371094,37.90666198730469,189.60152435302734
260,5,768.5343627929688,163.79275512695312,87.1478271484375,260.97467041015625
260,1,218.4458770751953,0.0,15.943954467773438,25.60902976989746
261,3,383.9342956542969,101.06155395507812,84.5975341796875,281.2069396972656
261,6,217.6820526123047,69.8614501953125,100.47071838378906,256.9928283691406
261,4,718.9266967773438,66.79359436035156,74.10357666015625,160.00833129882812
261,7,214.4861297607422,45.05778884887695,37.014312744140625,188.66746139526367
261,5,770.3111572265625,164.2136993408203,85.32244873046875,259.0307159423828
261,1,217.79733276367188,0.0,15.78826904296875,25.86475372314453
262,3,369.96734619140625,100.56871795654297,97.97589111328125,280.32303619384766
262,6,232.078369140625,71.15155029296875,86.28802490234375,251.81375122070312
262,7,215.8765869140625,45.173954010009766,46.45147705078125,188.99607467651367
262,4,730.4580688476562,65.6867446899414,67.206787109375,161.21659088134766
262,5,771.267333984375,165.29739379882812,84.3953857421875,256.7452392578125
263,3,360.5655822753906,100.40260314941406,106.14382934570312,280.4183807373047
263,6,245.1525421142578,71.41676330566406,74.63468933105469,247.5514373779297
263,7,217.38735961914062,46.29731750488281,52.048858642578125,187.48605346679688
263,4,738.771240234375,64.08863830566406,65.8092041015625,162.01690673828125
263,5,771.0068359375,171.55224609375,84.62548828125,248.81103515625
263,1,216.40382385253906,0.026804186403751373,15.474441528320312,26.26691224426031
264,3,355.62701416015625,102.465087890625,106.7491455078125,277.9315490722656
264,6,260.5523376464844,68.3360366821289,69.74252319335938,247.8587875366211
264,4,745.2086791992188,64.7199478149414,67.9014892578125,164.88219451904297
264,7,216.59725952148438,45.643497467041016,59.753082275390625,187.89577865600586
264,5,771.5987548828125,191.86441040039062,84.024169921875,226.26351928710938
264,1,214.4500732421875,0.0,16.389022827148438,25.747289657592773
265,3,353.6398620605469,105.41039276123047,105.44650268554688,274.58350372314453
265,4,744.9130249023438,65.93016815185547,70.58953857421875,163.70685577392578
265,6,264.5013732910156,68.53665161132812,72.43032836914062,250.4212646484375
265,7,216.90505981445312,45.170047760009766,61.864410400390625,188.50671005249023
265,5,771.640625,195.22329711914062,83.94140625,220.72335815429688
265,1,214.28451538085938,0.0,15.750320434570312,25.48299789428711
266,4,745.4893798828125,66.82833099365234,75.942626953125,161.34317779541016
266,6,271.2458190917969,67.80924224853516,70.70144653320312,249.2231674194336
266,3,345.1551818847656,106.00387573242188,111.065673828125,270.291748046875
266,7,216.94522094726562,43.93073272705078,65.7962646484375,189.91390228271484
266,5,774.288818359375,202.5029296875,81.28411865234375,211.25927734375
266,1,213.6907501220703,0.0,16.173507690429688,25.36659049987793
267,4,745.67236328125,68.78472900390625,83.5108642578125,158.94094848632812
267,3,340.345458984375,104.85528564453125,114.29925537109375,266.7513732910156
267,6,275.5260314941406,67.93354034423828,78.5694580078125,247.67797088623047
267,7,219.86610412597656,42.85721969604492,66.42915344238281,189.81840896606445
267,5,781.8976440429688,203.56553649902344,73.7381591796875,209.5870819091797
267,1,212.46377563476562,0.0,16.277847290039062,25.946319580078125
268,3,337.3717041015625,103.06365203857422,114.86370849609375,265.8497085571289
268,4,745.5048828125,69.71333312988281,84.49871826171875,158.42845153808594
268,7,226.7276611328125,42.0996208190918,63.73504638671875,187.88969802856445
268,6,279.7925720214844,66.63642120361328,83.7054443359375,247.2367172241211
268,5,787.4221801757812,216.85379028320312,68.19683837890625,195.2734375
268,1,211.23854064941406,0.0,16.641693115234375,26.068756103515625
269,3,337.0262451171875,102.47845458984375,114.216552734375,265.752685546875
269,4,748.5896606445312,68.160888671875,84.17486572265625,160.56466674804688
269,6,281.07086181640625,66.5759506225586,84.54953002929688,246.8805923461914
269,7,238.100341796875,41.36086654663086,56.13128662109375,184.68368911743164
269,5,796.7350463867188,218.1764373779297,58.861083984375,192.53089904785156
269,1,210.8441925048828,0.0,16.747161865234375,25.94318199157715
270,3,339.2550964355469,101.30300903320312,112.04983520507812,265.75616455078125
270,6,281.5021057128906,69.25144958496094,83.11471557617188,243.39146423339844
270,7,247.44773864746094,40.41851043701172,51.46882629394531,187.16556549072266
270,4,752.244873046875,70.17857360839844,85.38299560546875,159.68991088867188
270,5,810.76611328125,227.19346618652344,44.89459228515625,180.4026641845703
270,1,210.78106689453125,0.0,16.190933227539062,24.889387130737305
271,3,344.0914611816406,101.11026000976562,108.0057373046875,265.36517333984375
271,7,259.3584289550781,40.82365036010742,43.829498291015625,184.76080703735352
271,6,281.5617980957031,71.66281127929688,85.13238525390625,241.3067626953125
271,4,759.1585693359375,69.60187530517578,81.92120361328125,159.88484954833984
271,5,825.999267578125,236.53036499023438,29.8818359375,167.74169921875
271,1,210.5005340576172,0.0,16.576248168945312,25.23686981201172
272,3,350.69940185546875,101.68463134765625,103.81765747070312,263.76788330078125
272,7,269.6526794433594,40.02684783935547,38.40728759765625,185.96515655517578
272,6,280.55242919921875,71.16819763183594,87.56390380859375,242.42430114746094
272,4,768.0398559570312,70.14399719238281,82.19732666015625,159.703857421875
272,5,836.3750610351562,247.4141082763672,19.49237060546875,162.8279571533203
272,1,210.1298828125,0.0,17.008270263671875,24.928375244140625
273,3,354.76373291015625,102.80004119873047,102.295166015625,261.67411041259766
273,7,273.1502990722656,40.590145111083984,41.902008056640625,184.2350196838379
273,6,280.878662109375,67.74911499023438,87.89511108398438,244.78115844726562
273,4,776.932861328125,70.70440673828125,75.37103271484375,159.0494384765625
273,1,210.0172576904297,0.0,16.447723388671875,24.608442306518555
274,3,355.35595703125,103.91588592529297,106.9351806640625,258.28250885009766
274,7,279.2815856933594,48.51579666137695,68.47332763671875,229.98228073120117
274,4,790.1558837890625,68.70585632324219,64.17742919921875,160.9923095703125
274,6,282.7989501953125,68.16202545166016,90.72586059570312,242.2861557006836
274,1,209.41522216796875,0.0,17.330718994140625,24.884836196899414
275,3,355.6845703125,105.02632904052734,111.12631225585938,255.81290435791016
275,4,798.7777709960938,67.9713363647461,56.478515625,160.91014862060547
275,7,275.1158752441406,40.110225677490234,59.837066650390625,183.45264053344727
275,6,295.8288879394531,66.6760482788086,83.54217529296875,242.50891876220703
275,1,208.88523864746094,0.0,17.919189453125,25.677465438842773
276,3,354.52911376953125,105.29237365722656,117.15811157226562,252.8777313232422
276,7,276.9792785644531,41.586341857910156,62.880096435546875,181.2077865600586
276,4,802.6904296875,68.69393157958984,52.44952392578125,161.39861297607422
276,6,305.71099853515625,65.53709411621094,77.27627563476562,242.65806579589844
276,1,208.3968048095703,0.0,18.078170776367188,25.84989356994629
277,3,355.0671691894531,106.09828186035156,122.0587158203125,250.52220153808594
277,7,277.9360656738281,41.734622955322266,65.78439331054688,180.63215255737305
277,6,315.896728515625,65.05911254882812,71.39453125,243.61514282226562
277,4,803.1304931640625,67.29273986816406,52.34130859375,161.9344024658203
277,1,207.88954162597656,0.0,18.534591674804688,25.219635009765625
278,3,356.59454345703125,106.21072387695312,125.87637329101562,246.13204956054688
278,7,279.0873718261719,42.627479553222656,69.3367919921875,179.64566802978516
278,6,327.4580993652344,64.57905578613281,63.608062744140625,245.1143341064453
278,4,803.6160278320312,69.3160171508789,52.26666259765625,159.32540130615234
279,3,359.23968505859375,106.89769744873047,128.96963500976562,236.34095001220703
279,7,279.2394104003906,42.57035446166992,75.2257080078125,179.83099746704102
279,6,335.90509033203125,64.76957702636719,59.341033935546875,245.1190948486328
279,4,802.71484375,76.82144927978516,53.106689453125,153.0368881225586
280,7,279.0003356933594,42.13508987426758,78.59048461914062,180.43793869018555
280,3,368.03253173828125,105.20796966552734,125.43740844726562,229.1960220336914
280,6,339.445068359375,65.21654510498047,61.276458740234375,243.4888687133789
280,4,803.010986328125,77.45926666259766,52.6373291015625,153.08231353759766
280,1,206.9794921875,0.0,17.079208374023438,24.381711959838867
281,7,281.9538269042969,42.33308410644531,78.95233154296875,181.3262176513672
281,3,377.50286865234375,103.37643432617188,118.21969604492188,230.2080078125
281,6,343.4725036621094,63.50804901123047,59.376861572265625,247.40470123291016
281,4,804.38671875,85.7805404663086,51.24310302734375,145.57086944580078
281,1,206.91505432128906,0.0,16.767608642578125,23.611276626586914
282,7,291.95367431640625,41.862552642822266,72.87289428710938,181.02085494995117
282,6,346.86273193359375,64.0936050415039,62.964569091796875,246.32564544677734
282,3,395.02032470703125,102.5291976928711,106.87771606445312,230.2410659790039
282,4,806.3522338867188,88.74368286132812,49.18707275390625,141.9239044189453
282,1,207.03636169433594,0.0,16.747283935546875,23.737085342407227
283,7,304.61553955078125,42.69152069091797,62.8472900390625,179.98371124267578
283,6,350.045654296875,64.36941528320312,74.12393188476562,247.24664306640625
283,3,404.3798828125,102.4378433227539,103.55389404296875,230.48357391357422
283,4,809.6259155273438,87.08097839355469,46.0157470703125,141.99603271484375
283,1,206.92591857910156,0.0,16.093963623046875,23.3511962890625
284,6,351.88897705078125,64.57353210449219,78.3577880859375,245.7194366455078
284,7,313.0037841796875,42.276031494140625,56.022125244140625,181.58456420898438
284,3,408.2664794921875,101.34691619873047,106.78839111328125,230.4050064086914
284,4,818.0191040039062,106.74910736083984,37.6558837890625,122.69355010986328
284,1,206.2687530517578,0.0,16.735733032226562,24.484210968017578
285,6,353.2622375488281,65.54685974121094,78.97152709960938,244.47315979003906
285,7,323.0159912109375,41.37681579589844,44.1588134765625,182.211181640625
285,3,407.97430419921875,102.2363510131836,111.9833984375,229.96240997314453
285,1,205.886474609375,0.005225885193794966,16.037063598632812,24.322939169127494
286,6,353.4143981933594,64.61028289794922,81.22097778320312,244.93128204345703
286,7,331.8866271972656,39.4648551940918,37.69354248046875,184.2734260559082
286,3,407.42791748046875,104.06973266601562,120.050048828125,228.07290649414062
286,1,205.5796661376953,0.025263335555791855,16.266250610351562,24.21946856752038
287,6,353.28851318359375,64.64508819580078,83.20559692382812,245.11165618896484
287,3,408.0281066894531,105.91197204589844,126.56234741210938,227.60206604003906
287,7,335.843505859375,41.04704284667969,41.77703857421875,181.7007598876953
287,1,205.52410888671875,0.04431862011551857,15.990646362304688,24.314184721559286
288,6,357.6591491699219,62.93534469604492,82.65853881835938,244.7599983215332
288,7,334.94549560546875,40.50743103027344,64.14996337890625,183.46742248535156
288,3,409.86810302734375,108.51717376708984,142.68701171875,233.03247833251953
289,6,365.8612976074219,63.40869903564453,79.17535400390625,241.2453842163086
289,7,335.33721923828125,41.41581726074219,65.313720703125,182.5334930419922
289,3,411.8664855957031,110.29857635498047,146.51583862304688,236.7421646118164
289,1,203.5010223388672,0.0,12.583831787109375,18.292041778564453
290,6,380.4884948730469,61.8947868347168,68.67080688476562,238.49715042114258
290,7,335.2955017089844,41.36474609375,69.61325073242188,183.05752563476562
290,3,415.3530578613281,110.91653442382812,149.63577270507812,240.69586181640625
290,1,203.06739807128906,0.0,13.86517333984375,24.17559242248535
291,3,423.7331237792969,111.70690155029297,149.30197143554688,241.75333404541016
291,7,335.4099426269531,41.86637878417969,73.65280151367188,181.8506317138672
291,6,389.3979187011719,62.44141387939453,65.30435180664062,234.8232650756836
291,1,202.38113403320312,0.0,14.181228637695312,24.238271713256836
292,3,436.19061279296875,111.08889770507812,144.5533447265625,242.51065063476562
292,7,336.26605224609375,41.16355895996094,76.82894897460938,182.7646026611328
292,6,398.5223388671875,61.37254333496094,61.857421875,234.7866973876953
292,1,201.70343017578125,0.0,14.879638671875,24.2840633392334
293,7,337.3592834472656,39.5262336730957,79.63095092773438,184.25651168823242
293,3,450.3271484375,108.6218032836914,134.989013671875,245.06734466552734
293,6,404.6205139160156,61.858848571777344,62.447052001953125,232.79541778564453
293,1,201.3934783935547,0.0,14.2227783203125,24.300302505493164
294,3,466.2099609375,107.84346771240234,126.9678955078125,245.71915435791016
294,7,344.9798889160156,39.0784797668457,74.44775390625,183.79340744018555
294,6,407.5204162597656,61.186607360839844,64.79339599609375,233.72846221923828
294,1,200.58607482910156,0.0,14.726058959960938,23.570030212402344
295,3,484.12249755859375,105.87284088134766,116.98822021484375,247.73128509521484
295,7,356.98541259765625,38.83534240722656,66.40740966796875,182.72378540039062
295,6,411.19830322265625,61.626853942871094,64.43765258789062,233.09134674072266
295,1,200.55300903320312,0.009524453431367874,15.015213012695312,22.492363821715117
296,3,501.7608337402344,107.44216918945312,105.91244506835938,248.22198486328125
296,6,413.2432556152344,62.58060073852539,73.85842895507812,230.7282371520996
296,7,366.5115051269531,39.215694427490234,57.507537841796875,181.0897102355957
296,1,200.75030517578125,0.0,15.1141357421875,22.81525421142578
297,3,513.1034545898438,108.01068115234375,101.461181640625,256.69989013671875
297,7,375.3439636230469,38.394798278808594,52.18731689453125,183.30463409423828
297,6,412.9834289550781,62.645477294921875,86.61056518554688,229.32281494140625
297,1,200.97079467773438,0.0044516329653561115,15.5789794921875,22.86126911593601
298,3,515.8250732421875,107.88124084472656,106.92303466796875,263.08460998535156
298,6,412.4773864746094,63.00388717651367,97.7928466796875,228.78496170043945
298,7,388.3676452636719,38.803524017333984,41.65460205078125,183.15985488891602
298,1,201.20433044433594,0.02739093452692032,14.911239624023438,22.985558055341244
299,3,515.1732788085938,109.67357635498047,114.494873046875,267.32935333251953
299,6,412.527099609375,63.67218780517578,100.313720703125,228.64763641357422
299,7,397.1944580078125,38.77802276611328,38.2049560546875,183.1446304321289
299,1,201.18515014648438,0.019343556836247444,14.274078369140625,23.464436350390315
300,3,514.7894287109375,111.88616180419922,123.91241455078125,267.38040924072266
300,6,413.2412414550781,62.67933654785156,100.00717163085938,229.0956268310547
300,7,397.0342102050781,39.245147705078125,42.396575927734375,182.01324462890625
300,1,201.2598419189453,0.0,14.36090087890625,23.22428321838379
301,3,516.2047729492188,113.79402923583984,136.71612548828125,265.3158950805664
301,7,397.072998046875,40.05942916870117,48.77801513671875,178.3986701965332
301,6,412.01275634765625,61.96199417114258,101.2530517578125,230.58124923706055
301,1,201.29351806640625,0.022435463964939117,14.539108276367188,23.379719458520412
302,3,518.759521484375,116.25106048583984,141.9876708984375,265.30619049072266
302,7,396.9444885253906,39.88285446166992,54.54443359375,177.95076370239258
302,6,412.60223388671875,61.59468078613281,101.56463623046875,228.58534240722656
303,3,523.5137329101562,118.11034393310547,142.32696533203125,266.9487075805664
303,7,396.5195617675781,40.6401252746582,62.650238037109375,176.81017684936523
303,6,420.960693359375,63.5140495300293,93.420654296875,223.08476638793945
303,1,202.04835510253906,0.0,14.193588256835938,22.789165496826172
304,3,532.2713623046875,119.80765533447266,139.67633056640625,265.7568588256836
304,7,396.7625427246094,40.44621276855469,71.4073486328125,177.01702880859375
304,6,428.9114074707031,63.95488739013672,87.58810424804688,220.5296401977539
304,1,201.83364868164062,0.0,14.497360229492188,22.785287857055664
305,3,545.5304565429688,120.1157455444336,136.01165771484375,265.47315216064453
305,7,396.4083251953125,40.81395721435547,77.48855590820312,178.77051544189453
305,6,437.3985290527344,61.882911682128906,83.44863891601562,221.64427947998047
305,1,201.6186065673828,0.0,14.589889526367188,22.550745010375977
306,3,561.3046264648438,118.78839874267578,126.62347412109375,267.08727264404297
306,7,397.0954895019531,40.496665954589844,83.27432250976562,179.45323944091797
306,6,445.8564147949219,60.27688217163086,79.40963745117188,223.42770767211914
306,1,201.46029663085938,0.00845044944435358,15.044143676757812,22.79340463783592
307,3,577.392333984375,118.10907745361328,121.11676025390625,267.24352264404297
307,7,403.4782409667969,40.46194076538086,77.820556640625,180.27084732055664
307,6,456.1870422363281,60.72030258178711,73.58004760742188,222.9293556213379
307,1,201.7307586669922,0.010812748223543167,14.327911376953125,22.105031978338957
308,6,468.0647888183594,61.18338394165039,63.797027587890625,222.0649070739746
308,3,595.3131713867188,116.72312927246094,111.19219970703125,268.09336853027344
308,7,419.50341796875,41.12135314941406,63.163909912109375,179.7323455810547
308,1,201.28155517578125,0.0,14.394332885742188,22.122161865234375
309,6,474.51922607421875,59.66855239868164,61.2763671875,223.82946395874023
309,7,426.9660339355469,40.686771392822266,56.57763671875,179.90227890014648
309,3,613.5535888671875,116.92140197753906,96.23602294921875,268.95960998535156
309,1,201.34791564941406,0.0,14.625228881835938,22.14810562133789
310,6,477.5562744140625,58.476200103759766,61.0330810546875,226.52190780639648
310,7,438.5248107910156,41.44379806518555,47.17022705078125,179.3122901916504
310,3,615.5377807617188,115.53580474853516,98.310546875,269.49498748779297
310,1,201.45184326171875,0.0014043690171092749,15.517379760742188,21.959094440797344
311,6,479.155517578125,59.40110778808594,61.99713134765625,223.8253631591797
311,7,450.547119140625,39.870182037353516,40.19952392578125,181.66801071166992
311,3,616.5484619140625,115.07274627685547,103.62579345703125,270.88257598876953
311,1,202.38113403320312,0.0,13.55072021484375,21.516494750976562
312,6,479.3974609375,60.35445785522461,77.82061767578125,222.90588760375977
312,3,616.5472412109375,118.91854858398438,116.74462890625,267.0610046386719
312,7,452.09857177734375,41.81178665161133,49.368316650390625,177.76639938354492
312,1,202.31643676757812,0.0002965629391837865,14.450698852539062,21.309462577075465
313,3,617.5707397460938,120.12982177734375,127.779052734375,266.16876220703125
313,6,479.3729248046875,59.71624755859375,79.92730712890625,223.26669311523438
313,7,451.7348327636719,41.30813217163086,59.0269775390625,179.17062759399414
313,1,202.18667602539062,0.0,13.597869873046875,21.09589958190918
314,3,620.7055053710938,121.76237487792969,136.16339111328125,264.6454620361328
314,6,479.6780700683594,58.6943359375,81.69216918945312,223.74786376953125
314,7,451.62030029296875,42.15875244140625,64.25885009765625,177.87120056152344
314,1,201.92416381835938,0.0,13.878402709960938,21.230653762817383
315,3,629.6072998046875,122.21302032470703,135.74267578125,263.12459564208984
315,6,480.09869384765625,59.70767593383789,81.9443359375,222.88848495483398
315,7,451.51068115234375,42.57413101196289,67.87786865234375,178.13090133666992
315,1,201.91806030273438,0.0,14.035018920898438,20.36996841430664
316,3,645.4661865234375,122.06622314453125,127.92999267578125,261.5215148925781
316,6,481.3623962402344,56.66049575805664,81.63333129882812,225.3373680114746
316,7,451.9582214355469,42.2033576965332,70.36495971679688,178.4017448425293
316,1,202.5906524658203,0.0,13.171600341796875,20.570138931274414
317,3,665.9246826171875,120.96598052978516,111.9996337890625,260.1512680053711
317,7,452.23956298828125,42.343441009521484,75.73028564453125,177.40024185180664
317,6,489.32257080078125,57.34233856201172,77.55078125,222.90552520751953
317,1,201.76185607910156,0.0,15.585494995117188,20.198375701904297
318,3,680.0816650390625,118.57779693603516,101.08526611328125,261.40966033935547
318,7,452.7524719238281,41.6423454284668,77.76046752929688,178.1010627746582
318,6,504.5411071777344,57.29739761352539,66.61288452148438,217.3560447692871
318,1,201.5891571044922,0.0,16.4183349609375,19.68486976623535
319,3,692.9156494140625,117.14547729492188,90.72943115234375,260.5364990234375
319,7,459.6246032714844,41.29824447631836,74.99990844726562,178.69040298461914
319,6,511.6794738769531,56.14571762084961,64.75668334960938,216.41357803344727
320,3,697.1023559570312,115.81977844238281,87.27532958984375,262.8643341064453
320,6,521.3861083984375,56.109798431396484,59.65625,214.47803115844727
320,7,472.8230285644531,41.491451263427734,64.73782348632812,176.98923110961914
321,3,700.5701293945312,115.00103759765625,84.39654541015625,261.0435485839844
321,6,528.823486328125,55.469303131103516,56.9066162109375,213.5743064880371
321,7,481.43365478515625,41.18447494506836,59.372802734375,177.21516799926758
321,1,203.46107482910156,0.024096854031085968,15.520599365234375,20.232256524264812
322,3,702.4991455078125,113.54512023925781,84.924560546875,262.8190460205078
322,6,531.611083984375,56.49124526977539,59.186767578125,213.10757064819336
322,7,489.90301513671875,40.41593933105469,58.31964111328125,176.13380432128906
322,1,203.906494140625,0.0,15.23419189453125,20.16347312927246
323,3,704.1942749023438,112.85431671142578,85.265625,261.4590072631836
323,7,497.97650146484375,39.9940185546875,52.35540771484375,177.41905212402344
323,6,532.6740112304688,56.720252990722656,61.681884765625,212.85491180419922
323,1,204.23023986816406,0.010134161449968815,15.766937255859375,20.42786747124046
324,3,705.9974975585938,112.20995330810547,85.16259765625,261.53980255126953
324,7,508.23199462890625,41.224517822265625,47.23822021484375,177.19686889648438
324,6,533.2910766601562,56.461814880371094,65.4149169921875,211.36283111572266
325,6,534.0511474609375,55.176063537597656,77.86932373046875,210.45848846435547
325,7,507.81329345703125,40.56626892089844,50.56787109375,175.9207000732422
325,3,707.6152954101562,112.80070495605469,85.80816650390625,258.8811492919922
326,6,534.07861328125,58.703102111816406,87.0557861328125,206.86211395263672
326,7,507.69964599609375,42.36880111694336,58.505859375,171.1090431213379
326,3,711.0966796875,113.7602767944336,84.88275146484375,255.5163345336914
327,6,532.9999389648438,60.17561721801758,92.43487548828125,205.9785270690918
327,3,713.43994140625,114.70838165283203,84.59185791015625,253.66350555419922
327,7,508.1192626953125,43.73466873168945,62.33740234375,169.68932723999023
328,3,715.6148681640625,114.70777893066406,84.21368408203125,251.07252502441406
328,6,534.7562866210938,62.627906799316406,88.5147705078125,202.9894027709961
328,7,508.6715087890625,44.019378662109375,65.42279052734375,169.22723388671875
328,1,207.89285278320312,0.0,13.848846435546875,20.68123435974121
329,3,718.492431640625,113.35997009277344,82.42376708984375,239.20054626464844
329,6,533.4815673828125,61.51402282714844,90.0859375,204.25718688964844
329,7,508.70098876953125,45.4979133605957,70.49853515625,167.31040573120117
330,3,719.4343872070312,111.72716522216797,82.15325927734375,235.43561553955078
330,6,533.005859375,59.944908142089844,91.19354248046875,205.06449127197266
330,7,508.0099182128906,46.31309509277344,75.90975952148438,166.49542236328125
331,3,717.8525390625,108.72346496582031,83.18218994140625,236.7140655517578
331,6,536.5288696289062,57.998985290527344,91.518798828125,205.79700469970703
331,7,510.86956787109375,46.166297912597656,76.73663330078125,166.78044891357422
332,3,712.6767578125,106.02798461914062,86.78192138671875,238.60714721679688
332,6,543.9049682617188,58.652530670166016,89.4320068359375,202.90942001342773
332,7,517.9610595703125,45.69410705566406,75.12152099609375,167.65821838378906
333,3,707.87158203125,104.2949447631836,89.80224609375,239.79557037353516
333,7,533.22900390625,45.64672088623047,64.28265380859375,168.94161224365234
333,6,555.5673828125,57.46074676513672,80.93206787109375,203.7511978149414
334,3,703.3048095703125,102.7503890991211,92.0909423828125,240.57678985595703
334,6,562.6965942382812,56.4341926574707,77.76629638671875,203.5643424987793
334,7,543.0189819335938,46.0380859375,58.9713134765625,168.88101196289062
335,3,692.4806518554688,102.2132339477539,99.55279541015625,240.75850677490234
335,6,573.33544921875,57.44325637817383,69.748046875,203.4347038269043
335,7,552.1411743164062,45.64079284667969,54.17144775390625,171.53704833984375
336,3,669.2074584960938,102.49073028564453,116.0313720703125,238.27852630615234
336,6,589.8648681640625,56.23757553100586,59.6158447265625,204.42462539672852
336,7,562.601318359375,46.37293243408203,51.80853271484375,172.34139251708984
337,3,662.03076171875,102.91546630859375,117.4739990234375,237.10775756835938
337,6,591.5429077148438,58.604530334472656,63.02886962890625,202.5331039428711
337,7,563.3099975585938,47.40157699584961,54.8779296875,170.82158279418945
338,3,660.4366455078125,103.2035903930664,116.79998779296875,234.91524505615234
338,6,591.9517822265625,58.63903045654297,63.42181396484375,202.06275177001953
338,7,563.811767578125,47.450767517089844,58.8153076171875,170.60822296142578
339,3,659.5166625976562,102.56653594970703,118.75299072265625,232.62078094482422
339,6,593.1814575195312,58.05597686767578,65.182373046875,202.11910247802734
339,7,562.642333984375,48.43325424194336,62.75372314453125,170.43681716918945
340,3,658.4769287109375,100.2844467163086,119.56585693359375,233.20276641845703
340,6,594.0219116210938,59.36777114868164,69.4365234375,201.1094627380371
340,7,562.8611450195312,47.744571685791016,67.59222412109375,170.93357467651367
341,3,658.7894897460938,99.98088836669922,116.99127197265625,229.03418731689453
341,6,594.6365356445312,58.43596267700195,71.20458984375,202.4294548034668
341,7,562.2986450195312,47.18963623046875,73.83062744140625,171.38096618652344
342,6,594.370849609375,60.001041412353516,75.0523681640625,201.14846420288086
342,3,658.9835815429688,97.34207916259766,110.71929931640625,228.84996795654297
342,7,563.8533325195312,47.986305236816406,76.577392578125,169.71834564208984
343,3,659.0604248046875,96.0831069946289,101.41424560546875,222.16341400146484
343,6,594.6727294921875,63.905517578125,77.61138916015625,197.48419189453125
343,7,565.8597412109375,47.8497200012207,78.7161865234375,170.13405990600586
344,6,597.4071655273438,63.517398834228516,78.8035888671875,197.33904647827148
344,3,658.1531372070312,94.52888488769531,90.08544921875,216.7626495361328
344,7,572.326416015625,46.213565826416016,76.07513427734375,169.86010360717773
345,6,608.7125854492188,60.83464050292969,71.66839599609375,198.22633361816406
345,3,658.5664672851562,91.41609191894531,76.3756103515625,218.90257263183594
345,7,586.4096069335938,47.86258316040039,67.0966796875,167.67260360717773
346,6,617.2924194335938,60.41718292236328,68.55792236328125,194.1501693725586
346,3,658.2048950195312,90.51170349121094,59.7646484375,216.94798278808594
346,7,594.9811401367188,46.74283981323242,61.67633056640625,168.32931900024414
347,6,631.12646484375,59.32405471801758,58.865234375,183.86822128295898
347,7,603.1382446289062,47.401039123535156,56.2578125,167.25943756103516
347,3,632.73291015625,89.38851928710938,79.2568359375,219.85009765625
348,3,633.5890502929688,92.03648376464844,71.07049560546875,217.43736267089844
348,7,610.5166015625,47.29228591918945,50.53271484375,168.49551010131836
348,6,639.2131958007812,62.43819808959961,58.3465576171875,131.64499282836914
349,3,622.0662231445312,89.97006225585938,77.308349609375,218.77685546875
349,7,614.0034790039062,46.92995071411133,50.838134765625,169.0456657409668
349,6,643.00830078125,61.700008392333984,54.95477294921875,124.49802017211914
350,3,600.6487426757812,87.26020812988281,97.11151123046875,221.13706970214844
350,7,613.9493408203125,46.96050262451172,56.9322509765625,162.24175262451172
351,3,583.8668823242188,90.70306396484375,115.59698486328125,216.8916015625
351,7,616.808349609375,47.223323822021484,57.61297607421875,160.62048721313477
351,6,652.3505249023438,59.371273040771484,54.29595947265625,159.69466018676758
352,3,574.6263427734375,90.8045883178711,122.82958984375,216.6026382446289
352,6,667.5563354492188,60.27534484863281,42.97216796875,190.93577575683594
352,7,617.0130615234375,46.16098403930664,58.9744873046875,162.72556686401367
353,3,569.3818359375,89.91400146484375,127.2716064453125,217.11102294921875
353,6,662.6328735351562,61.06324768066406,55.78558349609375,189.1981658935547
353,7,645.8328247070312,47.8779296875,37.7078857421875,52.78911590576172
354,3,566.6525268554688,88.56029510498047,128.664794921875,217.96112823486328
354,6,660.7716064453125,62.69554138183594,62.997802734375,186.1572723388672
354,7,649.5724487304688,47.84524154663086,38.91790771484375,82.40446853637695
355,6,650.7493286132812,62.92815017700195,73.72479248046875,186.52488327026367
355,3,564.9784545898438,86.65299987792969,127.505126953125,220.3247833251953
355,7,651.0599975585938,48.65292739868164,38.05908203125,125.24021530151367
356,3,563.9053955078125,84.8670883178711,121.29425048828125,220.59976959228516
356,6,642.243408203125,64.2987289428711,86.60638427734375,185.60782623291016
356,7,648.095947265625,50.6357307434082,48.372314453125,155.47843551635742
357,6,640.450927734375,64.53585815429688,94.75836181640625,185.8770294189453
357,3,563.4558715820312,84.12075805664062,110.16949462890625,219.21456909179688
357,7,657.4247436523438,49.94798278808594,42.08563232421875,131.1732635498047
358,3,563.5280151367188,79.49507141113281,97.62249755859375,223.13490295410156
358,6,640.4937133789062,63.20973587036133,97.42706298828125,187.39822006225586
358,7,641.265625,50.000953674316406,65.1029052734375,150.28392791748047
359,3,564.0073852539062,77.36363220214844,82.63568115234375,224.8817901611328
359,6,648.8804931640625,64.53364562988281,93.32147216796875,183.25730895996094
359,7,648.9457397460938,50.99724578857422,59.65875244140625,149.58568572998047
360,3,560.448486328125,75.79547119140625,56.824951171875,228.0640869140625
360,6,665.0322265625,64.36346435546875,81.80078125,184.0393829345703
360,7,667.4346923828125,50.224735260009766,52.74517822265625,166.69660568237305
361,3,551.1409912109375,74.27880859375,60.062255859375,230.9847412109375
361,6,671.0552978515625,61.716285705566406,80.2757568359375,188.7682876586914
361,7,669.5396728515625,50.93394470214844,52.8951416015625,181.5430450439453
362,3,539.5460815429688,74.36937713623047,66.505615234375,233.0439224243164
362,6,682.5673217773438,61.932952880859375,71.97454833984375,187.884765625
362,7,667.9669799804688,52.0334587097168,59.055908203125,165.36857986450195
363,3,516.055908203125,75.21308135986328,87.71380615234375,231.87694549560547
363,7,666.1856079101562,51.5279655456543,63.85711669921875,165.6765480041504
363,6,690.0167236328125,61.985557556152344,70.03363037109375,187.7637710571289
364,3,498.3771057128906,75.85651397705078,105.48873901367188,228.9828109741211
364,7,667.0140991210938,51.97931671142578,66.2073974609375,165.65338897705078
364,6,691.0293579101562,61.49558639526367,72.14154052734375,188.32117080688477
365,3,492.99798583984375,76.76087188720703,110.4052734375,227.8664779663086
365,7,666.7600708007812,52.336212158203125,70.58575439453125,164.57778930664062
365,6,691.5320434570312,61.2859992980957,75.08697509765625,187.8988914489746
366,3,491.8932800292969,77.88382720947266,109.53543090820312,226.3059310913086
366,6,691.8116455078125,62.72563552856445,76.7635498046875,187.1659049987793
366,7,666.9300537109375,52.44883346557617,75.24560546875,164.18559646606445
367,3,491.7475280761719,77.70813751220703,105.46493530273438,226.8215560913086
367,6,691.9853515625,62.89090347290039,79.27874755859375,187.68566513061523
367,7,668.6402587890625,51.93097686767578,76.13299560546875,165.25707244873047
368,6,693.05029296875,64.95368194580078,80.5233154296875,186.25159454345703
368,3,491.7806701660156,76.23746490478516,95.49526977539062,228.25194549560547
368,7,675.1844482421875,52.27350616455078,73.50482177734375,165.7036361694336
369,6,692.3766479492188,65.74639892578125,86.26336669921875,183.72483825683594
369,3,491.718994140625,75.29165649414062,82.5059814453125,228.85128784179688
369,7,686.019775390625,51.08876419067383,66.10400390625,163.91755294799805
370,6,693.4615478515625,64.91989135742188,91.356201171875,184.75387573242188
370,3,492.48895263671875,73.0640640258789,75.06793212890625,231.14537811279297
370,7,693.1516723632812,52.027191162109375,63.91217041015625,163.1787567138672
371,6,695.7398071289062,64.97456359863281,90.7548828125,184.08319091796875
371,3,488.10345458984375,71.49359893798828,79.98052978515625,232.34606170654297
371,7,703.8228759765625,52.48926544189453,55.97576904296875,161.41345977783203
372,3,479.3733825683594,70.38365936279297,88.40841674804688,233.50406646728516
372,6,702.5385131835938,63.29227828979492,85.38922119140625,187.17168045043945
372,7,710.0498657226562,52.101768493652344,54.39569091796875,161.87122344970703
373,6,714.8809204101562,63.875404357910156,79.46026611328125,186.15506744384766
373,3,468.6474609375,69.83903503417969,99.80535888671875,234.0494842529297
373,7,714.6201782226562,50.87139129638672,51.6400146484375,162.31507110595703
374,6,722.8312377929688,65.08319854736328,73.80523681640625,183.96443939208984
374,3,459.55194091796875,70.73556518554688,108.82818603515625,232.74374389648438
374,7,715.8069458007812,52.091835021972656,53.0601806640625,160.51778411865234
375,3,450.9052429199219,72.3185043334961,117.04806518554688,231.6058120727539
375,7,717.039794921875,54.62885665893555,53.48236083984375,157.7509651184082
375,6,731.3707275390625,67.68060302734375,72.39202880859375,180.99755859375
376,3,447.4319763183594,72.49021911621094,119.61392211914062,229.3642120361328
376,6,741.2785034179688,66.82450103759766,68.73443603515625,182.7440414428711
376,7,715.7839965820312,55.771820068359375,61.00830078125,154.8571014404297
377,3,447.11956787109375,72.84114074707031,120.07794189453125,224.3779754638672
377,6,743.8412475585938,68.21542358398438,68.447265625,185.11077880859375
377,7,715.8604125976562,54.96757888793945,64.75872802734375,155.23916244506836
378,6,742.1766357421875,68.36913299560547,74.37884521484375,189.22248077392578
378,3,449.9218444824219,72.600830078125,116.56326293945312,213.78421020507812
378,7,715.69873046875,55.87078094482422,69.9759521484375,154.2567367553711
379,3,454.80120849609375,72.64927673339844,111.92901611328125,212.5950469970703
379,6,743.6787719726562,69.20755004882812,76.3367919921875,189.7196044921875
379,7,715.4953002929688,56.26588821411133,73.8135986328125,153.08071517944336
380,3,461.8314208984375,71.36137390136719,105.6800537109375,213.5092010498047
380,6,743.4586791992188,71.473876953125,82.7315673828125,186.2625732421875
380,7,715.1624755859375,56.76820755004883,78.1668701171875,152.9852409362793
381,3,469.75579833984375,70.8705825805664,99.0184326171875,213.49767303466797
381,6,743.51708984375,72.66368103027344,87.54534912109375,185.17311096191406
381,7,720.5548095703125,57.31942367553711,78.3763427734375,155.13872146606445
382,3,477.5576477050781,71.51766967773438,92.80148315429688,212.74508666992188
382,6,742.6985473632812,73.82984161376953,90.727294921875,184.40142059326172
382,7,730.9222412109375,56.680057525634766,73.3297119140625,152.11754989624023
383,3,480.87725830078125,72.95602416992188,91.98553466796875,211.11575317382812
383,6,742.6362915039062,74.73949432373047,95.43585205078125,186.2027359008789
383,7,737.6014404296875,56.829376220703125,70.4354248046875,148.893310546875
384,3,481.5603942871094,74.51424407958984,97.46755981445312,207.7703628540039
384,6,742.3428344726562,74.70040130615234,106.13958740234375,185.30719757080078
384,7,751.9698486328125,58.30509948730469,61.84027099609375,161.16546630859375
385,3,481.43048095703125,75.95870971679688,100.7696533203125,205.253662109375
385,6,748.4151611328125,75.13676452636719,104.2484130859375,184.69517517089844
385,7,759.6084594726562,58.61286544799805,57.0992431640625,158.1313819885254
386,3,482.2734069824219,76.1667251586914,104.75564575195312,204.1155014038086
386,6,760.0221557617188,75.83084106445312,90.5433349609375,183.91537475585938
386,7,765.700927734375,59.23689651489258,53.92791748046875,154.91350936889648
387,3,485.10919189453125,76.53022766113281,104.84271240234375,202.05162048339844
387,6,770.0064086914062,74.52015686035156,82.4598388671875,185.4184112548828
387,7,768.5331420898438,59.390525817871094,54.81658935546875,155.31661224365234
388,3,489.5625915527344,75.51917266845703,103.71633911132812,200.86800384521484
388,6,777.4712524414062,75.1910629272461,76.150146484375,184.30509185791016
388,7,766.5874633789062,59.810394287109375,59.998291015625,156.30487060546875
389,3,497.5000305175781,73.4003677368164,99.65475463867188,196.86739349365234
389,7,767.6953125,60.9828987121582,64.03564453125,156.5885887145996
389,6,787.6597900390625,73.83572387695312,66.80657958984375,186.4666748046875
390,3,508.5936279296875,72.12213897705078,93.95294189453125,193.1264877319336
390,7,767.2282104492188,61.58066940307617,67.63372802734375,156.46103286743164
390,6,798.2868041992188,73.64591217041016,56.26904296875,188.47078704833984
391,3,518.1253051757812,69.90089416503906,89.940673828125,193.0534210205078
391,7,766.6436157226562,61.867164611816406,71.6171875,154.6225357055664
391,6,801.689697265625,80.9046401977539,53.53070068359375,180.52306365966797
392,3,529.8258666992188,69.28923034667969,85.3857421875,191.69920349121094
392,7,767.5609741210938,62.765010833740234,75.43682861328125,154.55627822875977
392,6,802.0403442382812,86.4432601928711,53.1820068359375,175.41092681884766
393,3,535.5338745117188,67.89799499511719,84.14837646484375,191.9355926513672
393,7,771.2249145507812,61.20491027832031,75.521728515625,156.69342041015625
393,6,801.0787963867188,82.7289810180664,54.4835205078125,178.42180633544922
394,7,785.8130493164062,61.36235427856445,66.20428466796875,154.65056991577148
394,3,535.7843017578125,69.78833770751953,89.4862060546875,190.1806869506836
394,6,800.447998046875,79.16280364990234,55.427734375,182.52454376220703
395,3,535.6740112304688,70.05142211914062,96.39007568359375,191.55526733398438
395,7,794.1384887695312,62.384620666503906,60.564453125,152.80921173095703
395,6,800.6978149414062,89.33844757080078,55.30218505859375,171.28240203857422
396,3,536.1731567382812,71.19258117675781,102.36566162109375,190.5514678955078
396,7,801.774169921875,62.01094055175781,53.573486328125,153.91665649414062
396,6,801.2113037109375,95.18855285644531,54.7689208984375,164.61488342285156
397,3,536.3558349609375,73.47994995117188,113.9302978515625,184.98846435546875
397,7,805.2819213867188,61.345458984375,50.03997802734375,154.23667907714844
397,6,803.4581909179688,99.72142028808594,52.3114013671875,160.6873016357422
398,3,537.2423706054688,75.03470611572266,119.86419677734375,183.89299774169922
398,7,808.572021484375,62.40040588378906,46.80438232421875,155.25965881347656
398,6,804.1724853515625,107.12925720214844,51.671875,153.75306701660156
399,3,539.6165771484375,75.64925384521484,120.70562744140625,184.55744171142578
399,7,812.3174438476562,64.2981948852539,43.41815185546875,152.1911849975586
399,6,811.4358520507812,210.54383850097656,44.129638671875,48.42424011230469
400,3,544.9716796875,77.49504089355469,120.632080078125,184.7252960205078
400,7,813.36669921875,64.2384033203125,42.1864013671875,151.1268310546875
400,6,823.7540283203125,181.93629455566406,32.2459716796875,76.04685974121094
401,3,552.5443115234375,77.83786010742188,120.04608154296875,184.60134887695312
401,7,813.8839721679688,73.4642105102539,41.80230712890625,140.98206329345703
402,3,563.3333129882812,78.4500961303711,117.174072265625,184.64749908447266
402,7,814.0851440429688,81.67718505859375,41.40423583984375,134.87387084960938
403,3,575.3971557617188,76.70662689208984,110.8150634765625,186.7591323852539
403,7,814.1068725585938,75.34274291992188,41.61041259765625,139.24806213378906
404,3,590.5433349609375,74.94603729248047,102.8563232421875,188.1064224243164
404,7,813.0859375,84.3665771484375,42.4610595703125,129.4740447998047
405,3,605.7390747070312,73.00457763671875,92.7613525390625,189.521240234375
405,7,812.9170532226562,123.48352813720703,42.656005859375,89.25572967529297
406,3,623.5008544921875,72.02397918701172,80.415283203125,190.46781158447266
406,7,817.1158447265625,132.18438720703125,38.283447265625,80.72666931152344
407,3,626.9323120117188,71.88797760009766,84.0313720703125,190.8089828491211
407,7,829.1925048828125,170.51513671875,26.76141357421875,85.35159301757812
408,3,626.820068359375,73.71184539794922,94.51275634765625,188.9808120727539
408,7,844.2311401367188,181.95712280273438,11.5574951171875,74.70828247070312
409,3,627.3699340820312,75.72352600097656,102.71466064453125,187.1891326904297
410,3,628.0562133789062,77.59151458740234,114.15118408203125,185.9601821899414
411,3,631.0430908203125,80.68852233886719,115.5079345703125,184.1865997314453
412,3,635.447998046875,81.98531341552734,116.33465576171875,184.56815338134766
413,3,644.8321533203125,81.82603454589844,113.52716064453125,185.3284149169922
414,3,657.7308349609375,80.5241470336914,108.4078369140625,187.10668182373047
415,3,672.1376342773438,80.3179702758789,101.04278564453125,187.33483123779297
416,3,688.7361450195312,78.71133422851562,93.7401123046875,190.04067993164062
417,3,706.5508422851562,77.58612823486328,81.6064453125,190.61290740966797
418,3,714.3529052734375,77.72423553466797,80.6356201171875,193.64530181884766
419,3,715.4237670898438,78.20227813720703,85.4759521484375,196.20406341552734
420,3,715.17626953125,80.51451110839844,92.7686767578125,197.01942443847656
421,3,715.7274780273438,81.26432800292969,100.614013671875,196.08824157714844
422,3,717.0413818359375,83.32975769042969,111.81329345703125,192.7675323486328
423,3,718.4398193359375,87.55258178710938,117.150146484375,189.72958374023438
424,3,721.211669921875,89.10497283935547,117.22979736328125,189.0108413696289
425,3,727.4100341796875,92.89329528808594,115.56048583984375,187.20643615722656
426,3,737.7153930664062,92.91121673583984,112.28924560546875,187.24591827392578
427,3,748.4662475585938,92.91529846191406,106.45501708984375,187.6715850830078
428,3,762.0209350585938,90.9704360961914,93.1639404296875,189.6919174194336
429,3,776.1280517578125,88.97123718261719,79.1141357421875,192.22132873535156
430,3,792.9929809570312,90.81739807128906,62.59979248046875,190.23802185058594
431,3,804.7589721679688,101.8480224609375,50.89324951171875,179.38348388671875
432,3,806.0521240234375,118.81959533691406,49.5655517578125,161.88990783691406
433,3,805.7239379882812,133.7260284423828,49.82354736328125,148.08070373535156
434,3,806.8018188476562,158.82452392578125,48.7877197265625,123.1767578125
435,3,808.494873046875,172.3497314453125,47.1248779296875,109.00177001953125
436,3,811.8309936523438,181.84690856933594,43.91656494140625,99.60475158691406
437,6,820.114501953125,231.40188598632812,35.67999267578125,47.97967529296875
437,3,820.05712890625,150.9036102294922,35.5771484375,130.44126892089844
