0,1,622.0779418945312,92.14701080322266,79.05047607421875,207.05760955810547
0,2,454.2430114746094,52.89125442504883,66.60134887695312,206.48652267456055
0,3,0.9691880941390991,79.04389953613281,69.15340864658356,198.0822296142578
0,4,12.875813484191895,51.91136169433594,80.53521251678467,170.22555541992188
1,2,450.2250671386719,52.658626556396484,72.73007202148438,206.8828468322754
1,1,613.82177734375,92.29345703125,85.66845703125,207.8509521484375
1,3,0.0,77.67157745361328,59.66440963745117,200.39400482177734
1,4,7.994287967681885,53.37413787841797,85.29792547225952,170.20784759521484
2,1,607.2061157226562,94.89718627929688,89.3154296875,206.61825561523438
2,2,442.0134582519531,52.24259567260742,81.19046020507812,206.55031204223633
2,3,0.2662484645843506,79.23101043701172,59.442121744155884,199.4563980102539
2,4,6.151717662811279,54.035888671875,86.89425706863403,169.85525512695312
3,1,604.9627685546875,97.35601806640625,88.64312744140625,205.03280639648438
3,2,430.6216735839844,52.69227981567383,90.50003051757812,204.66511154174805
3,4,1.755570888519287,55.269012451171875,91.4472107887268,169.2694854736328
3,3,0.21285948157310486,86.56233215332031,59.57885041832924,193.9202423095703
4,2,423.5567321777344,52.724334716796875,95.96133422851562,204.19979858398438
4,1,603.3969116210938,98.28044128417969,87.9205322265625,206.8096466064453
4,4,0.6857402324676514,56.612060546875,92.69396710395813,166.65957641601562
4,3,0.0,91.97823333740234,60.084041595458984,186.2411880493164
5,2,422.8003234863281,54.186866760253906,92.62356567382812,202.9640121459961
5,1,602.5790405273438,96.75659942626953,86.8643798828125,209.29625701904297
5,4,0.1039411649107933,56.21208572387695,87.17250994592905,168.41546249389648
5,3,0.0631723701953888,96.37826538085938,59.26190468668938,181.04290771484375
6,2,421.8861083984375,54.007057189941406,91.0211181640625,204.12572479248047
6,1,602.4747924804688,96.12451171875,84.81268310546875,210.31961059570312
6,4,0.22881647944450378,56.25914764404297,82.59607365727425,167.49457550048828
6,3,0.4146396219730377,101.4588394165039,57.32746013998985,177.18999481201172
7,2,421.4166564941406,53.8971061706543,91.36495971679688,204.75764846801758
7,1,602.4067993164062,95.98404693603516,81.2799072265625,210.2518539428711
7,4,0.2751772403717041,56.362831115722656,73.59397864341736,167.80365753173828
7,3,0.0,95.03489685058594,59.79627990722656,182.04478454589844
8,2,420.7335510253906,51.85271072387695,90.41046142578125,206.6270866394043
8,1,602.2088623046875,95.3990478515625,79.25030517578125,211.08102416992188
8,4,0.28998368978500366,59.35665512084961,66.54494673013687,164.93974685668945
8,3,0.15703421831130981,177.67005920410156,55.95015114545822,99.99858093261719
9,1,602.724609375,94.6036376953125,76.23675537109375,212.33572387695312
9,2,419.3904724121094,53.09842300415039,89.0386962890625,205.7839012145996
9,4,0.5018303990364075,60.035648345947266,56.94423359632492,165.39696884155273
9,3,0.0,119.64456176757812,51.115562438964844,158.16488647460938
10,2,419.05242919921875,53.17228317260742,82.58975219726562,205.25569534301758
10,1,601.9791259765625,95.01603698730469,73.63140869140625,211.81309509277344
10,4,0.17707549035549164,61.92066192626953,48.401575937867165,162.6152114868164
10,3,0.0,165.94454956054688,41.97916030883789,107.44198608398438
10,5,0.19045080244541168,207.76608276367188,41.87636362016201,65.65353393554688
11,2,421.2378234863281,53.23335647583008,72.66226196289062,205.9968376159668
11,1,595.6483154296875,94.68050384521484,78.299560546875,213.06751251220703
11,4,0.08585656434297562,67.92596435546875,44.318970553576946,157.5693817138672
11,3,0.0,167.512451171875,33.5205078125,100.0157470703125
12,1,589.5549926757812,94.17848205566406,82.10791015625,220.61024475097656
12,2,420.7531433105469,51.58646011352539,63.2576904296875,207.64663314819336
12,4,0.10839789360761642,68.97038269042969,44.6375165656209,157.01109313964844
13,1,586.4901733398438,95.4688720703125,82.38861083984375,225.00265502929688
13,2,419.0577087402344,52.22637176513672,53.961639404296875,206.23908233642578
13,4,0.09548943489789963,72.7543716430664,44.640110082924366,153.0064468383789
14,1,583.6876220703125,97.02031707763672,84.07794189453125,228.09571075439453
14,2,404.8260192871094,50.82350540161133,57.181732177734375,208.0488395690918
14,4,0.10360442101955414,77.42605590820312,44.71314896643162,148.5552520751953
15,1,580.8176879882812,97.2638168334961,86.55242919921875,230.85980987548828
15,2,397.6641845703125,51.8930778503418,60.8197021484375,207.68877029418945
15,4,0.06255755573511124,77.03832244873047,44.75728955119848,148.90508270263672
16,1,578.7643432617188,98.61497497558594,85.671142578125,230.96861267089844
16,2,386.1860046386719,52.334049224853516,69.20281982421875,206.64623641967773
16,4,0.009887982159852982,86.50286102294922,44.1453244201839,139.2258071899414
17,1,577.723388671875,99.84280395507812,82.37591552734375,230.43167114257812
17,2,379.15179443359375,53.28175354003906,74.04351806640625,205.15870666503906
17,4,0.0,96.59266662597656,43.69034957885742,128.648193359375
18,1,575.1412353515625,100.19337463378906,81.445068359375,228.8365020751953
18,2,373.48974609375,53.07470703125,79.24380493164062,205.91851806640625
18,4,0.07691503316164017,97.15214538574219,43.88329767435789,129.64520263671875
19,1,574.2940673828125,101.45030212402344,79.38330078125,230.4988250732422
19,2,368.9987487792969,53.8702278137207,84.14822387695312,205.46406173706055
19,4,0.0,186.43540954589844,38.01803207397461,37.83302307128906
20,1,573.1215209960938,102.4863510131836,76.77410888671875,228.62793731689453
20,2,364.73095703125,54.40263748168945,89.27459716796875,204.56687545776367
20,4,0.0,188.43130493164062,26.292566299438477,34.234832763671875
21,1,568.448486328125,101.75572204589844,78.705810546875,230.5897979736328
21,2,362.2336120605469,54.71044921875,91.10162353515625,204.95599365234375
21,4,0.07905410975217819,192.33724975585938,16.782451398670673,32.00514221191406
22,1,566.841552734375,101.76676177978516,77.77032470703125,230.4411849975586
22,2,360.62249755859375,53.67482376098633,92.31036376953125,205.86371994018555
23,1,565.1832275390625,102.29271697998047,77.72784423828125,229.77198028564453
23,2,356.52935791015625,54.03422927856445,96.0902099609375,205.29258346557617
24,1,566.9102172851562,103.26002502441406,71.53912353515625,229.92539978027344
24,2,360.146484375,53.74250793457031,92.5953369140625,205.3806610107422
25,1,563.1337890625,104.49346160888672,72.6494140625,228.85846710205078
25,2,357.6167297363281,53.0283203125,90.37506103515625,205.83615112304688
26,2,358.99810791015625,53.05866622924805,76.50421142578125,204.12581253051758
26,1,559.0097045898438,104.25472259521484,74.4073486328125,228.6783218383789
27,2,361.728271484375,52.756385803222656,63.762176513671875,204.28975677490234
27,1,556.4050903320312,104.57044219970703,72.76727294921875,228.24800872802734
28,2,360.715576171875,51.61924743652344,55.648651123046875,204.42478942871094
28,1,546.2130126953125,105.15357971191406,80.3433837890625,227.80088806152344
29,1,533.7518310546875,105.73908233642578,89.27935791015625,227.58995819091797
29,2,353.7731018066406,52.466888427734375,49.553314208984375,204.5157470703125
30,2,347.2047119140625,52.31481170654297,48.655242919921875,205.2215347290039
30,1,522.6848754882812,106.34859466552734,96.51361083984375,226.8912124633789
31,2,340.8937072753906,52.51893997192383,54.367706298828125,206.3684196472168
31,1,515.5743408203125,106.35935974121094,99.43768310546875,227.77342224121094
32,2,325.3183288574219,54.02323913574219,70.31033325195312,204.2749481201172
32,1,513.1984252929688,107.70221710205078,100.663818359375,227.39461517333984
33,2,310.9350891113281,53.79836654663086,84.01528930664062,203.65448379516602
33,1,512.972412109375,108.76348876953125,95.3316650390625,228.41531372070312
34,2,301.203857421875,54.38839340209961,93.54580688476562,201.40411758422852
34,1,511.5212097167969,109.12637329101562,94.52932739257812,230.0091552734375
35,2,297.4118957519531,54.23916244506836,97.84158325195312,201.94040298461914
35,1,511.5285339355469,108.58677673339844,91.78323364257812,230.93141174316406
36,2,296.6869201660156,55.60057067871094,97.95108032226562,202.18727111816406
36,1,511.1652526855469,108.0330810546875,88.25955200195312,231.861328125
37,2,297.04571533203125,54.74885940551758,97.65618896484375,203.68449020385742
37,1,511.3204650878906,107.94429779052734,82.90109252929688,232.00562286376953
38,2,295.9356384277344,54.85499572753906,98.08132934570312,204.3589630126953
38,1,511.3631591796875,108.6523208618164,78.1744384765625,231.04012298583984
39,1,510.61163330078125,109.81873321533203,73.70849609375,231.26689910888672
39,2,295.97576904296875,53.99583053588867,94.86880493164062,205.02321243286133
40,1,498.0896911621094,110.1565933227539,86.06436157226562,237.6230697631836
40,2,296.4389343261719,53.1330451965332,85.0211181640625,206.59348678588867
41,1,484.5143127441406,109.49815368652344,98.11892700195312,245.29994201660156
41,2,296.09014892578125,52.674137115478516,75.53335571289062,206.18899154663086
42,1,474.3703918457031,109.70037841796875,99.93862915039062,250.61898803710938
42,2,295.40484619140625,52.190250396728516,68.13885498046875,206.85354232788086
43,1,465.7102966308594,111.30011749267578,107.21945190429688,251.47991180419922
43,2,291.7732849121094,52.17273712158203,61.500457763671875,207.2212142944336
44,1,459.2728576660156,112.42147827148438,107.40689086914062,250.98052978515625
44,2,285.8975830078125,53.033809661865234,53.64593505859375,205.65060806274414
45,1,455.40203857421875,113.83772277832031,107.11077880859375,251.45042419433594
45,2,274.67584228515625,52.51742935180664,55.074615478515625,207.19817733764648
46,1,450.73724365234375,115.92860412597656,107.57196044921875,252.22776794433594
46,2,265.6090087890625,53.23593521118164,63.514556884765625,205.88799667358398
47,1,448.2098083496094,116.65657806396484,106.41360473632812,254.2637710571289
47,2,255.9781494140625,53.549251556396484,73.41796875,205.54321670532227
48,1,446.94854736328125,117.83060455322266,104.1163330078125,253.20296478271484
48,2,247.86692810058594,54.27822494506836,81.94789123535156,204.90866470336914
49,1,443.9984130859375,116.79523468017578,101.10247802734375,253.47295379638672
49,2,242.2962188720703,54.376800537109375,87.38175964355469,204.34609985351562
50,2,236.2908477783203,55.0264778137207,93.25117492675781,204.01084518432617
50,1,443.6644592285156,117.54391479492188,95.97708129882812,253.31851196289062
51,2,232.92919921875,55.075714111328125,96.1546630859375,203.59432983398438
51,1,446.8289489746094,116.62952423095703,84.80404663085938,254.1987533569336
52,1,451.7516784667969,115.92210388183594,74.41519165039062,254.85093688964844
52,2,230.691650390625,54.74388885498047,97.8843994140625,204.4716567993164
53,2,231.09024047851562,54.757225036621094,95.9498291015625,203.8436050415039
53,1,451.1693115234375,117.18729400634766,67.82049560546875,253.64946746826172
54,2,230.3060760498047,53.869083404541016,87.90251159667969,204.83514022827148
54,1,442.4836730957031,117.10992431640625,71.95529174804688,254.7857666015625
55,2,232.21339416503906,54.27379608154297,69.71183776855469,201.13159942626953
55,1,436.7743835449219,117.1025390625,71.95343017578125,254.781005859375
56,2,231.47018432617188,53.00124740600586,63.5687255859375,202.2337989807129
56,1,422.98211669921875,118.42740631103516,80.80862426757812,252.76573944091797
57,1,404.488525390625,119.50967407226562,96.82098388671875,252.11111450195312
57,2,227.78773498535156,53.70949935913086,55.12083435058594,204.01892471313477
58,2,220.08706665039062,53.75891876220703,50.878143310546875,203.71199798583984
58,1,391.6021728515625,119.84721374511719,108.89971923828125,252.3052215576172
59,2,213.4668731689453,53.529136657714844,55.61720275878906,205.4163589477539
59,1,384.1822814941406,120.93939971923828,115.99417114257812,251.03206634521484
60,2,205.9727325439453,54.59535598754883,62.63554382324219,205.17173385620117
60,1,382.723876953125,121.88842010498047,116.84048461914062,250.4539566040039
61,2,189.18597412109375,55.19437026977539,79.84603881835938,204.0569725036621
61,1,381.8239440917969,121.82110595703125,116.37115478515625,250.7674560546875
62,2,175.97267150878906,56.65277862548828,92.98661804199219,200.74816131591797
62,1,381.2109069824219,121.52433013916016,113.73233032226562,251.49459075927734
63,2,169.1942901611328,57.43515396118164,99.63005065917969,199.2592430114746
63,1,381.5232849121094,121.00668334960938,105.38446044921875,252.3084716796875
64,2,168.7113800048828,57.809226989746094,100.06306457519531,199.74567413330078
64,1,381.2272033691406,120.48884582519531,95.97982788085938,251.91249084472656
65,2,167.724609375,58.45682144165039,100.861328125,201.18249130249023
65,1,381.7913818359375,120.10978698730469,83.31228637695312,252.61692810058594
66,2,167.8905029296875,57.358734130859375,100.29489135742188,202.80392456054688
66,1,381.85626220703125,119.4015884399414,70.87289428710938,256.5638656616211
67,1,366.45391845703125,120.14414978027344,75.66558837890625,260.3523712158203
67,2,168.10902404785156,57.287376403808594,98.55625915527344,203.00159454345703
68,1,346.12908935546875,120.6922378540039,88.81289672851562,264.15914154052734
68,2,167.2222137451172,56.40239715576172,88.51324462890625,203.9080581665039
69,1,330.4004821777344,121.26338958740234,98.40365600585938,267.61255645751953
69,2,166.22097778320312,55.48335647583008,78.89700317382812,204.93491744995117
70,1,317.20306396484375,121.5931396484375,108.3515625,269.1334533691406
70,2,162.62020874023438,56.05705261230469,73.4705810546875,204.8613739013672
71,1,306.2086486816406,123.12337493896484,120.97708129882812,266.90345001220703
71,2,157.1985321044922,55.842811584472656,70.66925048828125,204.92879486083984
72,1,298.5164794921875,123.63756561279297,127.87887573242188,264.36698150634766
72,2,149.25782775878906,56.00862121582031,68.13333129882812,204.17845153808594
73,1,292.2799072265625,124.69237518310547,131.88507080078125,263.6370315551758
73,2,137.1873779296875,56.89520263671875,66.01358032226562,204.45498657226562
74,2,127.0383529663086,56.87582778930664,73.02225494384766,204.3940086364746
74,1,288.0910949707031,124.87617492675781,135.3790283203125,265.1981964111328
75,2,117.65563201904297,57.13341522216797,83.1896743774414,204.61200714111328
75,1,286.441162109375,125.70556640625,135.84854125976562,265.6881103515625
76,2,110.12228393554688,58.165897369384766,90.4747314453125,202.89965438842773
76,1,284.2850341796875,125.75257110595703,132.68923950195312,265.6975631713867
77,2,102.62605285644531,59.49537658691406,98.43870544433594,201.7892608642578
77,1,285.2479248046875,125.8406982421875,123.66259765625,265.82427978515625
78,2,98.61289978027344,60.64399337768555,102.68577575683594,200.6778450012207
78,1,289.85687255859375,125.5547103881836,108.61749267578125,265.7486038208008
79,2,95.47047424316406,64.5781021118164,105.28727722167969,196.46886444091797
79,1,300.55902099609375,125.21497344970703,86.58230590820312,265.9734420776367
80,2,93.54145050048828,64.94110107421875,106.59932708740234,195.9154052734375
80,1,297.1896667480469,125.17426300048828,75.70050048828125,266.2630844116211
81,2,91.87678527832031,62.82470703125,106.5926513671875,198.05352783203125
81,1,289.0841979980469,125.16044616699219,70.86929321289062,265.9210968017578
82,2,92.37168884277344,61.580841064453125,99.58100891113281,199.32583618164062
82,1,283.8123474121094,126.53958129882812,68.35018920898438,265.1192932128906
83,2,94.65376281738281,61.69314956665039,82.67289733886719,197.41274642944336
83,1,278.1135559082031,127.18220520019531,70.68948364257812,265.1074676513672
84,2,97.02442932128906,59.76016616821289,69.9541015625,197.7780418395996
84,1,257.4342346191406,127.8066177368164,94.25601196289062,264.4191207885742
85,1,239.73046875,128.86944580078125,119.7427978515625,263.4200134277344
85,2,98.28733825683594,59.747859954833984,59.125213623046875,197.7141456604004
86,1,229.61338806152344,129.95973205566406,126.91160583496094,262.43312072753906
86,2,93.80525207519531,61.03193283081055,52.16789245605469,196.69966506958008
87,2,87.20951080322266,60.00360107421875,58.40581512451172,199.26309204101562
87,1,225.85662841796875,130.1681671142578,125.50799560546875,262.46949768066406
88,2,84.2204818725586,61.028892517089844,61.69409942626953,198.25186920166016
88,1,224.82843017578125,130.72140502929688,121.85736083984375,261.7781677246094
89,2,74.17915344238281,61.50284194946289,71.67474365234375,197.90484237670898
89,1,224.9588623046875,129.35105895996094,116.482666015625,263.7849884033203
90,1,224.96435546875,129.64976501464844,106.49545288085938,262.0925750732422
90,2,61.02199935913086,62.87360763549805,84.7573127746582,194.02064895629883
91,2,53.15085220336914,63.25296401977539,92.50828170776367,192.5556297302246
91,1,222.53492736816406,129.65982055664062,94.62919616699219,261.73626708984375
92,2,51.39598083496094,65.02877044677734,94.49980163574219,191.28302764892578
92,1,220.52059936523438,128.50088500976562,84.74240112304688,263.5439147949219
93,2,50.953250885009766,63.98634719848633,95.37540817260742,193.40726852416992
93,1,212.40325927734375,127.7999038696289,80.14947509765625,264.3781967163086
94,2,51.336421966552734,65.02182006835938,94.79474258422852,192.84002685546875
94,1,204.49203491210938,129.12425231933594,74.67459106445312,266.52906799316406
95,2,48.38469696044922,64.36980438232422,91.8727035522461,193.82559967041016
95,1,192.12939453125,129.0338592529297,81.8865966796875,270.0693817138672
96,1,172.31036376953125,129.37188720703125,96.78311157226562,273.4870910644531
96,2,42.78318786621094,65.5427017211914,90.71224975585938,192.7276840209961
97,1,156.16807556152344,129.59548950195312,111.96333312988281,275.29046630859375
97,2,36.78099060058594,66.18876647949219,87.71147918701172,192.4558563232422
98,1,142.45079040527344,131.66217041015625,124.83686828613281,271.04290771484375
98,2,30.260507583618164,66.2169189453125,85.08424949645996,192.6597900390625
99,1,132.11415100097656,132.8712158203125,134.68836975097656,269.34185791015625
99,2,26.00029754638672,64.47468566894531,81.52432250976562,194.28538513183594
100,1,124.61814880371094,134.0051727294922,142.2244415283203,269.0812225341797
100,2,23.475656509399414,66.00022888183594,75.34016227722168,192.5605926513672
101,2,13.19565200805664,65.46900177001953,75.3288688659668,193.97454071044922
101,1,117.87114715576172,135.66799926757812,148.45178985595703,270.0072326660156
102,1,115.1503677368164,135.78662109375,149.0680160522461,270.6716613769531
102,2,7.574100017547607,67.07462310791016,74.64563417434692,192.18367767333984
103,2,0.44275251030921936,66.67628479003906,82.35370287299156,193.09779357910156
103,1,114.20341491699219,136.90269470214844,145.89540100097656,269.5778350830078
104,2,0.3571893274784088,69.79997253417969,82.9010656774044,189.7361297607422
104,1,115.28331756591797,137.57254028320312,136.06639862060547,268.51397705078125
105,2,0.37765154242515564,71.14798736572266,82.50294080376625,188.02242279052734
105,1,121.15739440917969,137.75099182128906,118.44839477539062,268.16651916503906
106,2,0.04045245796442032,71.87567138671875,82.11663677543402,187.45346069335938
106,1,128.10728454589844,137.141845703125,100.25736999511719,268.86053466796875
107,2,0.0962522104382515,72.61273193359375,82.42581199854612,186.87054443359375
107,1,122.71900939941406,138.26564025878906,93.79249572753906,267.85850524902344
108,2,0.025380684062838554,73.15321350097656,82.31804888136685,186.19898986816406
108,1,116.74563598632812,139.5334014892578,86.44992065429688,266.96080017089844
109,2,0.0,73.35096740722656,81.75946807861328,186.15538024902344
109,1,111.82954406738281,140.0686798095703,78.0667724609375,266.36085510253906
110,2,0.0,74.72860717773438,76.63288879394531,183.53530883789062
110,1,104.58872985839844,141.075439453125,87.38441467285156,266.0308837890625
111,2,0.2037266194820404,76.79010009765625,63.10244098305702,179.19552612304688
111,1,99.18286895751953,142.78030395507812,98.04073333740234,264.5627746582031
112,1,94.64891815185547,143.3137969970703,104.12928009033203,263.96632385253906
112,2,0.20636187493801117,78.63784790039062,55.00646771490574,177.12257385253906
113,1,85.56095886230469,143.6846160888672,111.8143310546875,263.85264587402344
113,2,0.15222033858299255,83.70277404785156,46.97681179642677,170.59552001953125
114,1,76.75028991699219,144.6124267578125,116.54541015625,263.39215087890625
114,2,0.11355235427618027,89.39531707763672,37.60137913376093,165.22420501708984
115,1,73.6507339477539,145.74009704589844,116.2566909790039,263.3136749267578
115,2,0.14006826281547546,92.45977783203125,36.06856897473335,162.76467895507812
116,1,71.35184478759766,146.1863250732422,115.82726287841797,262.18873596191406
116,2,0.15910568833351135,97.17312622070312,36.00626143813133,156.68894958496094
117,1,64.61248016357422,146.80035400390625,117.20714569091797,261.86370849609375
117,2,0.1302848756313324,133.3549346923828,35.785803228616714,116.819580078125
118,1,56.889347076416016,147.27078247070312,112.73618698120117,262.25006103515625
118,2,0.18019546568393707,142.77565002441406,35.181296691298485,106.7532958984375
119,1,50.18159103393555,147.27731323242188,106.78808975219727,262.37567138671875
119,2,0.06146314740180969,146.56558227539062,35.0218650996685,103.05706787109375
120,1,46.82594680786133,147.22706604003906,96.9544792175293,263.1192169189453
120,2,0.027648594230413437,146.7930145263672,35.00699267163873,103.21469116210938
121,1,39.6741828918457,147.40322875976562,91.18743515014648,268.150390625
121,2,0.07267003506422043,152.79725646972656,34.3186072781682,96.56805419921875
122,1,34.063541412353516,147.80816650390625,83.91851425170898,272.8653564453125
122,2,0.010979844257235527,151.38522338867188,33.56272010691464,97.3426513671875
123,1,26.134977340698242,149.21189880371094,89.32112312316895,278.43385314941406
123,2,0.0,202.43687438964844,27.23746681213379,45.092742919921875
124,1,10.457448959350586,150.7958526611328,104.33624458312988,281.06944274902344
124,2,0.0,201.21519470214844,21.813297271728516,43.914154052734375
125,1,0.2889709174633026,151.62782287597656,114.20843508839607,281.7897186279297
126,1,0.2431943565607071,153.11387634277344,114.14463828504086,278.82984924316406
127,1,0.1834123730659485,155.57742309570312,113.9726774096489,276.0018005371094
128,1,0.3222472071647644,157.7086181640625,114.30170756578445,275.0607604980469
129,1,0.022128058597445488,159.44384765625,114.16734795458615,275.7889099121094
130,1,0.0,160.09762573242188,112.7305908203125,277.43377685546875
131,1,0.0,162.21673583984375,106.25042724609375,275.3140869140625
132,1,0.028056766837835312,165.0566864013672,97.93139300122857,273.1780242919922
132,2,0.06619029492139816,165.16671752929688,28.62422413378954,86.65826416015625
133,1,0.020878029987215996,205.4304656982422,84.91368465311825,232.0916290283203
134,1,0.0,205.51266479492188,75.35256958007812,232.23370361328125
135,1,0.0,212.7689208984375,61.25065231323242,224.73638916015625
136,1,0.0,216.55374145507812,49.755516052246094,221.0341796875
137,1,0.0,236.56211853027344,35.760704040527344,201.3062286376953
138,1,0.0,258.29046630859375,36.04266357421875,179.41595458984375
139,1,0.1797923892736435,257.74810791015625,36.63892175257206,179.71261596679688
140,1,0.18341492116451263,258.4250793457031,36.744052425026894,178.80850219726562
141,1,0.15779444575309753,259.47637939453125,36.20536091923714,177.76785278320312
142,1,0.03421124443411827,263.9558410644531,36.645960722118616,173.4656982421875
143,1,0.0,273.4750671386719,34.25084686279297,164.13397216796875
144,1,0.030450955033302307,282.31170654296875,28.51203142106533,154.51055908203125
145,1,0.2003221958875656,292.9996643066406,20.968331292271614,145.8289794921875
