154,1,0.0,115.46158599853516,24.67061424255371,128.80516815185547
155,1,0.0,118.6942138671875,33.36476516723633,122.70437622070312
155,2,0.17895053327083588,236.50535583496094,34.72794796526432,55.20014953613281
156,1,0.0,65.96068572998047,44.06919479370117,176.22087860107422
156,2,0.0,180.4605712890625,45.22892761230469,110.85714721679688
157,1,0.08950971066951752,65.74999237060547,51.329782739281654,173.0492935180664
157,2,0.0,176.3328094482422,50.62309265136719,115.84242248535156
158,1,0.2398524433374405,67.37646484375,55.948410496115685,183.68087768554688
159,1,0.0,74.55857849121094,52.63136672973633,217.03736877441406
160,1,0.0,69.01927185058594,57.12995529174805,222.5033721923828
160,3,0.01969815604388714,65.49717712402344,24.45635317452252,48.06004333496094
161,1,0.0,81.98136901855469,53.51181411743164,209.22975158691406
161,3,6.261812210083008,64.00177764892578,54.82101249694824,176.3740463256836
162,1,0.0,81.87399291992188,51.53403854370117,208.8431396484375
162,3,5.444403171539307,63.80862808227539,55.11129140853882,177.48789596557617
163,1,0.12809477746486664,81.88517761230469,56.953890696167946,208.76283264160156
163,3,5.99445915222168,63.631404876708984,45.02858924865723,94.58694839477539
164,1,0.3479773700237274,79.5794906616211,59.504203110933304,211.58893585205078
164,3,17.468503952026367,61.345951080322266,39.26630973815918,81.22129440307617
165,1,1.1616439819335938,79.42484283447266,67.3288345336914,211.3866195678711
165,3,21.606840133666992,60.039798736572266,41.97102928161621,62.83317184448242
166,1,6.102834224700928,79.15060424804688,71.69196557998657,212.85430908203125
166,3,26.92596435546875,59.85411071777344,37.06780242919922,52.846824645996094
167,1,14.85711669921875,79.06558990478516,81.4738998413086,212.48845672607422
167,3,21.447635650634766,58.79209899902344,44.42953109741211,55.13847351074219
168,1,17.712417602539062,80.39085388183594,111.11422729492188,210.24754333496094
168,3,27.758634567260742,61.34628677368164,38.3720645904541,66.52054977416992
169,1,17.95189666748047,82.8070068359375,116.85466766357422,207.8995361328125
169,3,33.73683547973633,61.21295166015625,37.493412017822266,72.2979736328125
170,1,18.6021728515625,81.64729309082031,120.76483154296875,208.95384216308594
170,3,37.683135986328125,61.52299880981445,39.121620178222656,79.37949752807617
171,1,20.53846549987793,82.74717712402344,118.92610359191895,207.66136169433594
171,3,47.389278411865234,61.403778076171875,34.29331588745117,70.96736145019531
172,1,27.856966018676758,80.85414123535156,111.33692741394043,208.1221160888672
172,3,43.599510192871094,58.18904113769531,36.958030700683594,175.59669494628906
173,1,39.824127197265625,77.17457580566406,99.7745361328125,210.60801696777344
173,3,37.01667785644531,60.352081298828125,58.233253479003906,181.9788360595703
174,1,50.72012710571289,74.96794891357422,89.08112716674805,211.1139907836914
174,3,58.46213912963867,58.900455474853516,39.3311882019043,101.06805038452148
175,1,62.50315856933594,72.95366668701172,76.92189025878906,211.75055694580078
175,3,64.42984771728516,58.29642105102539,37.536277770996094,163.9850730895996
176,1,69.28102111816406,71.47430419921875,70.01181030273438,213.78311157226562
176,3,70.98697662353516,56.74384307861328,35.746498107910156,103.37137603759766
177,1,81.27220153808594,74.19224548339844,65.89532470703125,213.4656219482422
177,3,71.82437133789062,54.788726806640625,40.705970764160156,175.76083374023438
178,1,87.28276824951172,72.91346740722656,72.29866790771484,215.92359924316406
178,3,78.98778533935547,54.95580291748047,38.824256896972656,186.30638885498047
179,1,94.57855224609375,75.87138366699219,77.4066162109375,213.0967559814453
179,3,83.60521697998047,54.72629165649414,37.160423278808594,110.96175765991211
180,1,99.43714141845703,75.00054931640625,85.73783111572266,213.19256591796875
180,3,86.29224395751953,54.70500183105469,41.0965576171875,182.86837768554688
181,1,102.29666137695312,77.2248306274414,100.15489196777344,209.24633026123047
181,3,91.68758392333984,55.644439697265625,38.720237731933594,176.2164306640625
182,1,102.37903594970703,74.3995361328125,111.42615509033203,211.06292724609375
182,3,95.70491027832031,56.58774948120117,39.83943176269531,174.31270217895508
183,1,104.31331634521484,72.3889389038086,113.8949203491211,212.99259185791016
183,3,101.02832794189453,56.87489700317383,40.085899353027344,170.89262008666992
184,1,106.58414459228516,73.03826904296875,115.45906829833984,213.20651245117188
184,3,106.42134094238281,56.91222381591797,40.490753173828125,173.47222137451172
185,1,108.48710632324219,73.0063705444336,113.34503173828125,211.55057525634766
185,3,105.21290588378906,57.16935348510742,46.934783935546875,172.9440040588379
186,1,115.35726165771484,72.9202651977539,106.54370880126953,212.20818328857422
186,3,107.2538833618164,57.08457565307617,50.562644958496094,171.78973770141602
187,1,125.99987030029297,71.16659545898438,96.60132598876953,213.47808837890625
187,3,112.3464584350586,54.19655990600586,49.536277770996094,171.51630020141602
188,1,133.9681396484375,69.02348327636719,87.953369140625,216.22471618652344
188,3,122.10269165039062,53.131351470947266,52.161956787109375,176.38621139526367
189,1,148.8659210205078,66.64661407470703,73.07119750976562,218.43682098388672
189,3,131.34457397460938,52.575870513916016,51.1102294921875,182.75410079956055
190,1,169.12644958496094,65.38841247558594,53.2994384765625,219.28224182128906
190,3,138.37646484375,51.726566314697266,48.49732971191406,185.54186630249023
191,1,173.51109313964844,65.40464782714844,55.46232604980469,220.0768585205078
191,3,143.1123046875,50.17668151855469,42.07635498046875,184.69569396972656
192,1,181.41973876953125,64.5542984008789,72.41242980957031,221.09835052490234
192,3,151.929443359375,48.7868766784668,41.22535705566406,186.82277297973633
193,1,182.7111358642578,65.16590118408203,83.80101013183594,220.62609100341797
193,3,156.58848571777344,50.62590789794922,40.894256591796875,184.32059478759766
194,3,160.21981811523438,50.29182815551758,42.374237060546875,184.0391502380371
194,1,182.2165985107422,66.25372314453125,99.97428894042969,219.3509521484375
195,3,159.71951293945312,50.04465866088867,48.41139221191406,184.41052627563477
195,1,181.7112579345703,66.78471374511719,113.12773132324219,218.7363739013672
196,1,183.78758239746094,67.36421966552734,117.31260681152344,217.17008209228516
196,3,159.5086212158203,51.460784912109375,53.91087341308594,183.11203002929688
197,1,184.37088012695312,67.81716918945312,120.04281616210938,217.94158935546875
197,3,161.40646362304688,51.246585845947266,59.15625,184.11132431030273
198,1,187.86317443847656,66.35436248779297,117.57121276855469,218.49451446533203
198,3,162.3388671875,49.20649719238281,65.27337646484375,186.95201110839844
199,1,192.7978973388672,65.40412139892578,114.76029968261719,217.52477264404297
199,3,164.7030029296875,48.9473876953125,72.87638854980469,186.09217834472656
200,3,170.3799285888672,48.901214599609375,77.54096984863281,186.31809997558594
200,1,204.2640838623047,63.887630462646484,104.13172912597656,219.42804336547852
201,3,178.94998168945312,46.38194274902344,75.96006774902344,187.00746154785156
201,1,215.24380493164062,63.21192932128906,91.904296875,217.4176483154297
202,1,227.40411376953125,60.286067962646484,78.47006225585938,217.1472511291504
202,3,188.51194763183594,45.25398635864258,69.67036437988281,184.8244743347168
203,1,237.80709838867188,60.18778991699219,67.57998657226562,215.9161834716797
203,3,208.15347290039062,44.34281539916992,49.124786376953125,182.1776466369629
204,1,254.75086975097656,61.507179260253906,57.73670959472656,216.00585174560547
204,3,212.62686157226562,43.37055587768555,48.22784423828125,185.7706642150879
205,3,217.1339874267578,43.526947021484375,47.27189636230469,189.5280303955078
205,1,265.65887451171875,62.15383529663086,58.278167724609375,214.8498878479004
206,3,221.37548828125,43.567665100097656,50.199188232421875,191.16544342041016
206,1,269.16265869140625,61.836002349853516,72.16128540039062,215.77898788452148
207,1,268.5510559082031,61.35887908935547,81.5377197265625,217.60938262939453
207,3,225.83888244628906,43.780792236328125,52.85765075683594,188.1470184326172
208,1,268.6646728515625,62.25125503540039,92.91897583007812,216.06762313842773
208,3,228.56187438964844,43.95549011230469,57.61329650878906,185.9889678955078
209,1,267.7139587402344,62.715309143066406,109.4720458984375,213.9442367553711
209,3,228.3486785888672,45.10477066040039,53.42427062988281,183.53835678100586
210,1,267.8360900878906,64.11656188964844,116.05697631835938,210.77345275878906
210,3,229.15432739257812,45.8850212097168,68.13165283203125,183.49664688110352
211,1,269.8764953613281,64.72836303710938,118.42568969726562,210.41574096679688
211,3,229.25682067871094,47.16012191772461,73.50294494628906,181.1988410949707
212,1,272.24627685546875,64.9144515991211,118.3251953125,210.74726104736328
212,3,229.81483459472656,47.77653503417969,76.01802062988281,180.34352111816406
213,1,277.843017578125,66.53886413574219,115.2186279296875,209.12364196777344
213,3,231.71041870117188,48.03240966796875,77.56076049804688,180.17056274414062
214,1,288.1666259765625,65.53535461425781,107.04983520507812,210.30714416503906
214,3,237.53871154785156,47.361106872558594,78.39418029785156,181.68216705322266
215,1,300.9404296875,64.33460235595703,94.52444458007812,211.82225799560547
215,3,251.8692169189453,46.739105224609375,63.47431945800781,179.68801879882812
216,1,325.99322509765625,62.540740966796875,67.31185913085938,213.024658203125
216,3,271.6053466796875,46.1518440246582,46.93505859375,181.73615646362305
217,1,343.1646423339844,62.45966720581055,57.119293212890625,212.79045486450195
217,3,280.3143005371094,44.75144577026367,42.39788818359375,183.62314224243164
218,1,352.5733947753906,62.2697868347168,56.216064453125,213.14436721801758
218,3,284.8918151855469,45.733070373535156,42.842864990234375,183.69857025146484
219,3,288.8737487792969,45.35251235961914,46.899444580078125,181.8752555847168
219,1,352.9459533691406,61.9484748840332,70.8323974609375,213.19944381713867
220,1,352.430908203125,63.51247024536133,86.06320190429688,212.15055465698242
220,3,289.2384033203125,46.217613220214844,55.66534423828125,180.82996368408203
221,1,353.04046630859375,63.40792465209961,97.41537475585938,212.03915786743164
221,3,288.98486328125,45.932716369628906,73.59909057617188,181.7107162475586
222,1,352.917724609375,65.00924682617188,110.99203491210938,209.8651123046875
222,3,289.8529968261719,47.547847747802734,86.55538940429688,180.63330459594727
223,1,353.2781066894531,65.72019958496094,119.12835693359375,209.8079071044922
223,3,289.4924011230469,50.324214935302734,91.17352294921875,178.05974197387695
224,1,354.2124328613281,66.97498321533203,124.53958129882812,207.7730941772461
224,3,289.2443542480469,50.32777786254883,98.57247924804688,178.50744247436523
225,1,358.7068176269531,67.42303466796875,126.37081909179688,207.64028930664062
225,3,291.20635986328125,50.6875,102.52072143554688,178.1707000732422
226,1,365.675048828125,66.80036926269531,123.42364501953125,208.0608673095703
226,3,292.653076171875,50.038116455078125,101.77871704101562,179.53408813476562
227,1,377.3138122558594,65.47725677490234,113.16055297851562,207.54627227783203
227,3,299.1346740722656,48.366539001464844,95.062744140625,180.25154876708984
228,3,308.1675720214844,47.50474548339844,85.65078735351562,178.85684204101562
228,1,389.6562805175781,64.87590026855469,100.7156982421875,207.3085479736328
229,3,318.332763671875,46.33297348022461,76.04681396484375,177.19885635375977
229,1,402.2083435058594,63.93618392944336,86.61111450195312,207.3413429260254
230,3,330.4640197753906,44.388031005859375,64.79452514648438,179.2978057861328
230,1,415.2583923339844,62.84795379638672,74.44619750976562,207.78998565673828
231,3,343.6500244140625,43.49937438964844,55.759796142578125,179.64207458496094
231,1,430.57208251953125,62.47903823852539,65.33197021484375,208.52087020874023
232,3,357.0584716796875,43.86057662963867,48.375091552734375,180.56283950805664
232,1,439.9997863769531,62.308013916015625,61.024658203125,209.69674682617188
233,1,440.21160888671875,63.03177261352539,67.82473754882812,211.29128646850586
233,3,363.8518371582031,43.08900833129883,46.8304443359375,183.50658798217773
234,1,440.21246337890625,64.96001434326172,77.570556640625,210.4086685180664
234,3,364.0738220214844,43.45513153076172,57.18450927734375,182.82402801513672
235,1,440.49224853515625,65.0328369140625,94.80389404296875,209.984619140625
235,3,363.6905517578125,45.624935150146484,74.07681274414062,178.60829544067383
236,1,441.09576416015625,66.37629699707031,110.06683349609375,206.2550506591797
236,3,363.8464050292969,46.30598068237305,87.06646728515625,177.02795791625977
237,1,441.27801513671875,67.59813690185547,115.828125,204.19348907470703
237,3,363.46600341796875,47.7713623046875,95.05844116210938,174.8431396484375
238,1,442.88336181640625,67.6690444946289,115.58624267578125,204.82860565185547
238,3,364.259765625,48.553592681884766,96.9876708984375,173.8820915222168
239,1,445.2952880859375,68.51470947265625,114.2525634765625,204.57968139648438
239,3,365.8482360839844,49.2241096496582,99.15274047851562,173.70461654663086
240,1,463.4131774902344,69.07228088378906,98.41775512695312,203.76222229003906
240,3,380.00848388671875,49.45615768432617,84.53671264648438,173.76086807250977
241,1,473.1435852050781,67.56344604492188,94.54049682617188,206.03421020507812
241,3,389.20941162109375,48.39167404174805,76.15188598632812,176.18120193481445
242,3,400.4427490234375,47.14483642578125,65.63375854492188,177.91944885253906
242,1,484.600830078125,66.79821014404297,87.6593017578125,206.68622589111328
243,3,412.20208740234375,45.76259231567383,57.277130126953125,178.5722770690918
243,1,497.4974365234375,65.79090118408203,78.9901123046875,207.54338836669922
244,3,427.1695556640625,44.66584014892578,47.612518310546875,179.23455047607422
244,1,514.7529907226562,64.7027816772461,64.81610107421875,207.08267974853516
245,1,523.7608032226562,64.03893280029297,67.06512451171875,209.42035675048828
245,3,430.97637939453125,44.25315856933594,49.76611328125,179.7071533203125
246,1,524.2808227539062,64.2102279663086,79.38702392578125,208.36917877197266
246,3,432.61810302734375,44.7698860168457,54.35284423828125,179.30212020874023
247,1,524.1220092773438,65.3199462890625,91.169189453125,208.15591430664062
247,3,432.3417663574219,46.204673767089844,68.20401000976562,177.41936492919922
248,1,523.771728515625,65.44041442871094,101.4915771484375,208.40208435058594
248,3,432.8450012207031,47.35092544555664,83.07162475585938,176.2417106628418
249,1,523.8829956054688,67.7752685546875,111.3516845703125,205.75128173828125
249,3,433.8558654785156,48.61561584472656,92.75619506835938,175.3376007080078
250,1,524.9795532226562,68.00846862792969,120.4775390625,205.6855010986328
250,3,434.4808349609375,50.74156188964844,95.11053466796875,173.9044189453125
251,1,526.5430297851562,68.85162353515625,121.1981201171875,205.02008056640625
251,3,435.5547790527344,50.745277404785156,98.59811401367188,174.2668228149414
252,1,529.3908081054688,68.98988342285156,122.39739990234375,204.67210388183594
252,3,437.26861572265625,50.8176155090332,98.82855224609375,173.77341842651367
253,1,535.7033081054688,69.41036224365234,118.46270751953125,203.00614166259766
253,3,443.0530700683594,49.33794021606445,93.45242309570312,173.99677658081055
254,1,544.174560546875,67.6550521850586,110.4849853515625,203.4274673461914
254,3,452.7131652832031,48.40141677856445,86.08535766601562,175.05854415893555
255,1,558.2098999023438,66.2566146850586,96.0745849609375,200.33545684814453
255,3,464.0283203125,46.89631271362305,74.87481689453125,173.95651626586914
256,1,568.7584228515625,65.55297088623047,83.890625,199.89112091064453
256,3,475.49749755859375,46.234806060791016,64.11468505859375,174.75259017944336
257,3,488.48309326171875,45.22974395751953,57.78375244140625,175.19200897216797
257,1,580.2662963867188,65.7825927734375,70.6973876953125,198.58132934570312
258,3,500.3435363769531,44.94599151611328,51.018280029296875,175.49134063720703
258,1,591.0053100585938,66.15028381347656,61.61602783203125,197.13941955566406
259,3,508.3548583984375,44.565574645996094,47.21990966796875,177.85210418701172
259,1,597.4627075195312,65.73836517333984,59.67669677734375,200.23383331298828
260,1,598.4579467773438,66.06622314453125,63.24029541015625,199.58096313476562
260,3,508.49505615234375,45.572444915771484,52.77069091796875,176.70289993286133
261,1,598.5516967773438,66.32857513427734,68.83209228515625,198.62857818603516
261,3,508.7203369140625,46.85537338256836,68.5384521484375,175.3341407775879
262,1,598.2557373046875,66.39718627929688,80.348876953125,197.00735473632812
262,3,508.42584228515625,49.210689544677734,82.74884033203125,171.7049903869629
263,3,508.9907531738281,50.45700454711914,88.29629516601562,169.15742111206055
263,1,599.3494873046875,68.94733428955078,90.84033203125,193.54341888427734
264,1,600.1994018554688,70.5479965209961,95.10107421875,191.28168487548828
264,3,510.71087646484375,52.3127326965332,90.4971923828125,167.96894454956055
265,3,514.1416625976562,53.22710418701172,87.35784912109375,167.82759857177734
265,1,601.6456298828125,70.4508285522461,94.1041259765625,190.8226089477539
266,1,605.9905395507812,70.71208953857422,93.13128662109375,190.20825958251953
266,3,521.0228271484375,54.339603424072266,81.66357421875,166.17162704467773
267,1,613.4876708984375,70.18391418457031,91.48321533203125,190.8754119873047
267,3,529.121826171875,54.023162841796875,77.12957763671875,166.7262725830078
268,1,619.904296875,69.97209930419922,90.9053955078125,189.75159454345703
268,3,539.189697265625,54.07502746582031,71.95904541015625,166.6180419921875
269,1,627.6272583007812,68.4950942993164,86.76287841796875,191.28099822998047
269,3,549.453857421875,53.582210540771484,66.087890625,167.34791946411133
270,1,638.8443603515625,67.20902252197266,79.70635986328125,192.64742279052734
270,3,560.7662963867188,53.58932876586914,59.25701904296875,166.91685104370117
271,1,648.3236694335938,66.28670501708984,75.06890869140625,193.46244049072266
271,3,571.3114624023438,53.06800079345703,53.354248046875,168.28191375732422
272,1,658.5984497070312,66.60758209228516,72.46307373046875,192.9022445678711
272,3,571.5001831054688,54.02991485595703,58.23834228515625,166.87088775634766
273,1,664.9435424804688,66.35325622558594,75.7867431640625,193.1631622314453
273,3,571.9627075195312,54.00138854980469,61.62890625,167.04652404785156
274,1,665.0225830078125,67.17622375488281,86.61962890625,192.65785217285156
274,3,571.537109375,55.27800750732422,68.1162109375,165.29212188720703
275,1,665.050048828125,67.62482452392578,94.7425537109375,192.1806869506836
275,3,571.9607543945312,56.15920639038086,72.714599609375,164.56488418579102
276,1,665.0748901367188,68.01275634765625,100.1820068359375,191.2489013671875
276,3,572.5210571289062,57.5776481628418,81.257568359375,163.1906623840332
277,1,665.4110107421875,68.73644256591797,106.0120849609375,190.50394439697266
277,3,573.0773315429688,58.91193771362305,82.37933349609375,162.54506301879883
278,1,666.33984375,68.88717651367188,109.8494873046875,189.81356811523438
278,3,574.6881713867188,59.91498947143555,82.42376708984375,161.4708137512207
279,1,667.9636840820312,70.3540267944336,110.85821533203125,188.53479766845703
279,3,578.3755493164062,60.029266357421875,79.533935546875,161.03335571289062
280,1,670.7870483398438,70.56143951416016,109.5401611328125,188.38143157958984
280,3,584.86376953125,59.38676071166992,77.20819091796875,161.0158576965332
281,1,677.9560546875,72.32123565673828,102.632568359375,184.42040252685547
281,3,594.05712890625,59.45408630371094,71.51080322265625,160.76834106445312
282,1,686.583740234375,70.65486907958984,92.61846923828125,183.79717254638672
282,3,603.3864135742188,57.603878021240234,68.32183837890625,162.18451309204102
283,1,693.552001953125,69.51915740966797,85.25616455078125,183.3639907836914
283,3,614.9620971679688,56.32807922363281,60.9227294921875,162.4885711669922
284,1,705.1539916992188,69.74156188964844,72.9786376953125,181.5898895263672
284,3,623.8731079101562,56.776268005371094,55.181884765625,161.57781219482422
285,3,630.9829711914062,57.361244201660156,53.29779052734375,166.45801544189453
285,1,711.6416625976562,69.4336166381836,65.69305419921875,181.5278549194336
286,1,718.8238525390625,68.65547180175781,61.260009765625,182.47540283203125
286,3,632.65283203125,59.94091033935547,56.04315185546875,162.47745513916016
287,3,631.01171875,59.31792449951172,63.9039306640625,165.49491119384766
287,1,719.6458129882812,69.955810546875,63.8297119140625,182.27272033691406
288,1,720.5927124023438,69.53194427490234,72.09991455078125,186.7021255493164
288,3,632.0709228515625,61.832576751708984,80.68133544921875,160.04712295532227
289,1,720.871826171875,70.72602844238281,77.45465087890625,184.04055786132812
289,3,632.2127075195312,62.255088806152344,83.39794921875,159.47003936767578
290,1,721.2265014648438,72.08063507080078,85.7884521484375,182.23973846435547
290,3,632.91357421875,63.73890686035156,83.36981201171875,159.3152618408203
291,1,722.0906372070312,72.76832580566406,89.572021484375,181.45741271972656
291,3,633.9619140625,64.24407196044922,83.56915283203125,158.95792388916016
292,1,722.9540405273438,72.69818878173828,89.59979248046875,183.06058502197266
292,3,638.688720703125,65.432861328125,85.00958251953125,157.1523895263672
293,1,725.8768920898438,74.15269470214844,92.57470703125,181.73391723632812
293,3,645.0573120117188,65.14594268798828,82.61297607421875,157.5107192993164
294,1,730.9960327148438,74.67179870605469,89.0166015625,180.93304443359375
294,3,653.0169067382812,65.4176254272461,80.1849365234375,157.68204498291016
295,1,735.2454223632812,75.71591186523438,90.3291015625,179.18777465820312
295,3,661.5335693359375,64.53772735595703,76.044677734375,158.15967559814453
296,3,670.0908813476562,64.01187896728516,72.0869140625,159.08148956298828
296,1,740.7428588867188,75.66757202148438,88.02392578125,179.52053833007812
296,4,0.0,217.07383728027344,19.69280242919922,92.61030578613281
297,3,682.5570068359375,63.5725212097168,62.8023681640625,160.24235916137695
297,1,749.4397583007812,76.103515625,83.259033203125,179.43026733398438
297,5,0.03151985630393028,59.8951301574707,34.181435618549585,255.29560470581055
297,4,0.062173619866371155,216.01966857910156,33.87829802930355,95.40638732910156
298,3,688.2808837890625,61.688438415527344,62.8623046875,161.98307037353516
298,1,757.56884765625,74.93809509277344,77.87603759765625,180.49667358398438
298,5,0.0,56.96809387207031,47.63993453979492,258.00816345214844
299,1,767.4039916992188,74.9622802734375,72.73260498046875,180.13096618652344
299,3,687.6224975585938,62.132320404052734,65.62860107421875,161.33481216430664
299,5,0.22239285707473755,51.442047119140625,58.11822909116745,267.253173828125
299,4,0.21878819167613983,201.5247039794922,57.34080882370472,112.45698547363281
300,3,687.3978881835938,61.616539001464844,66.73919677734375,161.71465301513672
300,1,776.705810546875,75.26156616210938,69.61761474609375,180.30905151367188
300,5,0.17415961623191833,19.07961082458496,64.65855064988136,300.1298007965088
300,4,0.1493121087551117,189.908203125,64.27155581116676,126.34323120117188
301,3,687.9981079101562,61.10282516479492,69.9808349609375,161.94282913208008
301,1,782.3434448242188,74.79800415039062,72.0445556640625,179.61624145507812
301,4,0.0726572796702385,186.35601806640625,65.59056598693132,130.98480224609375
302,3,687.911376953125,61.46707534790039,73.9669189453125,161.53335189819336
302,1,782.809814453125,74.94898986816406,73.12115478515625,179.84344482421875
302,4,0.08242791146039963,85.92599487304688,69.3439636901021,231.59930419921875
303,1,783.0870361328125,74.73650360107422,72.517578125,179.46508026123047
303,3,688.1611328125,65.24706268310547,79.25665283203125,158.8442611694336
303,4,0.0432254821062088,86.74681091308594,70.70573692023754,230.3751983642578
304,3,689.71826171875,69.08332824707031,79.8963623046875,154.86715698242188
304,1,782.5768432617188,75.67003631591797,72.76898193359375,178.6338882446289
304,4,0.06658060848712921,86.97612762451172,70.92787282168865,229.3135757446289
305,3,691.0086669921875,69.63145446777344,83.03570556640625,154.39297485351562
305,4,0.0,85.79296112060547,71.18383026123047,230.0796890258789
305,1,782.0700073242188,76.54258728027344,73.38653564453125,177.9656982421875
306,3,695.974365234375,67.2423324584961,82.96612548828125,157.01187896728516
306,4,0.0,85.10364532470703,70.84325408935547,234.42293548583984
306,1,782.4496459960938,78.3625259399414,73.09295654296875,176.40267181396484
307,3,702.7724609375,63.45962142944336,81.6485595703125,160.62459182739258
307,4,0.0,83.75697326660156,71.67948913574219,236.27882385253906
307,1,784.7588500976562,78.39197540283203,70.8927001953125,176.12374114990234
308,4,0.0,82.52368927001953,70.8209228515625,238.96968841552734
308,3,711.9967651367188,65.20245361328125,78.3507080078125,156.722412109375
308,1,787.822265625,78.0879135131836,67.839111328125,176.6456069946289
309,4,0.19073908030986786,83.0396728515625,70.5830570012331,240.22433471679688
309,3,720.9234619140625,65.26360321044922,71.26715087890625,156.01270294189453
309,1,794.0482177734375,79.39122772216797,61.588134765625,175.40225982666016
310,4,0.0,82.03490447998047,71.5615005493164,243.50174713134766
310,3,731.5252685546875,64.91830444335938,64.462890625,153.91065979003906
310,1,799.47802734375,88.98978424072266,56.20703125,165.61051177978516
311,4,0.39281514286994934,82.60041809082031,71.91045328974724,245.52613830566406
311,3,740.7560424804688,64.99260711669922,59.28558349609375,157.00212860107422
311,1,809.879150390625,90.99544525146484,45.84368896484375,161.9542007446289
312,4,5.243436813354492,81.46471405029297,100.13909339904785,247.9715347290039
312,3,744.4126586914062,64.80934143066406,63.86370849609375,160.22422790527344
312,1,822.5670776367188,91.75010681152344,33.0718994140625,159.18099975585938
313,4,10.268006324768066,84.10380554199219,107.31077480316162,243.03440856933594
313,3,744.0057983398438,64.6991958618164,67.70037841796875,160.07433319091797
313,1,830.9915771484375,90.45973205566406,24.73199462890625,162.09715270996094
314,4,15.992902755737305,84.15680694580078,110.53563117980957,240.9994125366211
314,3,743.6463012695312,66.03926849365234,73.32135009765625,158.2281265258789
314,1,832.9866333007812,95.1235122680664,22.64019775390625,158.48906707763672
315,4,19.815046310424805,85.44841766357422,110.90152168273926,240.25199127197266
315,3,744.2933349609375,67.7096176147461,78.7386474609375,155.2314224243164
315,1,832.2680053710938,104.19761657714844,23.40313720703125,147.92886352539062
316,4,25.459880828857422,85.17693328857422,109.10214614868164,241.41559600830078
316,3,744.0662841796875,70.60620880126953,80.77166748046875,152.05765533447266
316,1,831.8833618164062,107.12726593017578,23.7332763671875,145.34285736083984
317,4,29.298168182373047,86.33499145507812,106.60318374633789,240.89120483398438
317,3,746.4431762695312,71.15507507324219,79.744873046875,152.00567626953125
317,1,832.04345703125,112.999755859375,23.5147705078125,139.23500061035156
318,4,31.836322784423828,86.69245147705078,104.14939498901367,241.32921600341797
318,3,747.1679077148438,69.93355560302734,84.36065673828125,153.76973724365234
318,1,832.6751708984375,112.4852523803711,22.91497802734375,139.6852035522461
319,4,36.05807876586914,86.89846801757812,99.89788436889648,240.983642578125
319,3,753.4003295898438,68.64287567138672,79.77374267578125,155.67284393310547
319,1,832.7676391601562,168.78111267089844,22.9501953125,83.09587097167969
319,6,832.46142578125,100.05180358886719,23.16949462890625,154.08787536621094
320,4,40.02842330932617,84.90518188476562,96.24536514282227,244.00674438476562
320,3,759.868408203125,70.2304458618164,80.15887451171875,153.70026397705078
320,1,833.2913818359375,177.0840606689453,22.382080078125,73.98709106445312
320,6,832.1427001953125,109.44523620605469,23.49407958984375,143.8158416748047
321,4,49.441871643066406,83.14649200439453,87.15059661865234,245.97701263427734
321,3,767.7669067382812,69.91028594970703,75.6488037109375,154.3057632446289
321,1,833.9808349609375,192.6265869140625,21.63775634765625,58.242401123046875
322,4,55.70927810668945,81.4510726928711,80.82365036010742,247.4644546508789
322,3,776.4437255859375,67.4325942993164,72.3333740234375,156.8929672241211
322,1,834.6398315429688,200.74050903320312,21.02166748046875,49.84913635253906
323,4,62.760929107666016,80.24877166748047,73.53483200073242,248.6249771118164
323,3,785.68212890625,66.07342529296875,65.56951904296875,157.76649475097656
323,1,836.5497436523438,202.54368591308594,19.06719970703125,47.885955810546875
324,4,65.31888580322266,80.81867980957031,72.2999496459961,248.1276397705078
324,3,795.3162841796875,65.56509399414062,57.89178466796875,158.98655700683594
324,1,840.1064453125,207.75721740722656,15.619140625,42.72019958496094
325,4,70.30790710449219,78.93091583251953,71.57275390625,249.3178939819336
325,3,799.8028564453125,65.77119445800781,54.81597900390625,159.2574005126953
325,5,0.09303657710552216,148.79478454589844,27.857360914349556,191.89231872558594
325,7,0.0,288.74188232421875,26.042951583862305,50.92755126953125
326,4,74.65914916992188,78.62216186523438,73.5853271484375,249.76724243164062
326,3,799.3936767578125,66.20783233642578,55.94268798828125,158.56128692626953
326,5,0.0037806991022080183,138.9264678955078,50.30329861608334,200.0193328857422
326,7,0.07211262732744217,261.8209228515625,29.158007077872753,80.73269653320312
327,4,79.08840942382812,77.95244598388672,86.336669921875,250.40424346923828
327,3,799.2725830078125,65.7142562866211,56.03131103515625,159.65727996826172
327,5,0.03182725980877876,140.6182098388672,66.40825147554278,200.6214141845703
328,4,82.3196029663086,80.29833984375,97.3281478881836,248.4229736328125
328,5,0.2738761901855469,136.18247985839844,83.18469619750977,205.47447204589844
328,3,799.4127807617188,65.17823028564453,56.03692626953125,158.82628631591797
329,4,88.4173583984375,78.53843688964844,105.40341186523438,249.8865203857422
329,5,0.11614042520523071,124.85894012451172,93.00936311483383,217.5651626586914
329,3,799.03076171875,69.59735107421875,56.47869873046875,154.88766479492188
330,5,0.07356291264295578,124.95148468017578,102.78569001704454,216.55620574951172
330,4,90.90518951416016,80.69976806640625,114.82769012451172,247.32608032226562
330,3,799.9078369140625,72.48721313476562,55.6827392578125,152.6998748779297
331,5,0.6138916611671448,125.52391052246094,113.9284285902977,216.4021453857422
331,4,95.0096206665039,81.50557708740234,115.51129913330078,246.2414321899414
331,3,800.7460327148438,74.5353775024414,54.89581298828125,150.75469207763672
332,5,3.892216920852661,125.74066925048828,129.83031725883484,216.9089584350586
332,4,100.67333984375,81.6161880493164,110.91450500488281,246.11626434326172
332,3,803.1708374023438,75.37884521484375,52.4854736328125,149.9010467529297
333,5,11.495345115661621,130.0072021484375,134.65266513824463,213.74417114257812
333,3,809.5090942382812,62.49802780151367,46.08203125,161.93011856079102
333,4,107.12040710449219,79.3843765258789,107.16030883789062,240.97325897216797
334,5,19.911487579345703,131.0868377685547,130.85627365112305,215.2350616455078
334,4,113.98770141601562,78.9444580078125,100.37556457519531,239.25357055664062
334,3,816.47802734375,70.50481414794922,39.24090576171875,151.20882415771484
335,5,31.184349060058594,133.3997039794922,130.81563568115234,214.7561798095703
335,4,123.1738052368164,77.33899688720703,90.65312957763672,241.31786346435547
335,3,823.7622680664062,87.35261535644531,31.8406982421875,133.23028564453125
336,5,61.300865173339844,130.75645446777344,121.75423431396484,217.22532653808594
336,4,130.49740600585938,77.39842987060547,82.79222106933594,237.44168853759766
336,3,837.7896118164062,86.1708984375,17.67974853515625,134.571044921875
337,5,77.06863403320312,127.79710388183594,111.39132690429688,220.55101013183594
337,4,136.8792724609375,77.99508666992188,81.79766845703125,233.75112915039062
337,3,842.50390625,105.1104507446289,13.1949462890625,113.0894546508789
338,5,85.94660949707031,126.8658447265625,104.15406799316406,221.6239013671875
338,4,133.93707275390625,83.36978912353516,107.54643249511719,230.90270233154297
339,5,95.85112762451172,131.8654022216797,94.5533218383789,221.9540557861328
339,4,156.32969665527344,87.21121978759766,84.03607177734375,226.2557601928711
340,5,105.98381042480469,135.3732452392578,87.61026000976562,226.37913513183594
340,4,153.16677856445312,89.86613464355469,95.34819030761719,223.0702362060547
341,5,114.4263687133789,141.9989776611328,85.8276138305664,225.5221405029297
341,4,164.706298828125,93.13932037353516,103.67388916015625,218.84081268310547
342,5,114.9012222290039,144.93603515625,107.19469451904297,231.15191650390625
342,4,174.8577117919922,95.83213806152344,110.00965881347656,213.8564910888672
343,5,115.98310852050781,149.11363220214844,120.86351013183594,228.47947692871094
343,4,190.33544921875,96.91600036621094,108.33526611328125,224.6428680419922
344,5,120.95352935791016,152.4561004638672,131.60094451904297,226.44676208496094
344,4,203.350830078125,97.45890808105469,105.06207275390625,227.7727813720703
345,5,135.36297607421875,158.19381713867188,127.29635620117188,222.47451782226562
345,4,212.34634399414062,97.85873413085938,101.04135131835938,230.13336181640625
346,5,150.63417053222656,162.42044067382812,133.55592346191406,219.60360717773438
346,4,216.6770782470703,98.22435760498047,99.37535095214844,239.59729766845703
347,5,174.11228942871094,171.1270751953125,119.69911193847656,212.28457641601562
347,4,225.2243194580078,102.49197387695312,91.74037170410156,208.33880615234375
348,5,197.8443603515625,174.32632446289062,115.96926879882812,208.705810546875
348,4,234.6707000732422,105.43025970458984,82.23036193847656,223.45923614501953
349,5,203.7578582763672,172.57420349121094,129.11317443847656,210.6139678955078
349,4,245.09693908691406,105.13886260986328,80.47428894042969,223.10912322998047
350,5,204.5133819580078,174.63124084472656,147.4192657470703,208.9887237548828
350,4,253.44683837890625,110.54460906982422,97.40826416015625,203.25360870361328
351,5,205.92999267578125,176.97006225585938,165.61322021484375,206.97262573242188
351,4,264.6240234375,109.9212417602539,81.95758056640625,212.32649993896484
352,5,211.31890869140625,176.2729034423828,185.03738403320312,212.23670959472656
352,4,274.49310302734375,111.20186614990234,88.54730224609375,235.0474624633789
353,5,230.19000244140625,177.3693389892578,191.86343383789062,216.7783660888672
353,4,249.28831481933594,109.72279357910156,118.94996643066406,225.1598358154297
354,5,259.884033203125,179.36044311523438,188.12661743164062,216.20614624023438
354,4,258.0704345703125,108.43330383300781,125.67523193359375,225.3067169189453
354,3,834.803466796875,107.16915130615234,20.09844970703125,115.4749984741211
355,5,296.1882019042969,183.46905517578125,166.21670532226562,213.04330444335938
355,4,259.0718994140625,107.64472961425781,137.67654418945312,228.5398406982422
355,3,830.0458374023438,110.8237075805664,25.01605224609375,109.49126434326172
356,5,337.7306213378906,186.56993103027344,151.17269897460938,217.43296813964844
356,4,269.52972412109375,105.25997924804688,139.75607299804688,229.75076293945312
356,3,827.0440673828125,108.60930633544922,28.6492919921875,113.48836517333984
357,5,349.4314880371094,188.32679748535156,157.00753784179688,230.0366973876953
357,4,288.7947692871094,104.31940460205078,134.62432861328125,225.22386932373047
357,3,825.6334228515625,106.33259582519531,30.0029296875,115.93132019042969
358,4,306.19183349609375,103.47514343261719,130.08053588867188,223.63780212402344
358,5,352.4991149902344,188.49008178710938,178.50448608398438,239.7283935546875
358,3,826.5231323242188,104.17798614501953,29.10943603515625,117.56734466552734
359,4,330.9283447265625,105.31993103027344,118.87030029296875,221.9396514892578
359,5,366.9362487792969,189.38848876953125,189.83938598632812,247.17770385742188
359,3,826.9420776367188,97.53115844726562,28.71722412109375,124.69659423828125
360,5,428.2322692871094,196.10816955566406,186.18692016601562,255.13963317871094
360,4,369.5870666503906,100.60396575927734,110.20318603515625,232.02799224853516
360,3,825.5555419921875,90.69527435302734,30.177001953125,135.60698699951172
361,5,476.9428405761719,203.58351135253906,166.87503051757812,250.3038787841797
361,4,370.18438720703125,98.65585327148438,124.0975341796875,235.63552856445312
361,3,825.13525390625,89.9982681274414,30.5731201171875,133.90270233154297
362,5,520.3308715820312,209.04901123046875,154.8817138671875,246.64154052734375
362,4,372.2514343261719,96.59005737304688,135.51675415039062,236.53952026367188
362,3,824.3399047851562,86.50914001464844,31.5107421875,134.41029357910156
363,5,524.296875,208.98736572265625,183.02069091796875,246.88934326171875
363,4,383.2412414550781,96.6030044555664,139.56436157226562,231.9098129272461
363,3,822.4447021484375,77.79108428955078,33.32696533203125,144.35298919677734
364,5,530.2421875,211.9406280517578,211.56298828125,248.94432067871094
364,4,400.7008056640625,98.4045639038086,137.4197998046875,225.08393096923828
364,3,820.31640625,63.552608489990234,35.24847412109375,156.7932472229004
365,5,549.51904296875,214.12451171875,225.38055419921875,264.5704650878906
365,4,415.0079650878906,102.14112854003906,138.51248168945312,221.19932556152344
365,3,815.908447265625,63.5919075012207,39.7205810546875,155.50800704956055
366,5,580.7338256835938,222.16188049316406,224.20318603515625,255.2675018310547
366,4,444.5643310546875,107.17947387695312,123.57354736328125,216.09158325195312
366,3,807.178955078125,63.248287200927734,48.60711669921875,156.9968147277832
367,5,625.82177734375,233.546875,210.90533447265625,243.68313598632812
367,4,459.38525390625,112.37265014648438,125.477783203125,210.1893310546875
367,3,799.8253784179688,62.458473205566406,55.73223876953125,158.14530181884766
368,4,459.9809265136719,114.12165069580078,149.53469848632812,208.7715072631836
368,5,686.654296875,246.95030212402344,169.0726318359375,230.6659698486328
368,3,793.9274291992188,61.931182861328125,61.778076171875,158.30517578125
369,4,461.614013671875,115.42658996582031,180.980712890625,206.71568298339844
369,3,793.0950317382812,61.71173858642578,62.415771484375,157.83228302001953
369,5,748.3677368164062,263.3232727050781,107.2259521484375,214.37847900390625
370,4,463.5903625488281,115.37906646728516,207.25027465820312,206.52672576904297
370,3,793.407958984375,61.79107666015625,62.1444091796875,157.79574584960938
370,5,773.7195434570312,316.13629150390625,81.7655029296875,162.26583862304688
371,4,473.7371520996094,116.68595123291016,211.47451782226562,206.88774871826172
371,3,793.8801879882812,61.81690979003906,61.682373046875,157.50338745117188
371,5,789.5254516601562,378.56915283203125,66.0341796875,99.89657592773438
372,4,501.0606384277344,119.51007080078125,184.63998413085938,205.14535522460938
372,3,794.174072265625,61.417823791503906,61.30999755859375,157.37157440185547
373,4,532.51318359375,125.07280731201172,168.0927734375,200.18866729736328
373,3,793.99951171875,60.76228332519531,61.56292724609375,156.55487060546875
374,3,793.8737182617188,60.34758377075195,61.6484375,154.88976669311523
374,4,574.6051025390625,129.64706420898438,148.99688720703125,196.07379150390625
375,3,793.4229736328125,59.67267990112305,62.17999267578125,153.83940505981445
375,4,591.0511474609375,131.00645446777344,155.29962158203125,205.1525421142578
376,3,792.39697265625,59.7362174987793,63.294677734375,152.3926887512207
376,4,593.0043334960938,133.88392639160156,177.04266357421875,215.2272186279297
377,3,792.9114379882812,59.50228500366211,62.6368408203125,151.52437210083008
377,4,601.288818359375,136.93641662597656,191.2734375,222.03611755371094
378,3,792.7125854492188,59.94462585449219,62.80487060546875,150.5557403564453
378,4,625.4200439453125,141.3584442138672,186.63775634765625,228.07542419433594
379,3,792.661376953125,59.63042449951172,62.714599609375,151.9736557006836
379,4,646.7134399414062,149.60011291503906,191.3289794921875,223.25865173339844
380,3,795.4440307617188,59.9958381652832,59.92041015625,118.79998397827148
380,4,685.3425903320312,156.08885192871094,169.98431396484375,217.19081115722656
381,3,799.4750366210938,61.9045295715332,55.8013916015625,124.44582748413086
381,4,725.3015747070312,157.35720825195312,130.03411865234375,215.28240966796875
382,3,794.3355712890625,60.14665603637695,61.14605712890625,147.08169174194336
382,4,735.3607177734375,180.02992248535156,119.96405029296875,192.18702697753906
383,3,793.9404296875,60.217506408691406,61.46429443359375,147.50174713134766
383,4,736.311767578125,184.2726593017578,119.04107666015625,188.3990020751953
384,3,794.3967895507812,60.71747970581055,60.86029052734375,147.39436721801758
384,4,754.3995971679688,91.27230834960938,100.49456787109375,280.30242919921875
385,3,794.437255859375,60.62065124511719,60.893310546875,147.18186950683594
385,4,783.9370727539062,326.0186767578125,71.72137451171875,41.691650390625
385,7,0.032454825937747955,253.90489196777344,26.889050148427486,78.01499938964844
386,3,794.6998901367188,61.54550552368164,60.6544189453125,145.7797508239746
386,8,0.0,10.063761711120605,46.91801452636719,325.05339527130127
386,7,0.0,245.07034301757812,43.32865905761719,87.61367797851562
386,4,829.3082885742188,331.20916748046875,26.23272705078125,40.55291748046875
387,3,794.4788208007812,62.77855682373047,60.92010498046875,143.92321014404297
387,8,0.0,0.0,57.62118911743164,333.6966857910156
387,7,0.0,241.60752868652344,54.64317321777344,91.70997619628906
388,3,794.69677734375,63.1728515625,60.77838134765625,143.28408813476562
388,7,0.09149444848299026,231.0970001220703,58.988526456058025,104.24369812011719
388,8,0.0,0.0,62.37569808959961,338.2604675292969
389,3,794.76708984375,63.86459732055664,60.6790771484375,142.9660758972168
389,7,0.3332933783531189,217.97511291503906,61.385235369205475,117.47575378417969
390,3,796.4207153320312,64.41638946533203,59.08416748046875,141.76435089111328
390,7,0.16729465126991272,205.38973999023438,61.70725902915001,130.39828491210938
391,3,799.3436279296875,64.26764678955078,56.19085693359375,141.88480377197266
391,7,0.17152944207191467,124.99291229248047,61.46309503912926,211.19904327392578
392,7,0.23855650424957275,110.28730773925781,61.979350447654724,225.43663024902344
392,3,803.818115234375,64.77557373046875,51.8826904296875,140.29092407226562
393,7,0.262523889541626,100.820556640625,61.880218267440796,234.82760620117188
393,3,807.9514770507812,66.54389953613281,47.68157958984375,139.31460571289062
394,7,0.02452097088098526,98.86795043945312,62.746360681951046,244.9256591796875
394,3,812.7548217773438,67.07302856445312,42.92767333984375,138.5367889404297
395,7,0.047763850539922714,98.76459503173828,62.13717267289758,246.81859588623047
395,3,820.867919921875,69.12992095947266,34.74383544921875,136.04935455322266
396,7,0.1129235103726387,98.07756042480469,69.73232185095549,249.75367736816406
396,3,826.9620361328125,71.69384765625,28.513916015625,133.3011474609375
397,7,0.07620327919721603,99.3797836303711,81.17063052207232,251.1180191040039
397,3,828.8662109375,82.18275451660156,26.68878173828125,124.01181030273438
398,7,0.049659304320812225,99.5453872680664,93.16458172351122,250.9109115600586
398,3,829.2991333007812,91.12551879882812,26.29400634765625,115.06062316894531
399,7,0.45257672667503357,99.41275024414062,106.53649035096169,250.83505249023438
399,3,829.8472900390625,99.3105239868164,25.780029296875,106.34754180908203
400,7,0.8681678771972656,100.12559509277344,115.73504257202148,249.6084747314453
400,3,829.3612670898438,98.6309814453125,26.21807861328125,109.49098205566406
401,7,6.492159366607666,101.48139190673828,114.41399145126343,249.85540008544922
401,3,828.7307739257812,98.84468078613281,27.00799560546875,108.30406188964844
402,7,15.771239280700684,101.57058715820312,107.71071720123291,251.01171875
402,3,829.1958618164062,118.7169189453125,26.48681640625,87.74055480957031
403,7,23.263687133789062,101.3084487915039,103.45259094238281,251.10652923583984
403,3,830.013916015625,131.05288696289062,25.59210205078125,75.37577819824219
403,6,830.2889404296875,163.04051208496094,25.1153564453125,42.89140319824219
404,7,31.71278953552246,101.90264892578125,97.44075965881348,250.45867919921875
404,6,831.2582397460938,168.92137145996094,24.00006103515625,36.7421875
405,7,39.46609115600586,101.10523223876953,89.18631362915039,251.30501556396484
406,7,46.33621597290039,100.5881576538086,81.18041610717773,251.71573638916016
407,7,52.55769729614258,98.63319396972656,84.09049606323242,253.95399475097656
408,7,66.36909484863281,96.7717514038086,101.58308410644531,255.9966812133789
409,7,74.03595733642578,96.18045043945312,114.59246063232422,256.46502685546875
410,7,82.38231658935547,97.31974792480469,121.4217758178711,254.7832489013672
411,7,86.68780517578125,91.72634887695312,122.79713439941406,260.2882080078125
412,7,86.52586364746094,97.97854614257812,123.94764709472656,253.8138427734375
413,7,88.46528625488281,96.75708770751953,121.62484741210938,255.04308319091797
414,7,95.10187530517578,95.70191192626953,115.42784881591797,255.04598236083984
415,7,110.17414093017578,94.1231918334961,99.8552474975586,256.3599624633789
416,7,121.52609252929688,90.51228332519531,88.32308959960938,259.8992462158203
417,7,132.0127716064453,91.8549575805664,78.15657043457031,262.32836151123047
418,7,136.5789337158203,91.79601287841797,78.66184997558594,264.31726837158203
419,7,142.660400390625,92.08524322509766,89.52070617675781,267.15062713623047
420,7,147.880126953125,93.88089752197266,98.29429626464844,267.1110153198242
421,7,152.71392822265625,94.79954528808594,106.95217895507812,268.3766326904297
422,7,156.4993896484375,96.2897720336914,116.61663818359375,265.9623031616211
423,7,160.2342987060547,97.28572082519531,122.13536071777344,266.3018035888672
424,7,166.271240234375,97.7047119140625,121.40963745117188,269.3793029785156
425,7,170.3573760986328,98.20386505126953,124.00535583496094,269.04930877685547
426,7,176.5480499267578,98.01018524169922,120.27116394042969,269.26078033447266
427,7,195.46994018554688,98.42744445800781,100.8775634765625,269.1694793701172
428,7,209.79612731933594,97.68000793457031,83.42573547363281,269.43251037597656
429,7,222.50421142578125,97.48304748535156,70.02001953125,269.96681213378906
430,7,229.9573211669922,96.97366333007812,74.75975036621094,270.5018005371094
431,7,236.98452758789062,97.36927795410156,77.80035400390625,269.5830535888672
432,7,244.97088623046875,97.53546142578125,111.26568603515625,269.5635070800781
433,7,244.81727600097656,98.23181915283203,129.6399688720703,268.86592864990234
434,7,244.4713134765625,99.35995483398438,140.06460571289062,267.9354248046875
435,7,244.05706787109375,100.51620483398438,142.49957275390625,266.64617919921875
436,7,244.7039031982422,100.516357421875,144.13023376464844,266.4925537109375
437,7,248.6980438232422,99.28742218017578,141.0132293701172,268.1848373413086
438,7,261.7862854003906,97.39341735839844,128.3712158203125,268.9197540283203
439,7,278.4644470214844,96.08783721923828,111.8956298828125,268.51317596435547
440,7,291.7391357421875,95.70621490478516,98.57608032226562,269.1762008666992
441,7,307.81817626953125,95.71053314208984,82.84234619140625,270.6425247192383
442,7,326.7746276855469,95.4752197265625,80.48080444335938,273.3064270019531
443,7,342.3500671386719,95.46073913574219,85.25247192382812,275.18287658691406
444,7,345.28369140625,96.17771911621094,99.77166748046875,275.2047576904297
445,7,342.6885986328125,96.2335433959961,117.22433471679688,275.6704788208008
446,7,343.0849914550781,97.41720581054688,128.36602783203125,272.607421875
447,7,344.90142822265625,99.14966583251953,135.23748779296875,270.0103988647461
448,7,346.5856628417969,100.40962219238281,140.827880859375,272.49156188964844
449,7,346.60296630859375,101.79837799072266,147.19140625,271.71996307373047
450,7,349.73577880859375,100.50365447998047,148.71762084960938,273.3737564086914
451,7,362.88427734375,100.85831451416016,137.50830078125,273.11055755615234
452,7,385.0701904296875,101.14530181884766,116.15982055664062,273.0719528198242
453,7,395.1208801269531,101.022705078125,105.27236938476562,273.235595703125
454,7,413.2389221191406,101.80264282226562,82.7471923828125,272.5948486328125
455,7,431.674072265625,101.82050323486328,64.56646728515625,272.61437225341797
456,7,432.037353515625,103.51763916015625,100.697998046875,270.5622253417969
457,7,432.16070556640625,103.65957641601562,114.59210205078125,269.4085693359375
458,7,432.00665283203125,104.85488891601562,126.30377197265625,268.7315368652344
459,7,432.11126708984375,105.66541290283203,135.37445068359375,267.85839080810547
460,7,432.09613037109375,105.50117492675781,143.06134033203125,267.5184783935547
461,7,432.7711181640625,104.61250305175781,146.1754150390625,268.99208068847656
462,7,439.1519470214844,102.7024154663086,142.63278198242188,271.5977554321289
463,7,453.1725769042969,101.43999481201172,129.43588256835938,270.96463775634766
464,7,469.079345703125,100.57727813720703,111.1322021484375,268.53865814208984
465,7,480.10076904296875,99.85749816894531,97.4398193359375,267.37364196777344
466,7,496.7773132324219,99.9478530883789,84.87966918945312,267.68441009521484
467,7,514.7039794921875,100.31708526611328,74.5069580078125,266.9778366088867
468,7,523.2173461914062,100.48835754394531,72.41900634765625,267.2193145751953
469,7,523.806396484375,101.1181869506836,85.8623046875,266.02494049072266
470,7,523.422607421875,101.29723358154297,100.69451904296875,264.5720901489258
471,7,522.9453735351562,103.20594787597656,113.79022216796875,259.10337829589844
472,7,523.0421142578125,104.30389404296875,123.70953369140625,255.75579833984375
473,7,523.2470092773438,104.82693481445312,130.09527587890625,256.6210021972656
474,7,523.0315551757812,105.97071838378906,135.2657470703125,256.9922332763672
475,7,524.5928955078125,105.94312286376953,138.44598388671875,258.38805389404297
476,7,528.6569213867188,104.63066101074219,137.7664794921875,260.07118225097656
477,7,541.2675170898438,104.8346939086914,126.6746826171875,260.0112838745117
478,7,556.4930419921875,106.01861572265625,110.5009765625,258.6356201171875
479,7,570.9105224609375,106.88785552978516,101.281494140625,257.6945114135742
480,7,605.4186401367188,107.35108947753906,86.12060546875,257.25318908691406
481,7,607.3703002929688,107.55998229980469,100.232421875,257.07569885253906
482,7,605.9777221679688,108.36714172363281,115.45220947265625,255.83253479003906
483,7,605.63916015625,108.08477020263672,128.4151611328125,256.48294830322266
484,7,605.8665161132812,110.57196044921875,137.59857177734375,253.86734008789062
485,7,606.3192138671875,110.5224838256836,144.28607177734375,253.23249053955078
486,7,606.4822387695312,110.21163177490234,149.549560546875,253.7824478149414
487,7,607.77294921875,111.00045776367188,151.79705810546875,253.64089965820312
488,7,613.856201171875,108.82280731201172,147.14556884765625,255.56156158447266
489,7,626.3521118164062,108.07866668701172,134.28729248046875,254.60901641845703
490,7,642.80810546875,106.83546447753906,114.669677734375,255.3291778564453
491,7,650.9439086914062,106.81989288330078,103.58245849609375,253.09947967529297
492,7,664.6844482421875,106.54703521728516,93.64019775390625,251.9500961303711
493,7,680.262939453125,106.87274932861328,84.0517578125,250.6957015991211
494,7,684.3654174804688,107.08436584472656,85.41162109375,251.23570251464844
495,7,683.8431396484375,107.8735580444336,90.1331787109375,248.88605499267578
496,7,684.1956787109375,109.05323791503906,95.27886962890625,246.81898498535156
497,7,684.309326171875,109.80343627929688,105.040771484375,243.14923095703125
498,7,684.4042358398438,111.1044921875,114.20013427734375,240.27264404296875
499,7,684.0236206054688,111.54378509521484,119.9346923828125,241.25141143798828
500,7,684.6748657226562,113.43706512451172,123.96270751953125,240.1249771118164
501,7,685.2230224609375,114.54759979248047,128.5093994140625,240.17133331298828
502,7,690.1682739257812,113.2392349243164,130.2664794921875,241.61641693115234
503,7,707.7017211914062,113.8853988647461,120.042724609375,240.2912368774414
504,7,733.6860961914062,114.44020080566406,104.36810302734375,239.8715362548828
505,7,745.0685424804688,113.86029815673828,97.54901123046875,240.49938201904297
506,7,758.6163330078125,114.84048461914062,90.01055908203125,239.32949829101562
507,7,762.3094482421875,114.98670959472656,93.292724609375,239.82044982910156
508,7,761.5536499023438,115.52600860595703,94.325927734375,239.54515838623047
509,7,760.7951049804688,116.61400604248047,94.86517333984375,237.96768951416016
510,7,760.8036499023438,117.94988250732422,94.74127197265625,236.50318145751953
511,7,760.9042358398438,117.98743438720703,94.8023681640625,236.48531341552734
512,7,761.6451416015625,118.93706512451172,94.14862060546875,235.9095230102539
513,7,763.6410522460938,121.9693374633789,92.05010986328125,232.8218002319336
514,7,768.283447265625,130.3675079345703,87.40740966796875,224.5046844482422
515,7,781.0184326171875,131.89202880859375,74.51025390625,221.4642333984375
516,7,796.729736328125,146.14219665527344,58.78302001953125,206.2660675048828
517,7,806.277587890625,151.246826171875,49.4697265625,201.48220825195312
518,7,815.6022338867188,172.58026123046875,40.06964111328125,177.42800903320312
519,7,826.6151123046875,203.98118591308594,29.175048828125,147.16004943847656
520,7,827.0353393554688,210.1915740966797,28.7325439453125,137.18601989746094
521,7,827.775390625,223.75344848632812,28.031494140625,117.71392822265625
522,7,828.4681396484375,237.6168975830078,27.345458984375,104.11973571777344
522,9,827.895751953125,144.67774963378906,27.7939453125,198.9939727783203
523,7,828.8201904296875,261.77215576171875,26.879638671875,79.23727416992188
524,7,828.8599853515625,274.9823913574219,26.822021484375,64.98455810546875
525,7,829.3336791992188,283.3424072265625,26.33917236328125,55.801727294921875
526,7,829.806396484375,285.63067626953125,25.88922119140625,52.593292236328125
527,7,831.303955078125,298.620361328125,24.46624755859375,38.61273193359375
