51,1,0.0,187.12525939941406,17.201576232910156,124.87001037597656
52,1,0.019784893840551376,180.18893432617188,25.95668986812234,143.5911865234375
53,1,0.1298205852508545,150.34808349609375,37.4706814289093,171.09890747070312
54,1,0.11466079950332642,148.1805877685547,53.36747878789902,171.8868865966797
55,1,0.05345785990357399,97.2038345336914,71.15667855367064,220.52599334716797
56,1,0.1577485203742981,93.46722412109375,84.8235976099968,222.5653076171875
57,1,0.05345530807971954,92.39379119873047,90.91455464065075,222.91626739501953
58,1,0.018444301560521126,93.7602767944336,94.0724294167012,221.1186294555664
59,1,0.0,91.67803192138672,96.87325286865234,222.78726959228516
60,1,0.0,90.93915557861328,97.43228149414062,223.40715789794922
61,1,0.27866455912590027,91.52566528320312,97.6283407509327,221.73468017578125
62,1,0.6049679517745972,90.72489166259766,97.73682129383087,221.37435150146484
63,1,1.0301358699798584,86.61451721191406,97.51464867591858,224.5120086669922
64,1,11.780025482177734,86.31273651123047,86.14129257202148,224.26309967041016
65,1,22.68128776550293,83.71963500976562,75.00912666320801,227.0284423828125
66,1,32.3714485168457,83.14933776855469,65.59561538696289,226.8599395751953
67,1,37.89243698120117,83.03050994873047,64.53022384643555,227.81653594970703
68,1,42.77531051635742,83.14283752441406,70.99120712280273,227.4582977294922
69,1,47.73799514770508,83.41325378417969,77.15279006958008,228.36488342285156
70,1,53.26860046386719,82.9200439453125,83.87362670898438,228.287353515625
71,1,58.4006462097168,83.51910400390625,92.93320083618164,227.45986938476562
72,1,60.30697250366211,82.29045867919922,110.36391067504883,227.8094253540039
73,1,59.55620574951172,82.36270904541016,114.46886444091797,226.55733489990234
74,1,60.66105270385742,83.13369750976562,113.91081619262695,225.72036743164062
74,2,0.016312874853610992,235.73336791992188,31.5024458989501,47.847625732421875
75,1,64.66585540771484,80.88575744628906,110.19962310791016,226.1688690185547
75,3,0.11982417851686478,135.67112731933594,40.65609668940306,148.2782440185547
75,2,0.24706435203552246,223.35400390625,39.69582200050354,59.506378173828125
76,1,72.28602600097656,79.0302963256836,102.86656188964844,226.5663833618164
76,2,0.03464110195636749,216.1758575439453,45.54599778354168,66.85530090332031
77,1,81.94913482666016,77.06329345703125,92.80181121826172,226.09185791015625
77,3,0.009275723248720169,138.79490661621094,48.62686700746417,146.2044219970703
77,2,0.11802822351455688,202.8033447265625,47.515856206417084,80.96499633789062
78,1,91.59819793701172,75.7527084350586,83.0938949584961,223.49002838134766
78,3,0.0,138.57427978515625,50.437618255615234,145.2608642578125
79,1,103.17186737060547,76.76460266113281,72.19840240478516,221.4435577392578
79,3,0.0457153357565403,134.6727294921875,50.348575588315725,149.40301513671875
80,1,115.46671295166016,74.978515625,60.85112762451172,222.29196166992188
80,3,0.0558227114379406,133.5884552001953,50.65309299901128,150.1512908935547
81,1,120.57633972167969,74.17314147949219,58.924163818359375,224.1928253173828
81,3,0.11736749112606049,96.58740234375,51.61548162996769,187.090087890625
82,1,125.97135925292969,72.9300537109375,60.963531494140625,225.40863037109375
82,3,0.0,93.50582122802734,53.009521484375,190.34064483642578
83,1,130.7864990234375,73.62666320800781,69.32148742675781,227.2960968017578
83,3,0.013551331125199795,92.09662628173828,55.23530425969511,198.16130828857422
84,1,134.5736846923828,74.54624938964844,82.16624450683594,227.0872344970703
84,3,0.21308396756649017,92.04505920410156,58.5408566147089,197.9861602783203
85,1,136.80812072753906,74.08519744873047,96.34127807617188,224.8466567993164
85,3,0.5243181586265564,91.1889419555664,57.367481768131256,200.08312225341797
86,1,137.14669799804688,75.22855377197266,106.49539184570312,221.67211151123047
86,3,3.6519765853881836,91.52056121826172,69.121262550354,197.80521392822266
87,1,137.4297637939453,76.76017761230469,112.51217651367188,220.6721954345703
87,3,8.252643585205078,92.22750854492188,82.44709396362305,195.45455932617188
88,1,138.93740844726562,77.87071990966797,114.49531555175781,220.25861358642578
88,3,13.838092803955078,91.98246765136719,89.62472152709961,194.62355041503906
89,1,140.75535583496094,78.98841857910156,114.10870361328125,220.6151885986328
89,3,17.843313217163086,91.3328857421875,95.27310371398926,194.4422607421875
90,1,145.15835571289062,78.54546356201172,109.61904907226562,220.95377349853516
90,3,19.908145904541016,93.40776062011719,100.88485336303711,192.1051788330078
90,2,0.04677403345704079,106.57858276367188,34.915517684072256,128.46902465820312
91,1,152.95712280273438,77.83478546142578,101.50392150878906,221.3845443725586
91,3,20.453214645385742,93.68070220947266,104.60855293273926,192.42266082763672
91,4,0.0,89.99947357177734,38.59064483642578,290.71082305908203
91,2,0.0,96.79251098632812,39.469947814941406,136.62831115722656
91,5,0.11595419049263,290.03839111328125,29.484858721494675,90.08465576171875
92,1,162.84603881835938,76.57621765136719,91.61653137207031,223.15989685058594
92,3,24.66055679321289,94.31095123291016,101.62459945678711,191.75969696044922
92,2,0.0076851253397762775,64.83155822753906,41.82540661050007,168.6440887451172
92,4,0.7853369116783142,147.339599609375,46.01658493280411,237.55062866210938
92,5,0.04544747248291969,282.2972412109375,47.08152091130614,100.05001831054688
93,1,173.97401428222656,75.60075378417969,80.57943725585938,223.8599090576172
93,3,32.07346725463867,94.830810546875,94.94610214233398,191.5904541015625
93,2,0.016537370160222054,63.581153869628906,41.061232862994075,170.40129852294922
93,5,0.07130010426044464,269.3251647949219,59.9198612421751,114.54531860351562
94,1,184.050537109375,74.14341735839844,72.40585327148438,225.2135772705078
94,3,43.65416717529297,91.21833038330078,83.3880386352539,195.2285385131836
94,2,0.08091895282268524,63.017738342285156,42.30636437237263,170.56352996826172
94,5,0.2576436698436737,264.1242980957031,69.46065619587898,122.30755615234375
95,1,196.6875,73.96183776855469,60.86285400390625,225.33839416503906
95,2,0.12104104459285736,61.77000045776367,42.88389517366886,172.5901222229004
95,3,52.51968002319336,88.53681945800781,74.19961929321289,197.7517852783203
95,4,0.22194387018680573,91.17208099365234,74.90021036565304,299.8909683227539
95,5,0.2403499037027359,240.84918212890625,72.76631818711758,148.28778076171875
96,1,207.91793823242188,73.07306671142578,63.056427001953125,226.63280487060547
96,2,0.14618703722953796,60.1501579284668,43.93039682507515,180.00459671020508
96,3,54.37083053588867,88.3184585571289,81.9809455871582,198.01131439208984
96,5,0.06746328622102737,202.76690673828125,75.85161935538054,187.85821533203125
97,2,0.17316724359989166,59.91659164428711,48.203606590628624,180.9186897277832
97,1,211.72169494628906,72.94332885742188,70.18705749511719,227.11767578125
97,3,56.743595123291016,87.20914459228516,94.3864860534668,199.11064910888672
97,5,0.1302172690629959,195.07818603515625,75.79105500876904,195.54107666015625
98,2,0.2719781696796417,59.67075729370117,55.80008527636528,181.92261123657227
98,1,216.2236785888672,74.25703430175781,80.65293884277344,224.8098907470703
98,3,58.36495590209961,88.11112213134766,106.47095108032227,198.03148651123047
98,5,0.0,121.4114990234375,76.0464096069336,270.44256591796875
99,2,0.5437675714492798,59.92277526855469,65.84348523616791,180.654296875
99,1,217.3253173828125,75.35863494873047,95.05712890625,223.86811065673828
99,3,61.426883697509766,88.34449768066406,113.01850509643555,198.39064025878906
99,5,0.0,118.98043823242188,75.54711151123047,271.6985168457031
100,2,0.8451316356658936,60.81403732299805,75.17426228523254,178.91252517700195
100,1,217.21664428710938,76.00747680664062,108.40579223632812,224.54071044921875
100,3,65.44889831542969,87.5789566040039,114.55349731445312,199.07994842529297
100,5,0.24678373336791992,116.89375305175781,76.00340700149536,274.5072784423828
101,3,69.8641128540039,88.20449829101562,116.77533721923828,198.13662719726562
101,2,4.534029960632324,61.528472900390625,74.51282215118408,177.8485870361328
101,1,217.37498474121094,77.64949798583984,116.08427429199219,224.33683013916016
101,5,0.0,116.27372741699219,75.43226623535156,275.38584899902344
102,3,74.48889923095703,88.88410949707031,117.17076873779297,196.7236785888672
102,1,218.37197875976562,78.7494888305664,118.35580444335938,225.1053695678711
102,5,0.0,116.58964538574219,76.76533508300781,279.3385772705078
102,2,8.086833953857422,61.105411529541016,74.43363571166992,177.49827194213867
103,3,77.41387176513672,87.1726303100586,117.4320297241211,199.01563262939453
103,5,0.03081703372299671,116.73534393310547,88.65901756100357,285.5194778442383
103,1,218.17044067382812,80.12167358398438,119.74136352539062,225.49435424804688
103,2,12.128694534301758,60.44823455810547,73.21742057800293,180.7052230834961
104,5,0.0,118.36376953125,104.88951873779297,288.571533203125
104,3,82.00865173339844,86.07696533203125,115.64053344726562,200.27737426757812
104,1,220.1207275390625,80.31752014160156,118.72695922851562,226.5005340576172
104,2,12.967711448669434,59.868690490722656,73.13951206207275,192.58040618896484
105,5,0.0,118.71089935302734,117.18891143798828,293.1420364379883
105,3,87.80050659179688,86.67335510253906,112.22285461425781,199.27940368652344
105,1,225.53665161132812,79.90606689453125,114.19705200195312,227.33755493164062
105,2,18.781757354736328,60.02267074584961,54.95708084106445,124.53430557250977
106,5,0.03616919741034508,121.29547882080078,123.17327294126153,293.0781478881836
106,1,234.3441162109375,77.63417053222656,105.12127685546875,229.21315002441406
106,3,93.94145965576172,85.65328979492188,109.33637237548828,200.03741455078125
106,2,24.255313873291016,59.90636444091797,56.77028274536133,179.53137969970703
107,5,0.08790507912635803,120.94242095947266,136.22145161032677,293.7245407104492
107,1,243.7241668701172,75.76688385009766,95.29850769042969,231.19768524169922
107,3,97.95491027832031,83.49359893798828,107.20518493652344,200.5680160522461
107,2,25.390483856201172,59.46995544433594,59.31045913696289,180.59255981445312
108,5,2.4465560913085938,121.2234878540039,143.57628631591797,291.90682220458984
108,3,103.35882568359375,81.46336364746094,104.71978759765625,200.4949188232422
108,1,254.54559326171875,76.48121643066406,84.65292358398438,230.73143005371094
108,2,27.80679702758789,58.6508674621582,61.43857955932617,182.00576400756836
109,5,7.704850196838379,124.08832550048828,145.19499111175537,289.9509811401367
109,1,265.8287658691406,75.5038070678711,75.17050170898438,231.94766998291016
109,3,107.40989685058594,81.00927734375,102.98664855957031,200.36868286132812
109,2,32.92870330810547,59.179100036621094,62.97887420654297,132.87609100341797
110,1,279.2587585449219,75.51457214355469,66.18783569335938,233.72767639160156
110,5,13.891966819763184,122.78536224365234,140.62298679351807,292.64078521728516
110,3,111.63823699951172,80.9737777709961,100.25988006591797,200.43399810791016
110,2,38.86119842529297,58.4509391784668,62.529815673828125,144.68733596801758
111,5,19.48853874206543,123.54904174804688,136.7298755645752,292.46124267578125
111,1,291.28729248046875,75.1158676147461,66.35418701171875,238.90589141845703
111,3,115.85256958007812,81.42607116699219,99.25910949707031,199.8112335205078
111,2,40.07362747192383,57.7841682434082,66.33422470092773,140.8791618347168
112,1,294.99652099609375,76.38735961914062,74.00985717773438,242.70510864257812
112,5,26.30814552307129,123.17693328857422,129.6774501800537,293.01294708251953
112,3,120.13042449951172,81.80217742919922,96.09270477294922,201.07791900634766
112,2,44.725250244140625,58.08430862426758,69.6733169555664,151.52569198608398
113,1,296.0259094238281,77.55998229980469,84.60272216796875,245.62486267089844
113,5,31.72669792175293,124.3353042602539,122.76465034484863,291.68981170654297
113,3,124.26936340332031,80.19776916503906,94.91474914550781,202.18650817871094
113,2,49.25104904174805,58.349876403808594,85.06146621704102,168.83844757080078
114,1,295.92608642578125,77.86883544921875,95.06979370117188,248.26425170898438
114,5,38.38541030883789,123.51301574707031,115.36941146850586,292.11463928222656
114,3,129.0641632080078,80.31217193603516,92.3658447265625,201.37078094482422
114,2,52.680301666259766,59.3058967590332,87.67683029174805,169.89341354370117
115,1,297.0990295410156,78.06278228759766,106.78189086914062,247.74889373779297
115,5,45.93638610839844,122.23405456542969,107.43992614746094,293.1087188720703
115,3,134.17922973632812,80.5622787475586,90.57255554199219,201.14017486572266
115,2,55.96114730834961,59.81058883666992,85.89320755004883,175.29256057739258
116,1,298.0009460449219,79.32064819335938,119.21243286132812,245.53073120117188
116,5,52.05558776855469,120.07852172851562,101.34783935546875,295.9034729003906
116,3,138.24549865722656,81.11579895019531,90.03120422363281,200.76722717285156
116,2,60.28910827636719,58.50120162963867,82.0350341796875,178.72516250610352
117,1,299.9677734375,81.37814331054688,121.1240234375,244.6033935546875
117,5,57.81794357299805,118.48219299316406,97.93840408325195,297.73695373535156
117,3,142.84169006347656,82.0222396850586,89.04603576660156,199.31314849853516
117,2,66.15233612060547,61.30633544921875,83.85150909423828,175.4239501953125
118,1,300.5479736328125,82.95095825195312,124.7764892578125,244.68014526367188
118,5,63.34779739379883,118.66307830810547,99.65307235717773,297.77310943603516
118,3,146.32540893554688,82.53456115722656,89.03762817382812,199.96397399902344
118,2,71.1442642211914,59.391700744628906,83.70267486572266,176.1258773803711
119,1,303.7182312011719,84.22257995605469,122.57760620117188,245.4443817138672
119,5,69.27728271484375,115.90290832519531,101.40896606445312,301.1603546142578
119,3,146.587890625,83.08104705810547,92.94871520996094,200.2167739868164
119,2,74.58859252929688,56.944847106933594,77.33377075195312,182.91094207763672
120,1,316.8691101074219,83.43559265136719,111.75064086914062,245.53831481933594
120,5,79.55941772460938,116.10228729248047,134.58265686035156,299.3152542114258
120,3,151.71664428710938,83.48513793945312,96.53952026367188,199.29620361328125
120,2,85.22071838378906,58.52067947387695,38.89422607421875,112.26278305053711
121,1,328.0635070800781,83.24217987060547,99.92410278320312,246.24405670166016
121,5,80.9335708618164,113.48263549804688,152.9106216430664,302.64898681640625
121,3,157.11566162109375,83.44404602050781,96.4794921875,199.6314239501953
121,2,89.1160888671875,57.10049057006836,38.370208740234375,113.75168228149414
122,1,340.3968811035156,81.9640884399414,86.87832641601562,248.33855438232422
122,5,87.25296020507812,111.70845031738281,158.3495635986328,305.0973663330078
122,3,163.8575897216797,83.57434844970703,94.67710876464844,198.96800994873047
122,2,92.1137466430664,52.93036651611328,41.04608917236328,200.3016586303711
123,1,352.7432861328125,81.05426788330078,75.32473754882812,248.82372283935547
123,5,90.49220275878906,114.69898986816406,159.13511657714844,302.31324768066406
123,3,170.33187866210938,82.58811950683594,91.28396606445312,199.85459899902344
123,2,95.18830871582031,54.608497619628906,41.39337158203125,123.2697525024414
124,5,100.48357391357422,113.94192504882812,153.7365951538086,302.0534973144531
124,1,366.83416748046875,80.72645568847656,66.01531982421875,250.4097137451172
124,3,175.46243286132812,81.87590026855469,90.36160278320312,200.70555114746094
124,2,99.47562408447266,53.92008972167969,42.75214385986328,126.93218994140625
125,5,110.5680923461914,112.81000518798828,143.74211883544922,303.67147064208984
125,1,379.2526550292969,80.46187591552734,66.97445678710938,249.82068634033203
125,3,179.77207946777344,81.26246643066406,88.67539978027344,201.19725036621094
125,2,102.29940795898438,53.889896392822266,45.088104248046875,142.1808738708496
126,1,385.38189697265625,81.97357940673828,77.81005859375,247.76702117919922
126,5,113.30817413330078,111.7742691040039,140.08194732666016,305.1123275756836
126,3,183.18817138671875,81.61676025390625,89.08322143554688,202.39813232421875
126,2,105.76663970947266,52.029327392578125,45.39049530029297,183.5659637451172
127,5,116.69243621826172,109.29692840576172,138.07549285888672,306.00659942626953
127,1,384.2403259277344,82.91268920898438,94.46258544921875,247.04769897460938
127,3,187.4180145263672,82.02641296386719,87.75990295410156,200.11488342285156
127,2,110.9343032836914,53.60586166381836,44.37891387939453,182.83717727661133
128,1,383.8226623535156,83.93042755126953,109.35415649414062,246.05284881591797
128,5,130.61256408691406,108.00395965576172,124.30612182617188,302.43424224853516
128,2,114.62285614013672,56.41590881347656,54.06836700439453,179.3795928955078
128,3,190.76641845703125,81.79345703125,89.69540405273438,196.08895874023438
129,5,143.10162353515625,109.08988189697266,111.59446716308594,299.6009750366211
129,1,383.9443359375,85.3651123046875,120.3251953125,243.70986938476562
129,2,119.50884246826172,56.782691955566406,58.028892517089844,179.46163177490234
129,3,196.8722381591797,81.36203002929688,88.00038146972656,198.09304809570312
130,1,384.0534362792969,86.2064208984375,131.12588500976562,243.16500854492188
130,5,156.46102905273438,108.25239562988281,96.51817321777344,300.4196014404297
130,2,121.69239807128906,55.282188415527344,61.429107666015625,180.83617401123047
130,3,201.6222381591797,80.77495574951172,86.65855407714844,198.39005279541016
131,5,165.3296356201172,106.9847183227539,87.09979248046875,304.5181198120117
131,2,123.74935913085938,55.19742965698242,64.54598999023438,180.89656448364258
131,1,384.49078369140625,87.50787353515625,139.34466552734375,242.49978637695312
131,3,205.8883056640625,80.51737976074219,86.21078491210938,200.49781799316406
132,1,385.344970703125,88.14347076416016,145.5772705078125,241.84716033935547
132,5,172.77078247070312,108.15364837646484,83.29541015625,307.6719741821289
132,2,124.65036010742188,55.53196716308594,68.94808959960938,180.4910888671875
132,3,211.06753540039062,82.3605728149414,86.00177001953125,200.32173919677734
133,5,178.0630340576172,108.57379913330078,110.09953308105469,310.8254928588867
133,2,126.00972747802734,55.03207015991211,69.21997833251953,181.10400772094727
133,1,387.134521484375,89.11373138427734,146.9835205078125,241.01654815673828
133,3,216.12120056152344,81.60801696777344,87.50010681152344,201.50181579589844
134,2,130.17088317871094,54.843505859375,66.545654296875,186.0496368408203
134,1,393.2860107421875,89.13401794433594,144.42071533203125,241.0856170654297
134,5,184.8294219970703,107.68899536132812,105.75981140136719,314.44244384765625
134,3,221.0644989013672,81.83816528320312,83.31449890136719,200.84109497070312
135,2,139.1131134033203,54.49649429321289,59.17414855957031,186.79401779174805
135,5,191.96444702148438,107.43311309814453,116.73056030273438,315.1290817260742
135,1,402.5975341796875,88.19178009033203,135.13861083984375,241.62615203857422
135,3,225.7243194580078,81.49940490722656,81.92671203613281,202.4617462158203
136,2,144.68380737304688,53.0185432434082,56.61309814453125,189.4106101989746
136,5,200.1939239501953,111.28720092773438,130.0871124267578,310.1997375488281
136,1,415.97967529296875,86.8016128540039,119.89306640625,241.7181625366211
136,3,230.18389892578125,81.561279296875,82.7940673828125,201.07070922851562
137,2,151.63632202148438,52.634952545166016,54.19160461425781,189.99270248413086
137,5,207.42872619628906,111.11888122558594,136.02598571777344,309.09361267089844
137,1,429.57684326171875,86.0550765991211,102.11199951171875,242.09070587158203
137,3,229.66064453125,81.13825988769531,82.73544311523438,202.72767639160156
138,2,156.08766174316406,52.38187789916992,53.331390380859375,190.47697830200195
138,5,209.1389617919922,114.6080322265625,140.11204528808594,307.8404541015625
138,1,442.5947265625,86.19813537597656,86.79669189453125,242.21360778808594
138,3,231.54397583007812,79.8156509399414,83.02349853515625,203.6997299194336
139,5,208.8014678955078,116.96836853027344,143.4077911376953,307.88905334472656
139,2,160.3799285888672,51.758697509765625,57.04277038574219,190.60240173339844
139,1,457.54608154296875,85.4725112915039,75.911865234375,243.9916000366211
139,3,235.716796875,79.68785858154297,83.55941772460938,115.6360092163086
140,5,209.18853759765625,115.48230743408203,143.22421264648438,310.66512298583984
140,2,164.6127471923828,51.12924575805664,60.62004089355469,191.9984245300293
140,1,472.7224426269531,87.23905181884766,70.27682495117188,246.29314422607422
140,3,239.17747497558594,79.88509368896484,82.22016906738281,147.34783172607422
141,5,210.26890563964844,113.28885650634766,142.3484649658203,312.84493255615234
141,2,169.07838439941406,51.11024475097656,69.37849426269531,192.40567016601562
141,1,480.8693542480469,87.53062438964844,76.87527465820312,248.95692443847656
141,3,242.24203491210938,80.54733276367188,84.54843139648438,159.079345703125
142,1,480.56988525390625,87.94449615478516,90.28802490234375,253.4524154663086
142,2,173.3795928955078,52.3332405090332,77.22915649414062,190.48032760620117
142,5,215.2376708984375,114.36634826660156,137.66415405273438,312.58860778808594
142,3,246.17361450195312,79.843017578125,80.27890014648438,108.23574829101562
143,1,480.2371520996094,88.88298034667969,103.27194213867188,254.46653747558594
143,2,174.131591796875,53.44036865234375,82.07730102539062,189.42538452148438
143,5,231.82931518554688,112.25856018066406,121.07644653320312,314.4709014892578
143,3,250.11123657226562,80.68083190917969,73.3538818359375,113.80775451660156
144,1,481.8885192871094,91.20960235595703,128.41506958007812,251.3604965209961
144,2,174.40487670898438,55.14237976074219,92.71658325195312,187.81736755371094
144,5,256.747314453125,111.27196502685547,95.18820190429688,315.8006057739258
144,3,255.95962524414062,82.34139251708984,37.894134521484375,200.58301544189453
145,1,483.0438232421875,93.4323501586914,132.16693115234375,248.90047454833984
145,2,175.0659637451172,55.3087272644043,93.36500549316406,187.86955642700195
145,5,272.4649353027344,111.13068389892578,79.785888671875,316.4565658569336
145,3,257.98309326171875,82.19972229003906,40.97259521484375,201.4167938232422
146,1,484.0086975097656,95.22977447509766,134.91378784179688,249.71892547607422
146,2,176.89120483398438,53.49287033081055,93.201416015625,189.8701515197754
146,5,282.23272705078125,110.09970092773438,79.42068481445312,318.20367431640625
146,3,258.9785461425781,83.569091796875,48.64422607421875,200.09390258789062
147,1,485.2156677246094,95.42645263671875,138.06906127929688,250.34524536132812
147,2,178.8888397216797,52.49017333984375,94.80488586425781,189.80319213867188
147,5,288.65240478515625,110.55592346191406,82.07785034179688,316.86827087402344
147,3,259.13885498046875,83.15184020996094,54.356292724609375,200.7444610595703
148,1,488.9490966796875,95.11344909667969,137.7562255859375,250.7351531982422
148,2,184.26963806152344,51.00872039794922,91.54789733886719,189.94593048095703
148,5,293.1784973144531,112.02981567382812,89.00924682617188,315.81109619140625
148,3,258.77313232421875,84.23693084716797,64.55364990234375,198.91974639892578
149,1,498.0568542480469,95.4771728515625,127.39120483398438,250.07095336914062
149,2,191.96299743652344,49.49182891845703,85.53224182128906,190.12357330322266
149,5,299.1319274902344,112.24053955078125,106.04595947265625,315.0707702636719
149,3,258.26568603515625,85.49966430664062,73.3699951171875,197.97805786132812
150,2,200.6107635498047,48.698211669921875,76.80223083496094,190.29071044921875
150,1,509.6473693847656,95.27297973632812,113.86489868164062,250.25625610351562
150,5,305.79034423828125,112.71553039550781,122.38601684570312,314.77330017089844
150,3,260.4262390136719,85.21944427490234,78.137939453125,199.47632598876953
151,2,211.16354370117188,48.690494537353516,68.07000732421875,190.33291244506836
151,1,520.8583374023438,94.74516296386719,103.329345703125,251.32167053222656
151,5,305.49432373046875,114.31553649902344,135.76132202148438,313.4846649169922
151,3,263.7357177734375,84.21611022949219,82.6204833984375,201.4098358154297
152,2,220.73104858398438,48.0161018371582,58.563507080078125,191.6540184020996
152,5,306.11407470703125,113.82843017578125,140.82864379882812,313.95404052734375
152,1,533.6021728515625,95.27745056152344,98.199462890625,251.0350799560547
152,3,270.4333801269531,83.99811553955078,84.06027221679688,209.47969818115234
153,2,227.2708282470703,47.44670104980469,55.25007629394531,197.0040283203125
153,5,306.11846923828125,113.7442855834961,143.22122192382812,313.52384185791016
153,1,547.1396484375,95.83447265625,94.75897216796875,249.66354370117188
153,3,278.7306823730469,83.3798599243164,82.96957397460938,215.5476303100586
154,2,230.60107421875,47.123172760009766,58.88995361328125,199.23028182983398
154,5,307.5644836425781,114.010498046875,142.01544189453125,313.3661804199219
154,1,561.4866333007812,95.51602935791016,95.64154052734375,249.38106536865234
154,3,286.4522399902344,83.22159576416016,82.85134887695312,214.9563217163086
155,2,234.9511260986328,48.08351135253906,60.17082214355469,198.6732940673828
155,5,309.5226135253906,113.27692413330078,139.39505004882812,314.3662338256836
155,1,574.81201171875,95.63670349121094,97.6669921875,249.7811737060547
155,3,297.6370849609375,82.34521484375,81.39556884765625,211.73809814453125
156,2,238.75689697265625,49.13758850097656,61.393524169921875,196.42184448242188
156,5,317.4284973144531,114.20093536376953,131.40304565429688,311.13704681396484
156,1,575.70556640625,96.45270538330078,110.55010986328125,249.5289535522461
156,3,303.9936218261719,82.22501373291016,81.5369873046875,213.1456527709961
157,2,241.74200439453125,50.20176315307617,70.10479736328125,191.9382667541504
157,1,575.227783203125,97.74346923828125,123.1751708984375,248.90557861328125
157,5,339.4366760253906,112.46174621582031,110.38101196289062,309.72434997558594
157,3,306.6516418457031,82.30707550048828,86.77603149414062,213.11702728271484
158,2,244.3034210205078,50.652366638183594,73.70124816894531,190.63611602783203
158,1,575.113525390625,98.43986511230469,133.0499267578125,247.2038116455078
158,5,351.79443359375,111.95706939697266,98.10601806640625,310.0121383666992
158,3,309.0144348144531,82.15821075439453,92.48318481445312,214.00286102294922
159,2,244.97116088867188,51.50948715209961,75.73495483398438,190.61299514770508
159,1,575.7616577148438,100.03849792480469,141.0093994140625,245.15623474121094
159,5,367.07708740234375,112.84272003173828,90.08474731445312,310.2351303100586
159,3,312.6216125488281,82.47219848632812,95.59683227539062,213.98471069335938
160,2,244.308349609375,52.51792907714844,78.93246459960938,190.71022033691406
160,1,575.8363037109375,101.49784851074219,147.7392578125,243.5393524169922
160,5,385.07647705078125,112.1716537475586,84.36959838867188,315.6288528442383
160,3,313.86236572265625,82.11490631103516,100.95703125,213.74739837646484
161,1,576.9533081054688,102.20953369140625,151.72882080078125,242.77389526367188
161,2,245.5579376220703,52.784263610839844,79.39598083496094,191.22406768798828
161,5,399.5364685058594,110.8927001953125,82.31829833984375,322.5580139160156
161,3,313.92425537109375,81.68340301513672,108.48788452148438,214.1210708618164
162,2,247.69097900390625,52.95438003540039,78.971435546875,191.37896347045898
162,5,403.7467041015625,112.3735122680664,96.24276733398438,324.19295501708984
162,1,578.4432983398438,103.3668212890625,152.9515380859375,241.97943115234375
162,3,313.6344299316406,81.95713806152344,114.83627319335938,213.73658752441406
163,5,404.3599853515625,113.63880157470703,110.22894287109375,325.9099349975586
163,2,253.16799926757812,52.15829849243164,75.7960205078125,192.08738327026367
163,1,584.4280395507812,103.22779083251953,148.73419189453125,242.4604721069336
163,3,313.3130798339844,82.66046142578125,117.554443359375,213.01181030273438
163,4,0.0,150.13983154296875,22.966461181640625,171.75918579101562
164,5,404.4469909667969,115.75407409667969,124.47128295898438,323.58177185058594
164,2,260.7052001953125,51.19517517089844,69.35067749023438,193.94586181640625
164,1,592.1465454101562,103.9400634765625,141.15399169921875,241.59365844726562
164,3,313.572021484375,82.7463607788086,119.52093505859375,213.06476593017578
164,4,0.0,147.12049865722656,31.209125518798828,174.6592254638672
165,5,403.49786376953125,117.48124694824219,142.89752197265625,317.90025329589844
165,2,270.27191162109375,52.14422607421875,59.739898681640625,193.7827606201172
165,1,604.113037109375,102.44979858398438,128.07928466796875,241.54757690429688
165,3,314.4375305175781,82.37012481689453,121.21075439453125,213.69805145263672
165,4,0.09917064756155014,146.66404724121094,44.5410271063447,174.04542541503906
166,5,403.8464660644531,118.48184967041016,151.42300415039062,314.95735931396484
166,2,278.48809814453125,51.052181243896484,52.70611572265625,195.15735244750977
166,1,617.0421142578125,101.469482421875,113.48431396484375,241.98812866210938
166,3,316.487060546875,80.20706939697266,123.76284790039062,214.88155364990234
166,4,0.161478191614151,143.64356994628906,52.43756279349327,176.55018615722656
167,5,403.8538818359375,120.09954071044922,154.21429443359375,316.64344024658203
167,2,282.87054443359375,51.1998176574707,53.53118896484375,194.71186447143555
167,3,320.8824157714844,80.74910736083984,118.41766357421875,213.6033706665039
167,1,628.5230712890625,102.1142807006836,100.47552490234375,241.19010162353516
167,4,0.23686768114566803,140.64910888671875,56.610811457037926,180.261474609375
168,5,404.1571044921875,120.62569427490234,157.77484130859375,316.9599075317383
168,2,291.07293701171875,50.93708801269531,56.701416015625,195.6019744873047
168,3,335.71923828125,80.71183013916016,105.4627685546875,212.2472152709961
168,1,654.9436645507812,103.6989517211914,75.921142578125,241.7868881225586
168,4,0.29911401867866516,107.53753662109375,59.239574640989304,214.2574462890625
169,5,409.98138427734375,120.88749694824219,150.554443359375,317.5182342529297
169,2,295.4693603515625,51.40419006347656,64.87271118164062,195.25082397460938
169,3,343.30377197265625,80.66027069091797,91.89581298828125,211.37384796142578
169,4,0.1153699979186058,100.1421890258789,59.83620623499155,221.69417572021484
169,1,658.6415405273438,104.04475402832031,77.78350830078125,243.07981872558594
170,5,425.20513916015625,119.4692153930664,133.3699951171875,318.70418548583984
170,2,298.6961975097656,51.329566955566406,72.6956787109375,195.4038314819336
170,3,352.5422058105469,79.45154571533203,77.50360107421875,213.20455169677734
170,1,658.4530639648438,102.92005920410156,85.6815185546875,246.08436584472656
170,4,0.0,96.0882797241211,59.75788879394531,225.59113311767578
171,2,299.46710205078125,52.33952713012695,76.9996337890625,195.13056564331055
171,5,442.2157897949219,119.37301635742188,119.92044067382812,319.0465087890625
171,3,364.2546081542969,79.94452667236328,56.7498779296875,213.42668914794922
171,1,658.85009765625,104.4769058227539,91.18914794921875,247.74553680419922
171,4,0.05231497809290886,95.53419494628906,60.500137109309435,226.07627868652344
172,3,370.8587951660156,78.6783676147461,45.980804443359375,216.73682403564453
172,2,299.0550231933594,53.41392135620117,81.13238525390625,193.90028762817383
172,4,0.08191769570112228,95.44869995117188,59.79638583213091,226.03521728515625
172,5,457.1352233886719,118.90779876708984,113.15487670898438,319.5650100708008
172,1,659.4418334960938,103.7602310180664,100.78466796875,248.90804290771484
173,4,0.13119179010391235,93.68121337890625,61.02789634466171,227.73184204101562
173,2,298.158203125,54.64063262939453,83.38723754882812,193.08844757080078
173,3,373.7538146972656,79.1087417602539,50.10302734375,215.2777328491211
173,5,472.0321350097656,119.38441467285156,105.68185424804688,318.89817810058594
173,1,660.1015625,105.4398422241211,117.69891357421875,245.67041778564453
174,4,0.06616223603487015,93.22196960449219,65.48453509062529,228.1402130126953
174,2,298.9958801269531,55.13813400268555,83.72119140625,192.77870559692383
174,3,374.2122802734375,79.91926574707031,62.323211669921875,214.0634307861328
174,5,492.77392578125,118.6946029663086,91.63525390625,320.19303131103516
174,1,659.9226684570312,107.51434326171875,125.07208251953125,242.5225830078125
175,2,299.1761474609375,54.8693733215332,84.748779296875,193.02497482299805
175,5,506.56829833984375,117.99738311767578,85.88531494140625,320.24385833740234
175,3,373.2948303222656,80.79597473144531,77.03253173828125,212.30662536621094
175,1,660.9578857421875,109.68930053710938,124.15045166015625,240.45574951171875
175,4,0.08810661733150482,92.18708801269531,71.39554359018803,229.38389587402344
176,2,300.1911315917969,53.210731506347656,84.58612060546875,194.63831329345703
176,5,502.4035339355469,119.281982421875,97.55905151367188,319.29046630859375
176,4,0.6593059301376343,90.80459594726562,83.13454782962799,231.1544189453125
176,1,662.1611328125,109.6374740600586,124.0330810546875,241.83533477783203
176,3,372.0128173828125,82.60205841064453,87.9560546875,210.00719451904297
177,2,304.9198303222656,52.65515899658203,82.90322875976562,194.81269073486328
177,5,499.1290588378906,120.10627746582031,107.68630981445312,319.01524353027344
177,4,2.998528003692627,90.31619262695312,98.40465497970581,230.98995971679688
177,3,372.0396423339844,82.67680358886719,94.09432983398438,210.27452087402344
177,1,666.1901245117188,110.93621826171875,123.18634033203125,240.53143310546875
178,2,311.4453430175781,51.830291748046875,79.10714721679688,194.57240295410156
178,5,499.4673767089844,121.30686950683594,122.37930297851562,317.0255584716797
178,4,7.856231212615967,90.23953247070312,107.61393785476685,230.84732055664062
178,3,372.2257995605469,83.788330078125,96.08197021484375,208.95968627929688
178,1,674.00146484375,111.51227569580078,122.3865966796875,240.16057586669922
179,5,503.8123779296875,122.8652572631836,135.19195556640625,315.89966583251953
179,2,318.13885498046875,50.868404388427734,73.41925048828125,195.09071731567383
179,4,11.00910472869873,89.46110534667969,116.20226764678955,231.59031677246094
179,3,372.9619140625,84.06890106201172,95.99029541015625,208.50055694580078
179,1,681.4307861328125,111.11119079589844,120.65032958984375,240.35203552246094
180,2,326.9093322753906,51.16776657104492,67.46347045898438,195.4906349182129
180,5,507.3654479980469,123.94131469726562,138.67910766601562,314.7172546386719
180,4,16.846872329711914,88.47434997558594,115.2437801361084,232.53562927246094
180,3,372.2269592285156,84.66138458251953,96.64114379882812,207.97386932373047
180,1,689.84912109375,111.99356842041016,118.24224853515625,240.17705535888672
181,2,336.66827392578125,51.28941345214844,67.815673828125,197.49365234375
181,5,508.6745910644531,125.2142333984375,139.51315307617188,313.1878356933594
181,4,19.99032211303711,89.19578552246094,113.7233772277832,231.7407989501953
181,3,374.1240234375,84.49110412597656,94.13629150390625,208.41847229003906
181,1,700.7955932617188,111.23420715332031,114.0347900390625,240.9880828857422
182,5,511.5821533203125,124.53984832763672,136.988525390625,314.4690933227539
182,2,346.6669006347656,51.520225524902344,61.217254638671875,201.0000991821289
182,4,23.08312225341797,86.62420654296875,112.5708236694336,234.21163940429688
182,3,377.1814270019531,82.20386505126953,91.10055541992188,210.43578338623047
182,1,712.5826416015625,111.33098602294922,112.4862060546875,240.58850860595703
183,5,513.5593872070312,124.03166198730469,137.74176025390625,313.75035095214844
183,2,353.1058654785156,52.046043395996094,51.361083984375,202.05440521240234
183,4,25.04213523864746,84.48674774169922,110.82666969299316,236.61383819580078
183,1,725.8995361328125,110.68097686767578,111.3287353515625,240.02022552490234
183,3,384.50579833984375,81.88424682617188,84.26544189453125,211.02182006835938
184,5,522.4522705078125,121.98895263671875,135.06085205078125,313.8857116699219
184,2,356.0631408691406,52.47542953491211,50.4757080078125,202.21945571899414
184,4,26.265775680541992,86.20460510253906,109.30920600891113,234.60520935058594
184,1,740.8240966796875,111.42830657958984,106.48199462890625,240.0444107055664
184,3,391.262451171875,82.26610565185547,77.48733520507812,210.5987319946289
185,5,544.6920776367188,121.77613067626953,119.71575927734375,311.46886444091797
185,2,358.48626708984375,52.979225158691406,49.8839111328125,203.20342254638672
185,4,33.365867614746094,86.73052978515625,101.9271011352539,233.07980346679688
185,3,398.5897521972656,82.5017318725586,83.70135498046875,210.65876007080078
185,1,746.5676879882812,111.8955078125,108.87237548828125,239.6575927734375
186,2,360.6684875488281,52.70785140991211,53.39886474609375,203.78326797485352
186,4,41.04450988769531,85.05879211425781,94.06294250488281,234.24571228027344
186,5,560.4763793945312,122.60742950439453,110.00726318359375,306.04882049560547
186,3,403.23565673828125,82.91104888916016,95.25119018554688,210.13069915771484
186,1,746.4617309570312,112.58877563476562,109.48297119140625,238.63525390625
187,2,362.9629821777344,53.046573638916016,55.546661376953125,203.70229721069336
187,4,49.686973571777344,84.35123443603516,85.19902801513672,234.31200408935547
187,5,573.322021484375,120.316162109375,105.4210205078125,308.9336853027344
187,1,746.484619140625,113.12063598632812,109.419189453125,238.053466796875
187,3,402.5735168457031,82.1888427734375,109.65304565429688,210.53485107421875
188,4,56.48774719238281,84.35740661621094,79.74952697753906,234.0300750732422
188,2,365.2017822265625,54.16250991821289,55.12158203125,202.93645858764648
188,3,408.5802001953125,82.46227264404297,114.35260009765625,210.4343032836914
188,5,592.147705078125,120.0243148803711,94.148681640625,311.7447280883789
188,1,746.4520874023438,113.61795806884766,109.43548583984375,237.6147689819336
189,2,367.18048095703125,55.272708892822266,48.106719970703125,200.3131217956543
189,4,58.357093811035156,83.07054901123047,77.05709075927734,236.23477935791016
189,3,410.5311279296875,82.49439239501953,117.45257568359375,211.18303680419922
189,5,606.6248168945312,121.33647155761719,86.295166015625,311.5120391845703
189,1,747.2306518554688,113.84768676757812,108.6829833984375,237.1129150390625
190,4,63.086917877197266,82.25686645507812,78.84475326538086,237.98928833007812
190,2,369.3064270019531,56.37592697143555,49.721405029296875,199.97316360473633
190,5,606.5479125976562,120.97386169433594,95.85687255859375,313.88746643066406
190,3,413.4479064941406,81.92756652832031,115.09817504882812,211.4917755126953
190,1,748.93896484375,114.16373443603516,106.862060546875,236.12084197998047
191,4,66.96488189697266,81.87583923339844,83.17281341552734,237.1724395751953
191,5,605.9113159179688,122.8992919921875,108.1148681640625,311.9222106933594
191,2,371.1600341796875,58.226192474365234,52.8619384765625,197.47290420532227
191,1,750.4678344726562,114.76142120361328,105.2254638671875,234.5206527709961
191,3,414.7394714355469,81.89189147949219,114.64944458007812,212.2688751220703
192,4,76.47601318359375,82.38124084472656,92.47821044921875,233.03480529785156
192,5,605.7710571289062,125.24394989013672,135.1663818359375,304.9390640258789
192,2,374.56402587890625,59.800514221191406,59.12078857421875,196.55919647216797
192,3,420.22686767578125,83.14842224121094,90.00436401367188,210.98350524902344
192,1,760.5235595703125,113.52052307128906,94.92108154296875,234.64076232910156
193,4,78.75004577636719,83.43326568603516,100.16299438476562,230.3443832397461
193,5,605.485595703125,127.49435424804688,145.84478759765625,299.4223937988281
193,2,374.97833251953125,60.338130950927734,64.90164184570312,196.76367568969727
193,3,423.1333923339844,82.67283630371094,77.28439331054688,211.2832489013672
193,1,771.3341064453125,113.35201263427734,83.98968505859375,233.05030059814453
194,4,83.5591812133789,83.41336059570312,103.07115936279297,229.67764282226562
194,5,605.83544921875,129.1802978515625,147.91583251953125,301.15911865234375
194,2,374.93267822265625,60.338905334472656,73.58953857421875,197.48006439208984
194,3,427.02728271484375,82.16736602783203,73.42364501953125,211.21471405029297
194,1,780.5007934570312,111.88683319091797,75.12200927734375,231.5357437133789
195,4,89.64232635498047,83.69900512695312,100.73914337158203,229.38241577148438
195,5,605.5489501953125,129.5349884033203,150.31939697265625,302.2132110595703
195,2,374.7038269042969,61.94761657714844,83.1563720703125,194.5330047607422
195,3,430.2696228027344,82.05628204345703,71.85513305664062,210.2213363647461
195,1,788.9076538085938,111.45631408691406,66.75567626953125,230.8949432373047
196,5,605.2449951171875,129.288818359375,151.69091796875,302.2406005859375
196,4,95.50613403320312,83.41973876953125,96.18524169921875,230.57723999023438
196,2,375.0734558105469,61.816062927246094,84.94015502929688,193.94339752197266
196,3,432.2809143066406,82.36283874511719,73.27169799804688,208.8372039794922
196,1,798.7750854492188,111.21981048583984,56.88458251953125,230.8594741821289
197,5,608.817138671875,129.5108642578125,153.62451171875,301.6518249511719
197,4,96.9056396484375,82.84929656982422,95.39901733398438,231.2190933227539
197,2,375.17584228515625,61.660160064697266,86.834716796875,194.47484970092773
197,3,435.9006652832031,81.65687561035156,74.70928955078125,207.01307678222656
197,1,807.4366455078125,111.35771179199219,48.31903076171875,232.71189880371094
198,4,98.34252166748047,82.47044372558594,94.12967681884766,231.4054412841797
198,2,375.518798828125,62.52220153808594,86.11068725585938,194.1301727294922
198,5,626.05029296875,129.13748168945312,143.91070556640625,302.39617919921875
198,3,439.1435852050781,80.92160034179688,74.30996704101562,206.42068481445312
198,1,807.7969970703125,111.84181213378906,47.90478515625,233.89231872558594
199,2,377.33642578125,63.09523391723633,84.929443359375,193.76581954956055
199,4,104.06546020507812,82.96741485595703,88.34780883789062,231.04851531982422
199,3,441.2119140625,80.63475799560547,75.5738525390625,207.3208999633789
199,5,640.0028076171875,128.2353973388672,137.7391357421875,303.5857696533203
199,1,808.5477905273438,130.4882354736328,47.0931396484375,211.36122131347656
200,4,115.2149887084961,82.89022064208984,77.3374252319336,231.6175308227539
200,3,443.3936767578125,80.07492065429688,75.44830322265625,208.66278076171875
200,2,379.88140869140625,63.98788833618164,82.386474609375,193.43651962280273
200,5,653.3020629882812,128.78077697753906,132.3818359375,303.2480010986328
200,1,807.991455078125,145.5027618408203,47.658203125,196.65687561035156
201,4,118.05873107910156,82.52417755126953,74.46330261230469,231.9259262084961
201,5,669.94140625,128.4637908935547,121.4019775390625,303.50440979003906
201,2,387.875244140625,63.495121002197266,75.8277587890625,194.27553939819336
201,3,445.8772277832031,80.17559814453125,75.36685180664062,206.14813232421875
201,1,807.9561767578125,150.93997192382812,47.6392822265625,188.77890014648438
202,2,397.5468444824219,64.49321746826172,67.054443359375,194.63324737548828
202,5,681.2981567382812,129.0672607421875,113.89501953125,302.7259521484375
202,3,446.8023376464844,80.3117446899414,79.04501342773438,206.06542205810547
202,4,120.62193298339844,82.14743041992188,75.92158508300781,231.73760986328125
202,1,808.025634765625,152.07254028320312,47.59228515625,187.82763671875
203,5,696.8050537109375,129.7796630859375,103.36773681640625,302.08538818359375
203,2,406.9024353027344,63.62908172607422,59.01702880859375,197.9480972290039
203,4,125.10499572753906,82.10344696044922,76.87178039550781,232.40973663330078
203,3,449.53656005859375,80.26316833496094,80.95220947265625,206.11415100097656
203,1,807.8577270507812,153.970703125,47.7113037109375,185.40142822265625
204,5,701.6094970703125,130.8636474609375,106.12127685546875,301.3458557128906
204,2,408.3765869140625,61.99629211425781,60.8499755859375,199.46702575683594
204,4,129.6324920654297,81.36921691894531,79.42524719238281,233.4288787841797
204,3,453.16705322265625,80.9260025024414,83.08795166015625,205.30196380615234
204,1,808.7401123046875,165.86602783203125,46.9005126953125,172.74624633789062
205,5,700.4828491210938,132.11837768554688,113.91900634765625,300.06292724609375
205,4,133.59182739257812,81.5184326171875,89.91316223144531,233.60806274414062
205,2,410.6070556640625,61.2138557434082,58.644134521484375,201.4994010925293
205,3,449.1145935058594,80.84718322753906,91.31710815429688,204.6327362060547
205,1,808.5160522460938,172.87924194335938,47.21429443359375,165.96994018554688
206,5,701.7009887695312,132.80345153808594,116.1434326171875,299.55039978027344
206,2,412.504150390625,60.92750930786133,58.045989990234375,201.9165153503418
206,4,139.32171630859375,81.359375,100.90635681152344,233.56674194335938
206,3,453.9947509765625,81.29193878173828,87.95526123046875,203.2909164428711
206,1,809.0032958984375,227.97149658203125,46.4495849609375,109.426513671875
207,5,703.4240112304688,133.79388427734375,121.58056640625,298.7842102050781
207,4,143.8295440673828,81.62761688232422,107.52272033691406,232.57672882080078
207,2,414.130615234375,60.952693939208984,55.98773193359375,202.52917861938477
207,3,459.02783203125,81.6663818359375,85.64501953125,202.56558227539062
207,1,810.6546020507812,218.3710174560547,45.0360107421875,117.48002624511719
208,5,703.632080078125,135.8654022216797,126.33935546875,296.3849639892578
208,4,147.59742736816406,81.70419311523438,105.43499755859375,232.77249145507812
208,2,415.26507568359375,60.60060501098633,56.47747802734375,205.86155319213867
208,3,458.3294982910156,82.75616455078125,89.46890258789062,201.53439331054688
208,1,815.980224609375,220.2256622314453,39.95880126953125,112.99098205566406
209,5,704.7953491210938,137.26486206054688,129.88677978515625,294.66448974609375
209,2,417.00372314453125,60.40166091918945,57.497344970703125,206.63859176635742
209,4,151.90093994140625,81.42938232421875,101.20223999023438,233.6121826171875
209,3,457.4756774902344,83.68254089355469,95.21780395507812,200.8188934326172
209,6,819.7444458007812,271.30255126953125,35.61798095703125,61.33941650390625
209,1,820.5302734375,202.25857543945312,35.2462158203125,130.38125610351562
210,5,706.3779296875,139.43104553222656,136.5673828125,292.5885772705078
210,2,418.1537170410156,60.547645568847656,57.257232666015625,206.2735824584961
210,4,153.25413513183594,80.82288360595703,100.33413696289062,233.9999008178711
210,3,461.5053405761719,85.14027404785156,94.12405395507812,199.6931610107422
210,6,824.2576904296875,273.7210388183594,30.9349365234375,56.804931640625
211,5,708.14404296875,137.79031372070312,139.11077880859375,294.9648742675781
211,2,419.46710205078125,59.98118209838867,61.308441162109375,207.58711624145508
211,4,155.09332275390625,80.4501724243164,98.168701171875,234.6408920288086
211,3,462.4290771484375,86.56410217285156,94.6634521484375,198.14903259277344
212,5,716.6605224609375,137.3475341796875,135.27838134765625,296.38177490234375
212,2,421.2388610839844,60.1049919128418,62.420440673828125,206.58363723754883
212,4,156.02572631835938,79.63845825195312,97.27656555175781,234.51885986328125
212,3,465.933837890625,87.59581756591797,94.33221435546875,197.27039337158203
213,5,724.566162109375,136.04083251953125,131.06341552734375,294.8491516113281
213,2,421.4638671875,60.87314224243164,63.986541748046875,205.23989486694336
213,4,163.43399047851562,79.72622680664062,90.21942138671875,234.236328125
213,3,463.9360046386719,88.1307144165039,97.96255493164062,196.74773406982422
214,2,422.4567565917969,62.238224029541016,65.953369140625,204.68362045288086
214,4,171.4583282470703,78.70386505126953,82.33584594726562,236.1395492553711
214,3,466.2561340332031,88.63883209228516,97.26077270507812,196.30696868896484
214,5,745.9838256835938,137.58424377441406,109.75042724609375,287.09239196777344
215,4,179.58592224121094,78.40676879882812,73.79740905761719,237.58477783203125
215,2,423.3144836425781,62.986209869384766,70.27557373046875,205.49566268920898
215,3,466.2909240722656,88.94424438476562,97.87692260742188,195.18829345703125
215,5,760.5225219726562,139.044677734375,95.00250244140625,284.5384216308594
216,4,187.84263610839844,77.4920654296875,67.07333374023438,240.51412963867188
216,2,427.1921691894531,64.21908569335938,63.834625244140625,204.18975830078125
216,3,477.6349182128906,90.06488037109375,86.78414916992188,193.8563232421875
216,5,783.8939819335938,147.6396484375,71.64263916015625,281.81781005859375
217,4,191.63124084472656,76.44930267333984,69.65254211425781,243.82209014892578
217,2,429.2278137207031,64.30066680908203,64.08343505859375,204.35247039794922
217,3,477.16107177734375,90.72703552246094,87.3153076171875,193.2189483642578
217,5,785.3889770507812,158.00967407226562,70.2666015625,273.63702392578125
218,2,430.3250732421875,64.36506652832031,69.98895263671875,203.40049743652344
218,4,195.68946838378906,76.34698486328125,75.37217712402344,245.10137939453125
218,3,476.9508361816406,91.53137969970703,88.61239624023438,193.1303939819336
218,5,784.4130859375,174.44000244140625,71.0570068359375,258.9850158691406
219,4,197.7843780517578,76.98514556884766,81.14256286621094,243.74593353271484
219,2,430.3847351074219,65.52118682861328,76.33499145507812,201.21092987060547
219,3,475.3846435546875,92.46334838867188,91.73931884765625,195.18988037109375
219,5,784.779052734375,181.46481323242188,70.69879150390625,251.55953979492188
220,4,201.31890869140625,77.2737808227539,86.65087890625,242.7376937866211
220,2,430.04718017578125,65.66256713867188,73.88381958007812,200.59722900390625
220,3,475.8001403808594,92.93994903564453,93.31716918945312,194.8116683959961
220,5,784.8869018554688,182.9488067626953,70.55999755859375,238.6898956298828
221,4,205.4403076171875,78.06803894042969,88.60610961914062,242.72666931152344
221,2,429.18524169921875,66.23179626464844,89.09185791015625,198.01585388183594
221,3,469.3316345214844,93.97480773925781,103.88436889648438,193.9352569580078
221,5,784.4282836914062,184.89488220214844,71.07037353515625,233.29356384277344
222,4,206.51502990722656,79.14163208007812,89.93107604980469,243.09197998046875
222,2,429.939697265625,66.88459777832031,88.87786865234375,197.37278747558594
222,3,471.66290283203125,94.14208221435547,105.3837890625,193.86103057861328
222,5,784.9091186523438,186.2793731689453,70.57958984375,231.73255920410156
223,4,210.871337890625,79.79438018798828,86.97994995117188,243.28170013427734
223,2,429.60284423828125,68.24825286865234,96.4842529296875,194.84793853759766
223,3,480.0387878417969,95.08136749267578,106.57736206054688,192.15904998779297
223,5,785.1403198242188,190.0245819091797,70.34906005859375,227.52540588378906
224,2,429.93109130859375,69.92179870605469,98.3607177734375,192.5650177001953
224,4,213.35400390625,79.89151000976562,84.73446655273438,243.37203979492188
224,3,491.384521484375,95.05631256103516,102.8543701171875,192.59728240966797
224,5,785.4165649414062,204.36721801757812,70.142333984375,212.91998291015625
225,4,214.7061309814453,80.25354766845703,82.95683288574219,242.89269256591797
225,2,429.63995361328125,70.6917953491211,99.891845703125,191.78235626220703
225,3,496.0927734375,95.89299774169922,105.2281494140625,192.11713409423828
225,5,786.3714599609375,243.77037048339844,69.1593017578125,174.34107971191406
226,2,430.0314636230469,71.49382781982422,109.73892211914062,191.43753814697266
226,4,215.492919921875,80.47135925292969,81.61358642578125,242.5678253173828
226,3,504.7845764160156,98.38645935058594,101.97653198242188,189.4773712158203
226,5,785.91357421875,268.14105224609375,69.6556396484375,149.80435180664062
227,2,431.435302734375,72.50804138183594,115.42401123046875,190.63563537597656
227,4,217.50254821777344,81.20479583740234,79.86289978027344,242.08634185791016
227,3,505.0942077636719,100.09361267089844,107.66281127929688,187.9017791748047
227,5,791.880615234375,317.57354736328125,63.75018310546875,95.92733764648438
228,2,437.2640686035156,73.44390106201172,118.10726928710938,190.06558990478516
228,4,223.11219787597656,81.37509155273438,74.96968078613281,241.3580322265625
228,3,505.2036437988281,101.5085678100586,111.01394653320312,186.08710479736328
228,5,809.4869995117188,338.81109619140625,45.75909423828125,69.77276611328125
229,2,446.80194091796875,74.47756958007812,117.86187744140625,188.49423217773438
229,4,231.63832092285156,81.40694427490234,66.31748962402344,242.07880401611328
229,3,504.91729736328125,102.3211669921875,112.5513916015625,185.59555053710938
229,5,819.6669921875,345.5318603515625,35.68115234375,56.013519287109375
230,2,456.5260314941406,74.96614074707031,118.11666870117188,187.91368103027344
230,3,504.1794128417969,100.33584594726562,114.27975463867188,187.88888549804688
230,4,234.43597412109375,81.22523498535156,63.941864013671875,242.08192443847656
230,5,832.32080078125,355.7149963378906,23.3558349609375,43.818695068359375
231,2,472.0953369140625,74.80487060546875,106.55535888671875,188.55340576171875
231,3,505.7405090332031,100.69547271728516,122.13735961914062,186.97249603271484
231,4,236.55751037597656,81.32335662841797,65.33570861816406,242.22614288330078
231,5,842.2107543945312,372.9089660644531,13.453369140625,28.959197998046875
232,2,476.1806335449219,73.89320373535156,107.10446166992188,189.24928283691406
232,3,515.009521484375,98.35049438476562,124.17919921875,190.83609008789062
232,4,238.78012084960938,81.79339599609375,66.87649536132812,241.4127197265625
233,2,475.5168762207031,74.19499206542969,108.20755004882812,189.7733612060547
233,3,538.136474609375,98.51820373535156,110.270751953125,190.6586151123047
233,4,243.28309631347656,82.85264587402344,68.13099670410156,239.99464416503906
234,3,553.9285888671875,96.3094482421875,103.52032470703125,192.5916748046875
234,2,474.8572692871094,74.01255798339844,106.12911987304688,189.2111053466797
234,4,246.60733032226562,80.93875885009766,80.95001220703125,242.70867156982422
235,3,550.2760620117188,94.19037628173828,118.5792236328125,198.36559295654297
235,2,475.3138122558594,73.111083984375,104.73660278320312,189.8648681640625
235,4,249.1348419189453,81.36966705322266,90.62327575683594,241.91182708740234
236,3,573.8118896484375,93.08549499511719,105.400146484375,200.11598205566406
236,2,476.5227355957031,72.42568969726562,105.46963500976562,190.65341186523438
236,4,251.60763549804688,81.57920837402344,97.80413818359375,241.0481719970703
237,3,571.1964721679688,93.7702865600586,117.10845947265625,201.57440948486328
237,2,476.4757080078125,72.48394012451172,114.70111083984375,190.52079010009766
237,4,253.64151000976562,81.29740905761719,99.3070068359375,241.3328094482422
238,2,477.4721984863281,72.28147888183594,136.44168090820312,190.30043029785156
238,3,589.8870239257812,95.80685424804688,105.322021484375,202.32373046875
238,4,256.43292236328125,81.52876281738281,98.555908203125,241.65699768066406
239,3,610.81005859375,99.11986541748047,88.64447021484375,198.6901626586914
239,2,478.64923095703125,72.91056823730469,148.21441650390625,190.08116149902344
239,4,257.81927490234375,80.94477844238281,97.90518188476562,242.32029724121094
240,2,481.52044677734375,77.72657775878906,157.853271484375,185.17222595214844
240,3,639.7313232421875,105.46022033691406,65.19354248046875,193.49903869628906
240,4,259.3490905761719,78.5217514038086,96.55215454101562,244.44245147705078
241,2,483.56182861328125,78.32051086425781,155.00543212890625,184.2357940673828
241,3,639.74462890625,110.27505493164062,80.3043212890625,189.05245971679688
241,4,259.570068359375,77.61436462402344,96.33523559570312,245.4801483154297
242,2,494.59295654296875,77.86689758300781,139.765869140625,184.1887969970703
242,4,260.2821960449219,76.57782745361328,95.4544677734375,246.35051727294922
242,3,640.4405517578125,111.85807037353516,95.0718994140625,188.69969940185547
243,2,508.80303955078125,75.8317642211914,130.3416748046875,187.3143539428711
243,3,640.41064453125,113.7633056640625,107.47705078125,186.34259033203125
243,4,263.1241149902344,76.35208892822266,92.66006469726562,246.49401092529297
244,2,530.479248046875,72.51595306396484,118.71185302734375,193.37738800048828
244,4,270.60711669921875,75.75962829589844,85.27871704101562,245.88404846191406
244,3,639.7639770507812,112.65955352783203,112.90985107421875,187.53292083740234
245,4,277.4034423828125,75.52852630615234,78.265625,246.11621856689453
245,2,553.5399780273438,69.21868896484375,103.66107177734375,198.82461547851562
245,3,638.9659423828125,112.87919616699219,117.95599365234375,184.01560974121094
246,4,283.745849609375,75.46664428710938,74.45599365234375,245.84799194335938
246,2,572.1343383789062,67.4492416381836,94.35894775390625,201.73249053955078
246,3,647.1407470703125,112.6120376586914,123.3922119140625,181.63091278076172
247,2,584.4255981445312,66.79827880859375,97.40521240234375,202.15847778320312
247,4,292.3833923339844,75.98473358154297,72.07949829101562,244.34095001220703
247,3,661.96044921875,113.56025695800781,118.369384765625,178.31715393066406
248,2,598.2515869140625,69.29771423339844,102.06304931640625,200.00892639160156
248,4,295.447265625,75.04505920410156,76.02182006835938,244.14683532714844
248,3,679.6134643554688,112.7544937133789,111.47442626953125,178.97582244873047
249,2,609.1300048828125,73.4316635131836,104.712158203125,196.9728775024414
249,4,295.0513610839844,74.36790466308594,81.30157470703125,245.2206573486328
249,3,698.365234375,110.5879135131836,100.88885498046875,181.4653091430664
250,2,610.3670654296875,80.6765365600586,125.91302490234375,191.72791290283203
250,4,297.5028381347656,74.14293670654297,83.42578125,244.6620864868164
250,3,719.1088256835938,106.46327209472656,87.18060302734375,184.2377166748047
251,2,610.1759033203125,84.4832992553711,136.1488037109375,188.42688751220703
251,4,298.724609375,74.80968475341797,86.06790161132812,242.24695587158203
251,3,736.7440795898438,103.80213928222656,77.99627685546875,185.50318908691406
252,2,610.4156494140625,92.27457427978516,144.33392333984375,180.35118865966797
252,4,299.9375305175781,75.046875,89.45919799804688,239.6771240234375
252,3,741.7344970703125,102.62169647216797,80.72625732421875,184.14099884033203
253,2,610.7940063476562,95.91841888427734,154.9595947265625,176.4704360961914
253,4,303.31561279296875,74.41075897216797,92.88882446289062,239.23407745361328
253,3,754.3059692382812,102.22518157958984,78.18255615234375,178.76850128173828
254,4,309.0002746582031,74.64703369140625,92.05908203125,238.45510864257812
254,2,611.0789184570312,96.79061889648438,146.63348388671875,175.27175903320312
254,3,736.2977294921875,104.7394027709961,105.62591552734375,174.10987091064453
255,4,311.89556884765625,74.33737182617188,92.8507080078125,238.84304809570312
255,2,612.7020874023438,96.52544403076172,170.4171142578125,175.37232208251953
255,3,757.4139404296875,109.12899780273438,95.471435546875,170.41714477539062
256,4,314.8575439453125,75.00018310546875,91.99862670898438,238.74905395507812
256,2,618.1157836914062,95.74530792236328,167.24566650390625,177.33409881591797
256,3,776.2843017578125,111.1444320678711,79.3226318359375,167.70490264892578
257,4,316.3749084472656,75.1702651977539,91.27792358398438,239.6192855834961
257,2,627.8984375,96.5809326171875,158.6380615234375,174.471435546875
257,3,791.3259887695312,115.65538024902344,64.169677734375,161.8504180908203
258,4,318.4908142089844,75.84000396728516,89.04965209960938,239.2081527709961
258,2,637.9646606445312,97.28339385986328,160.0384521484375,172.68944549560547
258,3,791.2178344726562,120.99616241455078,64.43023681640625,158.89488983154297
259,4,319.6430969238281,76.05692291259766,88.06854248046875,239.30391693115234
259,2,652.01708984375,97.81938934326172,172.14825439453125,172.11603546142578
259,3,790.8421630859375,123.48310089111328,64.653076171875,153.58696746826172
260,4,320.0386047363281,75.89154815673828,87.56307983398438,239.65071868896484
260,2,667.0609741210938,97.11243438720703,187.8214111328125,174.00292205810547
260,3,791.5027465820312,141.11817932128906,64.08343505859375,135.03941345214844
261,4,319.6338195800781,75.45990753173828,87.17288208007812,239.42449188232422
261,2,684.0315551757812,96.81922149658203,171.9505615234375,174.08861541748047
261,3,793.4971313476562,184.84677124023438,61.8597412109375,89.02975463867188
262,4,320.456787109375,76.12335205078125,86.68084716796875,239.10336303710938
262,2,705.3446655273438,94.70825958251953,150.30352783203125,174.6385726928711
262,3,797.2189331054688,201.73426818847656,58.14715576171875,67.78327941894531
263,4,324.808349609375,76.83203887939453,82.58395385742188,238.38704681396484
263,2,724.591796875,91.11511993408203,131.2774658203125,179.74044036865234
263,3,811.8623657226562,162.77944946289062,44.03106689453125,104.36444091796875
264,4,344.3652648925781,77.14270782470703,65.38973999023438,238.24889373779297
264,2,741.4300537109375,88.2178955078125,113.11346435546875,181.41976928710938
265,4,353.2029724121094,76.89253997802734,60.97918701171875,239.39234161376953
265,2,754.3521728515625,88.85015106201172,101.29046630859375,181.46756744384766
266,4,358.97039794921875,76.86893463134766,60.239349365234375,239.00142669677734
266,2,772.176513671875,103.7454833984375,83.28955078125,166.34561157226562
267,4,361.206787109375,77.13255310058594,63.35009765625,238.9689178466797
267,2,787.9490966796875,112.57362365722656,67.521728515625,157.93702697753906
268,4,365.22772216796875,78.06200408935547,65.4678955078125,238.3597183227539
268,2,801.2235107421875,114.66424560546875,54.37384033203125,156.2430419921875
269,4,366.6696472167969,77.6585922241211,79.93106079101562,238.46405792236328
269,2,801.9389038085938,106.64154815673828,53.6417236328125,164.70015716552734
270,4,367.3980407714844,77.79824829101562,93.526123046875,238.33795166015625
270,2,803.7970581054688,119.90414428710938,51.880859375,151.68923950195312
271,4,368.082275390625,78.51797485351562,101.82659912109375,237.84780883789062
271,2,806.4315185546875,125.65031433105469,49.196533203125,145.0906219482422
271,3,806.7193603515625,201.59173583984375,48.72467041015625,69.07318115234375
272,4,368.14129638671875,78.67489624023438,104.35986328125,237.45318603515625
272,2,817.5472412109375,131.33599853515625,38.1796875,139.44876098632812
272,3,818.5942993164062,217.1420440673828,36.96917724609375,52.66868591308594
273,4,367.71954345703125,78.81233978271484,105.63580322265625,237.19556427001953
274,4,368.04974365234375,77.40181732177734,105.42855834960938,239.48941802978516
275,4,368.4888610839844,76.58113861083984,105.17401123046875,239.73780059814453
276,4,369.80706787109375,74.88626098632812,103.6845703125,242.40936279296875
277,4,377.3319396972656,74.28614807128906,96.12921142578125,240.32115173339844
278,4,387.5888671875,73.12886047363281,87.49032592773438,240.1028594970703
279,4,396.68505859375,72.91925811767578,82.29397583007812,238.8391342163086
280,4,408.25958251953125,72.85543060302734,75.23977661132812,238.20145416259766
281,4,420.1653137207031,72.20104217529297,67.997314453125,239.16913604736328
282,4,428.6075134277344,73.16816711425781,67.1759033203125,238.76454162597656
283,4,431.72314453125,73.10630798339844,72.11502075195312,240.0487823486328
284,4,436.7254943847656,73.96004486083984,75.99813842773438,239.1651382446289
285,4,437.2561950683594,74.21649932861328,85.32955932617188,237.8794174194336
286,4,437.6033630371094,75.93106079101562,97.21896362304688,235.40228271484375
287,4,437.63262939453125,77.14521789550781,105.041015625,234.0731658935547
288,4,437.708984375,77.81147766113281,106.11639404296875,235.39356994628906
289,4,439.66107177734375,78.02002716064453,104.680419921875,236.00542449951172
290,4,444.5382080078125,77.07521057128906,99.7276611328125,236.83909606933594
291,4,456.91302490234375,77.06228637695312,90.49066162109375,236.23956298828125
292,4,466.7488098144531,77.6330795288086,84.63247680664062,236.11713409423828
293,4,478.2950134277344,77.0869140625,77.49484252929688,236.36480712890625
294,4,492.1148376464844,76.90801239013672,68.66635131835938,236.09137725830078
295,4,501.6546936035156,76.99125671386719,65.30892944335938,236.3285369873047
296,4,503.50347900390625,77.47957611083984,71.03533935546875,236.02899932861328
297,4,505.0772705078125,78.29244995117188,77.837158203125,235.45458984375
298,4,504.9056396484375,79.34858703613281,85.84228515625,234.5067901611328
299,4,504.5686340332031,80.41058349609375,95.03567504882812,232.83078002929688
300,4,504.6723327636719,80.74644470214844,100.19454956054688,232.85633850097656
301,4,504.23590087890625,80.78160858154297,103.566650390625,233.0145034790039
302,4,505.2259216308594,80.4495849609375,105.46517944335938,233.59591674804688
303,4,506.4851379394531,79.5594711303711,106.08071899414062,233.97858428955078
304,4,509.7669372558594,79.16777038574219,104.14517211914062,234.7622833251953
305,4,519.0018920898438,78.23971557617188,96.42822265625,234.84552001953125
306,4,532.7267456054688,78.75753021240234,84.158447265625,232.6841812133789
307,4,541.693603515625,78.03648376464844,79.23736572265625,232.3710479736328
308,4,552.662841796875,77.7962646484375,71.7725830078125,232.83065795898438
309,4,564.3712158203125,77.2312240600586,64.84625244140625,233.93177032470703
310,4,570.8821411132812,77.91849517822266,64.57275390625,232.6859359741211
311,4,572.21826171875,78.8863754272461,68.24029541015625,230.91996002197266
312,4,571.5386352539062,79.71527099609375,90.09881591796875,225.40838623046875
313,4,571.9017944335938,80.6609878540039,97.406982421875,223.6795883178711
314,4,571.0977783203125,82.67111206054688,101.443359375,221.8836669921875
315,4,571.549072265625,84.18437194824219,102.1456298828125,220.81422424316406
316,4,572.2669677734375,83.76565551757812,102.1502685546875,222.03121948242188
317,4,575.275390625,81.31527709960938,102.40277099609375,224.4537353515625
318,4,581.2904663085938,81.40592956542969,99.39276123046875,223.63673400878906
319,4,599.2376098632812,81.69287872314453,87.68768310546875,223.2081527709961
320,4,608.6906127929688,80.89559173583984,82.994140625,224.28559112548828
321,4,616.3564453125,82.04747772216797,80.22174072265625,223.30725860595703
322,4,624.9374389648438,83.13203430175781,77.7415771484375,222.7367401123047
323,4,635.201416015625,83.69986724853516,76.51458740234375,222.49571990966797
324,4,635.6316528320312,82.84614562988281,83.2054443359375,223.52073669433594
325,4,635.845703125,83.4300308227539,90.5565185546875,222.37114715576172
326,4,635.4400634765625,85.73098754882812,97.2430419921875,219.5892333984375
327,4,635.2050170898438,86.4383544921875,100.76300048828125,218.98016357421875
328,4,635.3931884765625,85.98601531982422,105.12518310546875,219.51569366455078
329,4,635.4755859375,86.43379211425781,107.7386474609375,218.9898223876953
330,4,636.5643920898438,85.80760955810547,107.3221435546875,219.75565338134766
331,4,638.1192016601562,85.63395690917969,106.1063232421875,219.6511688232422
332,4,645.920654296875,84.55168914794922,99.354248046875,220.48477935791016
333,4,658.660400390625,84.63467407226562,87.84344482421875,219.12088012695312
334,4,667.705810546875,84.09471893310547,82.19122314453125,219.86185455322266
335,4,678.4903564453125,84.01359558105469,75.156982421875,219.90272521972656
336,4,694.8903198242188,84.31275939941406,65.67578125,220.22364807128906
337,4,694.3336791992188,84.70266723632812,70.36370849609375,218.78240966796875
338,4,695.2098388671875,86.18372344970703,73.4376220703125,217.16793060302734
339,4,694.94287109375,85.48091125488281,80.95928955078125,217.7733917236328
340,4,695.14501953125,86.50264739990234,88.98248291015625,214.51776885986328
341,4,695.615234375,87.7959976196289,93.98828125,212.94881439208984
342,4,694.8816528320312,88.26637268066406,97.02703857421875,213.6433563232422
343,4,695.1260986328125,88.95112609863281,98.38018798828125,214.1469268798828
344,4,695.7359008789062,88.78495788574219,100.66436767578125,213.85328674316406
345,4,697.8773193359375,88.2842788696289,103.43536376953125,214.6411361694336
346,4,707.9852905273438,89.89488983154297,97.242431640625,213.47510528564453
347,4,720.8006591796875,91.42326354980469,88.693603515625,211.24412536621094
348,4,729.4967651367188,91.7602310180664,84.73565673828125,210.96224212646484
349,4,737.8310546875,90.7857894897461,80.72137451171875,212.01245880126953
350,4,747.36328125,90.91767120361328,77.91802978515625,211.83238983154297
351,4,755.6907348632812,91.26277160644531,76.50787353515625,211.4226531982422
352,4,755.7470703125,91.50127410888672,83.521728515625,211.74115753173828
353,4,755.8716430664062,92.08026885986328,90.146240234375,210.89086151123047
354,4,755.9564819335938,92.34111022949219,94.856201171875,210.9022979736328
355,4,755.74072265625,93.14845275878906,99.65972900390625,210.3710479736328
356,4,755.82861328125,93.30197143554688,99.61798095703125,210.07928466796875
357,4,755.9703979492188,93.27820587158203,99.77423095703125,209.77645111083984
358,4,756.1451416015625,93.0547103881836,99.557373046875,210.27161407470703
359,4,757.1072387695312,92.0539321899414,98.54791259765625,211.5511703491211
360,4,773.3610229492188,92.09083557128906,82.214111328125,210.72532653808594
361,4,781.1658325195312,91.89569854736328,74.415283203125,210.55974578857422
362,4,789.240234375,91.00355529785156,66.29052734375,210.2290802001953
363,4,796.025390625,89.72669982910156,59.40789794921875,211.28440856933594
364,4,802.6145629882812,89.35143280029297,52.78704833984375,212.24726104736328
365,4,803.2799072265625,92.57624816894531,52.173583984375,209.0492401123047
366,4,804.0715942382812,109.31441497802734,51.544189453125,189.4373550415039
367,4,803.7605590820312,117.9307861328125,51.8521728515625,178.9072265625
368,4,803.3445434570312,120.44337463378906,52.28369140625,174.9883575439453
369,4,803.6134643554688,126.9083251953125,52.05035400390625,165.5745849609375
370,4,803.6209716796875,136.5234375,52.067626953125,155.81195068359375
371,4,803.2787475585938,136.4365997314453,52.39276123046875,155.65476989746094
372,4,803.8045654296875,135.59291076660156,51.77947998046875,154.4909210205078
373,4,806.7009887695312,151.14170837402344,48.9609375,138.6726531982422
374,4,814.3623657226562,163.97518920898438,41.47735595703125,124.56674194335938
375,4,829.4755859375,235.52346801757812,26.34759521484375,47.67950439453125
