111,1,0.17865078151226044,240.66458129882812,28.800168111920357,172.814208984375
112,1,0.14226602017879486,238.8236083984375,32.62393118441105,176.14013671875
113,1,0.0883757546544075,237.25299072265625,33.61820536106825,178.19674682617188
113,2,0.04762226715683937,237.66229248046875,19.990385469049215,19.29864501953125
114,1,0.04421275109052658,237.30018615722656,33.840655870735645,178.6273956298828
115,1,0.0,236.5789794921875,34.25814437866211,179.98184204101562
116,1,0.0,235.96954345703125,35.011932373046875,180.53662109375
117,1,0.04709547013044357,237.00965881347656,39.7779396250844,178.3383331298828
118,1,0.054682377725839615,218.03353881835938,50.39958703145385,188.77542114257812
119,1,0.0,183.53050231933594,72.96092224121094,231.25840759277344
120,1,0.4048307240009308,134.79212951660156,122.4988863170147,281.4230499267578
121,1,0.0,133.83474731445312,137.9276885986328,282.0824279785156
122,1,0.0,134.18711853027344,142.46630859375,281.2079315185547
123,1,0.5646048188209534,136.37261962890625,145.26222318410873,278.98565673828125
124,1,0.7101183533668518,131.26876831054688,145.14148992300034,282.9523010253906
124,2,0.14393697679042816,144.78941345214844,24.683018818497658,167.0931854248047
125,1,5.314030170440674,129.25527954101562,140.74422788619995,284.3347473144531
125,2,0.00902571715414524,112.47692108154297,45.19089493714273,240.09510040283203
126,1,21.420635223388672,125.51921081542969,125.5369758605957,286.0055694580078
126,2,0.15557755529880524,109.96378326416016,55.5796290487051,246.22856903076172
127,1,33.59750747680664,124.48060607910156,112.63064193725586,285.14649963378906
127,2,0.18042251467704773,107.93717956542969,60.16538742184639,249.4351348876953
128,1,43.77981185913086,121.22723388671875,101.47781753540039,288.6407470703125
128,2,0.23286759853363037,106.05028533935547,65.9236570596695,253.35877227783203
129,1,52.83833694458008,122.17716217041016,92.77074813842773,289.6371383666992
129,2,5.211216449737549,104.32955932617188,62.27497434616089,255.96875
130,1,59.12004089355469,121.35172271728516,94.06851196289062,293.40596771240234
130,2,12.802704811096191,105.19857025146484,70.13513851165771,254.94055938720703
131,1,65.95498657226562,121.56229400634766,105.15545654296875,295.8640365600586
131,2,21.020265579223633,106.27490234375,80.39682579040527,254.7232666015625
132,1,74.14260864257812,122.16563415527344,114.82916259765625,293.1371307373047
132,2,27.995250701904297,107.63390350341797,78.79819869995117,253.83463287353516
133,1,82.64431762695312,121.84514617919922,126.77311706542969,289.9839859008789
133,2,28.952903747558594,108.11610412597656,63.778350830078125,252.72792053222656
134,1,90.66932678222656,124.72247314453125,131.2472381591797,286.0869445800781
134,2,28.64076042175293,109.34579467773438,74.28276252746582,251.96707153320312
135,1,98.7249984741211,126.20893096923828,127.9649429321289,286.15694427490234
135,2,29.6103515625,110.92423248291016,83.55774688720703,249.5335922241211
136,1,101.86026000976562,126.72181701660156,129.4565887451172,285.03358459472656
136,2,30.729618072509766,111.16185760498047,104.41045761108398,250.03876495361328
137,1,110.39900207519531,130.648681640625,125.65921020507812,281.74212646484375
137,2,36.897891998291016,109.34198760986328,110.04961776733398,250.46379852294922
138,1,126.745849609375,133.8360137939453,113.66938781738281,278.39552307128906
138,2,49.31114196777344,108.31619262695312,110.08160400390625,248.6783447265625
139,1,139.3049774169922,135.45639038085938,102.55018615722656,277.0960998535156
139,2,62.98958969116211,107.22048950195312,102.58902359008789,245.46234130859375
140,1,150.1374969482422,136.86570739746094,89.52726745605469,275.96473693847656
140,2,77.0697250366211,105.05274963378906,94.92032623291016,247.61964416503906
141,1,159.45252990722656,137.0291290283203,80.54359436035156,276.4092559814453
141,2,95.72955322265625,103.40727996826172,78.66961669921875,249.02082061767578
142,2,110.7281723022461,102.6020278930664,63.758277893066406,248.74861907958984
142,1,166.87109375,139.05882263183594,82.54214477539062,273.9077911376953
143,2,118.5892333984375,99.8673324584961,60.82781982421875,252.62140655517578
143,1,174.42404174804688,142.2581024169922,98.09567260742188,271.0406036376953
144,2,130.82931518554688,99.14974212646484,82.57527160644531,252.92487335205078
144,1,179.72134399414062,151.7084197998047,123.40036010742188,260.86289978027344
145,2,131.906982421875,99.48289489746094,92.05514526367188,246.58302307128906
145,1,190.19989013671875,160.52003479003906,129.15182495117188,251.4243621826172
146,2,131.68643188476562,100.06034088134766,104.89572143554688,246.69194793701172
146,1,203.78338623046875,170.01100158691406,129.61080932617188,241.95875549316406
147,2,133.07614135742188,101.3194808959961,113.32472229003906,245.75968170166016
147,1,176.11497497558594,183.25665283203125,169.5969696044922,238.11819458007812
148,2,135.6738739013672,102.22158813476562,117.92759704589844,244.32083129882812
148,1,184.5811767578125,195.7637939453125,172.69845581054688,241.03750610351562
149,2,141.45172119140625,102.51380920410156,117.74710083007812,241.53150939941406
149,1,193.7560272216797,209.91302490234375,174.17430114746094,240.17117309570312
150,2,154.1000213623047,102.62897491455078,107.79994201660156,241.82808685302734
150,1,202.36160278320312,226.52243041992188,174.27798461914062,234.71127319335938
151,2,165.89581298828125,101.52152252197266,96.59439086914062,244.12117767333984
151,1,209.55325317382812,242.5208740234375,174.28817749023438,218.35980224609375
152,2,177.57989501953125,101.26161193847656,84.938720703125,244.91563415527344
152,1,219.56309509277344,257.19677734375,172.6744842529297,204.1005859375
153,2,185.51670837402344,100.60213470458984,82.63185119628906,245.23004913330078
153,1,223.2036895751953,272.9614562988281,173.0464324951172,199.43240356445312
154,2,194.6528778076172,99.40814208984375,83.95637512207031,236.34674072265625
154,1,222.88818359375,289.5449523925781,177.26641845703125,187.354248046875
155,2,205.8536376953125,98.49986267089844,79.8197021484375,246.80467224121094
155,1,221.90542602539062,304.69610595703125,168.44317626953125,172.33441162109375
156,2,214.99984741210938,98.09664916992188,80.3519287109375,249.22357177734375
156,1,216.99533081054688,317.9809875488281,165.2470703125,159.039794921875
157,2,221.65809631347656,98.08833312988281,94.74446105957031,248.84678649902344
157,1,207.4228057861328,329.62811279296875,175.2853240966797,147.48944091796875
158,2,222.0215606689453,98.89103698730469,112.00984191894531,248.91062927246094
158,1,200.33905029296875,341.672607421875,182.91812133789062,136.06790161132812
159,2,222.28440856933594,100.24227142333984,122.63410949707031,246.7509536743164
159,1,199.2340850830078,352.4642639160156,182.4280242919922,125.32720947265625
160,2,223.03775024414062,100.85919189453125,125.9931640625,247.0474853515625
160,1,240.72740173339844,365.9478454589844,137.78550720214844,112.36264038085938
160,3,278.4360046386719,366.65032958984375,32.088623046875,51.6546630859375
161,2,224.28854370117188,101.19305419921875,125.99703979492188,246.37640380859375
161,1,260.7274169921875,378.34234619140625,115.13995361328125,99.99667358398438
161,3,269.0480651855469,369.3649597167969,43.762969970703125,74.525390625
161,4,0.0,105.97364044189453,31.589923858642578,124.21485137939453
162,2,228.8925018310547,99.70342254638672,121.14128112792969,246.93824005126953
162,1,256.35174560546875,375.7965087890625,128.01361083984375,101.91842651367188
162,4,0.030100181698799133,175.8596954345703,34.361463233828545,51.680328369140625
163,2,237.73255920410156,99.3225326538086,112.94117736816406,245.80731964111328
163,4,0.051265206187963486,113.19690704345703,37.816708121448755,115.67586517333984
163,1,241.90921020507812,377.70758056640625,149.74459838867188,101.26950073242188
164,2,249.5210418701172,98.79280853271484,113.66569519042969,243.22928619384766
164,1,232.36476135253906,378.2912292480469,159.2584686279297,100.03851318359375
164,4,0.0,125.88656616210938,38.83238983154297,103.05477905273438
165,2,262.54852294921875,97.33625793457031,115.06292724609375,241.8629913330078
165,1,224.66281127929688,374.7462463378906,166.19400024414062,103.25665283203125
165,4,0.006157028954476118,131.7695770263672,40.251750838477165,97.62738037109375
166,2,274.8675842285156,96.32252502441406,117.19573974609375,241.36061096191406
166,4,0.010555089451372623,96.33485412597656,39.53411120083183,133.56744384765625
166,1,220.249267578125,374.3134460449219,171.55047607421875,103.84817504882812
167,2,289.91656494140625,95.52430725097656,112.93795776367188,242.64039611816406
167,4,0.036213841289281845,58.432464599609375,40.74652770534158,171.59939575195312
167,1,218.49618530273438,375.7290344238281,171.16473388671875,102.529296875
168,2,301.8162841796875,92.86341094970703,117.845458984375,249.6727523803711
168,4,0.05223461613059044,57.35599899291992,40.06759646907449,172.08253860473633
168,1,216.9211883544922,381.8226013183594,161.84263610839844,96.43896484375
168,5,0.0038266184274107218,328.8013916015625,53.25201749778353,102.12014770507812
169,2,306.95556640625,93.29686737060547,117.82379150390625,251.49463653564453
169,4,0.035488057881593704,56.65578079223633,40.62726981565356,174.18755722045898
169,1,210.60977172851562,385.63232421875,159.2724609375,92.56072998046875
169,5,0.12993410229682922,299.2415771484375,73.90313169360161,126.42092895507812
170,2,309.04522705078125,93.65512084960938,120.59304809570312,251.58905029296875
170,4,0.12242883443832397,56.08526611328125,40.44716650247574,175.3692169189453
170,1,204.78428649902344,388.7743835449219,156.17567443847656,89.40280151367188
170,5,0.25069963932037354,258.95794677734375,86.12827527523041,162.40347290039062
171,2,310.0196228027344,95.56180572509766,123.42926025390625,250.3667221069336
171,4,0.23184333741664886,56.404510498046875,41.23660911619663,175.8263702392578
171,5,0.026265909895300865,166.4041748046875,94.67072505690157,254.85897827148438
171,1,204.76914978027344,391.3854064941406,151.6286163330078,87.04827880859375
171,6,297.8688049316406,397.81256103515625,58.54541015625,80.52716064453125
172,2,312.076171875,96.52584838867188,124.02352905273438,250.86862182617188
172,4,0.28122711181640625,56.807926177978516,42.42496109008789,175.9420280456543
172,5,0.14681459963321686,162.65528869628906,100.03862546384335,258.21083068847656
172,1,204.69017028808594,396.2900390625,147.61415100097656,81.41091918945312
172,6,298.45928955078125,401.09295654296875,53.9410400390625,77.38226318359375
173,2,317.0267639160156,98.56082153320312,121.95037841796875,249.09466552734375
173,4,0.24776844680309296,56.42239761352539,55.580688431859016,175.98403549194336
173,5,0.1226048544049263,162.57618713378906,99.53510235995054,258.97352600097656
173,1,206.17550659179688,400.7581787109375,143.11761474609375,76.97531127929688
174,2,329.2662048339844,100.59532165527344,112.65460205078125,246.48353576660156
174,4,0.3218798339366913,56.03465270996094,66.37483647465706,174.7081298828125
174,5,0.0,162.8282470703125,99.5495834350586,257.8628845214844
174,1,207.8230743408203,404.732177734375,112.72618103027344,73.244384765625
174,6,297.6435241699219,403.1369323730469,46.76336669921875,74.94195556640625
175,2,341.162841796875,100.48018646240234,102.93365478515625,246.77271270751953
175,5,0.2550211548805237,159.2616424560547,100.28816121816635,260.8034210205078
175,4,0.32700496912002563,56.9658088684082,76.09033817052841,170.52676010131836
175,1,207.3579864501953,403.4446105957031,132.70582580566406,74.77853393554688
176,2,353.6216735839844,98.98795318603516,94.01947021484375,248.11568450927734
176,5,1.3958840370178223,156.87594604492188,98.90484380722046,263.3678283691406
176,4,0.17272335290908813,56.48359680175781,55.06326526403427,115.52659606933594
176,1,206.28990173339844,402.41400146484375,130.55821228027344,75.60305786132812
176,6,284.1986083984375,402.3531188964844,53.4366455078125,75.57339477539062
177,2,362.9102783203125,97.26783752441406,86.56329345703125,249.78196716308594
177,5,10.554793357849121,154.0507049560547,89.11192417144775,265.4540252685547
177,4,0.8821631073951721,55.53227615356445,83.0797204375267,176.34502792358398
177,7,0.0,96.82635498046875,19.3834171295166,125.54421997070312
177,1,203.69911193847656,402.4413146972656,133.7885284423828,75.83187866210938
178,2,369.2590637207031,96.58187103271484,82.19525146484375,250.09662628173828
178,5,18.200611114501953,152.24903869628906,86.82452774047852,268.4440460205078
178,7,0.3828200101852417,89.72332763671875,27.46168339252472,144.5204620361328
178,4,6.340811252593994,56.777313232421875,56.70750188827515,120.55802917480469
178,1,201.96783447265625,401.1291809082031,134.52084350585938,77.26992797851562
179,2,375.408447265625,94.98767852783203,78.26605224609375,252.4502182006836
179,5,27.15474510192871,151.23512268066406,105.11429786682129,268.1957244873047
179,4,11.982739448547363,56.84129333496094,50.878729820251465,135.59561157226562
179,7,0.7140036225318909,87.81885528564453,32.95296949148178,145.4057388305664
179,1,201.2091522216797,401.23663330078125,133.4100799560547,77.07589721679688
180,2,380.2373046875,94.89910888671875,78.03469848632812,253.19619750976562
180,5,36.597938537597656,150.99105834960938,120.70931243896484,268.5394287109375
180,7,0.5937100648880005,85.03946685791016,45.057409167289734,163.38677215576172
180,4,17.79106330871582,56.40760040283203,48.488386154174805,134.21985626220703
180,1,198.44705200195312,399.8592529296875,134.30657958984375,79.03814697265625
181,2,381.716796875,94.33121490478516,90.98553466796875,253.8191146850586
181,7,0.016242720186710358,85.00334930419922,61.33106257766485,196.87808990478516
181,5,47.4741325378418,151.20291137695312,128.30653762817383,268.6471862792969
181,4,22.368370056152344,54.545963287353516,47.78919982910156,144.65049362182617
181,1,194.7133331298828,421.5154724121094,109.02952575683594,57.342529296875
182,2,381.6424255371094,95.1824722290039,103.54025268554688,252.0121078491211
182,7,0.0,83.93733215332031,66.13970947265625,197.41148376464844
182,5,55.540897369384766,149.13714599609375,131.66523361206055,270.9032287597656
182,4,26.562776565551758,54.77273178100586,47.07509422302246,158.84143447875977
182,1,193.12290954589844,420.0137634277344,107.86759948730469,58.775634765625
183,2,380.60589599609375,96.79853820800781,108.91677856445312,250.79466247558594
183,7,0.022959711030125618,81.49174499511719,72.59700488857925,202.98805236816406
183,5,56.35256576538086,147.7730712890625,135.79462051391602,272.27734375
183,4,29.783063888549805,54.87137222290039,44.48661994934082,169.98925399780273
183,1,191.37130737304688,417.2675476074219,110.94891357421875,61.60882568359375
184,2,381.43524169921875,97.4342269897461,108.88723754882812,250.12796783447266
184,7,0.7029191851615906,81.56900787353516,76.53959637880325,205.84688568115234
184,5,58.6831169128418,147.00088500976562,138.75705337524414,271.96429443359375
184,4,32.267826080322266,52.72046661376953,47.182796478271484,175.24015045166016
184,1,188.95086669921875,403.9871826171875,136.99066162109375,74.04937744140625
185,2,385.009033203125,97.10665130615234,109.59323120117188,250.59500885009766
185,7,1.2050532102584839,79.62344360351562,82.89528858661652,212.1182861328125
185,5,64.1206283569336,145.5343780517578,134.67403411865234,271.0592803955078
185,4,34.8321533203125,52.13829803466797,49.69312286376953,175.5124740600586
185,1,186.91929626464844,402.9665222167969,141.07920837402344,75.05862426757812
186,2,390.09466552734375,97.75302124023438,115.1201171875,248.48406982421875
186,7,5.984663009643555,79.64018249511719,74.59078407287598,213.6906280517578
186,5,77.20388793945312,144.39974975585938,122.76066589355469,269.5824890136719
186,4,43.294063568115234,51.72085189819336,43.7331657409668,175.27888870239258
186,1,184.49815368652344,399.9620361328125,143.9507293701172,78.43307495117188
187,2,399.255615234375,95.81843566894531,116.6185302734375,249.49525451660156
187,7,9.887324333190918,78.83113861083984,72.09616565704346,217.00000762939453
187,5,90.67984008789062,143.01199340820312,109.73826599121094,265.3191223144531
187,4,45.033634185791016,52.88603973388672,44.66386032104492,175.04528045654297
187,1,183.4841766357422,398.3593444824219,146.77149963378906,79.98471069335938
188,2,409.76495361328125,95.36460876464844,115.56597900390625,246.7504425048828
188,7,14.83568286895752,77.43830871582031,77.26451396942139,218.8260040283203
188,5,106.22064208984375,141.5279083251953,94.24690246582031,262.9878387451172
188,4,49.85498809814453,51.884151458740234,44.57832336425781,173.87848281860352
188,1,182.88365173339844,394.32904052734375,156.2552032470703,84.0438232421875
189,2,420.3544006347656,94.47627258300781,113.61080932617188,246.6447296142578
189,7,20.491016387939453,80.61064910888672,84.58105087280273,216.0047378540039
189,5,116.31523895263672,140.39479064941406,83.52452850341797,259.9735870361328
189,4,49.23672103881836,51.982242584228516,54.95058822631836,171.2077751159668
189,1,183.74143981933594,392.9046936035156,160.33103942871094,85.47134399414062
190,2,428.5130310058594,93.2525863647461,112.46981811523438,247.28971099853516
190,7,24.73876190185547,84.01094055175781,89.66991424560547,210.05299377441406
190,5,124.10633087158203,139.9636688232422,76.12218475341797,256.9491729736328
190,4,50.4190559387207,51.11848068237305,65.88299942016602,169.72980117797852
190,1,191.9366455078125,389.6008605957031,154.317138671875,88.950439453125
191,2,431.7983093261719,91.8980484008789,114.79751586914062,248.03279876708984
191,7,30.1634578704834,84.6319808959961,95.32222938537598,210.10633087158203
191,5,131.886962890625,139.7360382080078,78.26390075683594,254.61390686035156
191,4,53.9527702331543,50.650901794433594,70.73186874389648,167.1261978149414
191,1,195.22964477539062,386.0828552246094,155.5421142578125,92.12423706054688
192,2,438.168212890625,91.13648986816406,116.87689208984375,248.5411834716797
192,7,40.12700271606445,87.39547729492188,94.3914909362793,209.3626708984375
192,5,125.9096450805664,138.37872314453125,129.9791488647461,251.01397705078125
192,1,194.76100158691406,379.2472229003906,163.20802307128906,98.91796875
192,4,56.71189498901367,61.17755126953125,48.32015609741211,58.50523376464844
193,2,442.8653564453125,91.15863037109375,115.0693359375,246.73483276367188
193,7,43.653202056884766,86.8031997680664,93.22622299194336,210.21810150146484
193,5,124.82970428466797,139.447265625,147.15467071533203,247.69149780273438
193,1,194.7143096923828,371.62310791015625,166.12049865722656,106.6441650390625
193,4,60.557987213134766,58.882911682128906,48.073360443115234,60.76055908203125
194,2,447.8166809082031,91.9439697265625,111.61080932617188,245.26889038085938
194,7,50.68436813354492,83.95640563964844,85.73378372192383,213.3115692138672
194,5,125.74882507324219,140.55706787109375,152.5825958251953,244.52593994140625
194,4,68.21646118164062,54.47406768798828,54.0587158203125,157.38568878173828
194,1,194.31817626953125,370.728271484375,167.63507080078125,107.41314697265625
195,2,451.88787841796875,92.82046508789062,108.64959716796875,244.3271484375
195,7,56.725582122802734,83.65638732910156,75.33334732055664,214.4984893798828
195,5,129.97537231445312,141.60174560546875,152.56124877929688,242.7083740234375
195,4,72.38495635986328,46.99839401245117,61.396934509277344,171.91492080688477
195,1,193.837158203125,367.7790832519531,167.68533325195312,110.26971435546875
196,2,456.4226379394531,94.80583190917969,105.80514526367188,242.16163635253906
196,7,61.47395324707031,80.11473846435547,73.1781005859375,218.47599029541016
196,5,137.70635986328125,140.91058349609375,148.56307983398438,243.74093627929688
196,1,193.07994079589844,366.3761291503906,166.6367950439453,111.82492065429688
197,2,463.5072937011719,96.35413360595703,100.28451538085938,240.87084197998047
197,7,66.24430847167969,76.923583984375,70.53001403808594,221.30706787109375
197,5,149.33724975585938,142.00540161132812,136.61123657226562,241.7088623046875
197,1,193.70260620117188,364.3541564941406,160.17144775390625,113.83218383789062
197,4,67.78681945800781,50.23895263671875,52.06181335449219,74.34186553955078
198,2,470.1363830566406,97.18343353271484,95.33950805664062,239.75946807861328
198,7,72.94390106201172,79.82850646972656,69.15486907958984,217.8173370361328
198,5,163.8940887451172,141.9477996826172,122.28538513183594,240.60414123535156
198,1,189.21180725097656,362.6505432128906,158.9185028076172,115.36874389648438
198,4,71.76087188720703,48.405643463134766,48.973777770996094,77.41994094848633
199,2,475.3122863769531,96.98416900634766,92.93923950195312,239.9588851928711
199,7,78.58793640136719,79.8729248046875,72.27938842773438,218.35964965820312
199,5,184.2948455810547,139.49526977539062,101.03602600097656,243.95223999023438
199,1,185.33770751953125,361.46246337890625,151.51779174804688,116.45916748046875
199,4,74.37529754638672,48.048370361328125,49.83959197998047,80.31503295898438
200,2,480.6460266113281,95.7178726196289,90.51547241210938,242.17427825927734
200,7,83.54230499267578,80.18220520019531,86.5236587524414,218.7284393310547
200,5,207.29547119140625,139.06044006347656,78.75494384765625,243.71568298339844
200,1,184.89956665039062,362.818603515625,141.42974853515625,114.7100830078125
200,4,78.36561584472656,54.47574234008789,47.22814178466797,74.29072189331055
201,2,483.5072937011719,94.56744384765625,91.81533813476562,242.774658203125
201,7,90.39866638183594,82.24937438964844,97.92530822753906,215.15773010253906
201,5,220.4080047607422,136.33404541015625,68.75813293457031,246.35281372070312
201,1,199.8359832763672,358.661865234375,125.29454040527344,119.14895629882812
201,4,80.11420440673828,49.22609329223633,51.28699493408203,89.2064323425293
202,2,487.49969482421875,94.5436782836914,90.63665771484375,243.45159149169922
202,7,94.20942687988281,81.0842056274414,108.39134216308594,216.07439422607422
202,5,227.5801239013672,134.1778564453125,71.25572204589844,247.61785888671875
202,1,185.74317932128906,352.7712097167969,139.4896697998047,125.10580444335938
202,4,83.37838745117188,49.79804611206055,50.80938720703125,87.27885818481445
203,2,489.4446105957031,94.98298645019531,91.96023559570312,242.45875549316406
203,7,93.1731185913086,82.74348449707031,116.78572845458984,214.9213409423828
203,5,235.3525390625,132.66073608398438,73.537109375,249.97625732421875
203,1,197.91522216796875,354.4175720214844,127.51303100585938,123.43075561523438
203,4,86.77517700195312,46.52598190307617,48.82307434082031,119.63469314575195
204,2,491.6715393066406,95.63276672363281,93.51077270507812,241.70216369628906
204,7,93.6208267211914,83.33419799804688,120.03075408935547,214.72183227539062
204,5,242.1063995361328,132.3301544189453,90.58381652832031,246.52732849121094
204,4,90.5889892578125,48.946495056152344,46.51641845703125,114.81441497802734
204,1,201.110595703125,354.8746643066406,124.7071533203125,123.10446166992188
205,2,491.8636169433594,95.74459838867188,95.04397583007812,241.4569091796875
205,7,93.73667907714844,82.30294036865234,122.37005615234375,215.94263458251953
205,5,247.51719665527344,132.8095245361328,104.88685607910156,236.72132873535156
205,4,92.30474090576172,52.084510803222656,49.446998596191406,167.09137725830078
205,1,199.4125518798828,347.3894958496094,126.39820861816406,130.6829833984375
206,2,492.88421630859375,95.09503936767578,95.42938232421875,241.99633026123047
206,7,96.58052062988281,81.31051635742188,120.24627685546875,215.74221801757812
206,5,247.5213165283203,132.4084014892578,118.22166442871094,236.14601135253906
206,4,94.9357681274414,55.259273529052734,49.728797912597656,166.19801712036133
206,1,184.4898223876953,345.3844299316406,140.95802307128906,132.58123779296875
207,2,496.2657470703125,93.86602020263672,92.77069091796875,243.48722076416016
207,7,101.77545928955078,80.50629425048828,115.37569427490234,216.56441497802734
207,5,253.4156951904297,132.44854736328125,117.89390563964844,236.1475830078125
207,4,97.64987182617188,51.542118072509766,53.57725524902344,169.29101181030273
207,1,183.80113220214844,347.1026611328125,142.2899932861328,130.6995849609375
208,2,499.2707214355469,92.99930572509766,90.05532836914062,244.76927947998047
208,7,112.36331176757812,76.93567657470703,104.79481506347656,218.85030364990234
208,5,258.8921813964844,132.31541442871094,115.826904296875,235.60667419433594
208,4,98.83284759521484,48.90561294555664,56.55005645751953,172.22979354858398
208,1,189.65602111816406,348.8388366699219,137.51878356933594,129.05224609375
209,2,500.5562744140625,92.80436706542969,89.1005859375,245.15342712402344
209,7,124.08174896240234,76.50501251220703,92.96541595458984,217.52965545654297
209,5,249.3376007080078,132.3128204345703,126.56776428222656,240.74635314941406
209,4,102.35417938232422,49.56583786010742,58.21643829345703,169.42212295532227
209,1,195.49436950683594,349.02471923828125,134.5883026123047,128.72039794921875
210,2,501.8392333984375,92.75370788574219,88.511474609375,245.09498596191406
210,7,138.86497497558594,74.94385528564453,79.03189086914062,220.20128631591797
210,4,104.61141967773438,48.26710891723633,62.86695861816406,172.92751693725586
210,5,262.7464904785156,131.6092529296875,113.43435668945312,238.80520629882812
210,1,193.30355834960938,346.56475830078125,138.03982543945312,131.5439453125
211,2,502.84722900390625,92.55567932128906,88.356201171875,245.1754608154297
211,7,152.6585693359375,72.0248794555664,65.83740234375,221.63350677490234
211,5,279.1921691894531,131.5429229736328,97.14675903320312,242.7664031982422
211,4,108.7367172241211,47.54570388793945,66.8494644165039,176.42535018920898
211,1,191.10850524902344,346.8157958984375,142.1080780029297,130.82855224609375
212,2,503.0704040527344,92.21791076660156,88.93026733398438,244.7794647216797
212,5,296.2089538574219,132.23910522460938,83.92855834960938,258.81109619140625
212,7,159.82337951660156,71.80123138427734,59.10740661621094,226.0523452758789
212,4,112.02747344970703,46.904361724853516,66.98397064208984,177.23693466186523
212,1,189.5224609375,344.2792663574219,145.91448974609375,133.46328735351562
213,2,503.36004638671875,91.7219009399414,89.05047607421875,244.5770492553711
213,7,166.0220184326172,71.61608123779297,57.938018798828125,227.30500030517578
213,5,300.3374328613281,133.7489013671875,98.330810546875,256.61376953125
213,4,117.302978515625,47.087642669677734,66.40950012207031,177.12575149536133
213,1,186.44227600097656,341.18878173828125,138.9199981689453,136.43991088867188
214,2,502.6635437011719,91.54888916015625,89.80654907226562,244.31597900390625
214,7,171.7223663330078,72.68257904052734,72.52812194824219,225.71344757080078
214,5,302.0618591308594,138.45928955078125,109.8289794921875,252.00479125976562
214,4,122.17813873291016,47.170562744140625,62.772071838378906,176.93870544433594
214,1,182.22235107421875,337.5575866699219,154.8271484375,139.73300170898438
215,2,501.5837707519531,91.57148742675781,90.93087768554688,242.86375427246094
215,7,176.88424682617188,73.05797576904297,85.92550659179688,222.02777862548828
215,5,304.4473571777344,145.78042602539062,107.35455322265625,244.81951904296875
215,4,122.76185607910156,46.50461959838867,62.39849853515625,178.30844497680664
215,1,179.45465087890625,330.99884033203125,157.27264404296875,145.90869140625
216,2,500.471435546875,91.94857025146484,91.4178466796875,241.87003326416016
216,5,311.98504638671875,157.15003967285156,100.07119750976562,233.4347686767578
216,7,180.5616912841797,77.12583923339844,100.86192321777344,215.83558654785156
216,4,127.79791259765625,45.5472297668457,59.622711181640625,179.78771591186523
216,1,176.03611755371094,317.6425476074219,160.0486297607422,159.56964111328125
217,2,499.927490234375,92.01139068603516,91.69873046875,241.56014251708984
217,5,314.14654541015625,160.0835723876953,98.16741943359375,234.06834411621094
217,7,180.1920928955078,77.81437683105469,106.88356018066406,215.61241149902344
217,4,130.1078643798828,45.09130096435547,59.541168212890625,180.44681549072266
217,1,174.28895568847656,309.0348815917969,161.35496520996094,167.90481567382812
218,2,499.20172119140625,91.28167724609375,91.67327880859375,242.326171875
218,5,310.7962341308594,160.5483856201172,101.72781372070312,238.60035705566406
218,7,182.3834686279297,78.09175872802734,105.52638244628906,217.51343536376953
218,4,133.30093383789062,45.247642517089844,59.75146484375,179.73491668701172
218,1,173.9027862548828,300.33831787109375,162.35594177246094,176.71908569335938
219,2,498.40826416015625,90.88036346435547,91.7347412109375,242.4408950805664
219,5,307.3320007324219,161.54324340820312,104.93228149414062,243.65744018554688
219,7,187.0998077392578,77.37963104248047,101.02900695800781,218.4390640258789
219,4,136.14434814453125,44.1600456237793,66.08827209472656,180.02759170532227
219,1,174.76405334472656,296.1974182128906,162.32044982910156,180.7569580078125
220,2,497.29534912109375,91.14253997802734,91.90167236328125,241.92499542236328
220,5,302.73748779296875,163.36402893066406,109.62161254882812,246.9899139404297
220,4,141.59349060058594,45.15445327758789,70.73548889160156,178.08463668823242
220,7,199.4144287109375,75.52146911621094,88.761962890625,220.33897399902344
220,1,176.74407958984375,291.23736572265625,166.73312377929688,185.697509765625
221,2,496.0222473144531,90.58213806152344,91.93148803710938,242.38755798339844
221,5,298.5279235839844,165.96958923339844,113.6219482421875,244.4702911376953
221,4,144.03109741210938,43.93181610107422,78.70822143554688,180.12859344482422
221,7,209.90994262695312,75.55491638183594,78.68331909179688,220.6238555908203
221,1,179.58558654785156,290.2893371582031,168.4412078857422,186.59310913085938
222,2,496.19482421875,90.59615325927734,90.769775390625,242.22895050048828
222,5,297.9893798828125,169.2248992919922,113.77545166015625,241.24366760253906
222,4,146.3847198486328,44.67289352416992,81.08131408691406,178.71460342407227
222,7,226.23545837402344,73.59020233154297,63.33305358886719,222.04889678955078
222,1,179.8861846923828,286.9462585449219,167.62159729003906,190.3446044921875
223,2,496.4505920410156,90.65393829345703,90.30343627929688,242.37145233154297
223,5,297.5240783691406,171.3888397216797,114.20846557617188,238.8476104736328
223,4,148.0985565185547,45.86359405517578,82.25495910644531,177.27332305908203
223,7,237.81321716308594,72.35586547851562,52.49046325683594,223.71951293945312
223,1,180.28834533691406,283.9037170410156,166.66615295410156,192.79354858398438
224,2,497.3626403808594,91.11134338378906,89.42654418945312,242.14271545410156
224,5,300.1502685546875,173.95681762695312,110.99105834960938,236.27420043945312
224,4,152.59542846679688,44.860225677490234,78.9296875,178.99103164672852
224,7,244.43896484375,72.64729309082031,49.640716552734375,224.2937774658203
224,1,192.86312866210938,284.7466125488281,157.11160278320312,191.36529541015625
225,2,498.1851501464844,90.86080932617188,88.54629516601562,242.84371948242188
225,4,156.59164428710938,45.40522766113281,75.58760070800781,178.58175659179688
225,7,249.96739196777344,72.51913452148438,52.33601379394531,225.16128540039062
225,5,304.28936767578125,175.3084259033203,106.80865478515625,235.24403381347656
225,1,179.75384521484375,281.5357360839844,175.00628662109375,193.783203125
226,2,499.62652587890625,91.07011413574219,87.44927978515625,242.3289031982422
226,1,149.02725219726562,282.5283508300781,208.87655639648438,192.729248046875
226,4,158.15182495117188,45.03669738769531,74.02519226074219,179.44012451171875
226,5,310.08526611328125,175.21527099609375,101.75933837890625,235.27685546875
226,7,253.8671112060547,72.56092834472656,63.30149841308594,224.1452178955078
227,2,500.40960693359375,90.74691772460938,86.84222412109375,242.86468505859375
227,1,141.53521728515625,280.6488952636719,218.86941528320312,194.90463256835938
227,4,158.11341857910156,43.827823638916016,74.68290710449219,180.62522506713867
227,5,310.456787109375,175.3085174560547,103.63528442382812,235.2095184326172
227,7,254.05450439453125,73.84748840332031,70.500244140625,222.3313446044922
228,2,500.8645935058594,91.16055297851562,86.92379760742188,242.23455810546875
228,1,141.9931640625,279.8354797363281,226.10238647460938,195.03396606445312
228,5,313.4181213378906,174.87635803222656,106.67251586914062,236.34336853027344
228,4,159.41409301757812,42.6195182800293,73.57096862792969,181.42232131958008
228,7,254.0408172607422,74.75057983398438,75.81251525878906,221.3421630859375
229,2,500.98492431640625,91.13341522216797,88.13751220703125,242.6249771118164
229,1,151.5293731689453,277.1822814941406,219.80479431152344,197.48944091796875
229,5,316.0998840332031,174.28125,111.3499755859375,237.15399169921875
229,4,165.32603454589844,40.63072967529297,67.79641723632812,182.8053970336914
229,7,254.66983032226562,75.4091567993164,80.10910034179688,219.81194305419922
230,2,500.9621276855469,91.05077362060547,89.57315063476562,242.57605743408203
230,1,166.74668884277344,273.2734680175781,211.18104553222656,201.28469848632812
230,4,170.41188049316406,41.26431655883789,62.433258056640625,181.3293113708496
230,5,318.85308837890625,173.94183349609375,115.89974975585938,236.37176513671875
230,7,256.9387512207031,75.83472442626953,84.31411743164062,219.36083221435547
231,2,501.3501281738281,91.68464660644531,91.01083374023438,241.81175231933594
231,1,180.22732543945312,266.12176513671875,206.5677490234375,207.8336181640625
231,4,172.78439331054688,41.22337341308594,60.87800598144531,182.71209716796875
231,5,321.05078125,173.04713439941406,119.4359130859375,208.4883270263672
231,7,263.8634338378906,74.0604476928711,82.87039184570312,205.98242950439453
232,2,501.5443420410156,91.39167785644531,93.02352905273438,242.12254333496094
232,1,180.26931762695312,258.2451171875,210.16000366210938,216.02276611328125
232,4,181.30908203125,40.67458724975586,54.514068603515625,185.54037857055664
232,5,322.9629211425781,172.1539764404297,118.7906494140625,206.21363830566406
232,7,271.76727294921875,73.35948181152344,79.93606567382812,201.82423400878906
233,2,502.04193115234375,91.48851013183594,94.86187744140625,242.20713806152344
233,1,180.04441833496094,249.36070251464844,211.51097106933594,224.88499450683594
233,5,326.01824951171875,169.91500854492188,116.93722534179688,209.09829711914062
233,4,184.0598602294922,40.317569732666016,54.93354797363281,185.3916893005371
233,7,287.71392822265625,71.82128143310547,68.49224853515625,205.61994171142578
234,2,501.630126953125,91.78694152832031,97.69659423828125,241.93824768066406
234,7,294.74444580078125,70.48600769042969,66.38861083984375,217.32728576660156
234,5,328.16571044921875,167.96873474121094,114.79171752929688,210.79212951660156
234,4,184.5985107421875,41.05133056640625,58.75677490234375,185.03810119628906
234,1,179.931396484375,239.23524475097656,208.92950439453125,235.2234344482422
235,2,501.65240478515625,92.00736999511719,100.4810791015625,241.6448211669922
235,4,185.53573608398438,41.71339797973633,70.73013305664062,184.2544822692871
235,5,334.4519348144531,166.86557006835938,108.88119506835938,212.10369873046875
235,7,307.73822021484375,68.6285171508789,62.154327392578125,204.2945785522461
235,1,180.0360870361328,224.496337890625,206.2974395751953,250.411865234375
236,2,502.2982177734375,92.061279296875,103.94989013671875,241.94100952148438
236,5,344.0651550292969,165.5571746826172,100.58200073242188,213.0093231201172
236,1,179.67111206054688,214.1608123779297,211.749267578125,260.52256774902344
236,7,320.39501953125,67.16072845458984,62.343902587890625,212.3552017211914
236,4,188.01852416992188,42.39883041381836,81.04876708984375,182.5107765197754
237,2,503.6036071777344,90.88555908203125,106.43118286132812,243.02993774414062
237,5,348.0728454589844,160.2751007080078,99.51593017578125,218.17979431152344
237,1,179.06028747558594,202.00955200195312,214.3929901123047,271.0528259277344
237,4,190.8116912841797,42.24674606323242,89.31471252441406,180.27154922485352
237,7,328.23431396484375,66.8949203491211,63.11016845703125,209.83902740478516
238,2,505.81134033203125,91.36890411376953,107.9981689453125,242.23717498779297
238,5,352.0379333496094,159.2130584716797,98.17343139648438,220.4945831298828
238,1,178.73516845703125,192.25828552246094,219.49365234375,274.2732696533203
238,4,193.2580108642578,43.6472282409668,87.06053161621094,178.80861282348633
238,7,333.9724426269531,66.97074127197266,66.28961181640625,175.24620819091797
239,2,508.46453857421875,90.70796203613281,110.08544921875,242.53077697753906
239,5,353.6100769042969,156.3268585205078,99.66964721679688,248.5856170654297
239,4,198.43426513671875,44.4505729675293,84.07916259765625,179.49072647094727
239,1,188.59201049804688,181.96426391601562,215.82290649414062,278.22369384765625
239,7,339.43109130859375,67.01079559326172,67.97323608398438,208.84442901611328
240,2,519.0370483398438,91.40718078613281,105.707275390625,239.8718719482422
240,5,373.0834655761719,152.33944702148438,87.638427734375,249.42193603515625
240,4,203.50555419921875,44.28106689453125,83.0323486328125,179.1920166015625
240,1,220.7600860595703,165.25082397460938,199.4208221435547,291.0889892578125
240,7,352.7232971191406,68.6434555053711,61.138763427734375,204.50394439697266
241,2,527.4434814453125,92.2417221069336,102.69146728515625,237.96045684814453
241,5,383.2799072265625,151.03749084472656,80.49514770507812,251.18687438964844
241,1,241.65113830566406,157.27487182617188,182.3900604248047,300.5049743652344
241,4,203.93051147460938,43.577327728271484,82.04000854492188,179.81149673461914
241,7,358.326171875,69.46342468261719,56.335357666015625,199.2865753173828
242,2,536.4661254882812,90.78917694091797,97.81781005859375,238.65692901611328
242,5,387.4891357421875,150.38919067382812,80.54986572265625,253.10525512695312
242,1,264.15667724609375,152.14157104492188,165.03555297851562,305.3935546875
242,4,202.39854431152344,42.50774002075195,83.66600036621094,180.3382682800293
242,7,365.5277404785156,70.05553436279297,53.656890869140625,196.14417266845703
243,2,546.8739624023438,91.35711669921875,93.05426025390625,236.9853515625
243,5,392.1890869140625,150.39697265625,79.32803344726562,253.10955810546875
243,1,287.2979736328125,146.77288818359375,146.8670654296875,311.83001708984375
243,4,213.6349639892578,42.05525207519531,72.20326232910156,180.4492645263672
243,7,371.78533935546875,70.45140075683594,53.9566650390625,128.82015991210938
244,2,555.219970703125,90.59253692626953,89.71575927734375,237.7605209350586
244,5,396.5550231933594,150.18785095214844,80.28128051757812,250.5226593017578
244,4,217.46018981933594,41.448463439941406,69.01045227050781,182.4209213256836
244,1,295.42791748046875,143.3345489501953,145.31930541992188,315.4135284423828
244,7,378.8022766113281,70.60517883300781,54.29693603515625,128.9816131591797
245,2,556.1430053710938,91.54179382324219,93.6417236328125,236.9167022705078
245,5,399.5874938964844,150.22698974609375,83.20819091796875,251.83798217773438
245,1,296.42010498046875,139.6595458984375,149.9281005859375,318.50640869140625
245,4,224.78997802734375,40.92942810058594,61.936279296875,184.03097534179688
245,7,385.7601623535156,69.46124267578125,52.24969482421875,129.10012817382812
246,2,556.0548095703125,92.45109558105469,98.149658203125,234.2610626220703
246,4,227.51417541503906,40.32929229736328,61.33940124511719,182.80721282958984
246,5,401.6688232421875,149.12570190429688,89.15176391601562,255.03945922851562
246,1,296.27154541015625,140.24842834472656,157.5555419921875,317.5386199951172
246,7,392.0818176269531,67.93882751464844,52.39141845703125,181.57431030273438
247,2,556.5977172851562,92.48006439208984,103.86468505859375,233.61444854736328
247,4,229.74130249023438,40.15237045288086,61.8447265625,183.1025276184082
247,5,405.7424621582031,148.533447265625,93.45455932617188,256.1959228515625
247,1,296.4161071777344,139.70098876953125,167.85064697265625,317.9779357910156
247,7,397.4472961425781,67.9913558959961,51.9779052734375,178.6706314086914
248,2,556.9821166992188,94.7262191772461,108.27874755859375,228.82361602783203
248,4,233.4554443359375,39.21151351928711,60.225067138671875,183.70964431762695
248,5,411.0011901855469,149.80917358398438,96.61578369140625,254.38092041015625
248,1,299.5923767089844,140.04104614257812,148.97946166992188,315.1502685546875
248,7,402.481689453125,67.60061645507812,52.50823974609375,150.26173400878906
249,2,557.1770629882812,93.74942779541016,112.96630859375,227.62419891357422
249,4,238.72727966308594,39.58210372924805,59.61421203613281,183.88017654418945
249,5,421.4940490722656,148.6237030029297,93.67562866210938,256.3807830810547
249,1,301.5015563964844,138.21270751953125,164.93585205078125,310.47015380859375
249,7,406.6744689941406,67.58983612060547,53.0892333984375,187.51274871826172
250,2,557.7196044921875,92.57270050048828,120.53125,225.48973846435547
250,4,241.73867797851562,39.49862289428711,66.45144653320312,183.67425918579102
250,5,421.1053466796875,144.7437744140625,101.61456298828125,260.294921875
250,1,311.9742736816406,136.75436401367188,152.60317993164062,304.92938232421875
250,7,412.6509704589844,67.26750183105469,52.13385009765625,220.0785675048828
251,2,558.476318359375,93.90059661865234,123.9168701171875,223.1390151977539
251,1,321.10845947265625,134.00018310546875,151.03628540039062,303.1198425292969
251,4,245.07659912109375,39.49577331542969,74.70223999023438,183.2484893798828
251,5,421.87249755859375,142.3843231201172,109.47198486328125,262.31004333496094
251,7,417.9323425292969,67.5406723022461,52.8404541015625,217.26920318603516
252,1,333.8646240234375,131.88836669921875,151.72848510742188,300.1937255859375
252,2,562.0228881835938,95.55376434326172,123.936767578125,221.72504425048828
252,4,245.32440185546875,40.410579681396484,83.1175537109375,182.3316535949707
252,5,423.1340026855469,141.3242645263672,114.18417358398438,262.8407440185547
252,7,422.9810485839844,67.14592742919922,55.113861083984375,213.72620391845703
253,2,566.0616455078125,96.24178314208984,126.8536376953125,221.8252944946289
253,1,347.74749755859375,130.02557373046875,146.63479614257812,298.5460510253906
253,4,248.0123748779297,40.335426330566406,85.90870666503906,182.66287994384766
253,5,423.5769958496094,138.8759307861328,126.56466674804688,265.36354064941406
253,7,428.2913818359375,67.79447174072266,57.19232177734375,212.09355926513672
254,1,346.577880859375,129.51776123046875,159.97720336914062,297.8847351074219
254,2,574.2986450195312,96.2004165649414,127.07525634765625,222.03478240966797
254,5,425.507568359375,139.1653594970703,134.3343505859375,263.92225646972656
254,4,251.87632751464844,40.101348876953125,83.98414611816406,181.824951171875
254,7,432.39508056640625,68.58768463134766,61.123443603515625,210.85958099365234
255,1,346.0713195800781,130.01846313476562,169.74472045898438,296.51611328125
255,5,433.11614990234375,139.7549591064453,130.83489990234375,262.6324005126953
255,4,255.15475463867188,41.226436614990234,79.27786254882812,181.29487991333008
255,2,584.5479125976562,96.4212417602539,121.73370361328125,222.22338104248047
255,7,437.92486572265625,69.96157836914062,63.849151611328125,196.10464477539062
256,1,345.7301940917969,131.29771423339844,177.03933715820312,298.1383819580078
256,5,447.6606750488281,139.0459442138672,124.54269409179688,262.63902282714844
256,4,257.1963806152344,41.38883972167969,79.32962036132812,181.95355224609375
256,2,596.3411865234375,96.54704284667969,114.5582275390625,222.5240936279297
256,7,448.4452209472656,70.37079620361328,60.654052734375,182.72046661376953
257,1,345.8889465332031,134.6457977294922,186.27737426757812,295.4505157470703
257,4,257.28961181640625,41.589637756347656,79.27789306640625,182.1969223022461
257,5,462.7216796875,138.5179901123047,117.3701171875,259.4340362548828
257,7,454.9298400878906,70.63761138916016,67.17678833007812,195.66561126708984
257,2,609.1868286132812,95.56737518310547,107.2562255859375,223.92700958251953
258,1,346.5141906738281,137.06182861328125,195.78640747070312,293.9214172363281
258,5,474.8167419433594,135.78553771972656,109.34609985351562,257.7279815673828
258,4,257.13848876953125,40.51274490356445,80.09030151367188,182.48386764526367
258,2,622.8845825195312,94.74150848388672,98.875,223.82035064697266
258,7,459.83880615234375,70.77305603027344,61.28131103515625,196.31809997558594
259,1,347.71826171875,137.57460021972656,196.667236328125,293.0763397216797
259,4,263.2650146484375,39.799617767333984,74.12564086914062,182.78635025024414
259,5,487.35772705078125,133.75625610351562,99.2989501953125,257.26275634765625
259,2,637.1143188476562,94.61577606201172,88.83551025390625,223.49112701416016
259,7,466.2107849121094,69.61148834228516,58.002044677734375,195.86754608154297
260,1,355.4036560058594,140.58506774902344,193.58309936523438,290.3463897705078
260,4,272.9137878417969,40.66777038574219,65.80673217773438,181.99710083007812
260,5,504.69122314453125,130.93507385253906,88.06005859375,257.36012268066406
260,2,643.3014526367188,94.28150177001953,86.6876220703125,224.35152435302734
260,7,472.3716125488281,67.5611801147461,55.559967041015625,197.92682647705078
261,4,278.1373291015625,39.94923400878906,63.0509033203125,183.19772338867188
261,1,373.6139221191406,138.02610778808594,178.52200317382812,292.21546936035156
261,2,643.648681640625,94.66868591308594,93.131103515625,223.63758850097656
261,5,522.6421508789062,128.43374633789062,73.21435546875,256.90618896484375
261,7,477.2087097167969,66.64617156982422,52.802947998046875,197.41339874267578
262,2,643.4671630859375,94.52722930908203,104.8858642578125,223.79088592529297
262,1,385.0816650390625,136.55389404296875,162.87481689453125,293.6308288574219
262,4,284.5394592285156,40.03174591064453,60.096466064453125,183.10002899169922
262,5,526.273193359375,127.21878051757812,75.5323486328125,255.66079711914062
262,7,482.13299560546875,65.61421966552734,60.13519287109375,196.41504669189453
263,2,643.3198852539062,95.27471160888672,115.29736328125,223.19910430908203
263,1,403.64996337890625,134.15943908691406,130.22943115234375,296.28269958496094
263,4,287.5499572753906,40.67110824584961,62.043060302734375,183.7691535949707
263,5,525.7936401367188,126.65929412841797,85.04901123046875,254.86072540283203
263,7,487.1417541503906,64.51012420654297,58.517852783203125,193.21891021728516
264,2,644.6546630859375,96.34078979492188,129.46514892578125,221.38308715820312
264,5,526.0858764648438,129.53009033203125,120.6229248046875,248.98495483398438
264,4,291.9762268066406,39.783905029296875,64.6142578125,187.57785034179688
264,1,436.92608642578125,130.43234252929688,116.16534423828125,298.8455505371094
264,7,499.27978515625,63.5749397277832,51.859130859375,192.0732536315918
265,2,647.624755859375,95.9726333618164,132.39404296875,221.15264129638672
265,4,295.0068054199219,39.98196029663086,72.9951171875,187.32138442993164
265,5,526.4442749023438,130.53643798828125,129.24530029296875,247.9306640625
265,1,436.65191650390625,130.33445739746094,125.681640625,299.33226013183594
265,7,503.07611083984375,65.16365051269531,53.6993408203125,192.6227569580078
266,2,651.6771240234375,95.98369598388672,132.37744140625,221.4422378540039
266,4,298.5151062011719,41.62310791015625,83.6363525390625,185.57852172851562
266,5,529.3031616210938,133.47471618652344,127.93829345703125,244.9940643310547
266,1,437.1909484863281,129.78684997558594,134.41525268554688,300.27003479003906
266,7,508.2991027832031,65.42103576660156,56.353851318359375,194.3510284423828
267,2,657.8243408203125,96.73361206054688,126.65789794921875,221.0343017578125
267,4,302.1429748535156,43.0721435546875,87.79541015625,183.23080444335938
267,5,535.6585083007812,132.4213409423828,121.32684326171875,246.5156707763672
267,1,437.74053955078125,131.65367126464844,144.8665771484375,297.45729064941406
267,7,511.21075439453125,67.02497863769531,66.90521240234375,195.24659729003906
268,2,670.5371704101562,95.44381713867188,114.66650390625,218.8255615234375
268,4,305.87359619140625,44.2421875,87.48028564453125,181.9656219482422
268,5,547.2301025390625,131.4083251953125,110.37335205078125,247.89956665039062
268,1,436.7304382324219,131.87899780273438,154.97695922851562,297.71771240234375
268,7,516.0293579101562,68.02864074707031,67.18194580078125,197.77748107910156
269,2,683.64111328125,94.68257904052734,102.03546142578125,215.91336822509766
269,5,555.4266967773438,131.7848358154297,105.095703125,246.2462921142578
269,1,437.7129821777344,132.2050018310547,164.92825317382812,296.8321075439453
269,4,308.0048828125,44.94803237915039,87.4989013671875,182.23708724975586
269,7,504.5949401855469,71.7157974243164,88.41458129882812,196.49983978271484
270,1,440.3080749511719,132.46197509765625,167.75271606445312,297.40087890625
270,4,309.1524963378906,44.8001823425293,87.04434204101562,182.89291763305664
270,2,693.37255859375,93.68403625488281,93.494384765625,215.2406768798828
270,5,569.041748046875,130.22259521484375,96.59674072265625,247.45864868164062
270,7,478.52618408203125,71.73380279541016,116.927001953125,198.4572982788086
271,1,449.3619384765625,131.14944458007812,164.2470703125,298.04364013671875
271,4,309.6560974121094,44.261322021484375,86.73226928710938,183.7222137451172
271,2,706.4781494140625,92.70472717285156,83.56195068359375,215.8596649169922
271,5,582.7815551757812,128.14353942871094,89.15093994140625,249.35243225097656
271,7,530.4169921875,69.90762329101562,66.32952880859375,197.82229614257812
272,4,309.7071228027344,43.83450698852539,86.83956909179688,183.7207145690918
272,1,471.717041015625,128.5327911376953,142.56585693359375,298.3927764892578
272,2,717.0890502929688,93.58736419677734,78.40814208984375,214.85248565673828
272,5,598.0370483398438,126.48653411865234,79.02691650390625,250.64270782470703
272,7,498.2032775878906,72.61848449707031,104.03585815429688,197.8793487548828
273,1,483.42596435546875,126.9739761352539,129.42181396484375,297.27669525146484
273,4,315.4419250488281,42.854740142822266,80.9102783203125,184.31208419799805
273,2,720.9644165039062,91.4478530883789,80.04522705078125,219.7759017944336
273,5,612.2520751953125,127.24296569824219,80.19647216796875,250.31349182128906
273,7,513.4813232421875,71.55729675292969,94.8388671875,199.3057098388672
274,4,327.1220703125,42.344818115234375,72.48846435546875,185.591552734375
274,1,499.21710205078125,124.496826171875,116.2178955078125,299.8538818359375
274,2,720.981689453125,92.83971405029297,84.2525634765625,218.23358917236328
274,5,619.0050048828125,127.44110107421875,87.66748046875,250.57559204101562
274,7,553.8311767578125,70.44474029541016,58.4954833984375,102.18866729736328
275,2,721.2188720703125,95.16883850097656,89.78082275390625,216.75071716308594
275,4,333.5086669921875,41.658660888671875,68.37875366210938,186.378173828125
275,1,518.6865234375,124.42371368408203,102.54156494140625,299.70214080810547
275,5,618.5014038085938,126.9753646850586,100.43682861328125,250.35535430908203
275,7,559.92578125,69.56927490234375,59.8658447265625,103.2230224609375
276,2,721.8113403320312,95.5035629272461,95.03436279296875,215.10578155517578
276,4,342.07940673828125,41.45433807373047,62.95220947265625,186.84612274169922
276,1,536.3960571289062,125.74536895751953,91.8870849609375,298.1251449584961
276,5,617.27734375,127.0654296875,111.25634765625,250.84414672851562
276,7,565.9342041015625,69.07966613769531,58.9432373046875,103.85328674316406
277,2,723.3929443359375,97.62017059326172,100.2437744140625,210.16825103759766
277,4,348.017333984375,41.482994079589844,60.200653076171875,186.7112808227539
277,1,535.4437866210938,126.36955261230469,103.5238037109375,298.9165496826172
277,5,616.9882202148438,128.20062255859375,119.58197021484375,248.90219116210938
277,7,572.0027465820312,69.1375961303711,58.40631103515625,105.06220245361328
278,2,723.2369995117188,98.77529907226562,107.71038818359375,207.67953491210938
278,4,352.4494323730469,41.48002243041992,58.330718994140625,186.18410110473633
278,1,535.6248168945312,127.13172149658203,108.7305908203125,298.68920135498047
278,5,619.823486328125,127.05452728271484,122.3671875,249.03638458251953
278,7,577.7979736328125,69.3698959350586,57.26123046875,108.6927261352539
279,2,724.2299194335938,99.48321533203125,109.9517822265625,206.65585327148438
279,1,535.4844360351562,128.69839477539062,119.976806640625,294.6350402832031
279,4,356.0063781738281,41.68036651611328,59.442352294921875,186.00829315185547
279,5,626.282470703125,125.74757385253906,120.67132568359375,250.5015411376953
279,7,582.8291625976562,69.04208374023438,55.88580322265625,110.3450927734375
280,2,726.6801147460938,100.10386657714844,113.58856201171875,206.65892028808594
280,1,535.4629516601562,130.16629028320312,136.1968994140625,291.9051513671875
280,4,358.3592224121094,40.36715316772461,63.666351318359375,187.17294692993164
280,5,635.7628173828125,124.1863021850586,114.15087890625,250.29004669189453
280,7,562.6506958007812,71.67499542236328,82.42388916015625,195.59639739990234
281,1,534.8895874023438,133.287841796875,144.83843994140625,287.4994201660156
281,2,731.632568359375,101.09595489501953,115.83807373046875,205.88457489013672
281,5,643.6644287109375,121.4882583618164,107.11572265625,249.56053924560547
281,4,363.34735107421875,41.1883544921875,69.61444091796875,185.82208251953125
281,7,564.2492065429688,72.41814422607422,86.5770263671875,197.67411041259766
282,1,535.5741577148438,134.91607666015625,145.03802490234375,287.6026306152344
282,2,739.6185302734375,101.93531799316406,112.511962890625,204.59751892089844
282,5,653.990478515625,120.60555267333984,96.30657958984375,241.59391021728516
282,4,366.4560546875,40.84156036376953,76.7625732421875,186.34867095947266
282,7,565.5361938476562,74.64578247070312,91.289306640625,195.38723754882812
283,1,535.9956665039062,136.17404174804688,150.93768310546875,288.1861572265625
283,4,367.02655029296875,39.78318786621094,83.41229248046875,187.6855926513672
283,2,745.8956298828125,101.93621826171875,109.87420654296875,204.603759765625
283,5,660.6408081054688,119.43112182617188,88.1846923828125,234.1551513671875
283,7,567.2130126953125,75.08805084228516,93.9771728515625,196.01207733154297
284,1,543.8614501953125,134.93112182617188,153.09014892578125,289.5343017578125
284,4,367.2403564453125,41.01533889770508,86.07461547851562,186.70009994506836
284,2,756.4418334960938,100.65411376953125,99.4227294921875,205.81900024414062
284,7,570.572265625,75.57251739501953,95.8287353515625,194.97899627685547
284,5,666.1380615234375,119.37430572509766,79.75677490234375,237.01338958740234
285,4,367.93023681640625,39.80258560180664,87.65728759765625,187.86103439331055
285,1,566.1793823242188,135.4998321533203,139.21063232421875,289.50218200683594
285,7,576.82421875,74.46756744384766,94.22491455078125,194.63896942138672
285,5,673.20361328125,118.8652572631836,67.9024658203125,237.6263198852539
285,2,767.9724731445312,97.28112030029297,87.6978759765625,209.41043853759766
286,4,368.1699523925781,38.63770294189453,87.9090576171875,188.38301849365234
286,1,589.2166748046875,136.17245483398438,123.959228515625,288.2865295410156
286,7,589.3013305664062,73.26184844970703,88.96734619140625,191.27074432373047
286,5,677.3364868164062,118.2065200805664,66.28350830078125,234.6684799194336
286,2,781.5883178710938,94.96760559082031,74.061279296875,211.2505340576172
287,4,369.80035400390625,37.998291015625,86.59262084960938,189.7481689453125
287,1,601.0858154296875,133.9650421142578,120.0157470703125,289.74864196777344
287,7,600.3682861328125,73.13540649414062,82.8873291015625,188.33740234375
287,5,683.1875,120.08015441894531,64.52593994140625,230.8297882080078
287,2,794.3295288085938,96.85969543457031,61.24871826171875,209.35838317871094
288,4,382.3939514160156,34.477230072021484,75.12646484375,191.66032791137695
288,1,632.4179077148438,136.66433715820312,111.3677978515625,289.3516540527344
288,7,624.8427734375,72.94595336914062,70.3995361328125,189.96878051757812
288,5,715.2175903320312,121.7695083618164,45.6302490234375,218.3857650756836
288,2,798.3484497070312,111.67267608642578,57.30938720703125,194.76128387451172
289,1,632.7638549804688,137.41477966308594,123.63970947265625,287.6882781982422
289,4,392.5979919433594,33.44012451171875,67.69216918945312,191.0218048095703
289,7,633.8423461914062,72.80516052246094,66.44989013671875,189.74803161621094
289,5,718.6907958984375,122.15666961669922,48.5999755859375,214.07105255126953
289,2,798.58349609375,115.0404281616211,57.01239013671875,191.35016632080078
290,4,402.28106689453125,33.44709396362305,64.05731201171875,192.35412979125977
290,1,632.9378051757812,139.06300354003906,127.7039794921875,286.13319396972656
290,7,633.1209716796875,72.95999145507812,71.10394287109375,186.44744873046875
290,5,724.823974609375,124.73661041259766,46.4998779296875,213.00023651123047
290,2,798.6350708007812,120.40326690673828,56.94940185546875,184.93404388427734
291,1,633.4458618164062,142.24745178222656,152.3533935546875,282.0977325439453
291,4,412.5424499511719,33.9530029296875,56.953155517578125,193.5180206298828
291,7,632.769287109375,75.28180694580078,77.13629150390625,184.89604949951172
291,5,730.6882934570312,124.99107360839844,50.8331298828125,211.9595489501953
291,2,800.8314208984375,132.00485229492188,54.84259033203125,173.795654296875
292,4,418.6050109863281,35.0699462890625,55.6043701171875,193.9947052001953
292,1,632.802490234375,142.2481231689453,165.92498779296875,281.96507263183594
292,7,632.5637817382812,77.03170776367188,83.30792236328125,181.63946533203125
292,2,803.2285766601562,134.397216796875,52.36053466796875,171.60482788085938
292,5,736.122314453125,125.17369079589844,45.4305419921875,212.0884246826172
293,4,422.5628967285156,34.902801513671875,56.48480224609375,196.34507751464844
293,1,632.79638671875,146.16220092773438,176.787109375,277.9864501953125
293,7,633.4322509765625,80.07003021240234,86.88671875,178.74353790283203
293,2,806.5194702148438,137.92706298828125,49.1224365234375,167.010498046875
293,5,741.587646484375,121.98741149902344,49.431640625,215.1707000732422
293,8,755.3323364257812,122.8017578125,29.13720703125,37.338531494140625
294,4,427.4014587402344,36.06739044189453,57.2861328125,197.15775299072266
294,1,634.5092163085938,145.67811584472656,182.96270751953125,278.8366241455078
294,7,633.2994384765625,81.5232162475586,93.77685546875,176.2945327758789
294,2,814.9043579101562,145.40213012695312,40.66754150390625,158.81121826171875
294,5,733.2505493164062,122.02303314208984,59.73919677734375,113.43289947509766
294,8,760.5355834960938,121.96269989013672,29.89569091796875,29.822792053222656
295,1,639.4146118164062,145.25595092773438,181.78448486328125,279.3686218261719
295,4,427.34197998046875,38.18946838378906,72.67840576171875,193.6919403076172
295,7,635.4675903320312,82.96548461914062,98.38665771484375,175.72329711914062
295,2,823.323486328125,155.84727478027344,32.177734375,142.2921905517578
295,5,734.4273071289062,120.64945220947266,67.55584716796875,66.7374038696289
296,1,658.104248046875,141.77455139160156,163.38922119140625,281.42994689941406
296,4,427.6225891113281,40.12174606323242,85.27908325195312,189.84766006469727
296,7,638.4341430664062,83.28642272949219,101.66375732421875,174.1122283935547
296,5,740.2122802734375,121.97467803955078,68.0926513671875,112.19844818115234
296,2,832.369384765625,174.88978576660156,23.04998779296875,122.98518371582031
297,1,680.012939453125,141.95082092285156,141.413330078125,279.70884704589844
297,4,427.9941101074219,39.00043487548828,91.69992065429688,191.69115447998047
297,7,646.9375,83.54048919677734,100.8380126953125,177.90796661376953
297,5,743.1958618164062,120.95845031738281,58.26922607421875,74.40303039550781
298,1,695.2360229492188,140.54302978515625,129.42340087890625,280.7273864746094
298,4,428.2594909667969,41.0752067565918,93.10531616210938,190.2973518371582
298,7,655.458984375,83.64070892333984,96.57965087890625,179.1724624633789
298,5,747.5726928710938,121.66536712646484,59.164306640625,71.0224838256836
299,4,428.5592346191406,40.5019416809082,94.01303100585938,192.29662704467773
299,1,711.8097534179688,141.58078002929688,122.0072021484375,278.7558898925781
299,7,665.5036010742188,83.44004821777344,92.11920166015625,179.9904022216797
299,5,751.3759155273438,120.01687622070312,59.85382080078125,115.91891479492188
300,1,731.349365234375,141.6280517578125,107.1417236328125,282.21099853515625
300,4,429.6544494628906,41.063838958740234,93.74728393554688,191.42958450317383
300,7,676.0565185546875,83.23920440673828,85.53851318359375,180.30904388427734
300,5,756.7351684570312,121.00916290283203,57.762939453125,117.17076873779297
301,1,734.531005859375,141.37704467773438,112.873291015625,281.7831115722656
301,4,432.63818359375,40.42463302612305,91.7852783203125,191.88417434692383
301,7,689.9156494140625,81.42159271240234,77.2994384765625,181.36026763916016
301,5,734.0799560546875,126.37312316894531,84.55181884765625,209.8274688720703
302,4,444.7074279785156,39.86214065551758,81.39828491210938,193.0030174255371
302,1,734.4573364257812,141.48355102539062,116.940673828125,280.6594543457031
302,7,700.6160278320312,80.71768951416016,68.678466796875,182.80770111083984
302,5,733.501953125,122.49839782714844,89.91064453125,215.2897186279297
303,4,454.2562255859375,38.44472122192383,73.09515380859375,193.35447311401367
303,7,702.0958862304688,78.72419738769531,72.5946044921875,184.0952606201172
303,1,734.0530395507812,144.0711669921875,121.47833251953125,277.743408203125
303,5,735.9678955078125,122.53529357910156,92.7579345703125,217.59022521972656
304,4,464.7196960449219,37.778438568115234,65.39755249023438,194.41090774536133
304,1,734.61181640625,147.2602081298828,121.38818359375,270.0647735595703
304,7,703.140380859375,79.3580551147461,76.7596435546875,183.84293365478516
304,5,738.487548828125,121.84083557128906,94.90618896484375,216.8766632080078
304,2,835.8046875,209.2169189453125,19.64105224609375,195.3427734375
305,4,474.64697265625,38.07252883911133,60.59619140625,194.67181015014648
305,7,702.593505859375,80.09268951416016,82.91766357421875,183.10955047607422
305,5,742.5315551757812,119.53413391113281,93.8431396484375,217.7106170654297
305,1,734.6515502929688,145.42955017089844,121.34844970703125,269.48707580566406
306,4,484.59014892578125,37.873348236083984,52.86578369140625,194.57263565063477
306,7,703.0679931640625,81.82390594482422,88.72674560546875,180.83374786376953
306,5,753.8690795898438,119.52259063720703,87.62176513671875,215.11272430419922
306,1,735.1107788085938,151.9789581298828,120.88922119140625,263.43373107910156
307,4,489.3245544433594,36.74275207519531,55.134002685546875,195.04856872558594
307,5,764.7453002929688,119.86153411865234,79.176513671875,205.62613677978516
307,7,703.3367309570312,83.34729766845703,93.54547119140625,179.8089828491211
307,1,737.540283203125,177.4625244140625,118.43487548828125,237.8338623046875
308,7,703.3873901367188,84.1592788696289,97.97955322265625,179.11113739013672
308,4,491.16265869140625,38.47894287109375,66.3031005859375,193.68560791015625
308,5,773.1820068359375,118.24610900878906,75.69921875,206.42112731933594
308,1,747.4182739257812,174.55743408203125,108.531982421875,240.98336791992188
309,7,706.1587524414062,83.71833801269531,99.454345703125,179.7410430908203
309,4,493.37921142578125,37.80176544189453,72.395263671875,194.51532745361328
309,5,780.5441284179688,118.76152038574219,72.11773681640625,207.57615661621094
309,1,767.0029296875,170.9178466796875,88.55633544921875,245.510498046875
310,4,493.69378662109375,38.37168884277344,80.92437744140625,194.06298828125
310,7,712.34130859375,83.59552001953125,95.680419921875,178.75164794921875
310,5,784.3674926757812,118.77363586425781,70.34967041015625,206.70323181152344
311,4,494.1239929199219,39.54416275024414,84.90249633789062,193.2010612487793
311,7,721.114013671875,83.97705078125,91.49029541015625,176.67483520507812
311,5,784.5464477539062,120.21221923828125,70.8670654296875,204.1585693359375
311,2,809.1280517578125,227.0991668701172,46.63861083984375,191.20948791503906
311,1,809.0525512695312,320.5758056640625,46.7022705078125,95.44683837890625
312,7,742.0299072265625,80.39336395263672,75.94036865234375,177.95978546142578
312,4,493.6878356933594,40.89710235595703,94.59902954101562,191.54691314697266
312,5,783.7534790039062,123.88668823242188,71.8223876953125,198.56256103515625
312,2,825.0658569335938,255.80841064453125,30.4976806640625,162.69512939453125
312,1,826.259521484375,335.58587646484375,29.530029296875,81.96304321289062
313,4,495.25103759765625,41.24515151977539,96.49114990234375,191.50817489624023
313,7,753.3760986328125,80.21630096435547,68.484130859375,178.25586700439453
313,5,783.7178955078125,122.82884216308594,71.918701171875,199.1572723388672
313,2,826.1253051757812,186.09112548828125,29.87469482421875,232.58670043945312
313,1,826.64013671875,346.4272155761719,29.0736083984375,70.56292724609375
314,4,496.96246337890625,40.35330581665039,95.754150390625,191.88010787963867
314,7,761.8701171875,78.9435043334961,67.125,181.58817291259766
314,5,784.545166015625,122.82617950439453,71.0589599609375,197.62105560302734
314,2,828.0121459960938,200.43264770507812,27.75982666015625,218.51937866210938
314,1,827.2630004882812,350.6811828613281,28.41925048828125,66.4945068359375
315,4,507.86431884765625,40.052513122558594,84.814208984375,190.80603790283203
315,7,762.2776489257812,79.25194549560547,70.23529052734375,183.25446319580078
315,5,785.8656616210938,147.003662109375,69.76678466796875,172.64105224609375
315,1,828.1461181640625,360.5954895019531,27.56878662109375,57.229736328125
316,7,763.19384765625,79.85919189453125,71.26007080078125,180.3294677734375
316,4,518.8988647460938,39.653411865234375,72.20758056640625,188.70492553710938
316,5,789.3875732421875,146.40809631347656,66.2977294921875,172.49681091308594
316,1,828.6173095703125,365.0860290527344,27.1326904296875,52.821685791015625
317,7,762.523193359375,80.23371887207031,79.16510009765625,178.95664978027344
317,4,529.8311767578125,39.011253356933594,59.9576416015625,188.69524383544922
317,5,795.245361328125,146.7958221435547,60.3243408203125,171.3524627685547
317,1,830.0562744140625,374.0889587402344,25.76483154296875,42.835418701171875
318,7,762.1622314453125,79.2834701538086,82.80615234375,177.47855377197266
318,4,540.05224609375,40.67033004760742,52.38372802734375,189.08270645141602
318,5,801.466796875,144.98423767089844,54.204833984375,171.66429138183594
319,7,763.2689819335938,81.69685363769531,87.6927490234375,175.3990020751953
319,4,550.458740234375,40.51510238647461,49.04803466796875,191.69777297973633
319,5,812.1390380859375,142.55999755859375,43.443603515625,174.78805541992188
320,4,549.5987548828125,41.06605529785156,56.1861572265625,194.94744873046875
320,7,763.5565795898438,83.40557861328125,90.8701171875,173.22271728515625
320,5,821.0709228515625,136.609375,34.54559326171875,181.5836181640625
320,2,820.449951171875,249.3032684326172,35.4561767578125,67.28450012207031
321,4,549.3999633789062,42.189998626708984,60.93035888671875,194.54001235961914
321,7,766.0806884765625,84.72110748291016,89.4771728515625,172.22859954833984
321,5,830.4992065429688,104.26216125488281,25.0224609375,215.0199737548828
321,2,831.5554809570312,254.09750366210938,24.0843505859375,62.326080322265625
322,4,549.576416015625,44.17085266113281,76.04449462890625,192.4337615966797
322,7,771.006591796875,86.00012969970703,84.18463134765625,173.43627166748047
323,4,549.892578125,44.59739303588867,88.56097412109375,191.2011604309082
323,7,776.991455078125,86.07130432128906,78.3990478515625,174.17774963378906
323,2,840.0172729492188,272.70819091796875,15.552490234375,44.024017333984375
324,4,549.6378173828125,46.29356384277344,93.27001953125,188.6087646484375
324,7,784.360595703125,86.50556945800781,71.255859375,174.4213104248047
325,4,549.857177734375,46.72522735595703,92.79547119140625,189.42366790771484
325,7,793.7811889648438,91.303466796875,61.67877197265625,169.8404541015625
326,4,550.6279296875,47.3802604675293,92.34930419921875,189.30820083618164
326,7,803.7901000976562,98.73426818847656,51.95404052734375,162.90989685058594
327,4,548.7112426757812,46.65682601928711,94.140869140625,190.17689895629883
327,7,817.1093139648438,98.48758697509766,38.52557373046875,164.6998519897461
328,4,554.56005859375,46.88022994995117,88.17913818359375,190.17035293579102
328,7,824.55517578125,99.6568374633789,31.102294921875,163.66585540771484
329,4,567.6102905273438,46.75669479370117,76.439697265625,190.5058479309082
329,7,824.872314453125,102.09558868408203,30.91436767578125,160.67070770263672
330,4,576.2874145507812,46.35676956176758,72.56494140625,191.0696678161621
330,7,825.0278930664062,111.23526763916016,30.579345703125,150.48201751708984
331,4,585.63330078125,45.78168487548828,68.54034423828125,191.30474090576172
331,7,824.5145874023438,142.01773071289062,31.29296875,119.69265747070312
332,4,595.6748657226562,45.66862106323242,60.50946044921875,191.6122169494629
332,7,824.1919555664062,163.681884765625,31.576416015625,97.78472900390625
333,4,605.7052612304688,46.18450927734375,54.54736328125,191.2060089111328
333,7,824.9095458984375,200.4750518798828,30.8309326171875,61.45658874511719
334,4,612.8168334960938,46.39994430541992,57.63140869140625,190.93715286254883
334,7,825.668701171875,208.14199829101562,30.10498046875,53.528289794921875
335,4,613.3726806640625,46.70268630981445,69.31378173828125,190.38787460327148
335,7,827.5806884765625,212.17852783203125,28.21014404296875,49.3824462890625
336,4,613.0113525390625,48.099002838134766,87.1558837890625,188.03840255737305
337,4,612.8656005859375,48.34738540649414,95.0865478515625,188.05155563354492
338,4,613.5073852539062,49.940250396728516,100.77197265625,185.84565353393555
339,4,613.1950073242188,48.78880310058594,105.5523681640625,188.43930053710938
340,4,616.4625854492188,48.23359680175781,104.883056640625,188.56936645507812
341,4,618.1294555664062,48.84066390991211,104.50885009765625,187.39606094360352
342,4,626.2757568359375,50.272491455078125,95.44683837890625,185.09446716308594
343,4,640.8944091796875,48.861080169677734,79.235595703125,186.02704238891602
344,4,649.1309204101562,49.47093200683594,70.0032958984375,185.3526611328125
345,4,660.4055786132812,48.500450134277344,56.08758544921875,187.1324691772461
346,4,668.426025390625,47.936824798583984,51.73785400390625,191.5183448791504
347,4,669.0033569335938,51.04817199707031,56.74578857421875,188.12852478027344
348,4,669.5130004882812,52.23020935058594,61.8656005859375,188.157958984375
349,4,669.0867309570312,53.5907096862793,71.872314453125,186.70978164672852
350,4,669.5999145507812,54.34177780151367,80.2227783203125,184.20166397094727
351,4,669.48876953125,55.167724609375,87.40899658203125,182.06430053710938
352,4,669.5581665039062,56.35189437866211,87.514404296875,182.25093460083008
353,4,669.551025390625,57.79816436767578,88.38433837890625,181.36766815185547
354,4,668.9465942382812,56.59211730957031,90.5008544921875,182.6577911376953
355,4,677.8795776367188,56.4842643737793,82.69293212890625,182.18942642211914
356,4,684.6152954101562,56.228118896484375,80.74078369140625,183.0152587890625
357,4,693.1968383789062,55.43486404418945,75.4041748046875,184.25617599487305
358,4,701.5648193359375,55.5306510925293,70.920166015625,184.51221084594727
359,4,711.4612426757812,55.796607971191406,65.6612548828125,183.48731231689453
360,4,728.4279174804688,54.96383285522461,58.7889404296875,184.71809768676758
361,4,729.1021118164062,55.599613189697266,68.1568603515625,184.0804557800293
362,4,730.0625610351562,56.77247619628906,78.558349609375,182.9326629638672
363,4,728.8646240234375,58.20899963378906,89.091552734375,181.6773223876953
364,4,728.6275634765625,59.46950912475586,96.39959716796875,179.73730850219727
365,4,729.00830078125,59.957305908203125,102.5076904296875,179.4402313232422
366,4,729.0595092773438,59.893455505371094,106.00732421875,179.7240219116211
367,4,728.9242553710938,60.53485870361328,108.65814208984375,179.3331527709961
368,4,731.1619873046875,60.319915771484375,107.9693603515625,179.3116455078125
369,4,745.7930297851562,60.21078872680664,92.81829833984375,177.87444686889648
370,4,753.2025146484375,60.00377655029297,83.74462890625,178.08295440673828
371,4,764.2844848632812,60.82505798339844,69.76861572265625,175.0989227294922
372,4,772.0065307617188,61.0047492980957,59.96661376953125,176.00698471069336
373,4,777.1810913085938,61.34187698364258,53.70703125,176.8266716003418
374,4,777.55859375,61.363868713378906,56.915771484375,178.00640106201172
375,4,777.5321655273438,62.51483154296875,61.41656494140625,178.3159637451172
376,4,777.8553466796875,62.38679885864258,68.38995361328125,177.8438377380371
377,4,777.3017578125,61.77971267700195,75.04449462890625,177.6646385192871
378,4,776.9608764648438,63.93534469604492,78.17840576171875,173.95256423950195
379,4,777.630859375,66.31974029541016,77.574462890625,172.20891571044922
380,4,777.786865234375,66.08318328857422,77.85040283203125,172.84168243408203
381,4,777.9298706054688,64.90525817871094,77.65008544921875,174.04246520996094
382,4,782.6957397460938,66.52739715576172,73.12152099609375,172.9897689819336
383,4,789.271484375,82.10861206054688,66.41363525390625,157.4272918701172
384,4,806.1774291992188,89.29164123535156,49.44378662109375,151.3599853515625
385,4,812.2240600585938,87.66276550292969,43.4920654296875,152.93157958984375
386,4,821.3798217773438,85.6487045288086,34.238037109375,155.00455474853516
387,4,829.2033081054688,87.51313018798828,26.23992919921875,153.70423126220703
388,4,832.51611328125,92.38011932373047,22.907958984375,148.13025665283203
389,4,833.5897216796875,89.54558563232422,21.9365234375,152.56795501708984
390,4,834.0786743164062,92.60953521728516,21.246826171875,150.3995590209961
390,7,834.4415893554688,189.90695190429688,21.16864013671875,50.47761535644531
391,4,833.2172241210938,109.90132904052734,22.51239013671875,131.05223846435547
391,7,833.8864135742188,190.63998413085938,21.73944091796875,49.85343933105469
392,7,833.8232421875,197.3382110595703,21.81829833984375,43.40020751953125
