94,1,835.509765625,223.78871154785156,20.1190185546875,40.02610778808594
95,1,829.5631103515625,219.67242431640625,25.89337158203125,106.05706787109375
96,1,836.7391357421875,209.4512939453125,18.9102783203125,119.07235717773438
96,2,826.6932373046875,202.7529754638672,28.863037109375,65.29264831542969
97,1,825.3983764648438,195.79653930664062,30.279052734375,134.63409423828125
97,2,826.6334228515625,197.1529998779297,28.98974609375,70.07746887207031
98,1,823.427490234375,195.5137176513672,32.259033203125,137.34193420410156
99,1,815.27490234375,216.69558715820312,40.62115478515625,117.09451293945312
99,2,821.578857421875,192.97445678710938,33.975341796875,71.65289306640625
100,1,810.6429443359375,208.7054901123047,45.09539794921875,124.16752624511719
101,1,806.9081420898438,227.5140380859375,48.74139404296875,105.11328125
101,2,828.141357421875,197.53240966796875,26.7266845703125,66.52325439453125
102,1,806.4572143554688,210.15359497070312,49.37274169921875,122.36865234375
103,1,806.0926513671875,209.83367919921875,49.9073486328125,122.70535278320312
104,1,805.9287719726562,209.57656860351562,49.89404296875,122.97650146484375
105,1,806.2341918945312,207.82159423828125,49.24407958984375,125.21499633789062
106,1,805.4263916015625,208.8370361328125,49.73681640625,124.221435546875
107,1,804.6522827148438,207.82421875,48.29449462890625,125.83624267578125
108,1,805.6265869140625,208.7711181640625,43.59906005859375,124.08648681640625
109,1,803.8096923828125,210.04165649414062,42.67510986328125,123.021728515625
110,1,799.1490478515625,206.66287231445312,44.572265625,125.09902954101562
111,1,794.5054931640625,208.55572509765625,46.16448974609375,122.99960327148438
112,1,783.7578125,208.58470153808594,56.29107666015625,123.74732971191406
113,1,774.6007080078125,205.49261474609375,63.7938232421875,127.12982177734375
114,1,767.416259765625,209.2292938232422,69.29071044921875,123.56602478027344
115,1,764.1693725585938,209.0479278564453,67.73345947265625,124.32814025878906
116,1,762.9366455078125,209.9944610595703,64.7349853515625,123.00804138183594
116,2,804.625244140625,168.3548583984375,22.7144775390625,50.678314208984375
117,1,763.9666137695312,205.974365234375,61.42864990234375,127.72549438476562
117,2,805.145263671875,173.02597045898438,20.2835693359375,44.89067077636719
118,1,763.6744384765625,206.64077758789062,60.77801513671875,127.19647216796875
118,2,804.3178100585938,175.8217315673828,19.96978759765625,42.6318359375
119,1,764.4549560546875,207.9827880859375,58.57470703125,124.7362060546875
119,2,803.3074951171875,175.4462127685547,19.57745361328125,48.3914794921875
120,1,764.0931396484375,208.97491455078125,51.1082763671875,122.5406494140625
120,2,800.4697265625,177.9046630859375,19.5047607421875,53.58061218261719
121,1,765.5369262695312,214.224853515625,46.0418701171875,117.32968139648438
121,2,798.636962890625,176.84332275390625,19.74786376953125,56.14892578125
122,1,766.0670776367188,211.211181640625,44.24591064453125,121.11563110351562
122,2,795.03955078125,175.64817810058594,22.2215576171875,57.559356689453125
123,1,763.8067626953125,211.4875030517578,41.7890625,119.80470275878906
124,1,762.9531860351562,211.73841857910156,38.78375244140625,118.28782653808594
125,1,765.3723754882812,211.19003295898438,36.5457763671875,119.18804931640625
127,1,762.1630249023438,220.5240478515625,31.1826171875,110.62811279296875
136,3,816.191650390625,156.41629028320312,39.40283203125,93.02462768554688
137,3,814.8228149414062,155.73155212402344,40.84515380859375,94.25889587402344
138,3,813.0369262695312,153.70846557617188,42.3980712890625,95.93269348144531
139,1,710.1961669921875,207.9904022216797,41.25543212890625,126.88270568847656
139,3,813.8551635742188,153.25848388671875,41.68865966796875,97.24732971191406
140,1,700.6561889648438,207.74737548828125,49.27685546875,124.08456420898438
140,3,814.07763671875,153.73780822753906,41.62884521484375,97.05595397949219
141,3,810.7392578125,151.15594482421875,44.10418701171875,98.01174926757812
141,1,688.2001953125,206.92271423339844,57.49993896484375,126.11640930175781
142,3,813.295654296875,153.56764221191406,38.81658935546875,95.14765930175781
142,1,680.8370361328125,207.23529052734375,63.19573974609375,123.0211181640625
143,3,814.3125610351562,151.4998321533203,36.16278076171875,96.00607299804688
143,1,675.3800659179688,207.8262481689453,67.21527099609375,121.97966003417969
144,1,670.0272216796875,207.62599182128906,66.5716552734375,123.08265686035156
145,1,668.7357788085938,205.7906036376953,65.5621337890625,124.44905090332031
146,1,672.2020263671875,205.99578857421875,60.522705078125,123.35751342773438
146,4,725.7377319335938,164.66941833496094,23.950927734375,92.45988464355469
147,1,672.5062866210938,205.6826171875,54.663330078125,123.7672119140625
147,4,723.3718872070312,162.9271240234375,25.633056640625,94.10870361328125
148,1,672.5204467773438,204.7053985595703,49.77203369140625,125.02128601074219
148,4,719.5758056640625,161.91424560546875,28.75311279296875,92.46502685546875
149,1,672.0709228515625,203.92620849609375,44.81280517578125,126.5400390625
149,4,714.7535400390625,169.61878967285156,32.96893310546875,79.81207275390625
149,2,796.6068725585938,162.27317810058594,33.677490234375,83.75138854980469
150,1,670.3411254882812,204.22425842285156,46.59027099609375,127.45259094238281
150,4,710.4586181640625,173.22286987304688,37.5345458984375,79.45039367675781
151,1,666.7853393554688,203.06297302246094,51.40545654296875,128.90956115722656
151,4,708.28564453125,164.3041534423828,41.35198974609375,91.65194702148438
152,1,664.9214477539062,203.95721435546875,49.05780029296875,129.54248046875
152,4,708.7350463867188,164.1825408935547,39.99310302734375,92.61259460449219
152,2,784.3880615234375,167.4837188720703,42.28094482421875,75.10580444335938
153,4,699.0806274414062,163.14244079589844,50.1441650390625,93.50520324707031
153,1,660.2450561523438,203.8461456298828,44.9576416015625,128.84300231933594
153,2,781.76123046875,161.54502868652344,43.0333251953125,81.84629821777344
154,4,695.3888549804688,164.47669982910156,51.44903564453125,92.94593811035156
154,1,650.9632568359375,205.1681365966797,57.8343505859375,126.42756652832031
155,1,640.9104614257812,205.53689575195312,70.087890625,125.76284790039062
155,4,693.213623046875,164.26144409179688,52.13458251953125,93.22970581054688
156,1,633.4591064453125,205.8190155029297,71.82940673828125,125.19084167480469
156,4,691.9404296875,168.4842529296875,43.90863037109375,82.66816711425781
157,1,629.1306762695312,206.72637939453125,63.477783203125,122.88641357421875
157,4,688.88232421875,173.4273681640625,42.34417724609375,95.539306640625
158,4,687.9280395507812,167.7774658203125,39.7432861328125,100.98080444335938
158,1,628.21240234375,207.5991668701172,64.6998291015625,121.94773864746094
159,1,627.5562744140625,207.98171997070312,65.72900390625,121.54013061523438
159,4,687.8939208984375,164.97128295898438,36.21435546875,103.58560180664062
160,1,627.7401733398438,208.26473999023438,64.8299560546875,121.38351440429688
160,4,687.707275390625,167.6060333251953,33.33599853515625,100.60832214355469
161,1,627.89208984375,207.89324951171875,59.91961669921875,122.384033203125
161,4,687.4523315429688,171.38494873046875,31.878662109375,95.97589111328125
162,1,627.5659790039062,207.15914916992188,52.76141357421875,123.30316162109375
162,4,686.6815795898438,169.29664611816406,30.16461181640625,99.03239440917969
163,1,626.0751342773438,206.68980407714844,47.7371826171875,123.91578674316406
163,4,685.13427734375,169.31411743164062,30.58123779296875,98.27499389648438
164,1,624.5765991210938,206.74293518066406,41.06951904296875,122.82563781738281
164,4,683.106689453125,170.44911193847656,29.6556396484375,95.47850036621094
165,1,624.1016235351562,206.406982421875,37.19219970703125,123.4659423828125
165,4,677.8065185546875,170.19284057617188,33.40972900390625,96.78054809570312
166,1,619.906982421875,205.51560974121094,38.93524169921875,123.14045715332031
166,4,670.8943481445312,169.56129455566406,38.58489990234375,97.83467102050781
167,1,612.2401123046875,203.98890686035156,44.3701171875,126.18788146972656
167,4,663.1904907226562,169.0677032470703,44.0594482421875,97.29295349121094
168,1,590.8328857421875,203.74627685546875,59.94122314453125,124.86080932617188
168,4,654.2314453125,167.69830322265625,51.07171630859375,97.30667114257812
169,1,583.6126708984375,204.4083251953125,64.8465576171875,124.41925048828125
169,4,651.3619384765625,166.56863403320312,53.8218994140625,100.20806884765625
170,1,578.8927001953125,204.82113647460938,69.1328125,124.29782104492188
170,4,650.4539794921875,167.42608642578125,54.58251953125,99.94989013671875
171,1,575.3657836914062,206.0026092529297,72.7183837890625,122.91813659667969
171,4,650.3502197265625,167.1287078857422,54.25201416015625,100.81443786621094
172,1,574.1477661132812,205.9530792236328,73.87823486328125,123.41862487792969
172,4,649.5337524414062,167.9752960205078,52.48822021484375,100.00148010253906
173,1,573.3016357421875,205.84042358398438,74.6607666015625,123.94354248046875
173,4,647.611572265625,166.00350952148438,50.87628173828125,101.8778076171875
173,5,731.6953125,201.6266632080078,17.5029296875,39.40736389160156
174,1,572.7222290039062,205.61859130859375,75.2327880859375,123.90890502929688
174,4,648.993896484375,167.03231811523438,46.2227783203125,99.953857421875
175,1,571.9922485351562,205.75376892089844,68.9176025390625,122.42814636230469
175,4,649.5791625976562,164.717041015625,41.9755859375,101.00921630859375
176,1,573.2119140625,203.88113403320312,59.7835693359375,124.20877075195312
176,4,651.02685546875,166.0989227294922,35.1895751953125,99.66566467285156
177,1,571.6592407226562,203.65760803222656,53.677734375,126.28083801269531
177,4,650.6268310546875,165.13722229003906,31.11932373046875,102.54838562011719
178,4,650.3006591796875,167.4685516357422,29.07708740234375,97.90922546386719
178,1,570.5216064453125,203.1898956298828,47.2137451171875,125.99751281738281
178,5,711.9503173828125,150.121337890625,37.959716796875,91.33610534667969
179,1,569.9979858398438,202.92367553710938,39.4283447265625,127.61102294921875
179,4,646.8014526367188,169.2556610107422,31.2799072265625,98.91734313964844
179,5,711.8170166015625,146.24740600585938,38.7724609375,94.90461730957031
180,4,644.3873901367188,167.918701171875,32.73968505859375,102.0616455078125
180,1,564.2069091796875,203.52601623535156,41.27484130859375,125.70362854003906
180,5,711.8843994140625,146.0277557373047,38.000732421875,95.3304443359375
181,1,560.3162231445312,204.75372314453125,43.9639892578125,127.2796630859375
181,4,639.562744140625,170.74407958984375,35.71044921875,98.8714599609375
181,5,712.0026245117188,148.335205078125,37.09149169921875,92.36415100097656
182,1,555.3424682617188,205.04010009765625,45.3009033203125,129.15219116210938
182,4,633.0306396484375,169.2912139892578,40.68548583984375,100.53144836425781
182,5,711.1511840820312,145.34661865234375,35.166015625,96.34326171875
183,1,543.4383544921875,206.2366485595703,55.42730712890625,128.3771514892578
183,4,625.6651000976562,167.77587890625,46.4544677734375,100.93862915039062
183,5,711.026123046875,143.7458953857422,32.17510986328125,97.33549499511719
184,1,536.2386474609375,207.4040069580078,63.45892333984375,126.94425964355469
184,4,620.4231567382812,168.6526641845703,50.201904296875,99.76213073730469
184,5,710.2798461914062,143.98162841796875,29.677734375,96.30470275878906
185,1,530.4790649414062,210.0399627685547,69.4232177734375,124.16380310058594
185,5,707.5938110351562,144.09324645996094,30.60919189453125,96.69903564453125
185,4,619.05908203125,169.8545379638672,51.50048828125,98.49885559082031
186,1,528.3072509765625,212.0431671142578,70.27166748046875,122.24760437011719
186,5,701.2858276367188,143.13987731933594,33.9189453125,97.00871276855469
186,4,618.6279296875,167.6468963623047,50.48455810546875,102.07243347167969
187,1,527.3832397460938,213.8865509033203,69.79290771484375,121.32701110839844
187,4,618.8030395507812,167.7482452392578,49.3424072265625,102.23594665527344
187,5,694.7111206054688,143.46563720703125,39.4180908203125,96.79251098632812
188,1,526.7243041992188,213.9818572998047,68.5260009765625,120.15849304199219
188,4,618.8456420898438,169.8303985595703,48.3160400390625,100.22865295410156
188,5,689.71728515625,142.95567321777344,43.1968994140625,97.822021484375
189,1,526.85791015625,214.87413024902344,67.91192626953125,119.32151794433594
189,4,618.7767944335938,171.18299865722656,45.64080810546875,99.32673645019531
189,5,684.4839477539062,143.52720642089844,45.99835205078125,98.27879333496094
190,1,523.6856079101562,214.28297424316406,70.2469482421875,120.54557800292969
190,4,619.1077880859375,171.7231903076172,40.4495849609375,98.42604064941406
190,5,684.6371459960938,144.27374267578125,42.72747802734375,97.83370971679688
191,1,515.5614624023438,212.7285919189453,77.39752197265625,122.82746887207031
191,5,679.1224365234375,143.90882873535156,47.96551513671875,97.36003112792969
191,4,617.9655151367188,169.63145446777344,36.73797607421875,101.00251770019531
192,1,501.41510009765625,208.36764526367188,84.71160888671875,126.46334838867188
192,5,678.0679931640625,143.37161254882812,47.92889404296875,97.12109375
192,4,616.5616455078125,167.65908813476562,30.2515869140625,101.62899780273438
192,3,842.6760864257812,136.20114135742188,13.21240234375,83.31317138671875
193,1,495.1202392578125,205.72232055664062,86.67864990234375,129.60714721679688
193,5,680.233154296875,142.90330505371094,43.02880859375,95.6470947265625
193,3,818.8758544921875,137.16236877441406,36.37945556640625,89.08927917480469
193,4,614.3590087890625,168.45535278320312,30.37554931640625,101.03411865234375
194,1,493.1936950683594,204.72459411621094,82.87985229492188,130.4173126220703
194,5,677.6114501953125,144.62673950195312,42.38092041015625,94.83174133300781
194,3,830.3331298828125,136.40725708007812,25.3355712890625,87.75503540039062
194,4,611.28125,170.26507568359375,30.897705078125,97.81939697265625
195,1,492.8506164550781,203.21499633789062,76.40280151367188,131.09954833984375
195,3,822.1011352539062,135.75982666015625,32.094970703125,88.42889404296875
195,4,607.71728515625,177.1399383544922,31.19757080078125,91.15580749511719
196,1,494.6811218261719,199.7161102294922,67.00936889648438,134.13560485839844
196,3,827.376953125,137.81288146972656,26.24713134765625,85.71955871582031
196,4,603.6387329101562,185.34571838378906,31.80706787109375,83.62977600097656
197,1,494.0430908203125,193.24215698242188,58.868408203125,141.507568359375
197,3,820.2919921875,136.1512908935547,32.75537109375,88.42900085449219
197,4,596.1221313476562,181.87283325195312,38.7459716796875,87.81155395507812
198,1,492.9737243652344,193.23963928222656,56.674041748046875,141.64207458496094
198,3,816.6263427734375,136.0216064453125,34.0804443359375,88.99217224121094
198,4,591.457275390625,183.34861755371094,42.92333984375,85.82957458496094
199,1,488.59326171875,187.9950714111328,61.4005126953125,146.94654846191406
199,3,815.4808349609375,135.2100067138672,34.3421630859375,89.01167297363281
199,4,586.5711669921875,181.86109924316406,48.13916015625,87.54991149902344
200,1,488.0885009765625,191.95950317382812,61.6806640625,145.71551513671875
200,3,817.0980834960938,136.4232940673828,29.2470703125,87.53633117675781
200,4,584.11083984375,185.6042022705078,50.04095458984375,83.98851013183594
201,1,482.3211975097656,197.58567810058594,67.30429077148438,140.42530822753906
201,4,581.872314453125,179.64605712890625,51.83990478515625,90.1197509765625
201,5,659.7081298828125,166.42515563964844,38.40643310546875,75.41224670410156
202,1,482.6058654785156,210.53579711914062,64.44009399414062,128.02493286132812
202,4,581.2489013671875,180.9506378173828,52.48699951171875,89.07789611816406
203,1,480.8556213378906,213.4598846435547,62.273101806640625,123.25996398925781
203,4,581.5100708007812,177.43182373046875,51.30340576171875,92.28231811523438
203,5,647.6497192382812,167.2510223388672,48.60601806640625,73.76585388183594
203,3,813.8854370117188,142.90235900878906,21.48492431640625,66.449951171875
204,1,477.07098388671875,215.59747314453125,64.43792724609375,120.60629272460938
204,4,580.657470703125,180.57257080078125,51.2855224609375,89.77874755859375
204,5,645.33251953125,168.38082885742188,47.0037841796875,72.5682373046875
205,1,468.7288513183594,217.18955993652344,66.77676391601562,120.20405578613281
205,4,580.4386596679688,178.97059631347656,48.49945068359375,91.57826232910156
205,5,644.3090209960938,168.78182983398438,45.24737548828125,71.67832946777344
206,1,466.75372314453125,219.1402587890625,62.73992919921875,116.1671142578125
206,4,579.9170532226562,178.59466552734375,45.35577392578125,90.55197143554688
206,5,644.56689453125,167.5645294189453,44.028076171875,74.40357971191406
207,1,469.3679504394531,219.0857391357422,58.902496337890625,118.68898010253906
207,4,579.975830078125,178.8333282470703,41.94036865234375,89.95472717285156
207,5,644.5118408203125,166.5885009765625,39.88427734375,74.58407592773438
208,1,473.29144287109375,220.592529296875,52.10430908203125,118.39556884765625
208,4,580.8294067382812,178.75863647460938,36.13446044921875,91.35275268554688
208,5,644.5291137695312,167.82888793945312,38.369384765625,73.61679077148438
209,4,579.551513671875,180.37881469726562,31.9095458984375,88.6341552734375
209,1,478.9058532714844,220.1844024658203,42.497467041015625,118.53617858886719
209,5,644.9548950195312,162.13494873046875,34.5921630859375,79.31736755371094
210,1,478.3545227050781,222.25460815429688,40.313079833984375,115.71575927734375
210,4,576.76171875,178.9024200439453,32.07861328125,84.02253723144531
210,5,644.930908203125,164.7034912109375,31.714599609375,76.81864929199219
211,1,477.3256530761719,221.7912139892578,39.160980224609375,116.78422546386719
211,4,573.9780883789062,180.09901428222656,32.85382080078125,87.26182556152344
211,5,645.5469970703125,167.01023864746094,28.693603515625,73.37043762207031
212,4,571.015380859375,172.2547149658203,33.91375732421875,98.65357971191406
212,1,476.83282470703125,219.8230438232422,37.478271484375,119.01383972167969
213,4,568.69482421875,173.1793670654297,34.609619140625,98.32777404785156
213,1,472.61395263671875,216.54331970214844,40.59539794921875,122.67164611816406
213,5,640.4263916015625,144.65682983398438,29.006103515625,96.49894714355469
214,1,464.3826904296875,214.1248779296875,47.399627685546875,124.58746337890625
214,4,565.3541870117188,166.63880920410156,36.38055419921875,104.74436950683594
214,5,635.4107055664062,158.68467712402344,31.688232421875,81.08778381347656
215,1,459.7414855957031,211.46263122558594,51.641693115234375,124.66246032714844
215,4,559.39013671875,172.0911407470703,40.84039306640625,99.44529724121094
215,5,626.1047973632812,150.72998046875,39.021728515625,89.89134216308594
216,4,558.6212158203125,172.39346313476562,40.6419677734375,99.17959594726562
216,5,615.7014770507812,145.2320556640625,45.41845703125,95.74055480957031
216,1,453.0724792480469,212.07144165039062,58.252197265625,111.45901489257812
217,4,557.9623413085938,166.12692260742188,40.52557373046875,105.5501708984375
217,1,452.1412048339844,212.68533325195312,58.35308837890625,111.39895629882812
217,5,613.4383544921875,144.73675537109375,46.47125244140625,95.92570495605469
218,4,558.0966796875,164.87181091308594,38.96136474609375,106.55793762207031
218,5,612.2278442382812,144.88330078125,47.47637939453125,95.69975280761719
218,1,450.68670654296875,214.08206176757812,59.337127685546875,110.79763793945312
219,4,558.3143920898438,165.223388671875,37.24560546875,105.92691040039062
219,5,611.7166137695312,144.8478546142578,48.07293701171875,95.84811401367188
219,1,450.0469055175781,214.43751525878906,59.140472412109375,110.39799499511719
220,4,558.3241577148438,165.629638671875,34.339599609375,105.57260131835938
220,5,612.1143188476562,144.62374877929688,46.890380859375,96.2076416015625
220,1,453.3653564453125,210.6250457763672,55.304779052734375,113.47819519042969
221,4,557.9862060546875,163.8306427001953,31.05377197265625,107.66246032714844
221,1,459.2591857910156,201.0053253173828,48.5140380859375,123.20051574707031
221,5,611.4635620117188,144.286865234375,45.19403076171875,96.95378112792969
222,4,556.7366333007812,163.6043701171875,26.44085693359375,108.12911987304688
222,1,461.2306823730469,199.86460876464844,45.650665283203125,123.96983337402344
222,5,611.595458984375,143.06935119628906,42.1710205078125,97.55607604980469
223,4,554.5465698242188,163.1068115234375,27.185791015625,107.80801391601562
223,1,462.209228515625,201.73451232910156,44.789581298828125,122.42924499511719
223,5,611.5745239257812,142.5548095703125,38.12567138671875,98.11257934570312
224,4,552.5427856445312,160.1347198486328,26.90576171875,111.28855895996094
224,1,471.2627868652344,194.08714294433594,36.49920654296875,127.03434753417969
224,5,612.154541015625,164.9422149658203,32.28375244140625,75.178466796875
225,1,474.81756591796875,184.95518493652344,33.2222900390625,128.7598419189453
225,4,551.020751953125,160.90753173828125,27.13604736328125,110.38870239257812
225,5,613.3280639648438,198.67408752441406,23.02734375,40.76788330078125
226,4,549.1070556640625,160.74293518066406,28.01800537109375,110.84275817871094
226,1,474.5411682128906,178.58847045898438,36.333892822265625,128.61669921875
227,4,547.15625,160.8022003173828,28.0247802734375,107.30628967285156
227,1,474.2454528808594,175.0655059814453,41.953704833984375,127.22679138183594
227,5,607.5297241210938,196.9617919921875,21.30322265625,45.4696044921875
228,4,545.2689819335938,162.12901306152344,28.97021484375,109.39790344238281
228,1,473.91156005859375,170.19908142089844,47.27899169921875,128.4794158935547
228,5,600.156494140625,140.01394653320312,39.3309326171875,103.02926635742188
229,4,541.6117553710938,161.25851440429688,31.83978271484375,109.99484252929688
229,1,473.5086669921875,165.06219482421875,52.7537841796875,128.60174560546875
229,5,593.87109375,193.958740234375,35.61224365234375,49.10479736328125
229,6,592.0252075195312,134.3472442626953,46.61883544921875,108.05093383789062
230,4,536.97265625,160.7105712890625,37.1632080078125,111.88510131835938
230,5,585.7188110351562,162.1393585205078,46.72418212890625,81.79493713378906
230,1,473.2338562011719,165.64500427246094,53.850799560546875,125.11637878417969
231,4,532.6015625,160.2613983154297,41.7857666015625,113.15617370605469
231,1,472.5325622558594,139.95713806152344,68.04428100585938,153.49916076660156
231,5,581.3057250976562,172.1982421875,49.083740234375,71.94450378417969
232,4,529.676025390625,159.41769409179688,44.87939453125,113.47592163085938
232,1,471.6031188964844,146.59336853027344,65.80416870117188,146.8111114501953
232,5,579.6168212890625,157.8175048828125,50.36456298828125,85.82997131347656
233,4,527.1689453125,159.91897583007812,47.4505615234375,112.99880981445312
233,1,469.38330078125,160.56784057617188,61.0650634765625,130.80636596679688
233,5,579.2642211914062,149.4155731201172,50.08306884765625,94.23233032226562
234,4,522.9855346679688,161.2864990234375,51.5650634765625,110.8612060546875
234,1,467.2743225097656,161.86257934570312,62.318145751953125,127.24642944335938
234,5,579.5997314453125,168.2705841064453,47.32586669921875,75.56422424316406
235,4,521.8854370117188,159.62901306152344,51.57659912109375,112.78288269042969
235,1,465.5909729003906,166.72642517089844,67.13345336914062,125.05662536621094
235,5,579.100830078125,147.3506622314453,45.299560546875,97.63969421386719
236,4,521.348876953125,158.19163513183594,51.76690673828125,113.75614929199219
236,1,465.45867919921875,172.0029296875,62.56219482421875,124.11093139648438
236,5,579.0074462890625,145.7318115234375,42.308349609375,98.44943237304688
236,7,721.8788452148438,159.22100830078125,26.78118896484375,64.15788269042969
237,4,521.3958740234375,160.5069580078125,49.9901123046875,110.71383666992188
237,1,466.0238342285156,175.64517211914062,58.525787353515625,128.91357421875
237,5,579.4214477539062,146.9046173095703,37.59429931640625,97.16920471191406
237,7,721.1005859375,168.35655212402344,26.86492919921875,54.74113464355469
238,4,520.2422485351562,160.0189666748047,48.3197021484375,110.63334655761719
238,1,468.0669860839844,185.38681030273438,56.937896728515625,120.98306274414062
238,5,580.1199951171875,148.3277587890625,31.198486328125,95.48147583007812
239,4,520.5598754882812,159.8477783203125,45.4974365234375,111.31280517578125
239,1,471.2128601074219,190.166259765625,54.199554443359375,116.85671997070312
239,5,579.9141845703125,153.32940673828125,26.21002197265625,90.66824340820312
239,7,721.294189453125,164.56455993652344,27.64422607421875,58.53199768066406
240,4,523.7239990234375,157.59552001953125,36.3497314453125,107.75680541992188
240,1,477.11053466796875,196.3769989013672,50.0289306640625,111.07258605957031
240,5,574.9804077148438,155.74755859375,26.2760009765625,86.40028381347656
240,7,721.3836669921875,140.6875762939453,26.46331787109375,84.42549133300781
241,1,479.50897216796875,197.89369201660156,43.17681884765625,109.51249694824219
241,4,521.3101196289062,155.48553466796875,36.3662109375,106.04464721679688
241,7,719.2672119140625,137.1808624267578,26.572998046875,87.43183898925781
241,5,569.2546997070312,154.7916717529297,31.37939453125,89.01625061035156
242,4,520.7439575195312,154.48373413085938,34.07794189453125,103.96865844726562
242,1,477.3204650878906,198.7665252685547,43.330413818359375,107.87944030761719
242,5,559.90380859375,157.26499938964844,38.0186767578125,86.41038513183594
242,7,715.8817138671875,141.683349609375,28.593994140625,83.55508422851562
243,1,475.0845031738281,199.1322021484375,44.148468017578125,106.70297241210938
243,4,519.8631591796875,151.64772033691406,32.153564453125,104.78056335449219
243,5,555.7237548828125,150.2747344970703,41.01885986328125,93.04965209960938
243,7,708.4058837890625,138.7724609375,33.48272705078125,87.14521789550781
244,1,472.5238952636719,197.70999145507812,50.016082763671875,103.57400512695312
244,4,521.1253662109375,150.42059326171875,28.82177734375,106.52825927734375
244,5,554.4743041992188,145.93663024902344,42.23345947265625,98.427001953125
244,7,700.2877807617188,138.74586486816406,39.35565185546875,86.56846618652344
245,1,470.5311279296875,196.69174194335938,53.06072998046875,96.7349853515625
245,4,521.5023193359375,151.13902282714844,25.9976806640625,101.76498413085938
245,5,552.3663940429688,145.7985076904297,43.7486572265625,99.08497619628906
245,7,694.857666015625,138.69752502441406,43.069091796875,86.75431823730469
246,1,468.09564208984375,194.48458862304688,55.1729736328125,97.07757568359375
246,4,519.8447265625,151.35902404785156,27.9110107421875,100.47966003417969
246,5,552.9166870117188,148.0884246826172,43.07415771484375,96.52833557128906
246,7,693.2579345703125,140.1080780029297,44.86358642578125,85.40235900878906
247,1,465.39337158203125,189.99612426757812,53.4510498046875,101.44253540039062
247,4,516.9815673828125,151.9900665283203,30.91278076171875,99.69117736816406
247,7,691.0615844726562,137.62136840820312,46.531005859375,89.41307067871094
247,5,552.6478881835938,146.56207275390625,43.0777587890625,97.73367309570312
248,4,514.6964721679688,152.22817993164062,33.75726318359375,99.58576965332031
248,1,463.66534423828125,188.1172637939453,47.660186767578125,99.89509582519531
248,7,690.472900390625,135.607421875,45.51531982421875,91.40507507324219
248,5,551.9459838867188,147.2644805908203,42.4071044921875,96.91471862792969
249,7,690.6145629882812,135.3314971923828,42.09759521484375,91.587646484375
249,4,512.8687744140625,151.8161163330078,35.68670654296875,97.54203796386719
249,1,461.2341003417969,185.42425537109375,44.06329345703125,103.84384155273438
249,5,551.3035278320312,147.28369140625,39.37188720703125,96.69819641113281
250,4,510.3466491699219,150.515869140625,38.085784912109375,98.71516418457031
250,7,691.675537109375,132.53118896484375,39.59405517578125,93.77322387695312
250,5,551.1154174804688,152.6868133544922,35.99615478515625,91.180419921875
250,1,458.279541015625,183.43618774414062,43.770477294921875,106.82159423828125
251,4,509.6190490722656,149.86956787109375,38.330169677734375,98.1553955078125
251,7,691.1076049804688,131.92576599121094,38.621826171875,94.04293823242188
251,5,551.8629760742188,153.12191772460938,32.1650390625,89.96345520019531
251,1,454.7980041503906,181.83657836914062,47.4677734375,108.97866821289062
252,4,506.7807922363281,148.64892578125,41.021392822265625,98.81373596191406
252,7,692.1084594726562,132.92698669433594,28.52667236328125,92.62728881835938
252,1,452.2244567871094,179.06753540039062,49.265869140625,110.83755493164062
252,5,551.9854125976562,144.55810546875,27.91326904296875,97.8341064453125
253,4,503.545654296875,148.54098510742188,44.1680908203125,99.68324279785156
253,1,456.294189453125,179.0958709716797,45.784881591796875,108.59043884277344
253,5,552.4910278320312,148.06076049804688,24.31304931640625,94.21012878417969
253,7,692.9607543945312,131.90919494628906,24.39825439453125,90.52815246582031
254,4,501.84893798828125,148.50384521484375,45.95233154296875,99.39668273925781
254,1,449.7515869140625,178.44740295410156,47.4749755859375,108.44535827636719
254,5,553.7239990234375,150.34425354003906,21.27783203125,90.35812377929688
254,7,689.7759399414062,131.57647705078125,26.27044677734375,93.3355712890625
255,4,501.2624816894531,147.06808471679688,46.179351806640625,101.91667175292969
255,5,552.3959350585938,146.59579467773438,22.570068359375,93.37882995605469
255,1,451.58587646484375,179.50186157226562,39.4169921875,103.9208984375
255,7,682.4735107421875,130.7436981201172,32.86846923828125,93.27976989746094
256,4,500.63421630859375,146.95962524414062,46.5792236328125,101.98805236816406
256,1,444.4519958496094,181.9011993408203,42.477294921875,101.83540344238281
256,5,550.0855102539062,147.1617431640625,24.55108642578125,94.15196228027344
256,7,679.056396484375,131.58993530273438,35.85308837890625,92.69837951660156
257,4,499.8855285644531,147.02029418945312,44.721527099609375,102.24826049804688
257,1,441.10174560546875,182.96929931640625,42.261383056640625,101.96682739257812
257,5,549.2555541992188,145.6100311279297,25.70220947265625,95.93719482421875
257,7,674.110595703125,169.41165161132812,33.512451171875,55.79193115234375
258,1,438.0960998535156,182.68603515625,44.90863037109375,101.930908203125
258,4,499.90960693359375,146.4882049560547,42.602783203125,101.87922668457031
258,5,547.837646484375,143.7654571533203,26.92828369140625,99.22314453125
258,7,670.8278198242188,169.2891387939453,35.5670166015625,55.89166259765625
259,1,434.494873046875,183.379150390625,47.83154296875,103.49356079101562
259,5,546.502685546875,144.55148315429688,28.3568115234375,99.74383544921875
259,4,499.8396301269531,145.438720703125,37.436431884765625,98.54806518554688
259,7,667.058349609375,166.92535400390625,40.02587890625,59.27836608886719
260,1,431.710205078125,184.228515625,47.61651611328125,104.40045166015625
260,4,499.5014343261719,144.4959259033203,32.765289306640625,98.25973510742188
260,5,545.1544189453125,145.25657653808594,23.62213134765625,98.53115844726562
260,7,667.0641479492188,166.78050231933594,38.79595947265625,58.26799011230469
261,1,424.8439636230469,182.12205505371094,52.299560546875,107.40162658691406
261,4,498.9286804199219,143.71078491210938,29.587432861328125,98.96914672851562
261,5,543.0089721679688,142.9769744873047,24.7769775390625,101.20269775390625
261,7,664.5402221679688,134.73158264160156,42.78302001953125,91.39120483398438
262,5,542.0589599609375,144.62623596191406,25.1873779296875,100.69967651367188
262,1,421.0050964355469,179.0061492919922,54.898895263671875,110.79673767089844
262,4,495.8036193847656,143.35755920410156,26.767059326171875,95.22108459472656
262,7,667.0694580078125,164.65548706054688,35.87762451171875,60.00334167480469
263,1,415.958984375,176.1310577392578,60.384979248046875,111.70280456542969
263,5,540.8684692382812,144.5946807861328,25.4464111328125,100.78492736816406
263,4,492.3068542480469,143.21533203125,26.731658935546875,94.68902587890625
263,7,667.43994140625,164.12559509277344,32.8077392578125,60.342803955078125
264,5,534.81005859375,145.23443603515625,32.84686279296875,103.133056640625
264,4,487.27825927734375,143.81503295898438,31.20135498046875,97.0289306640625
264,1,426.4351501464844,174.24661254882812,43.68621826171875,113.84432983398438
265,1,406.15594482421875,171.31362915039062,60.57183837890625,117.65017700195312
265,5,531.7196044921875,147.03872680664062,36.02972412109375,100.53761291503906
265,4,478.7164611816406,143.43568420410156,40.064178466796875,98.09808349609375
266,1,406.7021484375,161.57156372070312,52.781463623046875,128.06753540039062
266,5,530.5308837890625,146.78529357910156,37.340087890625,101.11444091796875
266,4,474.7311706542969,143.74200439453125,44.121246337890625,96.69989013671875
267,1,409.5086975097656,156.31568908691406,46.43511962890625,133.30751037597656
267,5,529.808837890625,146.69473266601562,37.05865478515625,101.40167236328125
267,4,470.06890869140625,143.76263427734375,49.11871337890625,96.34307861328125
267,8,655.65673828125,132.31509399414062,25.01751708984375,86.1219482421875
267,7,656.7023315429688,166.9640350341797,21.29962158203125,51.31382751464844
268,1,408.4130554199219,154.51296997070312,47.645416259765625,135.86398315429688
268,5,530.1254272460938,146.2102508544922,35.9744873046875,102.45774841308594
268,4,468.76959228515625,143.7673797607422,49.794677734375,95.92579650878906
268,8,650.664306640625,131.58804321289062,26.934814453125,89.64096069335938
269,1,407.8357238769531,153.9390411376953,48.86480712890625,137.07289123535156
269,5,529.8843383789062,146.16006469726562,32.39617919921875,102.38803100585938
269,8,640.845458984375,132.0009765625,36.15032958984375,95.98231506347656
269,4,468.6429138183594,143.58944702148438,49.103424072265625,95.81716918945312
270,5,530.6469116210938,147.86740112304688,26.5965576171875,101.56019592285156
270,4,468.58905029296875,143.7453155517578,47.675537109375,96.33103942871094
270,1,416.0844421386719,178.35548400878906,40.352203369140625,111.50779724121094
270,8,632.919189453125,133.27377319335938,43.68157958984375,95.19905090332031
271,5,528.8650512695312,146.78932189941406,24.650634765625,102.66261291503906
271,1,411.38116455078125,178.84239196777344,44.99041748046875,111.18803405761719
271,4,467.8516540527344,143.2362518310547,45.756378173828125,97.41690063476562
271,8,631.2944946289062,133.4882354736328,44.75750732421875,95.74798583984375
272,5,526.9757690429688,146.87594604492188,22.705078125,101.58392333984375
272,4,467.8948974609375,143.22686767578125,42.257293701171875,98.16401672363281
272,1,408.3083190917969,180.3649444580078,47.38189697265625,108.90470886230469
272,8,630.365234375,133.77456665039062,44.461181640625,95.5428466796875
273,5,524.8031616210938,147.0623779296875,23.47088623046875,100.94108581542969
273,4,468.1520080566406,141.9486083984375,38.334686279296875,97.96408081054688
273,1,403.4286193847656,181.64976501464844,51.482147216796875,108.12199401855469
273,8,630.329345703125,132.7604522705078,43.38275146484375,96.48617553710938
274,1,383.9383239746094,183.328369140625,71.05313110351562,106.53253173828125
274,5,522.2020874023438,147.09326171875,25.19464111328125,99.69151306152344
274,4,468.7059326171875,141.2894287109375,31.788421630859375,98.62127685546875
274,8,630.3631591796875,133.13327026367188,42.32806396484375,95.6514892578125
275,5,516.86474609375,147.45654296875,30.17730712890625,100.90774536132812
275,4,467.2385559082031,140.7428436279297,22.64337158203125,98.35972595214844
275,1,400.60302734375,183.73532104492188,48.9168701171875,103.98333740234375
275,8,630.3274536132812,133.82659912109375,39.69757080078125,94.88050842285156
276,5,509.95684814453125,147.4176025390625,37.21002197265625,102.19941711425781
276,1,378.6996765136719,184.76913452148438,63.50823974609375,102.39846801757812
276,4,464.11456298828125,140.5786895751953,24.052154541015625,98.4508056640625
277,5,505.4952087402344,148.6858673095703,41.466522216796875,100.91630554199219
277,1,378.6257019042969,185.2158660888672,54.521087646484375,101.25224304199219
277,4,460.9641418457031,140.6837158203125,24.846343994140625,97.45407104492188
277,8,634.9913940429688,137.6045684814453,20.642578125,90.45677185058594
278,5,501.2189025878906,149.31736755371094,45.544219970703125,100.29263305664062
278,1,378.5252685546875,185.245849609375,47.040496826171875,100.533203125
278,4,456.6615905761719,141.892578125,27.930511474609375,94.8465576171875
279,5,499.6724548339844,148.98013305664062,46.919219970703125,100.79811096191406
279,1,380.14215087890625,186.02536010742188,48.7646484375,107.57131958007812
279,4,452.7103271484375,141.8177032470703,32.2823486328125,96.84356689453125
279,8,627.7022094726562,143.4310760498047,24.4739990234375,83.84342956542969
280,1,380.706298828125,184.866455078125,48.32598876953125,114.70001220703125
280,5,499.6043395996094,148.49322509765625,46.487091064453125,101.34779357910156
280,4,447.5426940917969,142.0659942626953,37.0621337890625,97.36563110351562
280,8,622.91796875,139.06417846679688,26.67816162109375,88.54525756835938
281,5,500.0166320800781,148.2383575439453,45.771270751953125,101.34025573730469
281,1,379.9034423828125,185.33335876464844,49.44384765625,116.94035339355469
281,4,440.7862854003906,141.7212371826172,43.434539794921875,97.642822265625
281,8,615.5047607421875,137.19488525390625,32.770263671875,90.22509765625
282,1,376.1174621582031,186.32212829589844,52.582916259765625,118.47950744628906
282,5,499.9753112792969,148.12974548339844,43.967071533203125,101.64825439453125
282,4,435.2397155761719,140.70521545410156,49.4112548828125,97.43586730957031
282,8,607.2601928710938,134.79725646972656,39.14703369140625,93.26695251464844
283,1,373.6107482910156,187.58204650878906,51.918975830078125,117.25022888183594
283,4,433.4492492675781,142.0255889892578,50.714569091796875,96.76042175292969
283,5,499.5400695800781,147.91641235351562,40.903778076171875,102.25254821777344
283,8,601.8610229492188,135.67666625976562,43.18023681640625,92.4727783203125
284,1,368.86700439453125,188.52000427246094,49.663818359375,116.92436218261719
284,5,499.1025695800781,148.26666259765625,37.762237548828125,101.717529296875
284,4,432.60540771484375,142.75778198242188,50.47479248046875,96.17678833007812
284,8,599.05712890625,139.47225952148438,45.70343017578125,88.53129577636719
285,1,362.49859619140625,189.59588623046875,51.17889404296875,116.99832153320312
285,5,498.56793212890625,148.2166290283203,32.10009765625,101.92698669433594
285,4,432.3756408691406,142.32177734375,48.885040283203125,97.51423645019531
285,8,599.6204833984375,134.4066162109375,45.4039306640625,93.6497802734375
286,1,357.7741394042969,189.30413818359375,48.895660400390625,115.63861083984375
286,4,432.2926940917969,141.47186279296875,46.28302001953125,98.9659423828125
286,5,497.8794250488281,148.837890625,26.195892333984375,99.18701171875
286,8,597.5934448242188,135.38967895507812,47.31182861328125,92.21995544433594
287,1,351.0093994140625,190.4904327392578,48.430267333984375,112.84895324707031
287,4,433.1594543457031,140.2396240234375,42.064239501953125,99.64759826660156
287,5,494.7713623046875,148.96539306640625,24.14520263671875,100.31495666503906
287,8,597.453125,134.09535217285156,45.671630859375,93.38337707519531
288,1,341.87005615234375,189.3410186767578,53.315338134765625,117.44380187988281
288,5,485.21368408203125,148.9036865234375,32.00848388671875,102.49998474121094
288,4,427.6526794433594,139.16590881347656,37.6864013671875,97.23419189453125
288,8,596.81591796875,133.34426879882812,39.47686767578125,93.57014465332031
289,1,338.69854736328125,192.8278350830078,54.816436767578125,114.88603210449219
289,5,476.2308044433594,149.6452178955078,41.240570068359375,103.75924682617188
289,4,425.3012390136719,138.7397003173828,34.19244384765625,97.3946533203125
290,1,346.9654235839844,194.82154846191406,44.0758056640625,112.62760925292969
290,5,468.7289733886719,150.8339385986328,48.303863525390625,101.19705200195312
290,4,424.2522277832031,138.3961944580078,28.812896728515625,92.60592651367188
291,5,464.1603698730469,151.44190979003906,52.339569091796875,101.14674377441406
291,1,342.13458251953125,195.1934814453125,47.53717041015625,112.1221923828125
291,4,423.72723388671875,138.65367126464844,26.08746337890625,96.94679260253906
292,5,461.83453369140625,151.67105102539062,54.6279296875,100.89653015136719
292,4,422.8041687011719,138.82278442382812,26.75897216796875,97.51121520996094
292,1,345.37579345703125,192.84548950195312,43.22344970703125,113.75570678710938
292,8,588.2302856445312,141.18496704101562,27.80029296875,88.36944580078125
293,5,460.3337097167969,152.34811401367188,56.132659912109375,99.86233520507812
293,1,348.73211669921875,191.01876831054688,39.410400390625,115.849609375
293,4,420.9512023925781,139.5137176513672,28.5594482421875,96.64128112792969
293,8,581.582763671875,133.712646484375,35.40252685546875,95.27976989746094
294,5,460.14324951171875,152.06289672851562,54.22320556640625,99.50796508789062
294,1,349.0099792480469,178.1294708251953,39.185394287109375,128.5710906982422
294,4,414.2472229003906,140.20700073242188,35.047760009765625,96.159423828125
294,8,570.5714111328125,138.568359375,44.87615966796875,90.5909423828125
295,1,351.061767578125,163.02003479003906,36.803314208984375,143.74656677246094
295,5,459.71356201171875,152.45938110351562,52.47247314453125,98.91226196289062
295,4,406.6242370605469,140.51632690429688,42.739837646484375,94.70960998535156
295,8,567.8358154296875,155.9418487548828,45.50872802734375,71.91981506347656
296,4,401.4219055175781,140.64707946777344,47.4808349609375,95.02169799804688
296,5,460.4721984863281,151.86557006835938,46.5635986328125,99.70645141601562
296,1,352.3111877441406,159.68572998046875,35.578460693359375,143.26422119140625
296,8,566.8859252929688,154.1226348876953,46.25164794921875,73.4144287109375
297,4,399.9637451171875,141.06015014648438,48.7855224609375,95.07720947265625
297,5,460.0130615234375,151.38174438476562,42.10308837890625,99.65510559082031
297,1,352.4333190917969,165.49356079101562,38.527252197265625,130.05841064453125
297,8,565.36328125,148.61248779296875,47.821044921875,79.502685546875
298,5,460.44232177734375,150.7688446044922,35.34613037109375,100.60603332519531
298,4,399.92889404296875,141.14813232421875,48.88006591796875,95.08381652832031
298,1,351.3473205566406,149.68972778320312,41.114410400390625,140.46722412109375
298,8,564.6041259765625,146.27708435058594,47.62213134765625,82.10125732421875
299,5,460.0595703125,150.84471130371094,24.942962646484375,99.914794921875
299,4,399.1246032714844,141.51589965820312,46.950531005859375,95.045654296875
299,8,564.6707153320312,147.62203979492188,44.4466552734375,80.85360717773438
299,1,349.9339904785156,150.91294860839844,42.21820068359375,135.96534729003906
300,5,456.076416015625,148.7873077392578,25.147857666015625,101.64781188964844
300,4,399.2868957519531,141.61692810058594,44.935546875,94.73368835449219
300,1,348.77130126953125,139.43679809570312,43.781829833984375,146.27899169921875
300,8,564.239501953125,145.58177185058594,41.4849853515625,82.84904479980469
301,4,400.1289367675781,141.44888305664062,37.283966064453125,93.76431274414062
301,5,452.7370910644531,149.46580505371094,25.508514404296875,100.41070556640625
301,1,348.67694091796875,140.8909454345703,44.6593017578125,144.7187042236328
301,8,564.1104736328125,145.8509979248047,37.7568359375,82.92660522460938
302,5,447.2060241699219,150.02999877929688,30.62396240234375,100.5201416015625
302,4,399.62255859375,141.61151123046875,34.329437255859375,93.30810546875
302,8,564.8695678710938,143.5460662841797,30.5498046875,84.41337585449219
302,1,348.996826171875,152.51434326171875,45.064788818359375,132.92364501953125
303,5,439.2378845214844,150.40249633789062,39.285888671875,100.56900024414062
303,4,391.3345642089844,140.78904724121094,36.750091552734375,94.26089477539062
303,1,349.62646484375,145.64071655273438,46.958404541015625,143.13299560546875
303,8,565.9151000976562,145.34848022460938,25.1826171875,78.70111083984375
304,5,434.5666809082031,151.476806640625,43.8458251953125,99.80821228027344
304,4,391.4028625488281,140.16323852539062,30.812530517578125,94.487060546875
304,1,349.9341125488281,153.6100616455078,44.3310546875,137.7978973388672
305,5,430.6540832519531,152.0139617919922,47.744110107421875,99.47811889648438
305,4,383.54864501953125,140.63134765625,34.97589111328125,93.07246398925781
305,1,351.13031005859375,156.86444091796875,40.330963134765625,139.511474609375
305,8,558.2932739257812,144.42349243164062,23.88031005859375,82.86860656738281
306,5,428.6496276855469,153.0681915283203,48.518829345703125,98.53327941894531
306,4,383.69451904296875,140.88690185546875,33.35186767578125,93.37574768066406
306,1,351.1430969238281,167.5604248046875,40.390869140625,135.88043212890625
306,8,552.165771484375,145.94512939453125,28.71832275390625,81.67411804199219
307,1,352.1461181640625,167.2327117919922,40.175048828125,143.46363830566406
307,5,427.8325500488281,152.69735717773438,48.5504150390625,97.94940185546875
307,4,383.3367919921875,141.57794189453125,34.156951904296875,92.54612731933594
307,8,543.5925903320312,145.80941772460938,36.8404541015625,82.21847534179688
308,5,427.699951171875,151.99505615234375,46.531829833984375,97.81837463378906
308,4,381.0271911621094,140.84104919433594,36.269073486328125,92.5906982421875
308,1,351.7264099121094,173.545654296875,41.923065185546875,135.73666381835938
308,8,537.4984741210938,144.26869201660156,43.00982666015625,83.43632507324219
309,5,427.43792724609375,151.59060668945312,42.690216064453125,98.48458862304688
309,1,351.056884765625,172.24700927734375,43.144317626953125,138.1697998046875
309,4,379.8520202636719,141.19296264648438,37.878662109375,93.18270874023438
309,8,534.5194702148438,142.45260620117188,45.308837890625,85.22813415527344
310,5,426.1707763671875,151.23379516601562,38.8883056640625,98.39491271972656
310,4,375.88519287109375,141.28858947753906,41.62530517578125,94.05702209472656
310,1,348.7333068847656,178.50047302246094,45.29541015625,130.63963317871094
310,8,532.05712890625,141.3861083984375,47.83282470703125,86.62590026855469
311,5,425.0299987792969,150.66078186035156,27.9405517578125,96.64308166503906
311,4,372.2396545410156,142.35205078125,44.856536865234375,92.86898803710938
311,1,347.54095458984375,192.0102081298828,46.772186279296875,118.16902160644531
311,8,533.256591796875,144.1349334716797,45.91278076171875,84.36369323730469
312,5,421.9677429199219,150.36041259765625,25.302276611328125,98.20220947265625
312,1,342.1762390136719,197.0106201171875,50.945159912109375,111.71612548828125
312,4,362.4220275878906,140.89602661132812,52.935272216796875,94.66897583007812
312,8,531.9154663085938,139.10452270507812,41.11541748046875,88.30381774902344
313,5,418.0057067871094,150.76998901367188,29.597991943359375,101.29771423339844
313,4,365.79486083984375,140.58859252929688,45.741119384765625,94.97381591796875
313,1,340.3297424316406,196.49378967285156,50.9071044921875,112.11540222167969
313,8,531.7676391601562,137.9090576171875,37.036865234375,89.1781005859375
314,5,410.4081115722656,151.4498291015625,37.602569580078125,99.85466003417969
314,8,531.4638671875,131.22999572753906,30.427978515625,95.30732727050781
314,4,365.38079833984375,140.72169494628906,43.619049072265625,94.8751220703125
314,1,342.6888427734375,196.52659606933594,50.062530517578125,112.42866516113281
315,5,402.8677673339844,149.29196166992188,45.043975830078125,101.97882080078125
315,1,340.1239929199219,194.15257263183594,53.99078369140625,115.11488342285156
315,8,530.6275024414062,130.91575622558594,25.6380615234375,96.29476928710938
315,4,363.2778015136719,140.0555419921875,38.378509521484375,92.14448547363281
316,5,396.9197998046875,151.62196350097656,50.259613037109375,100.31504821777344
316,1,335.6352233886719,195.27737426757812,57.60443115234375,113.16680908203125
316,8,528.6242065429688,131.3495635986328,23.36822509765625,96.48307800292969
316,4,360.47186279296875,139.23550415039062,33.1563720703125,90.45199584960938
316,9,369.6458435058594,194.66964721679688,27.75555419921875,40.17877197265625
317,5,394.8800354003906,151.66802978515625,51.9891357421875,99.41938781738281
317,1,336.31719970703125,192.59095764160156,55.11944580078125,115.46455383300781
317,8,524.517578125,131.23204040527344,24.7803955078125,97.06790161132812
317,4,359.079833984375,139.22679138183594,25.75323486328125,79.66439819335938
318,1,338.54351806640625,189.61204528808594,53.775299072265625,120.96681213378906
318,5,393.3813171386719,152.81829833984375,53.3521728515625,98.296142578125
318,8,515.8518676757812,130.76206970214844,32.913818359375,98.40139770507812
318,4,354.9833068847656,138.68716430664062,26.220916748046875,72.57835388183594
319,1,337.53912353515625,191.75157165527344,55.538848876953125,119.14524841308594
319,5,391.89251708984375,152.27488708496094,54.338470458984375,98.83708190917969
319,8,506.3728942871094,131.00538635253906,42.144989013671875,97.19952392578125
319,4,353.5791931152344,139.96847534179688,26.855377197265625,84.49288940429688
320,5,390.9622497558594,152.5840301513672,52.893463134765625,98.39361572265625
320,8,502.4343566894531,131.33045959472656,45.673614501953125,95.87855529785156
320,1,333.6811828613281,193.66690063476562,59.8743896484375,117.52252197265625
320,4,350.5281982421875,140.05880737304688,33.550323486328125,90.94209289550781
321,5,390.3040771484375,155.08541870117188,49.141265869140625,96.72605895996094
321,8,500.4997863769531,132.3252410888672,47.957427978515625,94.68592834472656
321,4,347.16949462890625,140.4979248046875,36.6668701171875,90.34255981445312
321,1,330.6593322753906,195.5593719482422,63.180511474609375,115.48716735839844
322,4,344.9766845703125,141.4736328125,39.00286865234375,89.91781616210938
322,8,499.8672180175781,132.94586181640625,48.800384521484375,95.00320434570312
322,5,389.8162841796875,153.67727661132812,45.227996826171875,97.36024475097656
322,1,326.96331787109375,197.0759735107422,61.742950439453125,112.66361999511719
323,1,322.8283386230469,197.9230194091797,63.443267822265625,112.10057067871094
323,5,388.1142883300781,152.72589111328125,42.584014892578125,98.45654296875
323,8,501.0208435058594,132.43760681152344,45.959686279296875,94.99324035644531
323,4,342.5521240234375,141.8656005859375,40.765655517578125,88.63565063476562
324,5,385.8695068359375,152.40940856933594,38.44342041015625,99.66474914550781
324,4,337.6902770996094,142.7917938232422,44.946014404296875,89.02685546875
324,8,499.7547912597656,132.11279296875,46.460296630859375,96.263916015625
324,1,318.7514343261719,197.2462158203125,61.94525146484375,110.00216674804688
325,4,332.8523254394531,143.19761657714844,48.78741455078125,88.41064453125
325,5,384.0401306152344,152.61778259277344,29.64752197265625,99.11946105957031
325,1,311.0977783203125,197.56007385253906,61.159515380859375,103.78501892089844
325,8,500.95452880859375,131.7991180419922,40.2529296875,95.178955078125
326,8,500.09442138671875,131.3335723876953,35.5736083984375,96.01974487304688
326,1,312.86383056640625,196.6605987548828,59.652557373046875,106.39433288574219
326,5,381.7833251953125,153.0485076904297,29.46795654296875,98.60226440429688
326,4,333.38519287109375,143.5809783935547,47.685760498046875,87.95449829101562
327,4,333.3703308105469,142.7371826171875,44.29339599609375,90.2706298828125
327,8,502.11663818359375,130.66439819335938,28.11138916015625,96.53260803222656
327,1,310.13397216796875,196.53651428222656,62.017791748046875,105.28474426269531
327,5,379.2087097167969,152.70779418945312,30.197998046875,98.53610229492188
328,4,331.1355285644531,143.27513122558594,42.476654052734375,90.34121704101562
328,1,306.95257568359375,196.84999084472656,64.94354248046875,103.81416320800781
328,5,375.2374267578125,152.60482788085938,34.52593994140625,98.71014404296875
328,8,500.7460632324219,130.84799194335938,23.410430908203125,93.98178100585938
329,5,367.61248779296875,153.452392578125,41.916961669921875,97.03861999511719
329,4,329.6082763671875,142.76217651367188,40.07354736328125,88.06015014648438
329,1,304.3056945800781,194.30123901367188,66.42404174804688,105.82537841796875
329,8,498.25360107421875,131.13185119628906,19.924072265625,94.54522705078125
330,5,360.4935302734375,153.9321746826172,49.393157958984375,97.08558654785156
330,8,494.42254638671875,131.21682739257812,21.35699462890625,95.72285461425781
330,4,327.1519470214844,142.11114501953125,35.8863525390625,88.54904174804688
330,1,301.71282958984375,195.49314880371094,68.99285888671875,103.57762145996094
331,8,487.1584167480469,130.6414337158203,27.292022705078125,96.33253479003906
331,5,357.1697998046875,154.25254821777344,52.976806640625,96.65115356445312
331,4,324.4201965332031,141.8443145751953,27.62506103515625,87.41380310058594
331,1,298.6273193359375,194.74026489257812,71.63070678710938,103.47140502929688
332,8,479.0369873046875,130.65553283691406,35.30291748046875,96.69511413574219
332,5,354.2890319824219,154.67266845703125,55.542999267578125,96.42449951171875
332,4,322.55145263671875,142.6879119873047,24.936126708984375,75.81245422363281
332,1,295.2942810058594,194.63284301757812,74.81967163085938,103.0244140625
333,5,352.5247802734375,154.8529052734375,56.57354736328125,96.02069091796875
333,8,473.1022033691406,132.29953002929688,41.261688232421875,95.43630981445312
333,4,320.524658203125,142.4482879638672,26.578643798828125,84.94412231445312
333,1,293.053955078125,194.6249237060547,74.55633544921875,102.03572082519531
334,8,468.41455078125,132.6878662109375,46.21337890625,94.86927795410156
334,4,313.4164733886719,142.22726440429688,34.406890869140625,90.39060974121094
334,5,352.13592529296875,154.36146545410156,55.1065673828125,98.45610046386719
334,1,287.5900573730469,192.5983428955078,75.99478149414062,102.39570617675781
335,8,466.6992492675781,133.08932495117188,47.303924560546875,94.60105895996094
335,4,311.36895751953125,142.94859313964844,36.5780029296875,88.76272583007812
335,5,351.9847412109375,153.53115844726562,50.42962646484375,99.79257202148438
335,1,288.54095458984375,194.94296264648438,68.72146606445312,100.77987670898438
336,5,348.6432189941406,152.95242309570312,42.55706787109375,97.80278015136719
336,8,465.6846618652344,130.98155212402344,46.2816162109375,96.83351135253906
336,4,309.33984375,143.42056274414062,38.152496337890625,90.85693359375
336,1,283.96759033203125,189.1398468017578,58.536712646484375,105.31025695800781
337,8,465.42333984375,130.09243774414062,41.692535400390625,97.89126586914062
337,5,348.53204345703125,152.7730712890625,34.26837158203125,97.95565795898438
337,1,282.0180969238281,186.48519897460938,52.668212890625,107.1578369140625
337,4,308.31805419921875,143.05517578125,38.8397216796875,91.67469787597656
338,5,344.91064453125,151.99203491210938,33.108917236328125,96.56278991699219
338,8,466.01470947265625,129.65162658691406,36.2447509765625,96.38821411132812
338,1,278.90557861328125,184.9966278076172,50.08331298828125,109.16862487792969
338,4,306.6722717285156,143.15936279296875,40.539825439453125,90.96054077148438
339,5,341.78204345703125,152.3831329345703,30.354949951171875,98.11494445800781
339,8,468.0105285644531,129.65232849121094,27.215484619140625,94.73143005371094
339,1,276.5684814453125,183.92007446289062,52.436798095703125,110.33697509765625
339,4,303.3277893066406,143.6234130859375,42.008575439453125,90.79788208007812
340,5,338.87579345703125,153.1616973876953,33.56402587890625,100.60606384277344
340,1,274.57733154296875,184.0935516357422,56.03765869140625,109.58949279785156
340,4,299.6856384277344,144.2627410888672,43.08636474609375,90.88008117675781
340,8,466.58258056640625,130.17288208007812,20.583984375,92.73503112792969
341,1,271.7123107910156,184.07896423339844,57.959014892578125,109.77964782714844
341,5,334.50970458984375,153.98426818847656,37.5572509765625,99.36933898925781
341,4,296.1328430175781,143.99813842773438,43.339691162109375,90.20939636230469
341,8,463.1117858886719,130.74526977539062,20.519073486328125,93.16360473632812
342,1,267.4785461425781,185.6397247314453,62.588470458984375,109.00123596191406
342,5,323.2079162597656,154.3998565673828,48.832550048828125,99.51187133789062
342,4,292.6835021972656,143.1273956298828,44.06878662109375,90.26263427734375
342,8,457.7041320800781,130.6852569580078,24.709136962890625,97.24136352539062
343,1,264.79193115234375,186.79302978515625,63.933135986328125,107.974853515625
343,5,317.76202392578125,154.8402557373047,53.2337646484375,98.34747314453125
343,4,292.0346984863281,142.3812713623047,40.45843505859375,91.65419006347656
343,8,450.427978515625,133.01531982421875,32.198944091796875,95.43199157714844
344,1,261.8695068359375,184.89230346679688,65.89688110351562,110.27609252929688
344,5,313.49774169921875,155.94827270507812,57.94647216796875,97.66273498535156
344,8,442.96392822265625,132.0685577392578,39.02252197265625,95.72525024414062
344,4,288.63214111328125,142.82562255859375,38.97833251953125,92.08619689941406
345,1,258.8623962402344,184.1385955810547,68.23294067382812,110.53633117675781
345,5,311.5109558105469,156.62355041503906,57.21893310546875,97.11724853515625
345,8,432.7290344238281,132.66851806640625,49.50775146484375,95.48724365234375
345,4,287.00299072265625,141.75808715820312,35.824737548828125,93.07017517089844
346,8,431.25286865234375,133.4317626953125,50.493499755859375,93.96133422851562
346,5,312.337646484375,156.75918579101562,55.103118896484375,97.93576049804688
346,4,285.5782775878906,141.70944213867188,30.329498291015625,93.48577880859375
346,1,256.48046875,195.74449157714844,60.234405517578125,98.90650939941406
347,1,251.10443115234375,184.89382934570312,59.88031005859375,110.28689575195312
347,4,284.0758056640625,141.84788513183594,29.816314697265625,93.99440002441406
347,5,311.5417175292969,157.01979064941406,53.810821533203125,96.5469970703125
347,8,430.1043701171875,133.4251251220703,51.436920166015625,93.91885375976562
348,1,250.64772033691406,185.57322692871094,51.62565612792969,109.86268615722656
348,4,282.2015075683594,140.6175994873047,32.396484375,96.70315551757812
348,5,311.2898864746094,155.04641723632812,49.7099609375,99.0826416015625
348,8,429.6054992675781,133.60255432128906,51.339630126953125,93.29469299316406
349,4,278.6954345703125,141.5223846435547,36.118560791015625,96.19630432128906
349,1,249.4332733154297,184.09506225585938,44.41334533691406,110.9302978515625
349,5,308.52142333984375,156.41021728515625,45.318939208984375,97.302978515625
349,8,429.873046875,133.97496032714844,49.20928955078125,92.99217224121094
350,5,305.34552001953125,152.96974182128906,42.615203857421875,101.55891418457031
350,1,249.01748657226562,186.27870178222656,35.798583984375,108.80622863769531
350,4,275.819580078125,141.2758331298828,38.5396728515625,95.85069274902344
350,8,429.1114807128906,133.5014190673828,45.3345947265625,93.15824890136719
351,5,302.101806640625,151.7550048828125,39.044586181640625,103.12460327148438
351,1,243.13099670410156,183.2904510498047,42.66175842285156,115.12925720214844
351,8,426.6199951171875,131.7373504638672,43.572174072265625,94.62539672851562
351,4,273.3313293457031,140.94503784179688,41.005584716796875,94.34465026855469
352,1,241.40472412109375,184.0808563232422,44.802337646484375,117.00373840332031
352,5,299.4244384765625,152.914794921875,32.166534423828125,102.69081115722656
352,8,426.0465087890625,130.9424285888672,38.567901611328125,94.34233093261719
352,4,270.9825744628906,143.79608154296875,42.86334228515625,92.05015563964844
353,1,228.90933227539062,183.28070068359375,57.46185302734375,119.7222900390625
353,5,296.50982666015625,154.50521850585938,32.942718505859375,100.21916198730469
353,8,424.7553405761719,131.87977600097656,33.49407958984375,94.32682800292969
353,4,267.2346496582031,144.58364868164062,41.783782958984375,91.56074523925781
354,5,294.117431640625,155.67269897460938,34.93743896484375,99.3192138671875
354,1,223.76097106933594,186.57911682128906,63.20487976074219,116.52064514160156
354,4,266.38623046875,145.2514190673828,39.69964599609375,89.85826110839844
354,8,423.2001647949219,132.62835693359375,27.0780029296875,92.34672546386719
355,1,218.99769592285156,187.4097442626953,67.47880554199219,116.16328430175781
355,4,263.22467041015625,145.4006805419922,39.379791259765625,91.48529052734375
355,5,288.16436767578125,156.31529235839844,41.988067626953125,98.28761291503906
355,8,421.05419921875,132.6470184326172,23.654083251953125,94.82777404785156
356,1,213.5652313232422,187.76678466796875,71.33982849121094,115.06158447265625
356,5,282.88525390625,157.3559112548828,47.2325439453125,96.27423095703125
356,4,262.4259948730469,144.92726135253906,37.809722900390625,92.78932189941406
356,8,418.6547546386719,132.35772705078125,26.469024658203125,94.38801574707031
357,5,279.3221740722656,157.33355712890625,51.579315185546875,96.40385437011719
357,4,261.635498046875,145.19857788085938,32.1580810546875,90.9185791015625
357,1,211.68751525878906,188.0095672607422,70.83393859863281,114.98429870605469
357,8,409.924072265625,132.8274383544922,35.93878173828125,93.72169494628906
358,1,208.85740661621094,187.1765899658203,65.49668884277344,115.38853454589844
358,5,277.7063293457031,157.4388427734375,52.489501953125,96.67837524414062
358,8,403.4205017089844,132.50308227539062,41.901275634765625,94.68702697753906
358,4,261.68402099609375,152.03778076171875,30.450653076171875,84.09593200683594
359,5,277.66400146484375,155.95123291015625,50.336944580078125,98.65814208984375
359,1,208.79566955566406,188.18313598632812,61.14045715332031,114.71115112304688
359,8,398.92108154296875,133.64627075195312,44.951873779296875,92.29342651367188
359,4,254.939697265625,144.20884704589844,31.05438232421875,94.13864135742188
360,5,275.0600891113281,156.88807678222656,44.40435791015625,97.1519775390625
360,8,394.6153564453125,134.5306854248047,48.333251953125,92.73211669921875
360,1,211.77020263671875,187.55172729492188,40.25701904296875,114.95321655273438
360,4,250.80828857421875,144.43507385253906,29.668060302734375,93.19381713867188
361,8,392.48187255859375,133.74948120117188,47.78167724609375,93.87031555175781
361,5,272.79058837890625,156.84239196777344,42.865997314453125,95.98019409179688
361,4,246.66244506835938,145.67185974121094,32.0003662109375,91.99201965332031
361,1,209.20547485351562,187.14784240722656,37.409393310546875,115.69914245605469
362,5,270.8752136230469,154.72975158691406,37.562286376953125,98.89472961425781
362,8,391.46881103515625,132.33631896972656,42.307281494140625,94.7552490234375
362,4,242.0316925048828,144.71356201171875,37.08378601074219,93.53529357910156
362,1,205.7466278076172,187.84674072265625,39.563140869140625,115.693115234375
363,8,391.5791015625,132.3692169189453,38.87786865234375,93.82131958007812
363,4,238.18710327148438,144.82977294921875,36.323455810546875,90.71049499511719
363,5,267.0060119628906,155.03793334960938,33.155364990234375,94.68000793457031
363,1,201.4469451904297,187.21791076660156,42.67890930175781,117.37113952636719
364,8,393.1516418457031,131.6005859375,29.86541748046875,93.75440979003906
364,5,263.872802734375,155.391845703125,31.784515380859375,94.55696105957031
364,4,234.67950439453125,144.61614990234375,37.3634033203125,91.001708984375
364,1,196.80604553222656,187.8016815185547,48.49592590332031,115.81340026855469
365,5,260.7695007324219,156.58645629882812,35.04638671875,95.03968811035156
365,4,230.88868713378906,144.75416564941406,38.31538391113281,91.64752197265625
365,8,390.6404113769531,132.14862060546875,25.6126708984375,91.71945190429688
365,1,189.73147583007812,188.02972412109375,54.47032165527344,115.0941162109375
366,5,258.53167724609375,156.72181701660156,37.286285400390625,98.16915893554688
366,8,386.6207580566406,132.60647583007812,25.41845703125,94.66282653808594
366,4,230.37860107421875,145.49130249023438,37.9678955078125,91.874755859375
366,1,184.44432067871094,186.35740661621094,59.092041015625,117.12065124511719
367,5,250.40573120117188,157.41171264648438,46.081146240234375,99.56875610351562
367,1,183.52114868164062,188.0306396484375,60.66682434082031,115.90280151367188
367,4,228.2704620361328,146.47393798828125,35.29631042480469,91.47328186035156
367,8,382.3330078125,133.1149139404297,29.555389404296875,94.74319458007812
368,5,244.8743438720703,158.5584716796875,51.44139099121094,97.41212463378906
368,8,378.1499938964844,132.99072265625,33.37994384765625,95.55003356933594
368,1,182.58151245117188,187.85023498535156,60.39801025390625,115.57841491699219
368,4,228.3634033203125,147.2534637451172,31.76055908203125,90.07679748535156
369,8,365.65771484375,133.32318115234375,44.840362548828125,95.85456848144531
369,5,241.15135192871094,160.2245330810547,54.07438659667969,95.73545837402344
369,1,178.4528350830078,188.55596923828125,58.90473937988281,114.30670166015625
369,4,227.2847900390625,146.7618865966797,29.54254150390625,91.31204223632812
370,5,238.0433807373047,159.6669464111328,56.00291442871094,95.59162902832031
370,8,363.3941345214844,134.18812561035156,47.57879638671875,93.58708190917969
370,4,222.89637756347656,145.1159210205078,29.80987548828125,93.03401184082031
370,1,175.31813049316406,189.2843017578125,53.45097351074219,114.06185913085938
371,5,237.90219116210938,161.17823791503906,55.1473388671875,93.40653991699219
371,4,219.9598388671875,144.20921325683594,28.317596435546875,93.67289733886719
371,8,361.2630615234375,134.44729614257812,49.688568115234375,94.27220153808594
371,1,172.11155700683594,187.12466430664062,51.26416015625,116.118408203125
372,4,223.4366455078125,147.07176208496094,23.199142456054688,91.09062194824219
372,5,236.06678771972656,160.97467041015625,55.16596984863281,94.66433715820312
372,8,360.854248046875,134.5207061767578,49.15533447265625,93.3094482421875
372,1,169.46234130859375,188.37754821777344,46.68180847167969,114.30924987792969
373,4,220.0104522705078,145.05067443847656,25.216506958007812,93.22688293457031
373,5,234.97994995117188,159.880859375,54.2791748046875,95.65431213378906
373,1,165.89535522460938,186.95680236816406,41.4263916015625,112.67427062988281
373,8,359.5942687988281,135.17233276367188,48.50347900390625,93.117431640625
374,8,359.0506896972656,135.33677673339844,44.3291015625,92.76164245605469
374,5,233.1229248046875,160.26161193847656,50.4190673828125,94.35809326171875
374,4,215.2890625,146.60772705078125,27.846603393554688,91.74827575683594
374,1,163.45321655273438,186.56112670898438,37.857513427734375,116.07366943359375
375,8,359.0280456542969,135.17147827148438,40.5880126953125,92.79649353027344
375,4,211.44297790527344,145.6309814453125,30.418212890625,94.33734130859375
375,5,230.98507690429688,160.64695739746094,47.083984375,94.36041259765625
375,1,160.7344207763672,186.8821258544922,40.778717041015625,117.59272766113281
376,8,357.9879455566406,134.61329650878906,35.716796875,93.79443359375
376,1,157.53988647460938,187.07113647460938,43.53411865234375,118.51107788085938
376,5,234.0068817138672,162.77377319335938,36.97398376464844,92.25032043457031
376,4,209.28857421875,148.58541870117188,30.3787841796875,91.52302551269531
377,8,357.39971923828125,134.6326446533203,31.503173828125,93.89419555664062
377,1,150.65609741210938,186.55636596679688,50.02989196777344,119.12890625
377,5,226.0000457763672,159.25942993164062,38.25685119628906,94.51885986328125
377,4,203.9948272705078,149.53805541992188,35.210723876953125,91.36669921875
378,1,143.54962158203125,188.22308349609375,57.16029357910156,115.9600830078125
378,8,352.74261474609375,135.07557678222656,26.654327392578125,93.78125
378,5,226.32896423339844,161.8924560546875,32.83619689941406,91.69561767578125
378,4,198.0626678466797,146.12380981445312,37.85736083984375,93.85389709472656
379,1,139.04774475097656,188.423095703125,61.344482421875,115.39950561523438
379,8,347.1775207519531,135.36740112304688,27.696136474609375,93.4931640625
379,5,223.99293518066406,162.54945373535156,31.301986694335938,93.4305419921875
379,4,194.3877410888672,145.3481903076172,35.5087890625,95.02259826660156
380,1,134.58432006835938,189.75636291503906,65.87167358398438,114.54283142089844
380,5,221.56666564941406,162.1028594970703,34.71275329589844,93.73648071289062
380,8,341.33209228515625,138.2052001953125,32.3389892578125,90.03651428222656
380,4,193.0714569091797,148.3339385986328,33.664276123046875,91.64678955078125
381,5,214.70291137695312,164.4966278076172,41.244049072265625,90.88229370117188
381,1,130.25328063964844,189.92308044433594,69.49920654296875,114.93464660644531
381,4,192.0653839111328,148.19593811035156,31.10223388671875,92.02079772949219
381,8,340.927734375,138.23583984375,33.021026611328125,90.10137939453125
382,5,208.9037322998047,164.13119506835938,47.061126708984375,91.46903991699219
382,4,191.28350830078125,146.25306701660156,27.927947998046875,93.61293029785156
382,8,335.33343505859375,137.20687866210938,38.29791259765625,90.74147033691406
382,1,127.70309448242188,189.45394897460938,69.87588500976562,114.67568969726562
383,5,206.12094116210938,163.12615966796875,49.51954650878906,92.670166015625
383,1,124.11483001708984,189.26747131347656,65.81136322021484,114.68617248535156
383,4,193.61907958984375,150.88951110839844,23.124771118164062,88.46827697753906
383,8,330.1014404296875,136.99124145507812,43.901214599609375,91.38330078125
384,1,120.81253051757812,189.92787170410156,55.32398986816406,113.55101013183594
384,5,202.09820556640625,162.56759643554688,50.30194091796875,93.70904541015625
384,8,328.97216796875,137.77500915527344,44.328033447265625,91.05477905273438
384,4,190.7869110107422,155.30853271484375,21.809799194335938,84.17353820800781
385,1,118.1153335571289,189.90145874023438,50.586997985839844,113.21881103515625
385,5,202.309814453125,161.73553466796875,46.52668762207031,94.26007080078125
385,8,328.4429626464844,137.76113891601562,42.903106689453125,91.0816650390625
385,4,188.13238525390625,151.01199340820312,23.534408569335938,89.17645263671875
386,5,201.0845489501953,161.82965087890625,41.60945129394531,94.18844604492188
386,1,116.35777282714844,188.8228302001953,44.0992431640625,114.01118469238281
386,8,328.1637878417969,133.99676513671875,39.095550537109375,94.80638122558594
386,4,185.6767578125,152.76661682128906,23.594940185546875,86.39425659179688
387,1,113.95455169677734,188.4203643798828,44.67266082763672,115.60331726074219
387,5,197.93382263183594,161.99998474121094,38.23431396484375,94.59486389160156
387,8,327.97467041015625,133.36814880371094,30.63653564453125,95.36587524414062
387,4,182.09451293945312,154.39776611328125,24.1776123046875,83.40951538085938
388,1,110.97112274169922,189.830322265625,47.373619079589844,114.46463012695312
388,5,195.70263671875,161.98358154296875,33.70735168457031,95.03817749023438
388,8,322.006591796875,133.46157836914062,28.14837646484375,94.41468811035156
388,4,179.14871215820312,152.1904296875,24.39447021484375,85.55718994140625
389,1,109.31243896484375,191.04905700683594,47.75636291503906,113.08885192871094
389,5,191.55235290527344,160.4970245361328,30.29388427734375,96.04090881347656
389,8,309.4880065917969,132.48519897460938,36.05877685546875,95.62113952636719
389,4,176.4439239501953,147.67794799804688,22.880691528320312,89.87948608398438
390,1,106.53775024414062,191.32479858398438,50.59877014160156,113.48101806640625
390,5,188.0382537841797,161.771728515625,31.661712646484375,97.0062255859375
390,8,311.375,132.4225311279297,32.63580322265625,97.1514892578125
390,4,171.33998107910156,146.8639373779297,25.841445922851562,89.80508422851562
391,1,102.57891845703125,192.44302368164062,53.32240295410156,112.101318359375
391,5,186.95266723632812,161.5738983154297,34.16424560546875,97.44044494628906
391,8,310.27203369140625,133.46730041503906,33.662261962890625,97.11709594726562
391,4,166.8235626220703,149.066650390625,27.272994995117188,86.79206848144531
392,1,99.91034698486328,193.10382080078125,56.12122344970703,111.0069580078125
392,5,180.6811065673828,163.1607208251953,40.23872375488281,96.48777770996094
392,8,305.2670593261719,133.99208068847656,38.08612060546875,96.73619079589844
392,4,163.54197692871094,154.0581512451172,28.661224365234375,82.20506286621094
393,1,96.81864929199219,192.50990295410156,58.05743408203125,111.92689514160156
393,5,172.02197265625,162.76026916503906,47.90113830566406,96.90361022949219
393,8,301.1362609863281,135.05108642578125,42.691741943359375,94.861083984375
393,4,162.44940185546875,159.8570098876953,26.32525634765625,77.51025390625
394,1,93.81996154785156,191.19387817382812,58.99932861328125,111.68170166015625
394,8,295.39404296875,135.34938049316406,47.78753662109375,94.77830505371094
394,5,167.12368774414062,164.18441772460938,52.47132873535156,95.44454956054688
394,4,162.98483276367188,162.41192626953125,22.493118286132812,74.46000671386719
395,1,89.33846282958984,190.94650268554688,54.34642791748047,110.2760009765625
395,5,164.29129028320312,164.916259765625,54.4478759765625,94.2801513671875
395,8,294.64813232421875,135.62344360351562,48.370025634765625,94.16358947753906
395,4,164.27149963378906,164.07400512695312,18.555740356445312,73.7271728515625
396,1,87.36896514892578,189.94268798828125,50.83202362060547,110.18072509765625
396,5,161.27780151367188,166.539306640625,56.961822509765625,93.32699584960938
396,8,293.15087890625,135.94497680664062,49.86566162109375,94.25469970703125
396,4,158.32583618164062,149.68426513671875,19.0889892578125,89.96405029296875
397,1,84.73174285888672,189.98158264160156,47.32677459716797,109.53724670410156
397,5,162.2467498779297,164.9797821044922,53.15708923339844,95.00297546386719
397,8,294.3473205566406,135.4622802734375,47.448944091796875,94.24313354492188
397,4,155.79928588867188,149.4158172607422,22.364654541015625,90.92808532714844
398,1,80.92699432373047,189.20065307617188,44.463775634765625,110.97598266601562
398,5,159.64910888671875,164.33181762695312,51.948150634765625,95.90231323242188
398,8,293.6676940917969,134.79925537109375,44.360137939453125,95.0465087890625
398,4,151.25254821777344,150.15760803222656,23.882232666015625,78.32658386230469
399,1,77.28501892089844,189.0598907470703,44.96721649169922,112.45851135253906
399,8,293.35076904296875,135.1180877685547,40.474395751953125,94.67784118652344
399,5,157.60452270507812,164.40126037597656,48.90724182128906,96.00492858886719
399,4,149.8515625,148.6388397216797,23.200531005859375,76.27992248535156
400,1,75.14212799072266,188.71768188476562,46.68848419189453,112.4561767578125
400,8,292.2154846191406,135.46815490722656,35.959442138671875,94.63560485839844
400,5,150.64016723632812,155.7327117919922,50.44818115234375,104.74046325683594
400,4,146.67041015625,148.31036376953125,25.41796875,79.82839965820312
401,1,72.2895736694336,190.04676818847656,49.02247619628906,111.76832580566406
401,5,150.07350158691406,161.3782958984375,43.91093444824219,99.03182983398438
401,8,289.56329345703125,136.16134643554688,32.13311767578125,93.05764770507812
401,4,145.28317260742188,147.84645080566406,21.527999877929688,73.19577026367188
402,1,67.59644317626953,191.47256469726562,53.45044708251953,111.06735229492188
402,5,144.9814910888672,156.84719848632812,41.86700439453125,103.21347045898438
402,8,287.70306396484375,135.26840209960938,28.7972412109375,94.05755615234375
402,4,142.272216796875,149.7979736328125,25.47479248046875,93.87104797363281
403,1,63.2534065246582,192.3759307861328,57.45515823364258,108.23194885253906
403,8,285.7215881347656,135.09060668945312,23.355865478515625,94.40849304199219
403,5,140.53652954101562,153.7894744873047,40.085784912109375,106.55003356933594
404,1,61.35966491699219,193.05877685546875,59.60795593261719,107.61264038085938
404,5,139.7886199951172,157.53738403320312,40.66682434082031,102.3514404296875
404,8,284.4154357910156,135.64910888671875,23.4176025390625,94.9417724609375
404,4,135.9698486328125,150.67759704589844,23.291488647460938,90.42265319824219
405,1,58.891448974609375,194.0218963623047,63.07947540283203,108.29750061035156
405,5,144.21078491210938,164.61000061035156,36.603759765625,96.67585754394531
405,8,280.5860595703125,136.73899841308594,27.070281982421875,92.22575378417969
405,4,131.3480987548828,149.96177673339844,24.608505249023438,90.253173828125
406,1,55.71612548828125,194.6806182861328,64.88440704345703,107.02095031738281
406,8,272.2930603027344,136.88418579101562,35.796478271484375,93.16148376464844
406,5,141.3076629638672,164.91830444335938,39.38185119628906,95.70016479492188
407,5,138.50967407226562,163.2442626953125,42.28190612792969,96.14215087890625
407,8,268.609375,136.714111328125,39.55706787109375,93.48448181152344
407,1,52.742008209228516,194.64459228515625,65.35623550415039,107.26443481445312
408,5,134.95309448242188,167.592041015625,43.419891357421875,92.03109741210938
408,1,45.76591873168945,193.89501953125,58.21609115600586,107.2864990234375
408,8,264.23712158203125,135.1339874267578,43.719085693359375,94.74223327636719
408,4,125.00843811035156,151.39219665527344,14.577972412109375,46.968536376953125
409,5,132.43373107910156,164.17697143554688,45.41981506347656,95.66561889648438
409,1,43.57978439331055,193.30718994140625,51.854434967041016,107.19961547851562
409,8,266.6573181152344,135.4546661376953,39.035247802734375,94.70428466796875
410,8,265.8986511230469,135.44424438476562,38.368682861328125,94.99766540527344
410,5,128.79283142089844,163.23123168945312,47.0496826171875,98.76876831054688
410,1,40.923912048339844,191.88690185546875,46.98051452636719,110.30331420898438
411,8,263.07763671875,132.16461181640625,34.634368896484375,95.90757751464844
411,5,125.98593139648438,162.9706268310547,44.85111999511719,96.31086730957031
411,1,38.86446762084961,192.6160888671875,43.55215072631836,108.7669677734375
412,8,259.1611328125,133.2976837158203,32.386962890625,92.96983337402344
412,5,120.85565948486328,161.41929626464844,44.03302764892578,96.08485412597656
412,1,35.5423583984375,192.63299560546875,47.3736572265625,109.46417236328125
413,1,33.410709381103516,193.08590698242188,49.1123161315918,108.4368896484375
413,5,116.32220458984375,159.10504150390625,41.39924621582031,97.7269287109375
413,8,258.7191467285156,134.14297485351562,26.2803955078125,91.62197875976562
413,4,111.81282043457031,151.0962371826172,19.712448120117188,62.40484619140625
414,1,31.7841739654541,192.646484375,50.795644760131836,108.66958618164062
414,5,114.79747009277344,158.71458435058594,38.36000061035156,96.93569946289062
414,8,253.74143981933594,132.42544555664062,27.062301635742188,94.37355041503906
415,1,28.642534255981445,193.07933044433594,53.71105766296387,108.16883850097656
415,5,107.37107849121094,156.85006713867188,42.805755615234375,100.15753173828125
415,8,251.18406677246094,132.3839569091797,28.374526977539062,96.74650573730469
415,4,107.56739044189453,151.876953125,26.76049041748047,72.60765075683594
416,1,26.11530303955078,193.6411590576172,55.123779296875,107.92442321777344
416,5,108.56379699707031,159.5690460205078,41.09944152832031,99.03819274902344
416,8,244.23995971679688,133.7566680908203,35.459228515625,96.11538696289062
416,4,104.08916473388672,151.7747039794922,25.05455780029297,55.85357666015625
417,1,24.176197052001953,193.1175079345703,56.58639907836914,108.94929504394531
417,8,238.5297393798828,133.82594299316406,41.15797424316406,94.79740905761719
417,5,110.34554290771484,162.55108642578125,39.16240692138672,96.41348266601562
417,4,99.86239624023438,163.98394775390625,20.760391235351562,52.443817138671875
418,5,107.84347534179688,162.12786865234375,41.77308654785156,96.98101806640625
418,1,21.891239166259766,192.42010498046875,57.75258255004883,109.84774780273438
418,8,234.40017700195312,135.10357666015625,44.918548583984375,93.40476989746094
418,4,96.8482666015625,152.2331085205078,24.280532836914062,83.02493286132812
419,5,103.7372817993164,162.2357177734375,46.200889587402344,95.51235961914062
419,8,230.94932556152344,135.49241638183594,48.34306335449219,92.19436645507812
419,1,18.758224487304688,192.13526916503906,53.91465759277344,108.61122131347656
419,4,94.92242431640625,153.82684326171875,24.565582275390625,82.12959289550781
420,5,99.79776000976562,163.9811553955078,50.68705749511719,93.22715759277344
420,1,15.27218246459961,191.4890899658203,51.592288970947266,108.44746398925781
420,8,229.32009887695312,135.52432250976562,49.395599365234375,91.80561828613281
420,4,93.65772247314453,154.0673370361328,24.22894287109375,86.988037109375
421,5,92.9605712890625,163.552490234375,57.105194091796875,93.58563232421875
421,1,12.441278457641602,191.0941619873047,46.86908149719238,106.52665710449219
421,8,229.93992614746094,135.13528442382812,48.76145935058594,92.59584045410156
421,4,90.65767669677734,153.3046112060547,22.861007690429688,53.15562438964844
422,1,9.833934783935547,190.57870483398438,43.849430084228516,107.14364624023438
422,5,91.03827667236328,157.2768096923828,58.269126892089844,100.40965270996094
422,8,228.35093688964844,135.18606567382812,48.74247741699219,92.51913452148438
423,1,6.728606224060059,191.14309692382812,41.28049564361572,107.2579345703125
423,5,87.50743103027344,152.45333862304688,60.724029541015625,104.82803344726562
423,8,229.1455535888672,135.19351196289062,46.25520324707031,92.58229064941406
424,1,3.7774477005004883,192.14349365234375,42.625685691833496,107.54513549804688
424,5,86.8078842163086,156.90623474121094,58.06726837158203,99.97920227050781
424,8,229.1516876220703,136.3738555908203,40.95405578613281,91.19654846191406
425,1,2.3000118732452393,192.44619750976562,44.44661211967468,107.27304077148438
425,5,88.02156829833984,163.44190979003906,53.900245666503906,93.36189270019531
425,8,228.321533203125,136.4447021484375,37.00909423828125,90.78150939941406
425,4,84.73318481445312,152.51454162597656,23.464698791503906,31.97906494140625
426,1,0.0,192.94476318359375,46.95458221435547,107.14971923828125
426,5,88.90357971191406,159.7978973388672,48.32588195800781,97.45494079589844
426,8,225.99884033203125,136.9063262939453,34.44891357421875,89.58674621582031
426,4,82.47492980957031,151.92381286621094,23.343406677246094,29.355148315429688
427,1,0.0,193.37527465820312,46.66435623168945,104.8402099609375
427,5,88.75910186767578,162.3052215576172,43.36566925048828,94.85530090332031
427,8,223.62612915039062,136.39923095703125,30.285308837890625,89.60935974121094
427,4,80.9405288696289,151.6803436279297,24.192047119140625,28.002029418945312
428,1,0.0,194.04098510742188,47.1179084777832,103.89028930664062
428,5,82.66970825195312,163.36740112304688,43.77766418457031,92.97784423828125
428,8,221.18655395507812,136.56105041503906,28.067855834960938,90.81903076171875
428,4,78.3313980102539,151.8418731689453,24.675674438476562,26.29248046875
429,5,77.80364227294922,159.63507080078125,42.366119384765625,95.78648376464844
429,1,0.0,196.30438232421875,47.02861022949219,101.498291015625
429,8,220.64356994628906,137.64955139160156,26.82061767578125,89.64605712890625
429,4,76.3682632446289,152.04656982421875,23.73980712890625,26.199417114257812
430,5,77.9041976928711,158.9330291748047,37.561920166015625,97.36650085449219
430,8,217.73138427734375,141.09776306152344,30.4705810546875,86.20198059082031
430,1,0.006540966685861349,205.07192993164062,47.891434954945,92.52706909179688
430,4,74.90885925292969,152.4626007080078,19.944747924804688,26.552322387695312
431,5,78.89554595947266,163.26092529296875,36.428184509277344,93.31765747070312
431,8,212.31060791015625,138.03221130371094,35.557464599609375,89.29315185546875
431,1,0.0014719725586473942,206.93634033203125,45.7161183594726,89.4432373046875
431,4,72.59181213378906,152.99163818359375,20.443756103515625,88.36798095703125
432,5,68.67586517333984,154.7779998779297,46.99352264404297,103.67155456542969
432,8,205.90977478027344,136.058349609375,40.338714599609375,91.48731994628906
432,1,0.0,207.3795928955078,34.63270568847656,88.98240661621094
433,5,68.5995101928711,160.72515869140625,46.985939025878906,96.19281005859375
433,8,202.9385986328125,137.02833557128906,43.27180480957031,90.74934387207031
433,1,0.0,207.63162231445312,29.32137680053711,87.80340576171875
434,5,68.77291870117188,162.54832458496094,45.20521545410156,94.35997009277344
434,8,201.87075805664062,137.14207458496094,42.53660583496094,90.46871948242188
434,1,0.06724261492490768,207.71868896484375,20.683478362858295,88.01937866210938
434,4,63.20883560180664,154.24993896484375,18.090686798095703,23.03076171875
435,5,68.21258544921875,164.01220703125,44.97027587890625,92.7178955078125
435,8,200.83956909179688,135.79721069335938,40.8936767578125,91.862548828125
435,1,0.0,208.3017578125,15.736677169799805,89.31561279296875
435,4,60.65937805175781,154.86016845703125,14.167213439941406,15.707015991210938
436,5,66.09367370605469,163.13754272460938,45.963218688964844,91.98497009277344
436,8,192.6806640625,136.0372314453125,44.447967529296875,90.68544006347656
436,1,0.0,209.10247802734375,13.517075538635254,87.56143188476562
436,4,58.23463821411133,154.76197814941406,15.284961700439453,22.77935791015625
437,5,62.51266098022461,162.90916442871094,46.01848220825195,94.10212707519531
437,8,196.46240234375,136.0889434814453,32.12335205078125,90.502685546875
437,1,0.0,211.39662170410156,14.288259506225586,87.56459045410156
437,10,56.474700927734375,154.08993530273438,17.850440979003906,28.578155517578125
437,4,56.14219665527344,154.57180786132812,15.514762878417969,16.839385986328125
438,5,60.00654220581055,164.1197052001953,43.89219284057617,90.97135925292969
438,8,193.5661163330078,135.8941192626953,29.928558349609375,88.09193420410156
438,1,0.0,212.4172821044922,14.418231964111328,86.35783386230469
438,10,53.91768264770508,153.1853790283203,19.80667495727539,25.52996826171875
439,5,53.924625396728516,163.4448699951172,44.34525680541992,91.27810668945312
439,8,191.70127868652344,135.02593994140625,27.745773315429688,90.74766540527344
439,10,52.301727294921875,153.59130859375,19.718971252441406,30.78118896484375
440,5,55.13529586791992,162.4649200439453,38.22183609008789,91.00372314453125
440,8,189.94189453125,134.79527282714844,28.5897216796875,91.4788818359375
440,10,45.72498321533203,153.22579956054688,22.262916564941406,55.80152893066406
441,5,44.146278381347656,160.92816162109375,45.14288330078125,93.48100280761719
441,8,187.3622589111328,134.53038024902344,31.235977172851562,93.65071105957031
441,10,43.55321502685547,153.33811950683594,23.25945281982422,55.10276794433594
441,4,48.04405212402344,153.50433349609375,16.77198028564453,24.526321411132812
442,5,39.93017578125,154.17105102539062,48.62352752685547,102.36627197265625
442,8,183.07644653320312,135.38755798339844,35.18603515625,93.40994262695312
443,5,39.70804214477539,156.6011199951172,48.76261520385742,100.07814025878906
443,8,174.88609313964844,137.1617889404297,43.258514404296875,89.57763671875
444,5,37.9732666015625,154.2956085205078,50.08831787109375,102.86430358886719
444,8,171.6288604736328,136.79446411132812,46.6793212890625,89.79389953613281
445,5,29.918516159057617,154.2110137939453,57.885812759399414,101.51800537109375
445,8,169.8813018798828,138.00787353515625,48.31846618652344,88.79611206054688
446,8,170.36257934570312,137.30157470703125,47.83056640625,89.78480529785156
446,5,35.01224899291992,157.676025390625,54.10469436645508,97.48898315429688
446,10,32.75299835205078,154.0525360107422,32.157257080078125,45.07441711425781
447,5,34.12557601928711,162.1248016357422,54.02915573120117,93.42529296875
447,8,168.5819854736328,138.26792907714844,48.07435607910156,88.5811767578125
447,10,29.526308059692383,154.3549346923828,31.311967849731445,47.078460693359375
447,4,36.20256423950195,154.46966552734375,25.91888427734375,29.410537719726562
448,5,31.080827713012695,160.76699829101562,57.259504318237305,95.05764770507812
448,8,167.47305297851562,138.23106384277344,46.059661865234375,88.77120971679688
448,10,28.903873443603516,154.54351806640625,34.084293365478516,48.252655029296875
449,5,29.771591186523438,155.9612579345703,58.29954528808594,100.95207214355469
449,8,163.1105194091797,138.5311737060547,45.53697204589844,88.42228698730469
449,10,32.547386169433594,154.31678771972656,27.80868911743164,37.42657470703125
450,5,29.36481285095215,167.54617309570312,56.97564125061035,88.93695068359375
450,8,161.91854858398438,137.12460327148438,41.08251953125,90.19573974609375
450,10,31.432619094848633,153.47752380371094,28.06154441833496,34.998626708984375
451,5,29.47789192199707,159.7682647705078,53.476606369018555,97.24656677246094
451,8,161.2544403076172,137.7364501953125,37.22418212890625,89.47372436523438
451,10,30.37221336364746,153.7141876220703,25.648271560668945,33.66667175292969
452,5,26.649486541748047,160.5325164794922,51.47614669799805,95.75993347167969
452,8,159.24649047851562,137.81951904296875,31.7379150390625,88.96214294433594
452,10,27.81406021118164,153.3567352294922,26.517993927001953,33.07060241699219
453,8,157.21607971191406,137.6365203857422,29.04254150390625,89.75468444824219
453,5,26.422080993652344,163.73959350585938,46.926605224609375,92.94781494140625
453,10,26.318864822387695,152.6716766357422,26.463590621948242,35.635345458984375
454,5,23.756336212158203,155.5817108154297,44.28004837036133,100.21194458007812
454,8,155.4993438720703,138.7816619873047,28.978561401367188,88.13818359375
454,10,24.104482650756836,152.83721923828125,26.92275047302246,34.40045166015625
455,5,22.51936149597168,164.35769653320312,40.168752670288086,91.95986938476562
455,8,152.8983612060547,138.7534637451172,31.629348754882812,88.74407958984375
455,10,22.073986053466797,152.8087921142578,26.44310760498047,32.90135192871094
456,5,18.77578353881836,164.827880859375,39.0947380065918,90.85684204101562
456,8,148.15078735351562,139.13746643066406,36.4737548828125,88.28985595703125
456,10,18.60953712463379,152.86651611328125,25.184621810913086,31.023849487304688
457,5,19.55194091796875,165.46934509277344,37.207942962646484,91.75047302246094
457,8,146.55076599121094,139.6719970703125,38.25706481933594,87.53987121582031
457,10,16.184518814086914,153.57882690429688,18.583589553833008,28.583358764648438
458,5,15.561563491821289,163.57408142089844,41.28640556335449,92.98490905761719
458,8,144.88526916503906,139.2119140625,39.790435791015625,88.00474548339844
458,10,15.258566856384277,153.58042907714844,24.977200508117676,29.61627197265625
459,5,12.722919464111328,165.335205078125,43.777034759521484,90.66036987304688
459,8,143.69540405273438,139.53414916992188,39.2030029296875,89.08628845214844
459,10,12.81131362915039,154.1418914794922,25.28359603881836,29.226318359375
460,5,10.985356330871582,166.11582946777344,44.65755367279053,90.00556945800781
460,8,141.30345153808594,139.3578338623047,38.209564208984375,88.086669921875
460,10,11.059709548950195,154.44082641601562,25.63416862487793,29.473052978515625
461,5,8.561097145080566,165.843017578125,46.67061901092529,90.60150146484375
461,8,137.203369140625,138.11302185058594,38.49766540527344,88.75494384765625
461,10,9.517483711242676,154.79624938964844,24.489798545837402,29.789596557617188
462,5,8.346378326416016,165.99014282226562,45.64617919921875,89.26277160644531
462,8,136.1459197998047,138.14039611816406,34.333251953125,88.98045349121094
462,10,8.078283309936523,155.1214599609375,23.90168571472168,28.512161254882812
463,5,7.109055995941162,164.4183349609375,44.65424966812134,92.12713623046875
463,8,134.7430877685547,138.16526794433594,31.100021362304688,87.88639831542969
463,10,5.994220733642578,154.64674377441406,25.01137924194336,29.446380615234375
464,5,5.645479202270508,163.97007751464844,41.98211479187012,91.00390625
464,8,132.313720703125,137.4873809814453,30.27349853515625,87.31571960449219
464,10,3.993760108947754,154.14901733398438,24.99385356903076,28.0972900390625
465,5,4.508063793182373,164.67271423339844,38.54733324050903,90.1868896484375
465,8,129.5206756591797,138.04641723632812,29.306182861328125,88.72080993652344
465,10,1.1466219425201416,153.52944946289062,27.208125829696655,29.851211547851562
466,5,3.3454480171203613,166.09083557128906,34.064937114715576,87.51673889160156
466,8,125.86990356445312,138.35816955566406,32.646728515625,90.1080322265625
466,10,0.33039790391921997,153.37661743164062,25.5395285487175,29.926544189453125
467,8,124.36832427978516,139.52255249023438,34.136436462402344,89.8231201171875
467,5,1.6309940814971924,165.74330139160156,32.20505404472351,87.19432067871094
467,10,0.10821549594402313,153.24530029296875,24.81962187588215,32.983306884765625
468,8,117.78130340576172,139.0394744873047,41.00475311279297,91.46659851074219
468,5,0.15924090147018433,164.0261688232422,30.89644604921341,89.82827758789062
468,10,0.1884252429008484,152.89920043945312,23.151008427143097,37.32783508300781
469,8,112.06155395507812,139.066650390625,46.514312744140625,90.43571472167969
469,5,0.0,157.89772033691406,30.57219123840332,98.47080993652344
469,10,0.4121663570404053,153.17190551757812,22.423338174819946,41.73393249511719
470,8,110.68019104003906,140.02069091796875,47.484039306640625,89.80094909667969
470,5,0.0,156.5617218017578,30.28208351135254,98.86083984375
471,8,111.2411880493164,140.47500610351562,46.92646026611328,88.98284912109375
471,5,0.0018316747155040503,154.3467559814453,30.90704665170051,101.87019348144531
472,8,111.41787719726562,140.3580780029297,45.46028137207031,88.76766967773438
472,5,0.0,154.50209045410156,31.211605072021484,101.33345031738281
473,8,110.7320556640625,140.1851806640625,44.607513427734375,88.54423522949219
473,5,0.0,155.6590118408203,31.142026901245117,100.10176086425781
474,8,108.55305480957031,139.36566162109375,41.904693603515625,89.4534912109375
474,5,0.0,153.8383331298828,30.45455551147461,101.23104858398438
475,8,106.7664794921875,139.6727752685547,39.38946533203125,88.87637329101562
475,5,0.0,162.25665283203125,31.470516204833984,91.99241638183594
476,8,104.54691314697266,139.9868621826172,37.382896423339844,88.135498046875
476,5,0.0,152.53570556640625,33.17190933227539,101.71037292480469
477,8,103.07632446289062,140.4795684814453,32.67225646972656,87.63548278808594
477,5,0.0,155.71047973632812,28.605131149291992,97.80807495117188
478,8,99.45713806152344,140.85092163085938,32.4627685546875,85.89225769042969
478,5,0.03543703630566597,157.5243377685547,25.401317190378904,95.94741821289062
479,8,94.62174224853516,140.56265258789062,32.08229064941406,87.93170166015625
479,5,0.17606781423091888,162.35537719726562,16.768048778176308,89.10641479492188
480,8,86.71920776367188,141.26910400390625,40.80083465576172,87.65174865722656
480,5,0.0,166.56964111328125,12.455970764160156,82.1663818359375
481,8,83.6143569946289,141.47935485839844,43.823760986328125,87.60110473632812
482,8,80.33255004882812,141.70791625976562,47.00593566894531,87.30183410644531
482,5,8.546114258933812e-05,186.65687561035156,11.192734134194325,47.14839172363281
483,8,79.07392883300781,142.09164428710938,47.661827087402344,87.16850280761719
483,5,0.0,187.0043182373047,11.209427833557129,46.5889892578125
484,8,77.50237274169922,142.89479064941406,46.8116455078125,86.74546813964844
484,5,0.0,186.1427764892578,11.046082496643066,47.77946472167969
485,8,76.21393585205078,142.6302490234375,46.78459930419922,87.06539916992188
485,5,0.0,186.4420623779297,11.034943580627441,47.54206848144531
486,8,75.50584411621094,142.83168029785156,44.83587646484375,86.57350158691406
486,5,0.0,182.96958923339844,10.609999656677246,51.23616027832031
487,8,75.11790466308594,142.5183563232422,40.48126220703125,85.99891662597656
488,8,75.1722412109375,141.73973083496094,35.667877197265625,86.397216796875
489,8,74.81939697265625,141.76071166992188,30.244728088378906,85.6004638671875
490,8,74.5511474609375,141.45767211914062,28.11328125,86.35929870605469
491,8,72.28873443603516,142.36927795410156,29.28863525390625,86.29290771484375
492,8,70.55435180664062,142.74000549316406,31.078346252441406,86.40447998046875
493,8,67.90771484375,143.13511657714844,33.762977600097656,86.12149047851562
494,8,64.10094451904297,143.83604431152344,37.68855285644531,86.23434448242188
495,8,60.06765365600586,144.18260192871094,42.036434173583984,85.88046264648438
496,8,58.429931640625,144.8157501220703,42.74231719970703,85.00502014160156
497,8,58.54469680786133,145.43545532226562,41.8806266784668,85.08114624023438
498,8,57.165985107421875,145.5940399169922,42.925987243652344,85.3406982421875
499,8,55.23078918457031,145.6021728515625,42.70845031738281,84.98907470703125
500,8,53.95813751220703,145.51744079589844,41.569618225097656,84.89411926269531
501,8,50.98594665527344,145.24179077148438,41.78199005126953,84.93173217773438
502,8,49.02904510498047,144.5409698486328,39.78028106689453,85.65641784667969
503,8,48.040740966796875,145.68345642089844,35.570091247558594,84.392822265625
504,8,42.976802825927734,145.7699432373047,30.752399444580078,84.27180480957031
505,8,39.05881118774414,146.05859375,34.23862838745117,83.97291564941406
506,8,35.269779205322266,146.42652893066406,37.7396125793457,84.48973083496094
507,8,32.38785171508789,146.26878356933594,41.34312057495117,84.92353820800781
508,8,29.68850326538086,146.85072326660156,43.23294448852539,84.5745849609375
509,8,26.65593910217285,147.11778259277344,46.954084396362305,84.43614196777344
510,8,24.838098526000977,147.37863159179688,49.33210563659668,84.95237731933594
511,8,23.630563735961914,147.89511108398438,50.015119552612305,85.18359375
512,8,22.360641479492188,147.50306701660156,50.057952880859375,85.7496337890625
513,8,22.271503448486328,147.82208251953125,47.30331802368164,85.39155578613281
514,8,22.202335357666016,147.58482360839844,46.22465133666992,85.77922058105469
515,8,22.159963607788086,147.18833923339844,40.14571571350098,86.2178955078125
516,8,22.040210723876953,148.34490966796875,33.82699966430664,85.32347106933594
517,8,20.826242446899414,148.780517578125,30.224802017211914,85.12681579589844
518,8,17.39560890197754,149.40219116210938,30.261869430541992,85.89576721191406
519,8,15.946982383728027,149.77853393554688,31.65817356109619,85.52731323242188
520,8,12.822587966918945,149.90191650390625,34.20262336730957,86.26936340332031
521,8,11.143925666809082,149.9764862060547,35.556395530700684,87.143310546875
522,8,8.156291007995605,151.36935424804688,38.056668281555176,86.68374633789062
523,8,6.036623477935791,152.26902770996094,39.849740505218506,83.47599792480469
524,8,3.8918967247009277,152.86557006835938,41.95044183731079,84.73516845703125
525,8,1.6437597274780273,153.34060668945312,44.613526344299316,84.90913391113281
526,8,0.5756024718284607,153.69761657714844,44.742306768894196,84.28938293457031
527,8,0.0,154.10231018066406,42.80119323730469,83.85968017578125
528,8,0.05649236962199211,153.86448669433594,33.581790406256914,83.58840942382812
