9,1,757.0701904296875,90.20738983154297,45.81512451171875,124.56488800048828
10,1,757.1119995117188,90.70026397705078,44.75103759765625,124.97174835205078
11,1,756.0595703125,91.05131530761719,46.29119873046875,125.80558776855469
12,1,753.9913330078125,88.47288513183594,48.28179931640625,128.48477172851562
13,1,749.4761352539062,94.05323791503906,36.0672607421875,105.88987731933594
14,1,738.6778564453125,88.5357666015625,46.22210693359375,110.79931640625
14,2,758.9832153320312,95.77484130859375,42.1510009765625,117.14065551757812
15,2,757.44287109375,95.62066650390625,41.96978759765625,113.97297668457031
15,1,727.2387084960938,88.92749786376953,52.15765380859375,112.5907211303711
16,2,755.652099609375,94.38720703125,40.43603515625,123.51217651367188
16,1,718.7938842773438,88.79922485351562,56.26348876953125,109.42424011230469
17,2,750.550048828125,96.82002258300781,42.186279296875,117.49946594238281
17,1,713.4700317382812,87.85652923583984,57.95281982421875,110.72356414794922
18,2,735.365966796875,96.20284271240234,54.3050537109375,127.9981460571289
18,1,709.66943359375,88.23609924316406,58.6240234375,110.48548889160156
19,1,708.0855102539062,86.61705017089844,56.01776123046875,110.05744934082031
19,2,728.3028564453125,96.10587310791016,57.80377197265625,127.74028778076172
20,2,723.573486328125,97.91849517822266,59.49493408203125,125.4331283569336
20,1,705.6704711914062,86.77452087402344,55.6439208984375,112.019287109375
21,1,706.9762573242188,85.39037322998047,48.29510498046875,113.05846405029297
21,2,719.20947265625,101.35202026367188,60.44110107421875,122.39291381835938
22,2,718.6315307617188,101.9242172241211,60.17852783203125,120.35735321044922
22,1,706.8709106445312,84.06551361083984,46.6290283203125,114.47032928466797
23,1,706.4502563476562,84.1106948852539,43.9476318359375,115.18814849853516
23,2,718.337646484375,100.54902648925781,55.03131103515625,121.14341735839844
24,2,717.5350952148438,98.6038589477539,50.601806640625,123.0453872680664
24,1,706.577880859375,83.3185043334961,39.13787841796875,115.79236602783203
25,2,716.781494140625,97.87145233154297,47.96893310546875,124.98909759521484
25,1,707.3694458007812,83.35659790039062,35.5843505859375,114.91383361816406
26,2,718.3228759765625,99.50749206542969,42.0687255859375,120.4649658203125
26,1,702.711669921875,83.04542541503906,35.765380859375,116.56767272949219
27,2,718.8235473632812,98.7024154663086,36.918701171875,119.76537322998047
27,1,694.498046875,81.96704864501953,42.242431640625,122.76773834228516
28,2,710.7968139648438,98.51205444335938,41.3057861328125,120.84136962890625
28,1,687.9827880859375,83.63618469238281,45.70867919921875,119.49110412597656
29,2,702.7330932617188,105.17115783691406,45.65185546875,115.65260314941406
29,1,679.7316284179688,84.54481506347656,50.79437255859375,116.9290771484375
30,2,695.0905151367188,101.0977783203125,51.084716796875,120.34375
30,1,670.0639038085938,83.56037902832031,55.346435546875,118.84709167480469
31,2,690.5799560546875,101.22281646728516,53.20904541015625,119.41263580322266
31,1,665.75146484375,81.6189956665039,58.78057861328125,120.23506927490234
32,2,674.9412231445312,102.7018051147461,66.044921875,118.4544906616211
32,1,663.4161987304688,81.20791625976562,61.54852294921875,119.85466003417969
33,2,675.2457275390625,110.38743591308594,61.727783203125,111.62205505371094
33,1,660.9898071289062,83.7928237915039,59.81207275390625,116.58818817138672
34,2,674.6956176757812,112.44258117675781,60.80145263671875,108.99476623535156
34,1,660.314453125,82.76119232177734,56.83319091796875,118.42476654052734
35,2,669.6939086914062,111.24629974365234,62.97943115234375,112.32498931884766
35,1,660.4334716796875,83.59716796875,55.33282470703125,117.71060180664062
36,2,668.9520263671875,107.98139953613281,59.986083984375,116.22425842285156
36,1,660.1910400390625,83.74209594726562,46.95916748046875,115.726806640625
37,2,668.6514282226562,106.57018280029297,54.34149169921875,116.6776351928711
37,1,660.5570678710938,83.8882827758789,41.87652587890625,115.5538101196289
38,2,669.810791015625,104.72313690185547,47.93646240234375,118.0145492553711
38,1,660.7396850585938,83.95893096923828,34.78863525390625,115.55146026611328
39,2,669.4390258789062,106.63758850097656,43.5726318359375,117.26567077636719
39,1,655.564453125,79.38558959960938,37.06402587890625,118.96540832519531
40,2,670.7801513671875,101.32797241210938,39.73565673828125,118.87553405761719
40,1,651.7385864257812,80.99718475341797,37.30096435546875,115.8795394897461
41,2,666.0291748046875,100.874267578125,41.2269287109375,125.88958740234375
41,1,644.3299560546875,85.31017303466797,38.0887451171875,109.49384307861328
42,2,661.0669555664062,101.99799346923828,42.22705078125,121.29167938232422
42,1,630.8809814453125,84.5174331665039,48.25579833984375,110.45250701904297
43,2,644.5075073242188,102.65357971191406,57.249755859375,125.73686218261719
43,1,620.8511352539062,84.80601501464844,54.8690185546875,110.60084533691406
44,2,636.8679809570312,101.21542358398438,62.32489013671875,127.09837341308594
44,1,615.3894653320312,86.00083923339844,55.29522705078125,110.5377197265625
45,2,630.0819091796875,105.2135009765625,66.66363525390625,122.74690246582031
45,1,612.198974609375,86.20161437988281,57.4481201171875,111.7679443359375
46,2,627.34716796875,107.0939712524414,65.97967529296875,120.46468353271484
46,1,611.8773803710938,86.09916687011719,55.12384033203125,111.87872314453125
47,2,625.586669921875,109.20803833007812,64.90435791015625,119.12788391113281
47,1,611.81884765625,85.6463623046875,54.91815185546875,113.49008178710938
48,2,624.502197265625,109.6894760131836,62.82403564453125,118.74365997314453
48,1,610.4486083984375,84.13448333740234,49.1646728515625,114.85909271240234
49,2,623.89013671875,107.57524871826172,57.523681640625,120.92298126220703
49,1,610.9968872070312,85.19286346435547,45.4630126953125,113.65161895751953
50,2,624.386962890625,110.20130920410156,49.927490234375,117.89518737792969
50,1,610.5470581054688,85.36705017089844,43.87060546875,112.84782409667969
51,2,626.6903686523438,110.1369857788086,39.78668212890625,116.4100570678711
51,1,610.6715087890625,83.65086364746094,39.61279296875,114.42695617675781
52,2,623.4166870117188,105.862060546875,38.65069580078125,113.47256469726562
52,1,611.3839721679688,84.75155639648438,33.9217529296875,113.83561706542969
53,2,620.6802368164062,106.74778747558594,37.08624267578125,120.4342041015625
53,1,604.8687744140625,83.52899169921875,38.34649658203125,111.11825561523438
54,2,613.604736328125,106.34205627441406,42.40679931640625,119.33491516113281
54,1,595.926513671875,83.84632110595703,41.26416015625,122.85601043701172
55,2,603.228515625,105.7471923828125,48.6492919921875,121.19148254394531
55,1,586.401611328125,86.14212799072266,48.15240478515625,118.16097259521484
56,2,589.339111328125,106.67171478271484,59.61822509765625,120.63024139404297
56,1,577.5835571289062,86.16007995605469,50.87835693359375,118.43243408203125
57,2,579.635986328125,105.80142974853516,67.8646240234375,121.34282684326172
57,1,571.2899169921875,86.70611572265625,51.43878173828125,117.6563720703125
58,2,575.64990234375,105.15933227539062,70.579833984375,122.61808776855469
58,1,566.2324829101562,87.14420318603516,52.01251220703125,114.39171600341797
59,2,573.46240234375,105.00911712646484,71.4967041015625,122.95227813720703
59,1,562.7451782226562,86.58914947509766,50.4600830078125,115.39057159423828
60,2,572.66357421875,104.01371765136719,71.04302978515625,123.97608947753906
60,1,560.7495727539062,86.71825408935547,46.96728515625,114.54792022705078
61,2,572.2146606445312,104.73573303222656,66.15582275390625,124.25909423828125
61,1,559.2520751953125,86.45296478271484,45.3416748046875,114.43189239501953
62,2,571.6414184570312,104.43024444580078,58.5247802734375,124.67652130126953
62,1,557.0303955078125,88.64067840576172,43.5313720703125,112.4872055053711
63,2,571.9325561523438,103.17990112304688,51.14312744140625,124.72071838378906
63,1,556.6830444335938,87.73566436767578,38.4334716796875,113.4023208618164
64,2,572.30810546875,103.44763946533203,41.869140625,122.30023956298828
64,1,557.6354370117188,88.3299331665039,33.71673583984375,111.7270736694336
65,1,558.7764892578125,87.61695098876953,27.64764404296875,110.75203704833984
65,2,565.1085205078125,101.65727996826172,42.202880859375,122.38492584228516
66,2,565.6947631835938,101.46890258789062,37.41302490234375,124.8651123046875
66,1,555.5324096679688,85.70921325683594,27.1055908203125,100.52589416503906
67,2,556.8577880859375,101.46527099609375,43.18438720703125,125.67930603027344
67,1,548.6382446289062,85.82183074951172,31.36517333984375,106.18885040283203
68,2,551.6640625,102.75761413574219,45.10382080078125,123.22422790527344
68,1,540.3234252929688,85.48413848876953,34.855224609375,110.51522064208984
69,2,539.1348266601562,103.74291229248047,55.96551513671875,122.6353530883789
69,1,527.0399169921875,86.0657958984375,45.3773193359375,112.10874938964844
70,2,530.3323364257812,101.9024429321289,63.797119140625,125.2661361694336
70,1,520.1549072265625,85.64215087890625,46.797607421875,111.8057861328125
71,2,527.1316528320312,103.76477813720703,67.4915771484375,122.38082122802734
71,1,514.2626953125,85.95771026611328,49.2427978515625,112.91918182373047
72,2,525.5072021484375,105.85834503173828,69.0093994140625,120.23419952392578
72,1,511.78448486328125,86.14279174804688,48.7769775390625,114.16661071777344
73,2,524.901611328125,105.63391876220703,66.1046142578125,120.29073333740234
73,1,513.2855224609375,87.49929809570312,40.45477294921875,113.48968505859375
74,2,524.8760375976562,106.3641357421875,60.6947021484375,119.41496276855469
74,1,509.9653015136719,85.37261962890625,41.761871337890625,114.58294677734375
75,2,524.8218383789062,105.16973876953125,53.19769287109375,118.80455017089844
75,1,510.0939636230469,85.89562225341797,36.002593994140625,113.64122772216797
76,2,525.0950927734375,105.17988586425781,44.5518798828125,118.73988342285156
76,1,510.58056640625,85.11006164550781,32.071533203125,114.60151672363281
77,2,524.7283325195312,105.58587646484375,35.05364990234375,115.17990112304688
77,1,511.4289245605469,83.83583068847656,29.368682861328125,115.96757507324219
78,2,519.2286376953125,102.33577728271484,36.30804443359375,120.01062774658203
78,1,509.0796203613281,84.78324890136719,27.252532958984375,117.1173095703125
79,2,510.6031188964844,101.8909683227539,42.333953857421875,120.42899322509766
79,1,506.0208740234375,90.0600357055664,25.9066162109375,109.18981170654297
80,2,509.4826354980469,102.05248260498047,40.912994384765625,119.1014175415039
80,1,497.19091796875,98.66639709472656,38.30389404296875,114.95614624023438
81,2,501.38739013671875,101.78620147705078,46.40435791015625,120.79340362548828
81,1,487.89849853515625,86.89187622070312,37.6602783203125,126.1409912109375
82,2,488.3453369140625,103.80328369140625,57.34539794921875,118.38084411621094
82,1,479.11474609375,88.70175170898438,42.52032470703125,122.29786682128906
83,2,478.4393615722656,102.26081848144531,66.80722045898438,119.00379943847656
83,1,473.5684509277344,87.69081115722656,41.529876708984375,118.24185180664062
84,2,478.06256103515625,107.91197967529297,67.64849853515625,115.49915313720703
84,1,468.0701599121094,87.93575286865234,44.177215576171875,115.86580657958984
85,2,472.60260009765625,104.98336791992188,72.1678466796875,118.63722229003906
85,1,462.1636047363281,87.06322479248047,45.37554931640625,121.09839630126953
86,2,477.1772155761719,103.81856536865234,64.50448608398438,120.95752716064453
86,1,460.1247253417969,101.7413558959961,43.52606201171875,109.07190704345703
87,2,475.59564208984375,109.05057525634766,60.23919677734375,117.04302215576172
87,1,456.0752868652344,97.11921691894531,44.311553955078125,113.14520263671875
88,2,476.65802001953125,108.36360931396484,50.376708984375,116.7143325805664
88,1,455.6789855957031,91.92059326171875,41.505523681640625,116.47232055664062
89,2,474.7061767578125,103.89651489257812,45.36224365234375,122.25985717773438
89,1,454.9915771484375,97.65129089355469,36.03570556640625,111.19387817382812
90,2,475.4566650390625,105.04288482666016,32.4034423828125,111.97100067138672
90,1,454.618896484375,91.05773162841797,34.936370849609375,119.9893569946289
91,1,455.1831359863281,92.66441345214844,32.108428955078125,104.61346435546875
91,2,455.67193603515625,89.95455169677734,45.41375732421875,123.14275360107422
92,2,459.4043884277344,97.18718719482422,39.662872314453125,127.05440521240234
93,2,446.03460693359375,89.09381103515625,50.77783203125,131.58766174316406
94,2,441.1407470703125,90.13990783691406,55.490325927734375,134.51580810546875
95,2,434.7209167480469,90.57666015625,61.92657470703125,135.9837188720703
95,1,435.5000305175781,96.38672637939453,33.759246826171875,105.90612030029297
96,2,429.78216552734375,91.6885757446289,66.52078247070312,134.78174591064453
96,1,431.0443420410156,99.06978607177734,29.725250244140625,103.03771209716797
97,2,426.224609375,94.94749450683594,69.87081909179688,130.30322265625
97,1,421.4384460449219,90.03681945800781,38.7791748046875,113.09768676757812
98,2,420.0375671386719,92.42691802978516,75.1998291015625,133.05204010009766
98,1,416.3442077636719,92.5927505493164,40.60968017578125,110.62751007080078
99,2,422.05792236328125,93.76692962646484,68.80624389648438,131.85845184326172
99,1,413.932373046875,94.94322967529297,37.961517333984375,109.18949127197266
100,2,425.772705078125,115.0276107788086,57.960205078125,109.56905364990234
100,1,412.2060852050781,105.27686309814453,33.8463134765625,98.5663070678711
101,2,415.74554443359375,104.80936431884766,61.761077880859375,119.8983383178711
101,1,411.7658996582031,95.8137435913086,29.994659423828125,108.54560089111328
102,2,413.5566101074219,102.48111724853516,56.86236572265625,121.24817657470703
103,2,426.4961242675781,112.53715515136719,36.404571533203125,107.86344909667969
103,1,406.3359069824219,94.04194641113281,30.494720458984375,109.87620544433594
104,2,404.3541259765625,93.41667175292969,51.4432373046875,130.14430236816406
104,1,401.81787109375,88.86085510253906,30.69818115234375,118.39927673339844
105,2,399.6332092285156,91.86729431152344,50.61700439453125,131.3611297607422
106,2,398.8081359863281,101.3552017211914,49.91943359375,122.07576751708984
107,2,392.2286376953125,92.32225036621094,54.879150390625,132.5367889404297
108,2,383.80767822265625,101.18289184570312,63.468292236328125,124.19285583496094
109,2,379.3366394042969,104.11683654785156,67.79165649414062,122.24784851074219
110,2,376.7395324707031,100.26757049560547,70.17166137695312,126.63910675048828
111,2,371.8595275878906,102.68826293945312,74.17874145507812,124.33915710449219
112,2,366.33746337890625,99.3191146850586,75.76959228515625,129.25647735595703
113,2,365.9115905761719,96.30982208251953,69.52288818359375,133.89598846435547
114,2,360.8597106933594,94.92774963378906,68.47439575195312,130.1641387939453
115,2,359.1112365722656,95.54119110107422,66.5208740234375,128.65454864501953
116,2,355.7368469238281,95.23379516601562,64.48550415039062,119.95304870605469
117,2,354.2411804199219,94.12493896484375,60.7188720703125,123.51170349121094
118,2,351.4948425292969,95.2227554321289,51.793853759765625,136.14830780029297
119,2,347.3202209472656,94.65266418457031,50.55096435546875,133.68153381347656
120,2,341.4676818847656,94.06365966796875,56.60540771484375,137.81607055664062
121,2,333.2187805175781,95.08783721923828,65.31515502929688,137.9806137084961
122,2,328.7647399902344,93.91744995117188,69.34640502929688,138.9161376953125
123,2,327.1829528808594,95.68011474609375,70.41940307617188,136.9377899169922
124,2,325.34771728515625,99.47843933105469,69.873779296875,132.15740966796875
124,3,328.9773254394531,96.15962982177734,49.24468994140625,52.077125549316406
125,2,322.4433288574219,112.04154968261719,67.90252685546875,118.74937438964844
125,3,325.8693542480469,96.9605712890625,52.374755859375,49.98487854003906
126,2,316.25469970703125,99.47550964355469,67.43753051757812,131.30050659179688
127,2,312.2149353027344,98.06642150878906,67.99411010742188,133.16415405273438
128,2,309.53021240234375,99.08963012695312,68.13143920898438,131.43260192871094
129,2,303.748046875,109.22315979003906,70.46926879882812,118.49441528320312
129,3,298.8363037109375,97.36923217773438,66.76931762695312,47.96751403808594
130,2,298.6404113769531,108.38373565673828,67.5025634765625,119.18936920166016
131,2,297.6843566894531,101.05081176757812,62.272735595703125,124.978271484375
131,3,301.115966796875,95.69701385498047,50.926483154296875,53.95177459716797
132,2,294.2310485839844,105.67963409423828,56.52630615234375,124.80130767822266
132,3,298.5015563964844,96.10706329345703,44.549774169921875,53.473533630371094
133,2,291.27447509765625,95.81266784667969,57.84332275390625,135.39352416992188
134,2,285.73712158203125,98.23412322998047,63.120452880859375,132.52550506591797
135,2,280.95184326171875,98.06831359863281,68.14501953125,133.24085998535156
136,2,276.6806640625,98.81346130371094,71.66717529296875,133.6453399658203
137,2,273.14532470703125,99.82291412353516,72.9541015625,133.65909576416016
138,2,270.090087890625,100.15032958984375,69.20034790039062,134.2165985107422
139,2,266.10675048828125,101.49493408203125,65.60687255859375,130.06185913085938
140,2,262.1568298339844,102.81356811523438,68.58056640625,127.61970520019531
141,2,258.1827087402344,103.87763214111328,72.56982421875,121.65752410888672
142,2,254.73382568359375,104.05716705322266,73.27407836914062,123.82157135009766
143,2,252.16685485839844,104.63427734375,70.38240051269531,127.88771057128906
144,2,247.09121704101562,104.56217956542969,68.14340209960938,127.41639709472656
145,2,242.58474731445312,105.50631713867188,64.77252197265625,125.97943115234375
146,2,238.5010223388672,104.47921752929688,63.24214172363281,129.56797790527344
147,2,234.8866424560547,105.65325927734375,67.49125671386719,130.78431701660156
148,2,231.26425170898438,104.82510375976562,71.50405883789062,131.59628295898438
149,2,227.67529296875,105.91218566894531,73.9124755859375,132.5330810546875
150,2,224.7171173095703,107.37200927734375,72.12126159667969,129.29476928710938
151,2,221.01144409179688,107.24189758300781,68.88134765625,129.70680236816406
152,2,216.81494140625,108.24069213867188,67.63604736328125,130.7216033935547
153,2,213.17515563964844,108.92044067382812,70.91563415527344,128.13217163085938
154,2,208.65826416015625,108.89168548583984,74.41656494140625,126.21216583251953
155,2,205.49794006347656,108.77816009521484,75.62770080566406,125.14325714111328
156,2,201.1170654296875,108.42822265625,75.01605224609375,123.99737548828125
157,2,197.1138153076172,108.1059799194336,72.84403991699219,125.5984115600586
158,2,194.52703857421875,108.12193298339844,69.33609008789062,128.6410369873047
159,2,189.6730499267578,108.41207122802734,66.73091125488281,129.24877166748047
160,2,186.12135314941406,108.27078247070312,69.57682800292969,130.36355590820312
161,2,182.53341674804688,118.99942779541016,71.66204833984375,119.64997100830078
161,4,192.719970703125,107.93888854980469,37.24029541015625,69.2039794921875
162,2,178.122802734375,115.52497863769531,74.20664978027344,123.92304992675781
162,4,187.83132934570312,108.75178527832031,49.9068603515625,115.47520446777344
163,2,175.5406036376953,112.85958862304688,71.47494506835938,127.39651489257812
164,2,172.5376739501953,112.71025848388672,64.42768859863281,122.1661605834961
165,2,167.5574951171875,113.5849838256836,66.23678588867188,126.27521514892578
166,2,163.0683135986328,118.76219940185547,52.7545166015625,116.93875885009766
166,4,175.28314208984375,113.41405487060547,60.61528015136719,107.63622283935547
167,2,159.5747528076172,118.5784683227539,48.974090576171875,114.93424224853516
167,4,172.1718292236328,114.01710510253906,63.86265563964844,102.73237609863281
168,2,154.58258056640625,117.56239318847656,53.73130798339844,124.015380859375
168,4,165.20132446289062,114.28377532958984,70.76043701171875,102.30449676513672
169,2,151.08676147460938,118.76327514648438,59.11065673828125,123.7000732421875
169,4,158.94302368164062,115.66351318359375,73.59013366699219,100.0797119140625
170,2,148.52383422851562,118.40657806396484,62.28167724609375,128.79866790771484
170,4,156.52291870117188,115.75436401367188,73.32514953613281,101.38699340820312
171,2,145.40545654296875,117.11064910888672,67.72119140625,132.3700942993164
171,4,163.88731384277344,118.1381607055664,59.97108459472656,98.53560638427734
172,2,142.10951232910156,116.55027770996094,72.48904418945312,131.43528747558594
173,2,137.14488220214844,117.21309661865234,71.80581665039062,130.30941009521484
173,4,154.22288513183594,116.45658874511719,53.53596496582031,98.2469482421875
174,2,133.363037109375,120.93635559082031,74.03140258789062,127.67106628417969
175,2,130.53054809570312,125.96528625488281,73.8719482421875,121.95318603515625
175,4,139.03550720214844,115.85847473144531,55.718292236328125,112.09742736816406
176,2,125.71575164794922,124.39765930175781,73.0972671508789,123.64755249023438
177,2,120.81964111328125,127.45225524902344,68.63380432128906,120.76435852050781
178,2,118.05655670166016,128.1277618408203,54.956886291503906,119.18086242675781
178,4,130.04278564453125,118.01495361328125,59.45811462402344,112.67083740234375
179,2,114.00120544433594,128.37625122070312,56.211029052734375,119.53511047363281
179,4,127.96918487548828,118.80345153808594,61.607078552246094,107.32099914550781
180,2,111.0464096069336,128.1597900390625,54.815269470214844,118.89199829101562
180,4,120.2892074584961,118.87411499023438,68.78345489501953,105.94100952148438
181,2,109.02684783935547,128.76284790039062,52.65796661376953,119.12678527832031
182,2,105.40923309326172,131.5813446044922,49.952186584472656,106.109619140625
183,2,102.35106658935547,130.29995727539062,60.213111877441406,116.85087585449219
183,4,109.10971069335938,119.27406311035156,75.38040161132812,126.172119140625
184,2,99.16043090820312,131.70262145996094,64.28517150878906,115.78094482421875
184,4,108.82896423339844,118.76165771484375,71.13516235351562,123.58659362792969
185,2,97.42835998535156,130.90223693847656,65.61521911621094,116.68809509277344
185,4,107.14707946777344,118.56033325195312,65.56672668457031,111.10145568847656
186,2,92.48860168457031,131.3079376220703,71.57803344726562,116.95823669433594
186,4,103.82152557373047,119.32957458496094,50.56324005126953,70.87281799316406
187,4,101.1067886352539,119.82048797607422,57.468116760253906,105.74262237548828
187,2,90.27242279052734,130.8604278564453,71.83362579345703,118.23419189453125
188,2,87.04438781738281,131.3192596435547,71.57334899902344,117.3529052734375
188,4,96.52877044677734,118.84957885742188,53.75598907470703,104.71522521972656
189,2,81.4399185180664,131.79876708984375,70.84264373779297,117.67355346679688
189,4,93.94236755371094,119.51437377929688,55.06498718261719,107.43389892578125
190,2,78.7582778930664,131.2910614013672,65.10431671142578,117.1871337890625
190,4,91.7577896118164,120.67736053466797,54.497291564941406,104.21370697021484
191,2,75.5571060180664,130.8321533203125,61.61334991455078,113.77285766601562
191,4,88.37201690673828,121.33784484863281,58.45214080810547,103.56532287597656
192,2,71.922607421875,130.1310272216797,51.854461669921875,111.69105529785156
192,4,83.16590881347656,122.94966125488281,62.34626770019531,102.84333801269531
193,2,68.28529357910156,131.3208465576172,50.19609069824219,104.60212707519531
193,4,81.85737609863281,123.7607192993164,63.864776611328125,102.08441925048828
194,2,65.24125671386719,128.90367126464844,55.36676025390625,121.34829711914062
194,4,77.94923400878906,125.1713638305664,67.65594482421875,100.44402313232422
195,2,62.680755615234375,130.71908569335938,58.80743408203125,120.19708251953125
195,4,72.68476104736328,125.24069213867188,72.8894271850586,100.14968872070312
196,2,58.14301681518555,129.14527893066406,62.770870208740234,120.75352478027344
196,4,71.65151977539062,126.23481750488281,73.24964904785156,98.59368896484375
197,2,55.12297821044922,130.1712188720703,65.7674331665039,120.46786499023438
197,4,68.47175598144531,127.33055877685547,71.80021667480469,97.1310043334961
198,2,51.837093353271484,131.4130096435547,68.64001846313477,122.40971374511719
198,4,63.311729431152344,127.48968505859375,73.05606842041016,97.77824401855469
199,4,48.21503448486328,127.63248443603516,82.3539810180664,123.47393035888672
200,4,45.260719299316406,127.77354431152344,77.30774688720703,123.43814086914062
201,4,42.346500396728516,128.4479217529297,75.90633773803711,122.75148010253906
202,4,38.754005432128906,128.16883850097656,76.16999053955078,122.93196105957031
203,4,36.05471420288086,129.01922607421875,73.35676956176758,122.30905151367188
204,4,33.66019821166992,129.62078857421875,67.88313674926758,122.02603149414062
205,4,28.881441116333008,129.14697265625,71.49169731140137,122.34095764160156
206,4,26.149843215942383,129.2490234375,74.35033988952637,120.16941833496094
207,4,23.102291107177734,130.0640106201172,76.90820693969727,119.19575500488281
208,4,20.195825576782227,131.41600036621094,78.89055442810059,116.64704895019531
209,4,17.42046546936035,131.32325744628906,81.32537651062012,118.385986328125
210,4,15.36967658996582,130.9957275390625,81.41454887390137,119.8272705078125
211,4,12.624115943908691,131.14503479003906,79.50850582122803,119.73274230957031
212,4,9.87122631072998,130.99937438964844,76.11227893829346,121.1929931640625
213,4,7.466669082641602,131.365966796875,73.08373832702637,120.69993591308594
214,4,2.6640279293060303,131.2245635986328,73.60632729530334,120.91914367675781
215,4,0.9351235032081604,132.09458923339844,70.01197427511215,120.635009765625
216,4,0.6163508892059326,132.61399841308594,63.059407472610474,119.46180725097656
217,4,0.04298057779669762,131.71583557128906,59.10609779134393,116.00169372558594
218,4,0.07214706391096115,133.49630737304688,59.15878326445818,107.83358764648438
219,4,1.7461063861846924,134.50416564941406,57.32072329521179,101.26322937011719
219,5,0.0,137.96209716796875,41.52313232421875,110.12322998046875
220,4,1.0351972579956055,136.0147705078125,57.7161226272583,99.20947265625
221,4,0.18489454686641693,135.7243194580078,58.28620149195194,99.63383483886719
222,4,0.11475008726119995,138.98927307128906,58.2435377240181,98.32229614257812
223,4,0.27894774079322815,142.68359375,57.83594712615013,94.599365234375
224,4,0.016821814700961113,149.10604858398438,55.3819971550256,98.40156555175781
225,4,0.0,150.62466430664062,51.7874755859375,95.02908325195312
226,4,0.0348324328660965,149.41014099121094,46.58875231444836,96.69259643554688
227,4,0.0,153.48228454589844,39.64393997192383,88.01303100585938
228,4,0.0,158.07057189941406,34.2313117980957,96.47319030761719
229,4,0.0,162.9907684326172,25.712148666381836,84.40773010253906
230,4,0.06603021174669266,180.67002868652344,18.655424408614635,70.91607666015625
231,4,0.0,172.35166931152344,15.274476051330566,78.02938842773438
232,4,0.050112757831811905,173.02566528320312,15.781331982463598,72.16349792480469
233,4,0.0,172.91903686523438,15.603189468383789,69.671875
234,4,0.0,175.99176025390625,15.433456420898438,66.17465209960938
235,4,0.0,175.89134216308594,15.6017484664917,67.74678039550781
258,6,0.0,20.39120864868164,12.423938751220703,49.673824310302734
262,6,0.004668474663048983,6.4570794105529785,22.067822217475623,60.4675726890564
263,6,0.004863631911575794,5.018584728240967,24.742525207810104,63.10031175613403
264,6,0.0,2.9084341526031494,26.094860076904297,65.0383050441742
265,6,0.0045791869051754475,1.106609582901001,26.117401480209082,67.03667044639587
266,6,0.01964203268289566,0.5242339968681335,26.062757335603237,67.57636719942093
267,6,0.05602042004466057,0.0,25.740965206176043,66.35818481445312
268,6,0.12706030905246735,0.9721881151199341,26.045291528105736,63.877901911735535
269,6,0.4050080180168152,1.7772321701049805,25.97504073381424,60.268296241760254
270,6,1.0030409097671509,1.0740705728530884,25.22342813014984,59.1333612203598
271,6,2.655646324157715,0.741328239440918,24.33724880218506,57.37743854522705
272,6,3.6634361743927,0.6770384907722473,24.337599515914917,54.62262886762619
273,6,4.832161903381348,0.32929837703704834,24.858044624328613,55.76985323429108
274,6,6.094086170196533,0.3153669238090515,25.53670835494995,55.0969141125679
275,6,7.361931800842285,0.19760912656784058,26.763148307800293,54.74967175722122
276,6,8.28715991973877,0.3838736116886139,27.698763847351074,55.12671598792076
277,6,9.891366958618164,0.7063019275665283,27.26445198059082,54.574639081954956
278,6,11.365076065063477,0.45609721541404724,27.140478134155273,54.03712406754494
279,6,12.440339088439941,0.1793561577796936,26.837504386901855,53.14114707708359
280,6,13.704943656921387,0.0,26.26353931427002,52.63857650756836
281,6,14.915971755981445,0.0,25.49098014831543,52.016929626464844
282,6,15.538912773132324,0.0,24.862317085266113,50.119049072265625
283,6,16.414621353149414,0.2269439846277237,24.293100357055664,47.06082533299923
284,6,17.406591415405273,0.16447827219963074,24.47130012512207,46.37137225270271
285,6,18.289962768554688,0.0472714938223362,25.913021087646484,45.81725716218352
286,6,19.815202713012695,0.0868387296795845,26.934728622436523,45.00289439409971
287,6,21.370710372924805,0.0,28.807580947875977,44.823150634765625
288,6,22.48697280883789,0.004762864671647549,30.588829040527344,45.1868264907971
289,6,24.224153518676758,0.14195479452610016,31.60158348083496,45.723954781889915
290,6,25.626436233520508,0.0,31.355688095092773,45.95649719238281
291,6,27.179031372070312,0.0,29.66619873046875,46.228309631347656
292,6,28.538026809692383,0.031235411763191223,28.06490135192871,45.45704202353954
293,6,29.73284912109375,0.05548086389899254,27.231285095214844,44.37344751134515
294,6,31.60027313232422,0.02637815661728382,25.291194915771484,43.543003557249904
295,6,32.683135986328125,0.039104215800762177,24.40843963623047,39.64284158498049
296,6,33.40719985961914,0.0,23.69855499267578,38.601497650146484
297,6,34.558048248291016,0.10138880461454391,23.04058074951172,36.417471058666706
298,6,35.54539108276367,0.044567350298166275,24.546279907226562,35.88581442460418
299,6,37.09819412231445,0.0,24.83517074584961,35.63924789428711
300,6,39.12649154663086,0.0,23.42357635498047,35.95089340209961
301,6,39.83526611328125,0.07652471959590912,25.778549194335938,35.7763462215662
302,6,41.5294303894043,0.0,25.906169891357422,35.71551513671875
303,6,42.895965576171875,0.0,25.845008850097656,36.066368103027344
304,6,44.59562683105469,0.0,25.25006866455078,35.154415130615234
305,6,45.668426513671875,0.028922857716679573,24.640357971191406,34.14075487665832
306,6,47.249900817871094,0.13120071589946747,23.024765014648438,33.20926482975483
307,6,48.232078552246094,0.1023952066898346,22.3406982421875,30.33777317404747
308,6,49.37623596191406,0.0,21.296630859375,28.30445098876953
309,6,50.195579528808594,0.13889731466770172,20.938613891601562,27.696569070219994
310,6,52.673423767089844,0.21190282702445984,20.10699462890625,27.846164494752884
311,6,53.21969985961914,0.0,21.905170440673828,26.471824645996094
312,6,54.73513412475586,0.0,23.542102813720703,27.063737869262695
313,6,57.284080505371094,0.03126730024814606,22.837646484375,26.43603502213955
314,6,58.046138763427734,0.038257256150245667,24.569530487060547,26.683096274733543
315,6,59.89714050292969,0.08643820881843567,23.59709930419922,26.437514275312424
316,6,61.12109375,0.10929587483406067,22.859657287597656,26.76093003153801
317,6,62.277713775634766,0.0,21.75472640991211,26.70357322692871
318,6,63.28671646118164,0.0,20.636768341064453,26.127099990844727
319,6,64.41667175292969,0.0,19.476242065429688,25.524045944213867
320,6,66.38086700439453,0.1461704522371292,18.110382080078125,24.077365085482597
321,6,69.07974243164062,0.25682732462882996,15.207077026367188,21.052176505327225
322,6,71.08500671386719,0.0,12.925216674804688,19.667924880981445
