0,1,0.022936750203371048,158.18777465820312,47.36531550809741,191.95993041992188
1,1,0.0,150.77255249023438,47.57244873046875,198.94091796875
2,1,0.10496159642934799,147.0425262451172,47.54546336084604,202.2906036376953
3,1,0.23231400549411774,146.53622436523438,51.79729948937893,202.8172607421875
4,1,0.13643425703048706,145.56422424316406,74.2663214802742,203.62339782714844
5,1,0.34275275468826294,144.0821990966797,90.6230599284172,205.2284393310547
6,1,5.352781295776367,143.21136474609375,98.03079414367676,205.35928344726562
7,1,9.094147682189941,143.80039978027344,98.91226863861084,203.1538543701172
8,1,16.6727294921875,144.0908966064453,94.13615417480469,201.7260284423828
9,1,26.115631103515625,142.2819061279297,88.19490051269531,202.90940856933594
10,1,38.356239318847656,139.76596069335938,78.41453552246094,201.08212280273438
11,1,44.938438415527344,137.90182495117188,70.04174041748047,195.27505493164062
12,1,49.937564849853516,136.44602966308594,66.15128707885742,189.5085906982422
13,1,58.69180679321289,134.51507568359375,68.75426864624023,193.29766845703125
14,1,65.7466049194336,133.7763214111328,76.22132110595703,191.23167419433594
15,1,73.27685546875,133.2793426513672,89.72016906738281,190.3549041748047
16,1,77.04833221435547,133.44998168945312,101.33267974853516,190.47262573242188
17,1,80.11785888671875,132.7208709716797,108.29621887207031,187.5121307373047
18,1,84.83124542236328,132.3731689453125,105.95020294189453,187.85504150390625
19,1,89.92926025390625,131.55474853515625,103.06777954101562,189.05752563476562
20,1,100.64049530029297,129.55218505859375,91.72441864013672,188.33935546875
21,1,112.32100677490234,127.828125,80.16410064697266,186.71502685546875
22,1,124.19242095947266,126.26444244384766,68.82909393310547,188.14278411865234
23,1,129.9364776611328,124.25494384765625,61.2142333984375,184.66357421875
24,1,136.10382080078125,124.56946563720703,70.66293334960938,188.96941375732422
25,1,142.19854736328125,123.45897674560547,80.23985290527344,190.40601348876953
26,1,148.73385620117188,122.288818359375,83.94572448730469,191.84823608398438
27,1,151.6068572998047,122.81950378417969,89.08564758300781,190.6845245361328
28,1,154.92755126953125,123.3895034790039,96.97354125976562,189.5470199584961
29,1,159.0791015625,122.259033203125,100.32345581054688,190.30215454101562
30,1,165.99295043945312,121.79668426513672,98.664306640625,190.04724884033203
31,1,176.33489990234375,119.16606140136719,91.43270874023438,189.3817901611328
32,1,188.27793884277344,117.86321258544922,81.43873596191406,183.7483901977539
33,1,194.1615447998047,114.2893295288086,69.64628601074219,179.81204986572266
34,1,200.58860778808594,115.09724426269531,60.57264709472656,179.73008728027344
35,1,207.4060516357422,114.85359954833984,61.34364318847656,180.38996124267578
36,1,213.85325622558594,114.17598724365234,65.92335510253906,178.19135284423828
37,1,218.33999633789062,114.66098022460938,80.86642456054688,177.54702758789062
38,1,217.71307373046875,115.16670227050781,93.74325561523438,175.48622131347656
39,1,218.3832550048828,117.07465362548828,99.96903991699219,173.08943939208984
40,1,219.67288208007812,115.9068374633789,100.74838256835938,173.28563690185547
41,1,224.14581298828125,114.94465637207031,95.85147094726562,172.4293975830078
42,1,233.53915405273438,113.84020233154297,86.58203125,172.76258087158203
43,1,251.78028869628906,111.71561431884766,68.19306945800781,172.10457611083984
44,1,262.69512939453125,109.89935302734375,56.917236328125,172.62957763671875
44,2,764.1301879882812,38.75391387939453,13.84490966796875,30.396263122558594
45,1,270.4599304199219,108.57593536376953,55.806488037109375,171.5423812866211
45,2,764.0985107421875,39.88671112060547,14.59613037109375,29.138641357421875
46,1,276.1163024902344,107.71699523925781,67.91250610351562,171.6460723876953
46,2,764.7147216796875,39.638553619384766,14.84112548828125,29.613300323486328
47,1,281.7435607910156,107.85445404052734,73.83477783203125,174.38959503173828
47,2,764.3705444335938,39.05146408081055,14.661376953125,30.01388168334961
48,1,286.5670166015625,109.88842010498047,88.45986938476562,173.21793365478516
49,1,287.990478515625,110.66622161865234,94.86953735351562,173.20243072509766
49,2,769.570556640625,38.96343994140625,14.98272705078125,30.567970275878906
50,1,289.626953125,109.9726333618164,97.72695922851562,172.8830795288086
50,2,769.5204467773438,39.488224029541016,15.96343994140625,29.868106842041016
51,1,298.02069091796875,108.69014739990234,93.08782958984375,172.11478424072266
51,2,770.8330688476562,39.22334289550781,14.97125244140625,29.90808868408203
52,1,311.924072265625,106.82832336425781,80.59048461914062,167.86463928222656
52,2,771.9150390625,38.987552642822266,14.28814697265625,30.153018951416016
53,1,320.99609375,105.79216003417969,69.4952392578125,163.40101623535156
53,2,771.8703002929688,39.25375747680664,15.32489013671875,30.28122329711914
54,1,326.53076171875,104.59638214111328,58.310821533203125,163.7210922241211
54,2,771.7520141601562,38.8289909362793,15.58892822265625,30.37808609008789
55,1,331.3051452636719,102.9754867553711,54.74560546875,165.61222076416016
55,2,771.8841552734375,38.19121170043945,15.56085205078125,30.711597442626953
56,1,336.55963134765625,101.654296875,55.446441650390625,165.59848022460938
56,2,773.0142211914062,38.540077209472656,14.40020751953125,31.06702423095703
57,1,340.85760498046875,101.69527435302734,64.0579833984375,164.21234893798828
57,2,773.3016967773438,39.873435974121094,14.4156494140625,30.929100036621094
58,1,341.4931640625,103.24736785888672,77.064453125,162.75586700439453
58,2,774.1748657226562,38.88352966308594,14.9913330078125,31.370040893554688
59,1,342.0339050292969,103.81157684326172,85.41738891601562,161.3693618774414
59,2,775.2794189453125,39.433570861816406,15.697021484375,31.67736053466797
59,3,822.5548706054688,31.40260887145996,12.28912353515625,39.15902137756348
59,4,761.3444213867188,40.233177185058594,12.70361328125,28.131057739257812
60,1,342.0158386230469,103.43753051757812,88.69265747070312,160.65972900390625
60,2,775.4764404296875,38.90842056274414,15.94775390625,31.697429656982422
60,3,822.406005859375,30.761137008666992,12.60662841796875,40.07614326477051
61,1,341.5129699707031,102.6958999633789,90.0654296875,161.85021209716797
61,2,775.398193359375,38.20445251464844,17.24517822265625,31.93603515625
62,1,348.64117431640625,103.51590728759766,83.21221923828125,159.8998031616211
62,2,776.1521606445312,40.25076675415039,17.76519775390625,30.559131622314453
63,1,359.8182678222656,103.41413116455078,71.81707763671875,158.07970428466797
63,2,777.0003662109375,40.43048095703125,18.54510498046875,30.510635375976562
64,1,363.00152587890625,99.53163146972656,68.31494140625,160.76719665527344
64,2,779.1334228515625,40.78172302246094,17.28900146484375,30.885910034179688
65,1,383.62591552734375,99.05596923828125,49.09100341796875,160.14971923828125
65,2,781.5442504882812,40.32979202270508,15.90057373046875,31.245296478271484
66,1,389.5480041503906,98.17198944091797,58.22802734375,157.14263153076172
66,2,781.656494140625,40.332237243652344,15.71905517578125,29.677085876464844
66,4,783.9754638671875,40.5263786315918,13.73321533203125,15.528335571289062
67,1,392.4828796386719,97.88800048828125,68.69619750976562,159.11520385742188
67,2,780.77685546875,39.954246520996094,15.55169677734375,29.95282745361328
67,4,768.4051513671875,38.84368133544922,13.2603759765625,29.654266357421875
68,1,393.1900329589844,98.22547912597656,77.43820190429688,156.8004608154297
69,1,394.0187683105469,97.98977661132812,84.76889038085938,160.86376953125
69,2,783.3690795898438,39.80879211425781,14.0382080078125,17.541278839111328
69,4,769.8428955078125,39.97422790527344,13.39984130859375,28.948165893554688
70,1,395.2027893066406,98.33948516845703,86.69268798828125,160.29509735107422
70,2,783.0084228515625,40.27164077758789,14.69256591796875,29.514904022216797
71,1,398.52099609375,98.6641845703125,87.62347412109375,159.14419555664062
72,1,410.0750427246094,97.66742706298828,81.892822265625,153.1756820678711
72,4,772.3529052734375,41.09806442260742,13.1505126953125,28.288837432861328
72,2,783.6632690429688,40.8375129699707,14.58270263671875,30.168315887451172
73,1,416.18902587890625,97.0091781616211,79.17782592773438,155.70490264892578
73,4,773.3501586914062,41.81577682495117,12.791015625,27.729206085205078
73,2,784.579833984375,40.60292053222656,14.07000732421875,31.109474182128906
73,5,759.1764526367188,45.27894592285156,12.8365478515625,22.681556701660156
74,1,427.1145935058594,96.20904541015625,65.01617431640625,151.02212524414062
74,2,784.3890380859375,40.94903564453125,14.50299072265625,31.479942321777344
75,1,433.80755615234375,95.4566421508789,52.85540771484375,152.0794448852539
75,2,785.0554809570312,41.41130447387695,13.9539794921875,30.232471466064453
75,5,760.3298950195312,44.181922912597656,11.9044189453125,22.704498291015625
76,1,438.845458984375,94.09757232666016,48.4671630859375,151.14128875732422
76,2,784.5968627929688,40.98261260986328,14.27166748046875,31.03130340576172
76,5,760.6422729492188,44.2678108215332,11.9315185546875,22.771625518798828
77,1,441.58074951171875,93.73503112792969,51.43963623046875,152.09193420410156
77,2,786.5050659179688,40.48462677001953,12.54345703125,29.54436492919922
78,1,443.06890869140625,94.77593231201172,59.502105712890625,150.03063201904297
78,2,788.0718994140625,39.8245735168457,11.63519287109375,30.978595733642578
79,1,443.6331787109375,96.18917083740234,69.44482421875,148.56758880615234
79,2,788.4139404296875,40.79496765136719,12.68975830078125,29.377044677734375
80,1,443.05291748046875,97.21548461914062,75.71484375,146.44215393066406
81,1,445.67755126953125,97.18907165527344,72.894287109375,145.57476806640625
81,2,789.6342163085938,40.91295623779297,11.74456787109375,29.37592315673828
82,1,449.8813781738281,95.92305755615234,69.09384155273438,146.86014556884766
83,1,453.4471740722656,95.25778198242188,65.01815795898438,146.0028533935547
84,1,465.76995849609375,95.11275482177734,52.00933837890625,143.51909637451172
85,1,473.5224914550781,93.51431274414062,48.129791259765625,145.64236450195312
86,1,483.4378356933594,93.2519760131836,50.369171142578125,144.93169403076172
87,1,487.1259460449219,92.923583984375,57.151885986328125,145.54721069335938
88,1,487.2516784667969,93.29332733154297,65.72280883789062,141.79688262939453
88,2,783.2669677734375,42.04673767089844,14.61468505859375,27.91175079345703
88,4,771.241943359375,42.68647384643555,12.68731689453125,26.59933853149414
89,1,486.463623046875,94.1010513305664,73.952880859375,143.30591583251953
89,2,782.9747314453125,42.040958404541016,14.75201416015625,26.958271026611328
89,4,770.7782592773438,41.93573760986328,13.23870849609375,27.290252685546875
90,1,487.35498046875,94.87262725830078,76.7261962890625,142.02376556396484
90,2,781.2302856445312,42.79222106933594,16.5751953125,28.194679260253906
91,1,488.4830627441406,95.05442810058594,80.26559448242188,139.69932556152344
91,2,770.7999877929688,41.87803268432617,14.4615478515625,27.582164764404297
92,1,492.6361389160156,95.02976989746094,81.17550659179688,131.23829650878906
92,4,786.0137939453125,42.781333923339844,13.53045654296875,28.01628875732422
92,2,772.3899536132812,41.74565124511719,13.81048583984375,27.59723663330078
93,1,498.1534729003906,94.68278503417969,77.30642700195312,142.59141540527344
93,4,786.1001586914062,43.44181442260742,14.0498046875,28.301219940185547
93,2,772.20849609375,41.76103210449219,14.33892822265625,27.78697967529297
94,1,505.1285095214844,93.48820495605469,69.45645141601562,133.1724853515625
94,2,772.78125,41.99390411376953,14.57440185546875,27.97179412841797
95,1,510.2491149902344,91.49720001220703,64.18490600585938,135.51319122314453
95,2,772.7127685546875,42.19956970214844,14.73779296875,28.209014892578125
96,1,525.6752319335938,90.27037811279297,41.837646484375,136.36229705810547
96,2,773.1599731445312,42.96879196166992,14.70904541015625,27.466312408447266
97,1,527.86767578125,89.95623016357422,43.3558349609375,134.39801788330078
97,2,773.3125,43.35679244995117,14.99432373046875,27.349788665771484
97,4,786.6875610351562,44.02695846557617,14.423828125,29.35501480102539
98,1,528.5775146484375,91.86663818359375,51.9193115234375,132.6345977783203
98,2,776.1605224609375,43.657344818115234,13.32470703125,27.23904037475586
99,1,528.4968872070312,91.74724578857422,62.4681396484375,133.4928207397461
100,1,527.8502197265625,92.52910614013672,63.54345703125,131.1489028930664
101,1,528.1085815429688,91.43714904785156,63.52349853515625,133.2330780029297
102,1,534.3521728515625,90.63211822509766,58.22857666015625,133.45723724365234
102,2,778.3720092773438,43.7039680480957,12.78851318359375,28.44582748413086
103,1,539.1743774414062,88.8879623413086,53.42169189453125,132.8532485961914
103,2,778.821044921875,43.806739807128906,12.98187255859375,29.01081085205078
103,3,816.9596557617188,44.68832778930664,16.37701416015625,31.183979034423828
104,1,547.9677734375,88.46080780029297,45.56640625,131.2945785522461
104,2,779.91748046875,43.64763641357422,13.37322998046875,28.61480712890625
104,3,817.5323486328125,44.34355545043945,15.52557373046875,32.64896011352539
105,1,558.5885620117188,87.14147186279297,43.8348388671875,131.24164581298828
105,2,780.0230712890625,44.1381721496582,12.3349609375,28.80069351196289
105,3,818.0631713867188,45.115116119384766,15.17388916015625,31.565784454345703
106,1,561.8170166015625,85.98272705078125,49.31402587890625,132.22915649414062
106,2,783.3318481445312,43.0010986328125,12.21875,30.150680541992188
107,1,562.044921875,85.94221496582031,58.4637451171875,132.26446533203125
107,2,781.4226684570312,43.96656036376953,12.77728271484375,28.415245056152344
108,1,561.7039794921875,86.25924682617188,64.48724365234375,130.2684783935547
108,2,786.3751831054688,42.60551834106445,11.68206787109375,32.22269821166992
109,1,561.2313232421875,87.1376953125,69.7220458984375,129.60093688964844
109,2,786.6154174804688,43.53825378417969,12.93829345703125,30.360023498535156
110,1,563.445068359375,87.19480895996094,71.11834716796875,128.79867553710938
110,2,784.090576171875,44.6483268737793,14.06005859375,27.986103057861328
111,1,565.2540283203125,87.3875961303711,72.85247802734375,128.13353729248047
111,2,784.6023559570312,45.17082977294922,14.1165771484375,28.220054626464844
112,1,570.7960815429688,86.82298278808594,68.63250732421875,127.337158203125
113,1,575.4064331054688,86.20999908447266,64.16949462890625,121.99156951904297
113,2,784.9185180664062,46.26443099975586,13.92193603515625,29.383777618408203
114,1,581.1661987304688,84.68047332763672,56.72698974609375,122.68091583251953
114,3,815.8368530273438,45.88737487792969,16.68609619140625,31.008934020996094
115,1,583.698974609375,83.50797271728516,51.294189453125,124.9258804321289
115,3,815.0867919921875,46.8160285949707,18.8636474609375,30.315799713134766
116,1,592.2393798828125,83.2809066772461,39.44451904296875,124.25452423095703
116,3,816.55615234375,47.01546859741211,18.0496826171875,30.505390167236328
117,1,593.2401733398438,81.39852905273438,39.89947509765625,125.73712158203125
117,3,816.451904296875,47.14028549194336,18.116455078125,30.468647003173828
118,1,593.5961303710938,81.51534271240234,43.92840576171875,124.96920013427734
119,1,593.76318359375,83.70240783691406,46.12225341796875,122.07386779785156
119,3,815.8349609375,45.7236328125,18.45562744140625,32.06074523925781
119,2,787.2683715820312,45.7576789855957,13.25872802734375,30.775653839111328
120,1,592.9862060546875,84.24790954589844,49.52117919921875,122.04339599609375
120,3,816.3759765625,45.13692855834961,18.48431396484375,32.83259201049805
121,1,597.0549926757812,83.7994613647461,48.88623046875,122.03252410888672
122,1,601.9882202148438,83.22862243652344,47.40264892578125,119.31016540527344
123,1,607.3031005859375,81.92350769042969,45.22601318359375,118.2861328125
123,3,817.5175170898438,44.98945999145508,16.888916015625,32.2083625793457
124,1,614.6945190429688,81.15884399414062,42.12115478515625,117.31910705566406
124,3,816.8495483398438,39.88663864135742,17.64739990234375,37.25038528442383
125,1,621.1878662109375,81.23860931396484,44.0631103515625,116.71356964111328
125,3,812.353271484375,46.67521286010742,14.22137451171875,30.744136810302734
126,1,621.8643798828125,80.98956298828125,50.341064453125,117.21536254882812
126,3,812.6012573242188,46.05755615234375,13.6710205078125,31.204994201660156
126,2,823.7214965820312,43.66640090942383,12.29534912109375,34.23476791381836
127,1,622.2866821289062,80.30760192871094,56.525390625,120.31900024414062
127,2,824.422119140625,45.25434494018555,11.50933837890625,31.956775665283203
128,1,623.3101196289062,81.27114868164062,60.34893798828125,117.76103210449219
128,2,811.970947265625,44.280189514160156,15.0802001953125,33.779815673828125
129,1,624.379150390625,81.99948120117188,63.67279052734375,104.75263977050781
129,2,822.5558471679688,39.70694351196289,13.46124267578125,38.39455032348633
130,1,625.8245849609375,82.22362518310547,63.64031982421875,109.2458267211914
131,1,627.6746826171875,82.17076873779297,64.41729736328125,107.81090545654297
131,2,820.3292236328125,34.64000701904297,15.9974365234375,43.6802978515625
132,1,631.4713134765625,80.52134704589844,61.865478515625,108.94911193847656
132,2,819.781982421875,38.06902313232422,16.32318115234375,40.30259704589844
133,1,635.1826782226562,80.0624008178711,58.46990966796875,110.37674713134766
133,2,820.3294677734375,45.12959671020508,15.18792724609375,33.09799575805664
134,1,640.1404418945312,78.52789306640625,51.4453125,110.26393127441406
134,2,819.7060546875,36.6155891418457,15.85821533203125,41.46329116821289
135,1,646.4528198242188,78.3935317993164,43.25518798828125,113.95862579345703
135,2,820.3462524414062,41.30294418334961,14.78045654296875,36.719303131103516
136,1,650.4281005859375,77.4997787475586,36.46905517578125,114.39989471435547
136,2,819.6054077148438,36.772518157958984,15.747802734375,41.51240158081055
137,1,651.5962524414062,77.5706558227539,36.072265625,111.94184112548828
137,2,820.1725463867188,40.98855209350586,15.065673828125,36.856510162353516
138,1,651.0079956054688,77.68077087402344,38.71917724609375,111.10368347167969
138,2,818.8084106445312,43.479400634765625,15.956787109375,34.84398651123047
139,1,651.59375,77.88274383544922,43.09039306640625,110.77288055419922
139,2,821.2440185546875,39.869911193847656,14.42742919921875,38.40049743652344
140,1,652.0269165039062,79.61943817138672,48.4564208984375,108.4452896118164
140,2,819.5117797851562,38.43100357055664,15.76068115234375,39.36855697631836
141,1,652.1699829101562,79.67855834960938,48.51507568359375,109.22465515136719
142,1,654.0485229492188,79.05933380126953,45.94635009765625,110.00855255126953
143,1,655.7486572265625,78.95777130126953,46.65594482421875,109.2156753540039
144,1,667.7750854492188,77.12950897216797,41.1563720703125,108.9289321899414
144,3,812.38720703125,49.007930755615234,13.60113525390625,28.280452728271484
145,1,673.7796020507812,77.30135345458984,40.74798583984375,108.96439361572266
146,1,676.5578002929688,76.78237915039062,44.97430419921875,109.40106201171875
147,1,676.4600830078125,76.58910369873047,47.36419677734375,108.55644989013672
148,1,676.8098754882812,76.93827819824219,46.69488525390625,107.32368469238281
148,3,812.75732421875,48.98708724975586,12.9786376953125,27.649555206298828
149,1,677.5104370117188,78.30426788330078,44.67120361328125,103.96920013427734
149,3,812.7753295898438,49.73737716674805,12.83880615234375,28.33511734008789
150,1,679.1550903320312,78.64710235595703,42.6876220703125,104.61473846435547
150,3,812.859375,48.67413330078125,13.52947998046875,28.91222381591797
150,2,822.7841796875,50.10914993286133,12.70281982421875,28.67251968383789
151,1,680.5823364257812,79.05145263671875,41.06884765625,105.360595703125
151,3,812.95654296875,50.98011779785156,13.9404296875,26.54625701904297
152,1,682.4863891601562,78.5423583984375,39.840087890625,106.90908813476562
153,1,685.1909790039062,78.17692565917969,37.35137939453125,103.90431213378906
154,1,688.0903930664062,76.21849060058594,35.6331787109375,103.36204528808594
155,1,693.2950439453125,77.74462890625,30.63104248046875,101.61405944824219
156,1,698.3185424804688,87.04583740234375,24.89935302734375,90.716552734375
157,1,701.01904296875,87.64380645751953,22.09027099609375,88.11624908447266
158,1,700.1510009765625,88.1548843383789,23.42681884765625,89.26363372802734
159,1,701.306396484375,89.75716400146484,21.65289306640625,86.3117904663086
161,2,822.8704223632812,50.5003776550293,13.65643310546875,34.31038284301758
165,1,735.3317260742188,96.88899230957031,19.58282470703125,78.27005004882812
165,2,820.347900390625,46.072059631347656,16.29571533203125,38.85035705566406
166,1,735.324462890625,96.02969360351562,24.5308837890625,79.27243041992188
166,2,821.025634765625,44.24239730834961,15.73883056640625,41.60317611694336
167,1,735.1760864257812,89.7280502319336,31.19140625,86.0765151977539
168,1,735.4564819335938,87.61629486083984,39.057373046875,87.02997589111328
169,1,736.3140258789062,79.38916778564453,41.76409912109375,90.6960220336914
170,1,736.2266845703125,79.72866821289062,43.72235107421875,90.21804809570312
171,1,736.0255737304688,78.77112579345703,46.86114501953125,93.2160415649414
172,1,738.2306518554688,78.34525299072266,46.85577392578125,92.54755401611328
173,1,742.5479736328125,78.18285369873047,43.50732421875,92.87972259521484
174,1,742.2860107421875,77.17301177978516,43.71923828125,96.32978057861328
175,1,743.8999633789062,77.49005889892578,40.838134765625,97.15196990966797
176,1,748.1443481445312,75.81488800048828,36.0550537109375,96.0666732788086
177,1,750.02197265625,76.08728790283203,32.64056396484375,95.25003814697266
178,1,750.12548828125,76.52583312988281,32.91058349609375,93.714599609375
179,1,750.1014404296875,76.45185089111328,36.0072021484375,93.95372772216797
180,1,749.9266967773438,76.765625,39.8255615234375,93.83332824707031
181,1,750.514892578125,77.78987121582031,41.42376708984375,91.81362915039062
182,1,751.7394409179688,77.48833465576172,40.97760009765625,92.1266860961914
183,1,754.1015625,76.91386413574219,41.05615234375,92.49960327148438
184,1,756.44873046875,75.54842376708984,40.987548828125,92.49359893798828
185,1,762.7802734375,74.8700942993164,36.8575439453125,92.73979949951172
186,1,771.4588012695312,75.19705963134766,33.60186767578125,91.21553802490234
187,1,771.2366333007812,74.01302337646484,39.1671142578125,92.29219818115234
188,1,771.38916015625,74.6490249633789,43.70843505859375,91.13585662841797
189,1,772.0343627929688,75.28789520263672,47.16943359375,88.83019256591797
190,1,772.7760009765625,74.98924255371094,50.3370361328125,88.42131042480469
191,1,773.5217895507812,75.44099426269531,51.8021240234375,86.86442565917969
192,1,779.0701904296875,74.97662353515625,49.4063720703125,87.74090576171875
193,1,781.71435546875,74.82405090332031,46.91619873046875,88.68283081054688
194,1,784.75341796875,73.84199523925781,42.56622314453125,88.35493469238281
195,1,790.5137329101562,73.21837615966797,35.085205078125,87.81002044677734
196,1,794.0275268554688,72.17096710205078,29.9693603515625,88.92874908447266
197,1,793.7026977539062,72.6749267578125,29.806884765625,87.2061767578125
198,1,794.1738891601562,73.41744995117188,30.9417724609375,85.97897338867188
199,1,794.4583129882812,73.44762420654297,32.002685546875,85.65306854248047
200,1,794.4468383789062,72.58207702636719,33.87896728515625,87.02485656738281
201,1,795.9188232421875,72.04940795898438,35.7081298828125,88.17198181152344
202,1,796.9539184570312,72.28832244873047,35.6004638671875,87.16100311279297
202,2,825.9774169921875,54.16789627075195,11.9560546875,42.60032272338867
203,1,799.2011108398438,72.55982208251953,34.8602294921875,83.39783477783203
204,1,803.0199584960938,72.30663299560547,33.50006103515625,86.09264373779297
205,1,808.07763671875,71.8553466796875,29.69525146484375,85.12022399902344
206,1,810.735107421875,62.85634231567383,27.4364013671875,93.68085861206055
207,1,809.9301147460938,65.24452209472656,29.00244140625,91.72515869140625
208,1,810.2119140625,64.6698989868164,28.53533935546875,91.09479522705078
209,1,810.417236328125,62.05402755737305,28.9598388671875,95.00310134887695
210,1,810.9794921875,63.65528106689453,27.91644287109375,91.57520294189453
211,1,812.4237060546875,61.48263931274414,26.56695556640625,96.38535690307617
212,1,813.7337646484375,61.688751220703125,24.28692626953125,66.65660095214844
212,3,823.9470825195312,31.478199005126953,13.02313232421875,47.70150375366211
213,1,816.2741088867188,62.1853141784668,21.3092041015625,67.70511245727539
213,3,823.9177856445312,31.83039093017578,13.12664794921875,47.266029357910156
214,1,818.903564453125,71.2241439819336,18.61785888671875,55.30924987792969
215,1,821.8110961914062,72.80987548828125,16.51727294921875,55.622772216796875
215,3,821.13037109375,53.50566864013672,15.40264892578125,69.49594116210938
216,3,821.3568725585938,53.410736083984375,13.46826171875,48.81520080566406
217,3,821.42724609375,53.21120071411133,13.47528076171875,48.975643157958984
218,3,821.344482421875,52.503143310546875,13.8330078125,50.182334899902344
219,3,821.18798828125,51.999488830566406,13.52880859375,51.43330383300781
220,3,820.8418579101562,50.258331298828125,13.95904541015625,53.83915710449219
221,3,820.191650390625,48.046573638916016,15.1663818359375,55.7542610168457
222,3,819.6554565429688,47.12605285644531,15.98388671875,56.9774169921875
223,3,819.01953125,48.69894790649414,16.4356689453125,55.73979568481445
224,3,818.57958984375,48.67512893676758,16.275146484375,55.881954193115234
225,3,817.5435791015625,45.889625549316406,17.62786865234375,59.86151885986328
226,3,817.2496948242188,47.35884094238281,18.1390380859375,58.04497528076172
227,3,815.59228515625,47.753963470458984,19.6058349609375,57.70771408081055
228,3,815.6939086914062,50.005802154541016,19.56011962890625,55.810298919677734
229,3,814.552490234375,48.88840866088867,20.31866455078125,56.694522857666016
230,3,813.8578491210938,48.67451095581055,20.66925048828125,56.35818862915039
231,3,813.5488891601562,48.164058685302734,21.5916748046875,56.844844818115234
232,3,813.3624877929688,48.27707290649414,20.89093017578125,57.34104537963867
233,3,812.6590576171875,46.39044952392578,21.62139892578125,58.74229431152344
234,3,811.0468139648438,47.81520080566406,21.503662109375,57.97669982910156
235,3,810.4612426757812,49.3484992980957,20.2967529296875,57.22866439819336
236,3,822.67333984375,53.24080276489258,13.242431640625,40.91257095336914
237,3,808.177490234375,47.896080017089844,25.2218017578125,60.060630798339844
238,3,808.3550415039062,48.336585998535156,23.12591552734375,59.70121765136719
239,3,808.2769165039062,50.49612808227539,22.09912109375,57.4609489440918
240,3,808.1651000976562,47.036293029785156,19.7447509765625,61.31132507324219
241,3,807.805908203125,46.16419219970703,20.8458251953125,62.45611572265625
242,3,807.442138671875,46.233516693115234,19.39764404296875,62.409976959228516
243,3,807.1280517578125,46.42499542236328,20.41290283203125,61.53961944580078
244,3,806.709716796875,46.45488357543945,21.14886474609375,61.502872467041016
245,3,806.2540893554688,47.2421760559082,21.96246337890625,61.53677749633789
246,3,805.6795043945312,47.19255447387695,22.38677978515625,62.87034225463867
247,3,805.4448852539062,46.601016998291016,23.1304931640625,64.21929550170898
248,3,804.5369262695312,46.53436279296875,23.7767333984375,64.7691421508789
249,3,804.6859130859375,46.80813217163086,23.019287109375,64.94841384887695
250,3,805.2752075195312,47.18244171142578,23.29443359375,64.81818389892578
251,3,804.9180908203125,47.138816833496094,24.4647216796875,65.50491333007812
252,3,805.05810546875,46.85899353027344,24.67626953125,65.87946319580078
253,3,804.7161865234375,46.52180099487305,24.73675537109375,66.2649040222168
254,3,804.3245849609375,47.13853454589844,25.49395751953125,65.67878723144531
255,3,803.7323608398438,46.91714859008789,25.24188232421875,65.59369277954102
256,3,803.5964965820312,47.244667053222656,24.2379150390625,65.32949829101562
257,3,803.3840942382812,47.28892135620117,23.76202392578125,65.42970657348633
258,3,802.4901123046875,47.56205749511719,23.8765869140625,65.190673828125
259,3,801.1465454101562,47.386165618896484,24.51910400390625,65.80340957641602
260,3,799.919677734375,46.289581298828125,26.11895751953125,68.11722564697266
261,3,799.6865844726562,47.00099563598633,25.722412109375,67.68816757202148
262,3,799.4352416992188,51.5911750793457,23.67926025390625,63.04884719848633
263,3,798.9741821289062,51.326210021972656,25.65020751953125,63.79920196533203
264,3,799.3433837890625,56.572410583496094,22.0343017578125,57.71076202392578
265,3,799.0078125,53.19373321533203,23.53460693359375,61.27001953125
266,3,798.5565185546875,54.1224479675293,23.92266845703125,60.30147171020508
267,3,798.090087890625,53.50211715698242,23.87677001953125,61.104740142822266
268,3,797.369140625,53.42418670654297,22.7747802734375,61.921958923339844
269,3,796.7996826171875,51.477447509765625,26.152587890625,64.43311309814453
270,3,796.2294921875,51.14194869995117,27.13922119140625,65.02449417114258
271,3,795.52978515625,51.4100227355957,26.513916015625,65.9495735168457
272,3,795.4486083984375,51.54480743408203,26.4693603515625,67.21366119384766
273,3,795.3474731445312,51.64937973022461,25.89739990234375,67.43758010864258
274,3,794.9263305664062,52.09646224975586,25.05413818359375,65.80441665649414
275,3,794.2271118164062,53.042545318603516,24.53692626953125,64.3332405090332
276,3,794.071044921875,54.0612678527832,23.4395751953125,64.71461868286133
277,3,793.3287353515625,54.18537521362305,23.85772705078125,65.31174850463867
278,3,792.1290283203125,54.61201477050781,25.21282958984375,65.72701263427734
279,3,791.4611206054688,55.55207824707031,25.36383056640625,64.9543228149414
280,3,791.2017822265625,54.925689697265625,25.8865966796875,65.40680694580078
281,3,799.2356567382812,58.691070556640625,16.589111328125,47.91700744628906
282,3,789.8971557617188,60.91350173950195,17.5740966796875,59.00094223022461
283,3,789.336181640625,56.84954833984375,22.6434326171875,62.821014404296875
284,3,788.1447143554688,56.76146697998047,22.3013916015625,63.22559356689453
285,3,785.651611328125,55.571868896484375,24.31597900390625,65.48284912109375
286,3,783.7378540039062,53.995723724365234,25.22882080078125,67.25273513793945
287,3,782.673828125,54.397586822509766,25.429443359375,67.19309616088867
288,3,781.6520385742188,55.1995849609375,25.3470458984375,66.85149383544922
289,3,778.9124755859375,55.3548583984375,27.99151611328125,67.57543182373047
290,3,780.9566040039062,57.240562438964844,24.72894287109375,65.43978118896484
291,3,780.8892822265625,57.459503173828125,22.3048095703125,65.16661834716797
292,3,780.7403564453125,56.827579498291016,21.3487548828125,65.86802291870117
293,3,786.6060791015625,57.75335693359375,18.61724853515625,62.594520568847656
294,3,779.8665771484375,56.864376068115234,25.6712646484375,66.38950729370117
295,3,778.49365234375,56.37101745605469,26.91845703125,67.16693115234375
296,3,778.0700073242188,56.364070892333984,27.289794921875,67.70210647583008
297,3,777.7057495117188,56.059654235839844,28.36407470703125,69.10405731201172
298,3,777.2018432617188,55.287967681884766,29.7376708984375,71.77474594116211
299,3,776.47119140625,54.1966438293457,31.20074462890625,73.27284622192383
300,3,776.1487426757812,56.22585678100586,29.78680419921875,71.41060256958008
301,3,775.6983032226562,57.20097732543945,27.90216064453125,69.74890518188477
302,3,774.3727416992188,56.205928802490234,28.7911376953125,70.91460037231445
303,3,773.6051025390625,57.814876556396484,28.61407470703125,68.80703353881836
304,3,773.0303344726562,58.06736373901367,28.76995849609375,68.52000045776367
305,3,773.102783203125,59.9185905456543,27.63330078125,67.78951644897461
306,3,772.0923461914062,60.21245574951172,26.52825927734375,67.59475708007812
307,3,771.5416870117188,60.6347541809082,25.2589111328125,67.17636489868164
308,3,770.5232543945312,59.00485610961914,23.88525390625,68.9746208190918
309,3,769.7772827148438,59.711212158203125,24.30487060546875,68.09810638427734
310,3,768.6651000976562,59.52617645263672,24.36444091796875,68.98738861083984
311,3,774.7482299804688,59.414344787597656,17.56939697265625,67.8603744506836
312,3,759.9588623046875,61.108551025390625,29.5457763671875,69.21734619140625
313,3,757.765380859375,60.300018310546875,31.02374267578125,70.57533264160156
314,3,756.0062255859375,59.93505096435547,32.17236328125,71.69335174560547
315,3,755.4703979492188,60.521095275878906,31.94195556640625,71.59954071044922
316,3,758.6675415039062,63.032344818115234,28.1795654296875,68.84633255004883
317,3,758.7296752929688,62.43701934814453,26.50701904296875,69.37931060791016
318,3,757.9281005859375,70.7804946899414,18.00482177734375,52.676300048828125
319,3,757.7515869140625,62.6711540222168,29.3753662109375,69.10412979125977
320,3,755.828857421875,65.39763641357422,20.82659912109375,66.80988311767578
321,3,755.981689453125,64.74464416503906,27.94677734375,68.50677490234375
322,3,754.576904296875,63.047569274902344,28.0657958984375,71.4592514038086
323,3,753.71630859375,62.5908317565918,28.8770751953125,72.29318618774414
324,3,751.7864990234375,62.41900634765625,28.7305908203125,72.9603271484375
325,3,750.2499389648438,62.23481750488281,29.43597412109375,72.06114196777344
326,3,748.6458129882812,63.93742370605469,30.5343017578125,71.63818359375
327,3,744.2035522460938,64.40521240234375,34.77288818359375,71.8499755859375
328,3,745.5042724609375,64.78268432617188,33.64227294921875,72.40232849121094
329,3,746.6097412109375,65.59751892089844,30.817138671875,72.00398254394531
330,3,745.7926025390625,65.81472778320312,29.6800537109375,71.8056640625
331,3,746.583740234375,66.4249267578125,27.57073974609375,70.98904418945312
332,3,746.3434448242188,66.2199478149414,25.92218017578125,71.38300323486328
333,3,744.7891235351562,66.11888122558594,24.97198486328125,72.02325439453125
334,3,742.239990234375,65.50045776367188,25.7205810546875,72.28919982910156
335,3,742.4091186523438,65.62489318847656,23.9765625,71.9354248046875
336,3,739.6419677734375,68.71575164794922,23.21405029296875,69.4918441772461
337,3,744.741455078125,71.11919403076172,17.71795654296875,66.80498504638672
338,3,739.1701049804688,71.24242401123047,21.88592529296875,67.23221588134766
339,3,737.4087524414062,72.64076232910156,21.75775146484375,66.6839599609375
340,3,735.4823608398438,70.95178985595703,22.03900146484375,67.75273895263672
341,3,735.7239379882812,67.47408294677734,20.62017822265625,70.25023651123047
349,3,731.8325805664062,66.602294921875,21.9879150390625,45.98480987548828
350,3,731.567138671875,67.50838470458984,22.4527587890625,44.33477783203125
351,3,731.4512329101562,68.2010269165039,22.42681884765625,43.457794189453125
352,3,731.3104248046875,67.89109802246094,22.69000244140625,44.34034729003906
360,3,710.890869140625,85.39929962158203,11.2435302734375,57.61859893798828
361,3,710.576416015625,84.73358917236328,11.48089599609375,59.515235900878906
362,3,710.5264282226562,79.41535186767578,20.4166259765625,64.33211517333984
363,3,708.7814331054688,82.54231262207031,12.6107177734375,61.7152099609375
364,3,707.6964721679688,80.34639739990234,13.7271728515625,65.2162094116211
365,3,705.7357177734375,81.79765319824219,16.05181884765625,63.556976318359375
366,3,705.172607421875,82.80712890625,16.82830810546875,64.74691772460938
367,3,704.8340454101562,84.3643569946289,16.8173828125,62.183143615722656
368,3,704.042724609375,81.72038269042969,17.8082275390625,63.43623352050781
369,3,702.9016723632812,83.00371551513672,18.9744873046875,62.970558166503906
370,3,702.124755859375,81.17140197753906,19.42071533203125,63.440216064453125
371,3,701.7877197265625,79.70903015136719,18.86456298828125,65.38546752929688
372,3,700.661376953125,75.85303497314453,19.84033203125,70.49272918701172
373,3,699.344970703125,73.57644653320312,21.345947265625,74.94464111328125
374,3,698.4742431640625,74.78443145751953,22.811767578125,72.87776947021484
375,3,697.6637573242188,76.55418395996094,23.56707763671875,73.03388977050781
376,3,697.1962280273438,75.0608901977539,23.7969970703125,78.6298599243164
377,3,696.2610473632812,76.30236053466797,24.552734375,72.66809844970703
378,3,695.1498413085938,76.23358917236328,25.478759765625,79.18213653564453
379,3,693.9265747070312,75.73330688476562,26.70947265625,86.0806884765625
380,3,693.6444702148438,75.305419921875,26.95849609375,87.0643310546875
381,3,693.8919067382812,77.2413330078125,26.56634521484375,84.29679870605469
382,3,693.373046875,75.88739776611328,27.969970703125,86.8509292602539
383,3,692.287841796875,77.15738677978516,27.769287109375,84.65972137451172
384,3,690.48876953125,77.28960418701172,27.06787109375,84.20795440673828
385,3,688.3155517578125,77.2611312866211,28.263671875,84.0621109008789
386,3,686.212890625,77.14905548095703,30.00494384765625,84.28789520263672
387,3,680.901123046875,76.23851776123047,34.5811767578125,85.28353118896484
388,3,678.9102783203125,75.71756744384766,35.12896728515625,86.33028411865234
389,3,677.2346801757812,76.3068618774414,35.47802734375,85.80896759033203
390,3,676.2949829101562,77.69129180908203,34.81988525390625,84.88314056396484
391,3,677.0504150390625,78.11456298828125,32.13214111328125,84.88934326171875
392,3,676.7703247070312,79.40670013427734,31.423095703125,84.84851837158203
393,3,676.199951171875,79.87074279785156,30.9910888671875,85.33773803710938
394,3,675.609375,77.75125122070312,30.9283447265625,87.83473205566406
395,3,674.8597412109375,76.3152847290039,30.0908203125,88.79093170166016
396,3,674.276123046875,76.52482604980469,29.026611328125,88.12962341308594
397,3,673.1627807617188,74.5305404663086,29.8609619140625,90.17301177978516
398,3,672.6439819335938,75.23002624511719,29.79254150390625,89.94357299804688
399,3,671.3643798828125,74.48645782470703,30.95245361328125,91.50556182861328
400,3,670.4415283203125,75.06486511230469,31.91046142578125,92.40420532226562
401,3,669.7514038085938,76.27957916259766,31.27813720703125,90.79004669189453
402,3,668.263916015625,78.84637451171875,32.36492919921875,90.3365478515625
403,3,667.4523315429688,78.84133911132812,32.1500244140625,90.00106811523438
404,3,667.0488891601562,81.67218017578125,30.61846923828125,83.66282653808594
405,3,665.8958129882812,78.09344482421875,31.178955078125,87.36338806152344
406,3,665.2014770507812,79.0664291381836,30.301513671875,88.03633880615234
407,3,663.8617553710938,79.13856506347656,30.29681396484375,92.04023742675781
408,3,661.7161865234375,78.4688949584961,31.317626953125,93.50284576416016
409,3,660.5054321289062,77.63211059570312,31.9317626953125,93.26815795898438
410,3,659.5949096679688,78.15703582763672,31.71429443359375,92.3539810180664
411,3,658.5966186523438,78.3857421875,31.101806640625,91.85140991210938
412,3,656.5269165039062,78.83965301513672,32.02569580078125,92.48128509521484
413,3,653.3416748046875,79.17300415039062,34.0882568359375,92.68232727050781
414,3,651.0745239257812,80.64370727539062,35.210205078125,92.21775817871094
415,3,650.1334838867188,80.18663024902344,35.201171875,92.70864868164062
416,3,649.7376708984375,79.58011627197266,34.4705810546875,93.98094940185547
417,3,649.2195434570312,79.91199493408203,33.22314453125,94.21492767333984
418,3,649.082275390625,80.1907730102539,32.45330810546875,93.30684661865234
419,3,648.5299072265625,80.36923217773438,30.7877197265625,92.59359741210938
420,3,646.5073852539062,81.24888610839844,30.79730224609375,91.56221008300781
421,3,645.5921020507812,80.32815551757812,31.3321533203125,91.99371337890625
422,3,644.6470947265625,80.18273162841797,31.9957275390625,92.67821502685547
423,3,643.2899780273438,79.72207641601562,31.01800537109375,95.10733032226562
424,3,641.915771484375,78.20057678222656,31.76947021484375,97.85148620605469
425,3,640.1879272460938,78.02913665771484,32.79583740234375,96.80988311767578
426,3,638.8113403320312,79.07819366455078,34.03204345703125,99.17508697509766
427,3,636.7838134765625,80.22985076904297,35.6630859375,92.1433334350586
428,3,635.7675170898438,80.60877227783203,34.30718994140625,91.63460540771484
429,3,636.0352783203125,81.01679229736328,31.56036376953125,92.72241973876953
430,3,634.8771362304688,81.41812133789062,31.81451416015625,93.03547668457031
431,3,634.7114868164062,82.045166015625,30.7672119140625,90.03706359863281
432,3,631.8726806640625,84.52304077148438,27.3365478515625,99.75827026367188
433,3,630.8536987304688,85.78968048095703,28.16925048828125,98.55451202392578
434,3,629.1778564453125,92.53477478027344,26.20587158203125,90.88134765625
435,3,628.499755859375,96.55952453613281,25.0660400390625,86.05715942382812
436,3,627.5950927734375,94.1370620727539,26.96563720703125,89.6804428100586
437,3,626.5946044921875,96.36739349365234,26.127685546875,84.32666778564453
438,3,625.2938232421875,89.26264190673828,28.53729248046875,93.43482208251953
439,3,622.6856689453125,91.73079681396484,29.4947509765625,92.33385467529297
440,3,617.4522094726562,84.00928497314453,36.962158203125,100.7512435913086
441,3,612.3513793945312,80.6927261352539,41.9573974609375,106.18122100830078
442,3,611.817626953125,79.21822357177734,41.50836181640625,107.63843536376953
443,3,610.9185791015625,82.7968978881836,41.17364501953125,105.25838470458984
444,3,611.2368774414062,86.4780502319336,38.48516845703125,101.8167495727539
445,3,610.2301635742188,87.1051254272461,38.5391845703125,102.39408111572266
446,3,610.8768310546875,86.7059326171875,36.40972900390625,103.11924743652344
447,3,610.7271728515625,85.67998504638672,35.16937255859375,104.29293060302734
448,3,610.2239990234375,85.25337219238281,34.591552734375,106.4830322265625
449,3,609.8290405273438,84.15515899658203,33.7796630859375,107.49956512451172
450,3,609.003662109375,83.86089324951172,34.501708984375,107.6651840209961
451,3,608.0440673828125,84.15850830078125,35.14752197265625,107.06005859375
452,3,606.899169921875,85.19246673583984,35.70849609375,106.6219711303711
453,3,606.2700805664062,85.51875305175781,35.910888671875,107.84831237792969
454,3,604.5472412109375,85.63578033447266,36.7039794921875,108.8078842163086
455,3,604.0485229492188,86.05305480957031,36.7373046875,111.62930297851562
456,3,601.5513305664062,86.70648193359375,39.1234130859375,112.38800048828125
457,3,600.9345092773438,87.85114288330078,39.01702880859375,112.17310333251953
458,3,600.4411010742188,88.04853820800781,38.26519775390625,114.27374267578125
459,3,599.5906372070312,87.94319152832031,39.14849853515625,114.21492004394531
460,3,598.620849609375,89.1197738647461,39.83477783203125,113.40471649169922
461,3,598.8451538085938,89.24607849121094,38.42852783203125,112.97734069824219
462,3,598.0213012695312,90.1998291015625,38.71881103515625,111.97308349609375
463,3,597.557373046875,90.31270599365234,37.4244384765625,111.61727142333984
464,3,596.9374389648438,90.92191314697266,37.32342529296875,110.84639739990234
465,3,595.8779296875,91.21019744873047,37.27728271484375,109.7672348022461
465,6,822.6273803710938,29.944902420043945,12.3348388671875,40.9647274017334
466,3,595.020751953125,92.00109100341797,37.54656982421875,110.5710220336914
467,3,592.2493896484375,91.45836639404297,40.42633056640625,112.20787811279297
468,3,589.4246826171875,90.06643676757812,41.88665771484375,114.88691711425781
469,3,587.8601684570312,91.03729248046875,41.36199951171875,116.58586120605469
470,3,588.1471557617188,93.44596099853516,40.14935302734375,116.24382781982422
471,3,587.828857421875,93.90579223632812,39.21697998046875,116.64732360839844
472,3,587.576416015625,95.45382690429688,38.07049560546875,116.42915344238281
473,3,588.7392578125,95.95072174072266,36.235107421875,117.28804779052734
474,3,587.8895263671875,96.104248046875,35.39312744140625,116.80732727050781
475,3,586.252197265625,96.52593994140625,35.6763916015625,116.14852905273438
476,3,584.1180419921875,96.7568359375,35.884765625,116.20005798339844
477,3,583.340576171875,96.24449920654297,35.50799560546875,116.39423370361328
478,3,582.3589477539062,96.29070281982422,36.558349609375,115.64238739013672
479,3,582.0953369140625,96.07316589355469,36.3206787109375,115.85932922363281
480,3,580.749755859375,95.24884033203125,36.41424560546875,120.92611694335938
480,6,824.2283325195312,34.59959411621094,13.08941650390625,66.13638305664062
481,3,579.7462768554688,95.95108795166016,36.325927734375,122.00077056884766
481,6,823.008056640625,36.33000183105469,14.02886962890625,64.30635070800781
482,3,578.2843627929688,97.23004913330078,38.11651611328125,121.32210540771484
482,6,823.6609497070312,38.70935821533203,13.4998779296875,59.719520568847656
483,3,576.8032836914062,98.22190856933594,38.575927734375,122.37028503417969
483,6,822.6920166015625,43.1776237487793,15.15496826171875,56.11439895629883
484,3,574.1298217773438,99.38868713378906,40.79840087890625,124.84184265136719
484,6,822.5446166992188,44.859161376953125,15.41094970703125,54.76634979248047
485,3,572.3942260742188,100.82079315185547,41.02178955078125,123.1972427368164
485,6,822.4046630859375,42.96346664428711,15.34173583984375,56.074520111083984
486,6,821.8922729492188,38.029319763183594,15.21356201171875,64.06816864013672
486,3,571.2557983398438,101.60430908203125,40.98406982421875,120.06057739257812
487,6,821.1060180664062,37.24107360839844,15.90240478515625,66.2754135131836
487,3,570.8751831054688,102.42896270751953,40.678955078125,120.91910552978516
488,6,820.2114868164062,39.171512603759766,16.24005126953125,63.92887496948242
488,3,570.6466674804688,102.5229263305664,39.78271484375,125.01819610595703
489,6,818.4017333984375,39.53807830810547,17.85931396484375,61.880455017089844
489,3,570.6214599609375,103.10601806640625,39.36981201171875,124.24847412109375
490,6,816.5278930664062,40.95449447631836,19.48992919921875,61.833919525146484
490,3,569.3795166015625,102.18975067138672,39.34808349609375,124.3836898803711
491,6,813.7046508789062,41.65032958984375,22.1363525390625,61.217193603515625
491,3,570.6835327148438,102.27992248535156,36.6986083984375,123.11888122558594
492,6,813.0387573242188,42.270668029785156,22.179931640625,60.38566589355469
492,3,569.413818359375,101.95011901855469,38.32183837890625,124.71907043457031
493,3,568.7911987304688,101.86766815185547,38.10552978515625,125.09789276123047
493,6,812.3451538085938,42.31034851074219,21.58648681640625,59.485137939453125
494,3,566.4652099609375,101.9527359008789,39.40350341796875,124.94202423095703
494,6,811.4068603515625,42.45485305786133,21.10955810546875,60.8714714050293
495,3,561.5104370117188,103.04237365722656,43.3306884765625,125.12066650390625
495,6,810.318359375,43.02640151977539,20.65728759765625,59.72465133666992
496,3,555.5618286132812,104.13288116455078,48.20635986328125,127.06867218017578
496,6,809.7839965820312,44.00152587890625,19.50885009765625,59.32227325439453
497,6,808.3603515625,43.81273651123047,20.135986328125,59.741233825683594
497,3,551.9287719726562,105.80142974853516,51.16162109375,128.6987533569336
498,6,807.1400146484375,43.83053207397461,21.3363037109375,59.02785110473633
498,3,553.8641967773438,106.88323211669922,47.98968505859375,128.37938690185547
499,6,805.8875122070312,42.34304428100586,21.77288818359375,62.007259368896484
499,3,555.9248657226562,107.92576599121094,44.90423583984375,128.65188598632812
500,6,803.8916625976562,42.421932220458984,22.52252197265625,61.225833892822266
500,3,556.9417114257812,109.75057983398438,42.06573486328125,127.97697448730469
501,6,800.580810546875,42.99604797363281,24.8546142578125,61.75895690917969
501,3,556.2366333007812,109.60443115234375,41.56591796875,127.98114013671875
502,6,799.1229248046875,42.90138244628906,25.54656982421875,62.49146270751953
502,3,555.5897216796875,109.39561462402344,41.32086181640625,128.0413818359375
503,6,798.1400146484375,43.47972106933594,25.38360595703125,62.87544250488281
503,3,554.8670043945312,109.20414733886719,41.3802490234375,129.07862854003906
504,6,797.4905395507812,43.769535064697266,22.04083251953125,64.33637619018555
504,3,550.5647583007812,108.17514038085938,45.0142822265625,130.13482666015625
505,6,797.3789672851562,43.96430587768555,21.4522705078125,63.23420333862305
505,3,548.4375610351562,107.92376708984375,46.1939697265625,130.30335998535156
506,3,547.77880859375,107.45081329345703,46.682373046875,132.50675201416016
506,6,796.9677124023438,43.543190002441406,20.9691162109375,64.6872329711914
507,3,547.504150390625,108.08384704589844,46.70062255859375,134.8440399169922
507,6,796.2109985351562,43.49699783325195,20.95562744140625,66.3365364074707
508,6,795.2376098632812,43.28423309326172,21.352294921875,66.25489044189453
508,3,545.943115234375,109.44882202148438,47.9195556640625,138.6105194091797
509,3,544.459228515625,109.43111419677734,48.9437255859375,140.2664566040039
509,6,794.0272216796875,43.23579788208008,22.0850830078125,67.7236442565918
510,3,543.9957885742188,110.2437744140625,48.69287109375,138.21444702148438
510,6,792.771240234375,43.54280471801758,23.04693603515625,67.47319412231445
511,3,544.452392578125,111.8042984008789,47.29205322265625,132.55599212646484
511,6,792.343505859375,44.09975814819336,22.7613525390625,67.17559432983398
512,3,543.4889526367188,112.11749267578125,47.89837646484375,138.7490997314453
512,6,790.4391479492188,44.61594772338867,24.76019287109375,66.92840957641602
513,3,543.2485961914062,112.32750701904297,47.839111328125,136.4783706665039
513,6,789.2261962890625,45.35546875,26.34576416015625,66.28524017333984
514,3,542.1690063476562,112.48760223388672,47.78790283203125,138.95977020263672
514,6,788.3908081054688,46.2403564453125,25.6319580078125,63.500244140625
515,3,541.4005737304688,112.36982727050781,47.94342041015625,140.2243194580078
515,6,787.4986572265625,46.858642578125,24.45068359375,64.2196044921875
516,3,541.8240966796875,113.22925567626953,46.54193115234375,141.42684173583984
516,6,784.929443359375,47.34890365600586,24.42572021484375,63.97732925415039
517,3,541.7782592773438,112.8232192993164,46.1712646484375,142.31192779541016
517,6,783.742919921875,46.77820587158203,23.935546875,65.41912841796875
518,3,541.5709838867188,112.25386047363281,45.71844482421875,142.6933135986328
518,6,783.4012451171875,46.50693130493164,22.82635498046875,66.96085739135742
519,3,541.0311279296875,111.69876861572266,45.87384033203125,142.5417251586914
519,6,783.0632934570312,46.11870574951172,22.15069580078125,67.10426330566406
520,3,540.3060913085938,111.91764831542969,46.3536376953125,142.80548095703125
520,6,782.7841186523438,46.11886978149414,21.043212890625,67.70523452758789
521,3,539.4637451171875,112.70159912109375,46.8272705078125,145.12869262695312
521,6,781.0184936523438,46.092403411865234,21.47607421875,67.41870498657227
522,3,535.4945068359375,114.47779083251953,50.63873291015625,147.50102996826172
522,6,779.3419799804688,46.38562774658203,22.45440673828125,66.57103729248047
523,3,534.0433349609375,115.04832458496094,52.07476806640625,149.0471649169922
523,6,777.4814453125,47.16229248046875,24.0743408203125,67.4682388305664
524,6,777.0010375976562,47.58411407470703,23.68218994140625,67.60274505615234
524,3,533.6830444335938,116.51133728027344,52.3212890625,148.3267364501953
525,3,531.4331665039062,118.03654479980469,54.3790283203125,149.1436004638672
525,6,776.3131103515625,48.26643371582031,23.752685546875,66.39201354980469
526,3,533.0025024414062,119.35051727294922,52.246826171875,150.98343658447266
526,6,775.4574584960938,48.31770706176758,23.903076171875,68.00130844116211
527,3,532.1949462890625,119.92018127441406,52.92022705078125,151.84861755371094
527,6,774.3922119140625,48.28898239135742,24.1845703125,67.85009384155273
528,3,529.7835693359375,118.51541137695312,55.55621337890625,152.5302734375
528,6,772.824462890625,47.586124420166016,24.29180908203125,71.78714370727539
529,3,529.2069702148438,117.70710754394531,56.61077880859375,153.86985778808594
529,6,771.109130859375,47.4519157409668,25.59881591796875,72.50783157348633
530,3,528.5145263671875,117.86831665039062,58.68505859375,154.1370849609375
530,6,769.9549560546875,47.77158737182617,25.718994140625,73.90606307983398
531,3,527.9638061523438,118.8897705078125,60.34722900390625,152.02670288085938
531,6,768.3016967773438,48.09794998168945,26.921630859375,73.22716903686523
532,3,527.5570678710938,119.56114959716797,62.44073486328125,151.55646514892578
532,6,767.73388671875,48.835357666015625,26.2745361328125,71.59398651123047
533,3,527.0216674804688,120.36227416992188,63.936279296875,153.03793334960938
533,6,766.2352905273438,49.251930236816406,26.27166748046875,72.89768981933594
534,3,527.3910522460938,120.75475311279297,64.56884765625,156.68036651611328
534,6,766.1218872070312,49.76097869873047,24.29217529296875,70.23422241210938
535,3,527.7608642578125,121.59381866455078,65.0955810546875,162.44161224365234
535,6,765.2433471679688,50.134639739990234,23.62750244140625,70.48754501342773
536,3,528.4432983398438,122.86592102050781,64.79046630859375,163.59498596191406
536,6,764.1705322265625,50.816219329833984,23.4091796875,70.96123886108398
537,3,529.6279296875,124.70275115966797,63.763916015625,163.48758697509766
537,6,762.59619140625,51.52605056762695,23.64251708984375,70.0456657409668
538,3,529.8505859375,126.03433990478516,64.99859619140625,163.95601654052734
538,6,761.6806030273438,51.319862365722656,23.65081787109375,69.29181671142578
539,3,529.30224609375,127.99105834960938,66.78814697265625,164.00070190429688
539,6,759.892578125,51.57267379760742,24.4913330078125,71.19461441040039
540,3,530.218994140625,129.10496520996094,67.64361572265625,164.44569396972656
540,6,758.052001953125,51.1728515625,25.668212890625,72.63548278808594
541,3,530.526611328125,129.93292236328125,68.06060791015625,163.4990234375
541,6,754.8106079101562,50.847381591796875,26.614990234375,73.9719009399414
542,3,531.2686157226562,130.5834503173828,68.330078125,163.1680145263672
542,6,753.3289794921875,52.037174224853516,26.0389404296875,72.84646987915039
543,3,531.7421264648438,130.30841064453125,69.3153076171875,163.14248657226562
543,6,751.5064086914062,54.03386306762695,25.5057373046875,69.83162307739258
544,3,532.7826538085938,130.28311157226562,69.7650146484375,163.25137329101562
544,6,750.5919189453125,54.6224365234375,24.91766357421875,68.87801361083984
545,3,533.1700439453125,130.19720458984375,70.42926025390625,163.40325927734375
545,6,749.237060546875,55.308902740478516,24.79449462890625,69.70656204223633
546,3,534.6469116210938,129.8155059814453,69.6387939453125,164.1371612548828
546,6,747.5379638671875,55.76051330566406,25.52679443359375,71.66650390625
547,3,535.4896240234375,129.87722778320312,69.91375732421875,163.7703857421875
547,6,748.5103149414062,56.18278884887695,24.02587890625,70.69452285766602
548,3,535.8037109375,130.77426147460938,70.64794921875,166.25015258789062
548,6,748.9013061523438,56.735389709472656,22.77423095703125,71.04007720947266
549,3,537.7119750976562,131.9407501220703,69.97271728515625,171.1232147216797
549,6,748.7899169921875,57.59150695800781,22.08636474609375,71.51661682128906
550,3,539.5772705078125,133.47923278808594,69.1444091796875,174.64381408691406
550,6,747.3234252929688,59.94670104980469,23.00933837890625,70.95069885253906
551,3,540.21240234375,134.78347778320312,70.32952880859375,175.73580932617188
551,6,745.9899291992188,61.179229736328125,24.0108642578125,70.380615234375
552,3,541.48486328125,138.17784118652344,71.62921142578125,176.29051208496094
552,6,741.931396484375,63.95155334472656,26.83868408203125,69.81976318359375
553,3,542.1570434570312,140.0216064453125,72.13909912109375,177.415283203125
553,6,742.2646484375,65.66500091552734,26.34735107421875,67.66410064697266
554,3,544.1090698242188,140.79991149902344,71.3594970703125,178.5184783935547
554,6,741.1764526367188,66.01951599121094,27.035400390625,67.83955383300781
555,3,544.7479248046875,141.3712921142578,72.4962158203125,179.00099182128906
555,6,740.9578857421875,67.59278869628906,26.1883544921875,66.18060302734375
556,3,545.1509399414062,141.69117736816406,74.0238037109375,178.59703063964844
556,6,740.5578002929688,68.24393463134766,25.62884521484375,64.7099380493164
557,3,547.6151733398438,142.08938598632812,74.28680419921875,178.000244140625
557,6,736.1151733398438,66.78158569335938,27.73681640625,67.09080505371094
558,3,547.791015625,142.34584045410156,75.9918212890625,177.5655059814453
559,3,549.599609375,142.48292541503906,75.80023193359375,176.8535614013672
560,3,550.5988159179688,143.30120849609375,77.65399169921875,175.94256591796875
561,3,551.2529907226562,144.75747680664062,79.5499267578125,175.91387939453125
562,3,552.22314453125,145.9263458251953,80.4835205078125,181.0149688720703
563,3,553.954345703125,146.89280700683594,83.30908203125,186.1921844482422
563,6,732.0448608398438,56.13705825805664,18.87066650390625,79.60366439819336
564,3,556.381591796875,148.60108947753906,83.359619140625,188.6555938720703
564,6,732.3262939453125,57.00963592529297,17.74371337890625,77.99036407470703
565,3,559.5314331054688,150.6529541015625,81.75469970703125,189.12826538085938
566,3,561.0845947265625,152.89886474609375,84.64727783203125,190.11505126953125
567,3,560.9196166992188,153.49017333984375,88.05694580078125,191.20095825195312
568,3,559.327880859375,154.3623809814453,92.8248291015625,190.68299865722656
568,6,726.1181640625,60.823570251464844,16.178955078125,76.71488189697266
569,3,562.37353515625,154.71044921875,93.3739013671875,190.4564208984375
570,3,561.6736450195312,154.9755401611328,97.41497802734375,190.0233917236328
571,3,567.542724609375,155.2718963623047,95.36846923828125,189.6632843017578
572,3,574.6525268554688,155.85614013671875,90.82135009765625,189.03787231445312
573,3,579.9335327148438,156.3241729736328,88.70465087890625,189.05601501464844
573,7,824.0452270507812,61.70499801635742,13.4461669921875,53.184322357177734
574,3,583.5142822265625,156.7963104248047,88.645263671875,188.82606506347656
574,7,822.1539916992188,62.31512451171875,14.72442626953125,57.873085021972656
574,6,708.7080078125,74.63606262207031,14.06121826171875,64.35600280761719
575,3,586.4295654296875,157.03060913085938,88.51666259765625,190.34161376953125
575,7,821.5067749023438,61.531490325927734,16.5107421875,57.70389938354492
575,6,707.1393432617188,74.87265014648438,15.20050048828125,68.80369567871094
576,3,592.947509765625,159.3606719970703,87.97650146484375,202.7358856201172
576,7,820.4036254882812,63.166114807128906,19.07244873046875,57.15202331542969
576,6,704.6760864257812,74.40882873535156,18.67047119140625,66.96978759765625
577,3,596.8651123046875,160.97427368164062,86.99591064453125,203.65997314453125
577,7,820.013671875,63.33554458618164,18.93353271484375,57.5449333190918
577,6,701.8582153320312,73.11714935302734,20.00408935546875,68.55269622802734
578,3,598.8208618164062,163.714599609375,86.7987060546875,204.3651123046875
578,6,701.5715942382812,74.3930892944336,19.32958984375,67.82791900634766
578,7,819.2521362304688,62.11446762084961,19.3267822265625,58.48348617553711
579,3,600.0020751953125,166.65951538085938,88.578857421875,202.72726440429688
579,6,700.2526245117188,63.4483528137207,20.31951904296875,80.31376266479492
579,7,818.2392578125,62.18983459472656,19.33746337890625,58.97869873046875
580,3,598.8191528320312,169.0677947998047,93.37567138671875,201.73377990722656
580,7,818.6162109375,52.55745315551758,19.056396484375,69.26066970825195
580,6,697.2294921875,62.86180114746094,22.43231201171875,81.67073059082031
581,3,599.2241821289062,170.74822998046875,96.32568359375,207.65093994140625
581,6,694.0521240234375,62.70109176635742,25.627685546875,82.78549575805664
581,7,816.28076171875,51.46305847167969,21.03411865234375,70.00177001953125
582,3,602.304443359375,172.11325073242188,98.09564208984375,208.25128173828125
582,6,692.19775390625,61.57826614379883,27.395263671875,85.96189498901367
582,7,815.1300048828125,51.4954948425293,21.923583984375,70.49714279174805
583,3,605.4600830078125,173.46957397460938,97.091064453125,207.73464965820312
583,6,691.4389038085938,63.69166564941406,27.2327880859375,82.11790466308594
583,7,814.6343994140625,52.34832000732422,22.58758544921875,70.35347747802734
584,3,612.3670654296875,174.34075927734375,94.57391357421875,206.66049194335938
584,6,687.5292358398438,64.0219497680664,30.13330078125,81.9601058959961
584,7,814.3224487304688,53.03256607055664,22.5731201171875,71.01511764526367
585,3,618.9134521484375,174.53408813476562,91.1380615234375,207.35198974609375
585,6,684.1809692382812,65.22563934326172,31.61669921875,80.38236236572266
585,7,812.41064453125,53.44597244262695,24.3380126953125,71.21793746948242
586,3,623.0104370117188,174.22848510742188,89.84619140625,207.63253784179688
586,6,681.9954833984375,65.60132598876953,31.64703369140625,80.29647064208984
586,7,811.08251953125,53.999271392822266,26.01580810546875,69.90437698364258
587,3,626.0158081054688,174.97315979003906,91.8306884765625,206.9352264404297
587,6,682.4730834960938,66.38069915771484,28.642578125,79.9585952758789
587,7,811.2332153320312,54.24546813964844,26.05499267578125,69.03934478759766
588,3,628.5903930664062,174.9911651611328,93.75238037109375,206.6581573486328
588,7,809.9545288085938,54.33940505981445,26.27716064453125,69.38463973999023
588,6,680.7368774414062,66.42056274414062,28.5322265625,81.37489318847656
589,3,631.0126342773438,175.35296630859375,97.14892578125,206.25579833984375
589,6,679.21728515625,66.90231323242188,28.442626953125,81.03193664550781
589,7,809.6633911132812,54.566253662109375,26.0474853515625,70.12236785888672
590,3,633.5808715820312,177.08985900878906,98.42694091796875,209.72645568847656
590,7,809.1063842773438,53.71007537841797,25.9700927734375,73.32022857666016
590,6,678.5990600585938,67.67266845703125,27.5322265625,80.0028076171875
591,3,636.8729248046875,177.908935546875,98.85443115234375,217.74871826171875
591,6,675.2782592773438,67.18116760253906,29.648681640625,80.60482788085938
591,7,807.34912109375,53.70383834838867,26.74560546875,73.23554611206055
592,3,639.318359375,180.4302520751953,101.331298828125,222.06846618652344
592,7,805.7550048828125,53.16361999511719,27.0572509765625,73.81720733642578
592,6,672.9808959960938,64.97322845458984,30.82757568359375,83.2974624633789
593,3,639.5223388671875,183.70127868652344,103.56158447265625,219.95875549316406
593,7,804.7343139648438,52.977176666259766,26.34625244140625,75.69474411010742
593,6,664.4891967773438,65.35501861572266,38.07904052734375,82.7568588256836
594,3,639.3441772460938,185.2366180419922,104.942138671875,219.8426055908203
594,7,802.281982421875,53.08309555053711,28.0076904296875,76.09315872192383
594,6,666.9216918945312,67.51930236816406,33.82025146484375,82.73361206054688
595,3,637.683837890625,187.3485107421875,109.39111328125,224.89004516601562
595,7,801.3920288085938,54.97923278808594,28.45159912109375,72.79263305664062
595,6,665.02490234375,67.56462097167969,34.21636962890625,82.08456420898438
596,3,638.6145629882812,189.89129638671875,112.69403076171875,227.05157470703125
596,7,798.3426513671875,55.380958557128906,30.47320556640625,73.67157745361328
596,6,656.5501708984375,68.27694702148438,41.81622314453125,80.64396667480469
597,3,640.2279052734375,191.255615234375,116.01849365234375,227.15826416015625
597,7,798.1812744140625,54.09823226928711,29.135009765625,75.46828079223633
597,6,654.38720703125,68.89318084716797,42.6544189453125,81.9715347290039
598,3,642.2525634765625,191.53285217285156,120.5299072265625,226.4435577392578
598,7,797.9005126953125,55.91291809082031,28.5166015625,73.28321838378906
598,6,653.5277709960938,69.97673797607422,41.64849853515625,82.4258804321289
599,3,646.6417236328125,191.9080352783203,121.20977783203125,226.08592224121094
599,7,797.3173828125,56.56743240356445,27.939453125,72.96828842163086
599,6,653.6620483398438,70.48668670654297,40.0841064453125,81.79972076416016
600,3,663.792236328125,193.5391387939453,113.13238525390625,224.5496063232422
600,7,794.8688354492188,57.46019744873047,27.37646484375,72.46260833740234
600,6,650.3599243164062,69.52293395996094,37.91351318359375,82.63383483886719
601,3,671.7705078125,193.71722412109375,109.85003662109375,224.8372802734375
601,7,793.1494750976562,57.00474166870117,28.4151611328125,73.16086196899414
601,6,649.6342163085938,68.92920684814453,35.844970703125,84.4931411743164
602,3,681.6480712890625,195.3069305419922,104.11212158203125,223.18455505371094
602,7,791.564697265625,57.25819778442383,28.909912109375,72.54978561401367
602,6,651.9970703125,68.5324478149414,32.170166015625,85.17363739013672
603,3,685.2783203125,196.7375030517578,104.30181884765625,227.0850372314453
603,7,791.4852905273438,56.037025451660156,28.2003173828125,74.67876434326172
603,6,650.630859375,67.1026382446289,31.85247802734375,87.1794204711914
604,3,689.9569091796875,198.46768188476562,104.07928466796875,235.20071411132812
604,7,790.936279296875,55.50309753417969,27.98956298828125,74.21351623535156
604,6,647.4302368164062,66.77790832519531,30.592529296875,87.14010620117188
605,3,689.9482421875,201.4169464111328,108.53900146484375,239.11109924316406
605,6,642.8203735351562,66.5772705078125,34.57635498046875,88.27862548828125
605,7,791.1568603515625,55.18616485595703,27.12713623046875,74.48587799072266
606,3,690.9852294921875,203.11956787109375,111.96636962890625,239.06900024414062
606,7,790.733154296875,55.87659454345703,27.235107421875,74.2457046508789
606,6,638.3585205078125,66.94200897216797,35.5780029296875,89.15258026123047
607,3,690.8749389648438,205.7134552001953,117.0780029296875,237.34388732910156
607,7,788.740966796875,56.58536911010742,28.94171142578125,75.12187576293945
607,6,637.1504516601562,68.29595947265625,34.97503662109375,87.82904052734375
608,3,692.2305908203125,209.07334899902344,119.8040771484375,237.6418914794922
608,7,787.354736328125,57.755897521972656,29.888671875,73.1099624633789
608,6,638.0450439453125,68.5167465209961,32.27685546875,87.43074798583984
609,3,691.9364013671875,211.18113708496094,124.43597412109375,239.6808319091797
609,7,786.5172119140625,58.9292106628418,30.66375732421875,71.25847244262695
609,6,634.4376220703125,70.03359985351562,33.97882080078125,90.82861328125
610,3,693.4482421875,212.6231689453125,126.92193603515625,245.49588012695312
610,7,785.6119995117188,58.45021057128906,30.9208984375,72.87950134277344
610,6,633.4155883789062,70.12406158447266,32.82659912109375,92.0558090209961
611,3,696.676025390625,215.16595458984375,129.293212890625,245.20660400390625
611,7,785.0515747070312,59.71683120727539,30.46063232421875,72.44250106811523
611,6,632.5028686523438,69.79790496826172,32.0660400390625,92.14385223388672
612,3,703.7628784179688,216.63966369628906,128.05908203125,244.0759735107422
612,6,629.3641357421875,69.76618194580078,33.44873046875,93.02666473388672
612,7,784.1286010742188,60.24425506591797,30.3714599609375,72.04366302490234
613,3,711.8269653320312,218.18972778320312,123.379150390625,242.71743774414062
613,6,624.2263793945312,69.81291198730469,36.96832275390625,92.48287963867188
613,7,783.32666015625,60.124542236328125,29.81549072265625,71.57554626464844
614,3,721.9668579101562,219.6659393310547,115.5528564453125,241.2171173095703
614,6,624.617431640625,70.06568145751953,34.74114990234375,96.3210678100586
614,7,782.3848266601562,59.89054489135742,29.60687255859375,71.95790481567383
615,3,735.5438842773438,220.62771606445312,108.6185302734375,240.1644287109375
615,6,617.4279174804688,70.14917755126953,40.2291259765625,98.3178939819336
615,7,781.2044677734375,59.49403762817383,28.40081787109375,72.19437789916992
616,3,745.2784423828125,221.50418090820312,103.538818359375,239.91461181640625
616,7,780.2821044921875,58.50443649291992,27.8994140625,73.79254531860352
616,6,613.6570434570312,69.17446899414062,42.464111328125,93.73965454101562
617,3,749.8071899414062,223.42271423339844,97.9697265625,238.6240997314453
617,6,611.4474487304688,69.58517456054688,44.5030517578125,95.30943298339844
617,7,779.0250854492188,57.445953369140625,28.0537109375,75.01315307617188
618,3,749.4038696289062,223.7159881591797,104.107421875,240.6514129638672
618,6,610.01416015625,69.85716247558594,45.51025390625,97.96873474121094
618,7,777.7744140625,58.028167724609375,27.89404296875,73.66908264160156
619,3,749.4403686523438,226.44992065429688,104.510986328125,249.40615844726562
619,6,608.4445190429688,70.66930389404297,45.25225830078125,97.10993194580078
619,7,776.6045532226562,58.19259262084961,27.68829345703125,72.74879837036133
620,3,748.590576171875,230.09767150878906,104.1627197265625,248.0799102783203
620,6,607.79638671875,71.2752685546875,43.84100341796875,95.52027893066406
620,7,774.2586059570312,58.710838317871094,29.0623779296875,73.2831039428711
621,3,748.3541870117188,234.09230041503906,103.89837646484375,243.6875762939453
621,6,604.5390014648438,70.84176635742188,45.0076904296875,96.29083251953125
621,7,771.1062622070312,59.4562873840332,31.5555419921875,75.0554313659668
622,3,747.962890625,237.32911682128906,105.6416015625,240.6173553466797
622,7,767.86474609375,60.42586135864258,33.3214111328125,75.92585372924805
622,6,603.0534057617188,71.1732406616211,43.749755859375,97.27066802978516
623,3,747.5077514648438,240.44833374023438,107.43121337890625,236.68045043945312
623,6,604.9397583007812,71.2732162475586,38.8314208984375,97.52603912353516
623,7,765.8855590820312,61.73353958129883,33.0025634765625,76.00371932983398
624,6,604.6339111328125,70.60824584960938,31.75244140625,100.56378173828125
624,7,767.1401977539062,63.65884780883789,29.0579833984375,73.22820663452148
624,3,750.3079833984375,246.0307159423828,105.12664794921875,231.1479949951172
625,6,601.7525634765625,70.59740447998047,33.12725830078125,97.6105728149414
625,7,766.5392456054688,62.238216400146484,28.67083740234375,76.41656875610352
625,3,753.2398071289062,250.75347900390625,102.56500244140625,226.09384155273438
626,6,596.9402465820312,71.4170913696289,35.8017578125,96.82588958740234
626,7,765.1373901367188,62.556365966796875,28.47576904296875,75.79154968261719
626,3,759.504150390625,252.8440704345703,96.367919921875,224.90394592285156
627,6,593.6076049804688,71.8087158203125,35.813720703125,96.27999877929688
627,7,763.9124755859375,62.26987838745117,28.55267333984375,74.53175735473633
627,3,769.2594604492188,258.25823974609375,86.3670654296875,218.98275756835938
628,6,588.148681640625,72.04899597167969,38.0428466796875,99.91014099121094
628,7,762.5191650390625,61.46339416503906,29.22265625,78.09217834472656
628,3,779.9183959960938,264.1757507324219,75.76666259765625,213.9061279296875
629,6,585.1083984375,72.96294403076172,40.26702880859375,105.83177947998047
629,7,762.1654052734375,59.84080123901367,28.8682861328125,76.20499038696289
629,3,791.3588256835938,271.3874816894531,64.243408203125,206.99325561523438
630,6,584.1505737304688,72.8692626953125,40.6151123046875,105.57305908203125
630,7,761.12939453125,59.96305847167969,29.28656005859375,76.06434631347656
630,3,801.7308349609375,273.45269775390625,53.86260986328125,204.08245849609375
631,6,583.2793579101562,73.1756362915039,38.33056640625,105.25154876708984
631,7,760.3502807617188,60.07129669189453,29.66302490234375,78.32323455810547
631,3,818.865966796875,292.922607421875,36.67578125,184.42495727539062
632,6,583.1025390625,72.4246597290039,35.4154052734375,106.60712432861328
632,7,759.4715576171875,60.29688262939453,29.8267822265625,83.23657989501953
632,3,822.7301635742188,300.1715087890625,32.78509521484375,177.05035400390625
633,6,582.366943359375,71.55683898925781,32.98956298828125,108.70697021484375
633,7,756.8594970703125,62.01711654663086,31.8067626953125,83.09488296508789
633,3,825.4027099609375,302.8619689941406,30.16265869140625,173.78790283203125
634,6,581.0820922851562,71.60176849365234,32.12841796875,107.79642486572266
634,7,755.5995483398438,64.54987335205078,31.2374267578125,75.00321197509766
634,3,824.6482543945312,310.0013427734375,30.98486328125,169.9986572265625
635,6,572.259033203125,71.78349304199219,39.1785888671875,110.07664489746094
635,7,754.6674194335938,65.7400894165039,31.265380859375,74.10938262939453
635,3,822.0210571289062,317.7492980957031,33.5013427734375,158.35302734375
636,6,567.0133666992188,72.32086181640625,42.79156494140625,104.78639221191406
636,7,754.5617065429688,66.25077056884766,29.85833740234375,74.0776596069336
637,6,568.587890625,73.96485900878906,40.0858154296875,108.10081481933594
637,7,752.4457397460938,65.65233612060547,31.228515625,79.51387786865234
637,3,821.7404174804688,344.6302795410156,33.85223388671875,134.54977416992188
638,6,557.58935546875,74.58295440673828,50.3485107421875,101.45270538330078
638,7,750.864990234375,65.98643493652344,31.4637451171875,81.83349609375
639,6,556.83203125,75.45909118652344,51.3421630859375,101.78974914550781
639,7,750.9429321289062,65.85867309570312,29.7149658203125,83.93058776855469
640,6,557.236328125,76.095458984375,48.68023681640625,110.48030090332031
640,7,749.2188110351562,66.36186981201172,29.94342041015625,83.29810333251953
641,6,547.1307373046875,76.4469985961914,56.632568359375,111.44562530517578
641,7,747.8886108398438,66.07469177246094,29.00982666015625,83.23440551757812
642,6,544.2737426757812,76.30367279052734,56.92864990234375,110.8391342163086
642,7,746.8285522460938,65.96026611328125,28.59429931640625,83.85098266601562
643,6,543.7889404296875,76.31349182128906,54.2393798828125,113.7757568359375
643,7,745.177734375,66.11236572265625,29.12445068359375,83.78549194335938
644,6,544.24951171875,76.35039520263672,46.76947021484375,113.12305450439453
644,7,741.7349853515625,65.80307006835938,30.6326904296875,82.7137451171875
645,7,739.3328247070312,67.32359313964844,31.75567626953125,81.52189636230469
645,6,548.4291381835938,76.0666275024414,38.31134033203125,108.8335952758789
646,6,547.8123168945312,75.80579376220703,34.3428955078125,114.25988006591797
646,7,739.02685546875,68.14371490478516,30.44671630859375,80.32367706298828
647,6,543.5226440429688,75.8679428100586,35.9716796875,112.84563446044922
647,7,742.8375244140625,69.47846221923828,24.7021484375,78.65367889404297
648,6,532.6788330078125,78.29032135009766,40.4703369140625,110.0515365600586
648,7,743.9706420898438,79.89200592041016,19.8602294921875,68.76679229736328
649,6,524.58056640625,79.4874038696289,46.47552490234375,114.28714752197266
649,7,742.5140380859375,82.22532653808594,19.8994140625,66.114013671875
650,6,520.364990234375,79.17020416259766,48.9683837890625,116.61487579345703
650,7,740.8375854492188,83.05501556396484,20.74493408203125,67.1196517944336
651,6,519.0262451171875,80.25139617919922,48.32867431640625,118.44751739501953
651,7,738.9033203125,82.15665435791016,21.55841064453125,68.91175079345703
652,6,521.6831665039062,80.46119689941406,42.92413330078125,120.03620910644531
652,7,739.5693969726562,82.5463638305664,19.51470947265625,67.76270294189453
653,6,521.5924072265625,79.05269622802734,38.0029296875,121.37586212158203
653,7,735.7937622070312,80.68013763427734,20.9564208984375,73.40418243408203
654,6,520.6442260742188,80.35588836669922,34.25341796875,118.8198013305664
655,6,519.244873046875,80.02989959716797,32.33343505859375,119.50116729736328
656,6,510.03741455078125,81.41136932373047,38.84814453125,121.16315460205078
656,7,733.3316650390625,67.54535675048828,22.18341064453125,51.25462341308594
657,6,501.9979248046875,81.35733795166016,46.4302978515625,116.37757110595703
657,7,732.8828125,69.1976547241211,22.2781982421875,51.175132751464844
658,6,495.10675048828125,83.17324829101562,52.34942626953125,117.31698608398438
658,7,733.1307983398438,69.27398681640625,21.6134033203125,52.8995361328125
659,6,488.8234558105469,83.85059356689453,56.678192138671875,115.24022674560547
659,7,732.4856567382812,69.27654266357422,21.7344970703125,53.70030212402344
660,6,483.70770263671875,84.92601776123047,59.104736328125,114.89652252197266
660,7,731.477783203125,69.89813232421875,22.0130615234375,53.434288024902344
661,6,480.6397399902344,86.23857116699219,58.312774658203125,116.0863037109375
661,7,711.4301147460938,72.12618255615234,40.89453125,53.358619689941406
662,6,478.58056640625,86.48670196533203,57.33770751953125,126.3385238647461
662,7,712.5033569335938,71.74838256835938,38.97332763671875,54.459617614746094
663,6,477.6727294921875,86.49947357177734,55.1634521484375,127.02825164794922
663,7,712.0745239257812,71.8060073852539,29.13525390625,69.9466323852539
664,6,477.8858337402344,86.47953796386719,49.344573974609375,126.30317687988281
664,7,711.388916015625,71.6294174194336,29.04736328125,71.01532745361328
665,6,481.0372009277344,85.46824645996094,40.169281005859375,129.71377563476562
665,7,709.8179931640625,69.72299194335938,31.23602294921875,72.66374206542969
666,6,481.3654479980469,85.57058715820312,35.155242919921875,125.08792114257812
666,7,708.8834838867188,67.54927062988281,39.6407470703125,75.56120300292969
667,6,476.6379089355469,84.84007263183594,36.030487060546875,128.56752014160156
667,7,706.8469848632812,68.2514419555664,45.67388916015625,75.2294692993164
668,6,469.5345458984375,86.29508209228516,38.652557373046875,128.54155731201172
668,7,705.7489624023438,85.4939956665039,17.04412841796875,56.47846221923828
669,6,455.53240966796875,87.24571990966797,49.815521240234375,128.32982635498047
669,7,702.3614501953125,85.65950012207031,20.27667236328125,62.87937927246094
670,6,449.0740966796875,89.39435577392578,55.91729736328125,127.47960662841797
670,7,694.8087158203125,85.831787109375,28.40667724609375,79.64161682128906
671,6,451.05377197265625,91.39212799072266,53.83233642578125,124.00865936279297
671,7,694.6984252929688,85.97576904296875,28.0020751953125,78.52488708496094
672,6,446.9932556152344,90.01400756835938,54.723846435546875,131.11277770996094
672,7,690.6015625,81.0239486694336,31.945068359375,86.43077850341797
673,6,446.5360412597656,90.39732360839844,48.889862060546875,132.39739990234375
673,7,692.9131469726562,75.65919494628906,30.7603759765625,92.25361633300781
674,6,446.8232727050781,90.08863830566406,43.484588623046875,132.06622314453125
674,7,692.0310668945312,75.36341094970703,30.78814697265625,92.93236541748047
675,6,441.9648132324219,88.44976806640625,39.4649658203125,134.16136169433594
675,7,693.135498046875,76.01644134521484,28.9627685546875,91.9686050415039
676,6,432.1579284667969,87.75853729248047,43.93609619140625,135.32723236083984
676,7,692.4409790039062,74.84967803955078,29.3980712890625,93.30997467041016
677,6,420.91607666015625,88.48615264892578,53.554779052734375,138.15035247802734
677,7,692.5048828125,74.4457015991211,29.4197998046875,92.7169418334961
678,6,412.37298583984375,89.1998062133789,61.524749755859375,139.66214752197266
678,7,690.839111328125,74.29520416259766,30.98291015625,93.78076934814453
678,8,640.4873046875,24.658714294433594,12.240478515625,27.13513946533203
679,6,404.40509033203125,90.35501098632812,68.35763549804688,140.5011444091797
679,7,689.423583984375,73.87300872802734,31.97137451171875,94.03107452392578
679,8,641.0558471679688,24.85369873046875,12.6444091796875,27.44857406616211
680,6,398.5284118652344,91.69994354248047,73.33139038085938,140.01392364501953
680,7,688.4412231445312,74.08942413330078,32.67156982421875,94.20783233642578
680,8,641.6128540039062,25.352428436279297,13.10052490234375,25.904125213623047
681,6,394.1426696777344,92.23674774169922,74.23248291015625,139.91141510009766
681,7,686.9544067382812,73.58262634277344,34.900390625,97.09046936035156
682,6,391.2239074707031,92.97822570800781,72.44967651367188,141.7657012939453
682,7,685.69287109375,74.38339233398438,36.56329345703125,98.18276977539062
683,6,385.2779541015625,92.44987487792969,73.14389038085938,144.17225646972656
683,7,683.9646606445312,74.94577026367188,38.5699462890625,97.153564453125
684,6,383.6749267578125,92.02748107910156,69.02337646484375,144.2713165283203
684,7,682.6259765625,75.8341293334961,39.91650390625,94.9457778930664
685,6,383.2012023925781,91.40029907226562,62.41156005859375,145.32374572753906
685,7,682.289306640625,76.51658630371094,38.9364013671875,92.91659545898438
686,6,386.75811767578125,89.65010070800781,51.633087158203125,146.3127899169922
686,7,679.6318359375,76.47787475585938,41.09759521484375,96.13523864746094
687,6,392.0303955078125,89.94486236572266,39.69354248046875,146.12532806396484
687,7,678.7208251953125,76.01417541503906,42.0198974609375,98.83023071289062
688,6,386.8591613769531,88.58895111083984,40.962005615234375,148.7369613647461
688,7,678.376953125,75.64080047607422,40.07666015625,100.14591217041016
689,6,369.6788024902344,89.364013671875,54.876220703125,149.16270446777344
689,7,677.2274169921875,75.49730682373047,39.13726806640625,100.61449432373047
690,6,359.4066162109375,93.89108276367188,63.709716796875,145.25363159179688
690,7,677.5673217773438,75.38003540039062,35.756591796875,99.9482421875
691,6,354.66717529296875,96.06238555908203,68.71194458007812,143.93706512451172
691,7,675.5269165039062,76.25102996826172,36.9869384765625,99.89240264892578
692,7,675.3333129882812,75.74475860595703,35.32537841796875,99.17493438720703
692,6,349.5389099121094,96.57367706298828,73.68563842773438,144.89640045166016
693,7,673.0137939453125,76.58016967773438,36.18646240234375,99.24644470214844
693,6,347.11810302734375,95.96928405761719,75.02505493164062,147.12501525878906
694,7,669.7644653320312,77.48692321777344,38.7960205078125,98.40382385253906
694,6,347.5229187011719,95.42269897460938,69.80194091796875,149.24142456054688
695,7,663.3804321289062,78.39128112792969,43.4439697265625,98.11894226074219
695,6,347.74737548828125,95.21334838867188,62.85009765625,149.4091033935547
696,7,657.8616943359375,79.73794555664062,45.68408203125,99.00566101074219
696,6,343.300048828125,95.04736328125,47.124755859375,150.71974182128906
697,7,658.3787841796875,80.5301284790039,42.95684814453125,99.82274627685547
697,6,335.2602233886719,94.99393463134766,48.200531005859375,152.52428436279297
698,7,658.3385620117188,79.84075927734375,41.17333984375,101.05499267578125
698,6,323.7231750488281,96.37745666503906,57.67266845703125,153.59732055664062
699,7,658.4347534179688,79.61286163330078,39.6776123046875,101.23004913330078
699,6,313.9985046386719,97.4647445678711,65.5772705078125,155.66019439697266
700,7,658.5849609375,79.51081085205078,38.31488037109375,102.1901626586914
700,6,305.7030944824219,99.37916564941406,69.97683715820312,155.61354064941406
701,6,297.9326171875,100.38883209228516,75.7484130859375,155.82848358154297
701,7,658.8485717773438,79.42154693603516,36.5233154296875,102.07608795166016
702,6,291.0184631347656,101.88765716552734,78.22866821289062,156.42926788330078
702,7,658.8572387695312,78.6777114868164,35.97186279296875,102.9097671508789
703,7,657.7532348632812,78.35986328125,36.02008056640625,103.35447692871094
703,6,287.50836181640625,103.2481689453125,79.59353637695312,156.25018310546875
704,6,284.9073486328125,103.27798461914062,77.86807250976562,158.40737915039062
704,7,655.9196166992188,77.28224182128906,37.1248779296875,105.124267578125
705,6,282.7445068359375,103.00848388671875,70.31314086914062,159.73648071289062
705,7,654.6492919921875,77.87981414794922,37.9388427734375,104.65192413330078
706,6,284.46026611328125,102.52117156982422,58.553375244140625,160.04068756103516
706,7,652.8875732421875,78.88215637207031,39.6826171875,105.11619567871094
707,6,286.0614929199219,101.55770111083984,45.30487060546875,161.5486831665039
707,7,650.445556640625,80.01123809814453,41.2431640625,106.22191619873047
708,7,649.1304931640625,80.74322509765625,41.4364013671875,108.23721313476562
708,6,282.9298095703125,100.6690673828125,38.023284912109375,162.37921142578125
709,7,646.6542358398438,81.2716064453125,43.01556396484375,107.53825378417969
709,6,274.74786376953125,101.3221435546875,42.2396240234375,161.63278198242188
710,7,645.1567993164062,81.93021392822266,43.67095947265625,108.09593963623047
710,6,258.8813171386719,103.29078674316406,56.7716064453125,162.3528289794922
711,7,643.0410766601562,82.14279174804688,44.95611572265625,109.21090698242188
711,6,241.77944946289062,104.1754150390625,73.637939453125,163.19631958007812
712,7,642.6892700195312,82.58399200439453,44.75146484375,107.39208221435547
712,6,231.56578063964844,106.6123275756836,84.05323791503906,163.15375518798828
713,7,641.224609375,82.89566040039062,44.231689453125,108.21173095703125
713,6,223.10394287109375,107.92042541503906,92.13714599609375,166.21510314941406
714,7,640.5449829101562,82.6324462890625,43.8106689453125,108.58723449707031
714,6,223.9599609375,109.42174530029297,89.7666015625,165.51319122314453
715,7,640.0195922851562,82.37870788574219,42.26123046875,107.88514709472656
715,6,224.3542938232422,109.90501403808594,85.55543518066406,167.84095764160156
716,6,225.0963897705078,110.73410034179688,77.22462463378906,168.70330810546875
716,7,639.5743408203125,81.48900604248047,40.9237060546875,108.59416961669922
717,6,225.12203979492188,111.13279724121094,66.6236572265625,168.83494567871094
717,7,638.4307250976562,81.17483520507812,41.28900146484375,108.97758483886719
718,6,223.71266174316406,109.19307708740234,55.62373352050781,170.21363067626953
718,7,637.993408203125,80.98946380615234,39.772705078125,109.11763763427734
719,7,637.2844848632812,81.52552795410156,39.4176025390625,110.89448547363281
719,6,215.87525939941406,111.43986511230469,50.30924987792969,168.3454132080078
720,6,190.33880615234375,110.32600402832031,60.67448425292969,178.0293426513672
720,7,624.4095458984375,83.12895202636719,48.7095947265625,111.99960327148438
721,6,174.80911254882812,112.6441879272461,77.14401245117188,180.48371124267578
721,7,622.1198120117188,84.15029907226562,48.8868408203125,111.66256713867188
722,7,621.23486328125,85.25326538085938,47.19805908203125,111.48521423339844
722,6,164.6438446044922,114.88935089111328,87.40272521972656,179.05452728271484
723,6,157.32969665527344,117.87442016601562,92.07606506347656,178.03140258789062
723,7,621.5723266601562,85.19518280029297,45.30523681640625,113.83084869384766
724,7,620.8348388671875,86.1312026977539,44.27471923828125,113.95731353759766
724,6,150.3760528564453,119.78366088867188,97.78556823730469,179.11904907226562
725,6,145.34974670410156,121.12400817871094,97.23226928710938,179.8780975341797
725,7,621.5608520507812,85.87837982177734,42.57672119140625,114.25127410888672
726,6,142.37600708007812,121.92144012451172,90.11325073242188,180.95487213134766
726,7,621.4544067382812,85.47252655029297,41.61907958984375,114.5996322631836
727,6,142.25985717773438,121.76970672607422,78.17494201660156,181.18903350830078
727,7,620.9196166992188,84.5512924194336,40.3443603515625,116.24329376220703
728,7,619.3316650390625,84.05431365966797,40.918212890625,116.93897247314453
728,6,144.11514282226562,122.26667785644531,61.85786437988281,180.5504913330078
729,7,617.4619140625,84.23873138427734,42.4539794921875,117.15479278564453
729,6,140.7907257080078,121.73080444335938,49.88218688964844,181.2149658203125
730,7,615.2447509765625,84.40457153320312,43.994384765625,116.79008483886719
730,6,133.06629943847656,123.0866928100586,49.72605895996094,180.5038833618164
731,7,613.01318359375,85.20166778564453,45.593994140625,116.7313003540039
731,6,124.00614166259766,124.15423583984375,59.38312530517578,179.72775268554688
732,7,610.5423583984375,85.71513366699219,46.75457763671875,119.40927124023438
732,6,106.76935577392578,126.19629669189453,76.54656219482422,178.88973236083984
733,7,609.0069580078125,86.88304901123047,47.829345703125,121.63300323486328
733,6,89.26322937011719,128.9327850341797,94.17378234863281,181.2650604248047
734,7,607.8421020507812,87.92818450927734,48.241943359375,122.95806121826172
734,6,83.24913787841797,131.4596710205078,99.30921173095703,182.20045471191406
735,7,606.4697875976562,89.19778442382812,48.67279052734375,121.80178833007812
735,6,79.09894561767578,132.22402954101562,102.4503402709961,183.85552978515625
736,7,605.0034790039062,89.72161102294922,49.025634765625,123.96587371826172
736,6,77.48054504394531,133.36380004882812,98.10523986816406,183.44552612304688
737,7,603.3677368164062,89.80220794677734,49.35345458984375,124.69600677490234
737,6,74.03694152832031,134.40586853027344,91.33024597167969,184.35337829589844
738,7,602.8921508789062,89.7586441040039,48.79730224609375,125.34355926513672
738,6,68.33229064941406,135.7087860107422,84.14292907714844,175.50108337402344
739,7,602.5784301757812,91.2171859741211,47.547119140625,125.40076446533203
739,6,61.973018646240234,135.14537048339844,75.9864387512207,178.3641815185547
740,7,602.1636962890625,90.55622863769531,46.11602783203125,126.13740539550781
740,6,55.29298400878906,135.67405700683594,60.68010711669922,178.0542449951172
741,7,600.8074340820312,89.50762939453125,45.78363037109375,126.46788024902344
741,6,44.14070129394531,137.22125244140625,59.712928771972656,187.32577514648438
742,7,599.7861938476562,89.27757263183594,45.05120849609375,126.40301513671875
742,6,27.38361930847168,138.3546600341797,79.79248237609863,193.58396911621094
743,7,598.6660766601562,89.54558563232422,44.768798828125,125.5636215209961
743,6,11.366138458251953,140.11436462402344,97.05729293823242,194.9362335205078
744,7,592.1908569335938,90.1834716796875,49.031982421875,127.30915832519531
744,6,0.36200830340385437,145.22348022460938,104.54218938946724,192.56649780273438
745,7,587.710205078125,91.33219146728516,51.5413818359375,127.6829605102539
745,6,0.00394396809861064,147.65927124023438,101.16572613688186,191.74642944335938
746,7,583.1353759765625,92.81002044677734,53.87799072265625,129.70023345947266
746,6,0.0,149.01966857910156,93.15199279785156,194.9447479248047
747,7,582.0966796875,94.4015121459961,53.68572998046875,128.39168548583984
747,6,0.0,150.2253875732422,78.65101623535156,192.04432678222656
748,7,581.2969970703125,94.95755767822266,52.18206787109375,130.6686782836914
748,6,0.0582309290766716,153.8773193359375,62.43067974597216,186.99581909179688
749,7,582.9739990234375,96.07987976074219,48.5966796875,129.9973907470703
749,6,0.10841064900159836,173.08413696289062,46.18741912394762,169.317138671875
750,7,583.7144165039062,96.01737976074219,46.0609130859375,131.8243408203125
750,6,0.05008278414607048,179.34693908691406,28.568865198642015,164.1898956298828
751,7,583.9414672851562,96.10490417480469,43.81475830078125,131.44775390625
751,6,0.0,193.51405334472656,22.96666717529297,145.58470153808594
752,7,581.8118896484375,95.65709686279297,44.12078857421875,131.9059829711914
752,6,0.056038275361061096,272.90301513671875,22.879432305693626,70.16741943359375
753,7,580.2630615234375,95.04638671875,44.615234375,132.1807098388672
753,6,0.10176126658916473,285.820556640625,24.414352014660835,58.932342529296875
754,7,578.269775390625,94.96336364746094,46.1171875,132.79150390625
754,6,0.010035945102572441,294.7386169433594,23.91123824007809,50.7464599609375
755,7,576.0496215820312,95.01887512207031,48.031494140625,133.09689331054688
755,6,0.05351398512721062,296.6891784667969,21.91503955796361,50.053314208984375
756,7,574.468017578125,94.88126373291016,48.73138427734375,135.10918426513672
756,6,0.19955113530158997,297.3150939941406,16.78724429011345,49.867218017578125
757,7,571.8460083007812,96.00701141357422,51.142578125,134.58130645751953
758,7,570.3455200195312,97.53134155273438,52.54425048828125,139.68141174316406
759,7,568.3701782226562,99.08941650390625,53.12847900390625,140.47193908691406
760,7,565.3887939453125,100.905517578125,55.11724853515625,140.54574584960938
761,7,564.2843017578125,102.00595092773438,55.6749267578125,141.89755249023438
762,7,562.6080322265625,102.82340240478516,56.3656005859375,143.9819107055664
763,7,560.9989013671875,103.26873016357422,57.2333984375,143.3871841430664
764,7,560.6504516601562,103.42153930664062,56.17486572265625,144.1825714111328
765,7,560.3607177734375,103.19297790527344,54.44366455078125,144.4013671875
766,7,559.9605712890625,102.7786865234375,53.61651611328125,144.2607879638672
767,7,559.6497192382812,102.26055145263672,52.9747314453125,144.5167465209961
768,7,559.6062622070312,101.82235717773438,50.177734375,146.66650390625
769,7,553.8240356445312,102.56168365478516,54.92333984375,148.53067779541016
770,7,550.067138671875,103.82239532470703,57.99884033203125,147.71129608154297
771,7,548.9559936523438,105.23680114746094,57.29998779296875,148.61724853515625
772,7,549.2388916015625,106.33091735839844,54.92425537109375,149.4698944091797
773,7,548.4685668945312,107.34514617919922,54.428955078125,150.49738311767578
774,7,548.3006591796875,107.75687408447266,53.346435546875,153.95296478271484
775,7,548.3360595703125,108.20287322998047,51.6092529296875,155.44290924072266
776,7,546.9051513671875,107.20590209960938,52.4036865234375,156.24932861328125
777,7,544.1466064453125,106.8852310180664,54.195068359375,156.6338119506836
778,7,542.910400390625,106.98077392578125,53.92120361328125,155.78448486328125
779,7,541.6087646484375,106.52644348144531,54.8775634765625,156.10191345214844
780,7,539.340087890625,106.85829162597656,56.5113525390625,157.02479553222656
781,7,538.0856323242188,107.29217529296875,57.983642578125,156.42623901367188
782,7,536.8502197265625,108.07112121582031,59.569580078125,160.44740295410156
783,7,535.7070922851562,109.36187744140625,61.17779541015625,164.0396728515625
784,7,534.6090698242188,111.07624053955078,62.027099609375,163.29561614990234
785,7,533.4846801757812,113.06539154052734,63.3280029296875,165.3128433227539
786,7,532.8404541015625,114.2198257446289,63.65386962890625,166.50884246826172
787,7,532.2808837890625,115.32735443115234,63.56182861328125,167.83045196533203
788,7,532.1838989257812,116.0153579711914,63.1468505859375,168.58379364013672
789,7,532.189453125,115.98468017578125,62.15924072265625,169.1416015625
790,7,532.0819091796875,115.73602294921875,61.2630615234375,169.78466796875
791,7,532.0476684570312,115.251708984375,60.76934814453125,170.5948486328125
792,7,531.989990234375,115.17799377441406,59.1676025390625,170.28526306152344
793,7,531.3516845703125,115.42474365234375,59.48626708984375,170.12371826171875
794,7,529.4187622070312,116.21244049072266,60.98712158203125,170.20592498779297
795,7,527.7978515625,117.3551025390625,63.0096435546875,172.967529296875
796,7,524.951416015625,119.2536849975586,65.49591064453125,176.36975860595703
797,7,520.9039306640625,121.09544372558594,69.53070068359375,178.3269500732422
798,7,520.2352905273438,122.69136047363281,68.929443359375,178.3767852783203
799,7,523.4537963867188,124.57799530029297,65.4720458984375,178.66822052001953
800,7,521.7840576171875,126.15098571777344,66.46551513671875,181.9037628173828
801,7,524.364013671875,126.79730224609375,62.81103515625,184.04226684570312
802,7,523.8263549804688,126.76980590820312,62.39971923828125,185.62661743164062
803,7,522.5346069335938,126.91217041015625,63.24334716796875,186.20443725585938
804,7,521.0304565429688,126.40347290039062,64.22259521484375,186.447265625
805,7,520.5880737304688,126.1270523071289,64.9207763671875,186.69597625732422
806,7,520.106201171875,126.57838439941406,66.05218505859375,185.98924255371094
807,7,520.0324096679688,127.39599609375,67.6802978515625,184.46429443359375
808,7,519.5280151367188,128.0393524169922,68.79339599609375,186.97898864746094
809,7,518.8489990234375,129.89637756347656,70.010498046875,192.9540252685547
810,7,519.5557861328125,132.6761016845703,70.52215576171875,196.3073272705078
811,7,519.306640625,134.8463134765625,71.338134765625,198.21240234375
812,7,519.443603515625,137.32298278808594,72.265380859375,199.5409698486328
813,7,519.9909057617188,138.72491455078125,72.29644775390625,202.66830444335938
814,7,520.4038696289062,140.0098419189453,71.947021484375,204.1090850830078
815,7,521.0264892578125,140.9477081298828,72.245849609375,204.15000915527344
816,7,522.9850463867188,141.23789978027344,73.09033203125,204.8901824951172
817,7,523.6888427734375,140.99195861816406,73.3223876953125,204.8849639892578
818,7,523.8041381835938,141.07142639160156,75.07318115234375,205.0308074951172
819,7,524.1588745117188,141.45558166503906,74.9376220703125,204.22337341308594
820,7,524.370361328125,142.62802124023438,76.07196044921875,203.627685546875
821,7,524.4437255859375,144.78944396972656,77.2408447265625,208.6020050048828
822,7,524.5536499023438,147.71145629882812,77.18243408203125,214.37939453125
823,7,524.4147338867188,150.92156982421875,78.51739501953125,217.36297607421875
824,7,523.542236328125,153.7381591796875,79.91424560546875,220.35540771484375
825,7,524.1304931640625,156.13861083984375,78.93499755859375,221.90682983398438
826,7,524.3156127929688,157.9038543701172,78.50897216796875,225.58384704589844
827,7,524.2568359375,159.2868194580078,79.1875,226.4237518310547
828,7,523.5774536132812,159.61109924316406,79.83251953125,227.12937927246094
829,7,523.6400146484375,159.6215362548828,79.915283203125,228.0216827392578
830,7,523.6935424804688,159.64447021484375,80.064697265625,228.14239501953125
831,7,524.3843383789062,159.72134399414062,80.01416015625,228.15890502929688
832,7,524.3590087890625,159.98724365234375,80.9027099609375,228.02117919921875
833,7,524.788330078125,160.76361083984375,81.682861328125,227.59954833984375
834,7,524.963623046875,162.12669372558594,83.2779541015625,228.37989807128906
835,7,525.0864868164062,163.8853302001953,84.24920654296875,238.2906036376953
836,7,525.945068359375,167.35076904296875,84.0367431640625,243.14682006835938
837,7,527.0943603515625,171.27667236328125,84.25726318359375,248.55303955078125
838,7,528.679443359375,174.8238525390625,84.03631591796875,245.54647827148438
839,7,529.9602661132812,177.6363983154297,83.70587158203125,251.3899688720703
840,7,532.6048583984375,181.62384033203125,84.3536376953125,256.7783203125
