0,1,783.559326171875,249.71951293945312,72.0755615234375,227.84368896484375
1,1,780.6856079101562,245.4080810546875,75.01544189453125,231.83062744140625
2,1,769.2125244140625,239.52566528320312,86.66485595703125,237.62750244140625
3,1,770.2071533203125,234.606689453125,85.3759765625,242.74990844726562
4,1,763.403076171875,232.135009765625,92.3212890625,245.1773681640625
5,1,741.138427734375,228.47067260742188,114.6256103515625,248.79574584960938
6,1,748.1798706054688,223.5154571533203,107.39202880859375,253.64598083496094
7,1,751.0740356445312,221.4506378173828,104.663818359375,254.86830139160156
8,1,751.3900756835938,217.31285095214844,104.06622314453125,261.1245880126953
9,1,749.0115356445312,211.60586547851562,104.667236328125,265.6206970214844
10,1,746.9468383789062,205.2839813232422,101.82012939453125,267.9228057861328
11,1,733.650634765625,200.6507110595703,110.94818115234375,271.1067352294922
12,1,729.5482788085938,197.47962951660156,109.30194091796875,274.1428680419922
13,1,717.8253173828125,195.7488250732422,116.00689697265625,275.3420867919922
14,1,699.1986083984375,194.35281372070312,129.4058837890625,276.4222412109375
15,1,702.324951171875,193.65457153320312,120.79229736328125,277.02679443359375
16,1,696.9735717773438,192.16261291503906,120.15753173828125,275.91114807128906
17,1,698.544189453125,189.6844024658203,112.82073974609375,272.03651428222656
18,1,688.7836303710938,186.8505096435547,116.0626220703125,268.99317932128906
19,1,692.1681518554688,184.49949645996094,107.1209716796875,263.87879943847656
20,1,691.2653198242188,180.79017639160156,103.18328857421875,257.23033142089844
21,1,691.898681640625,176.51327514648438,97.7728271484375,249.04318237304688
22,1,692.5453491210938,173.21197509765625,92.656005859375,240.591552734375
23,1,691.6654052734375,168.79197692871094,89.2918701171875,241.37376403808594
24,1,689.0607299804688,166.8662872314453,88.3985595703125,244.5696563720703
25,1,690.8374633789062,166.63626098632812,81.1318359375,243.52835083007812
26,1,687.623046875,165.6025848388672,78.98760986328125,243.9351043701172
27,1,685.9864501953125,164.3839111328125,77.53204345703125,243.44091796875
28,1,681.562255859375,162.66238403320312,76.3948974609375,242.30282592773438
29,1,678.4421997070312,161.534423828125,75.83209228515625,239.25543212890625
30,1,672.5045776367188,159.4128875732422,77.2138671875,237.3114776611328
31,1,669.5046997070312,157.62937927246094,78.00146484375,235.05934143066406
32,1,667.5147705078125,155.45645141601562,76.90185546875,227.99813842773438
33,1,664.1983032226562,152.05491638183594,74.51531982421875,217.6875457763672
34,1,660.6886596679688,147.6207733154297,76.0897216796875,212.94154357910156
35,1,657.261962890625,146.4032440185547,75.864013671875,211.8124237060547
36,1,652.4064331054688,144.096923828125,76.736083984375,214.08200073242188
37,1,643.395263671875,143.7707977294922,82.06378173828125,214.32493591308594
38,1,633.2846069335938,143.26278686523438,89.80352783203125,215.07241821289062
39,1,627.7694091796875,142.96597290039062,91.965576171875,214.06491088867188
40,1,623.9633178710938,143.16600036621094,90.9000244140625,211.6643524169922
41,1,623.9402465820312,141.68038940429688,86.00341796875,210.39566040039062
42,1,624.3819580078125,140.58729553222656,80.8162841796875,208.79026794433594
43,1,625.5776977539062,138.33253479003906,75.26605224609375,204.2748565673828
44,1,624.3635864257812,135.94427490234375,72.70733642578125,197.16839599609375
45,1,623.86328125,133.25843811035156,70.5174560546875,193.57701110839844
46,1,622.7879638671875,130.65374755859375,68.1004638671875,191.11349487304688
47,1,621.8323974609375,128.37643432617188,65.86871337890625,192.02706909179688
48,1,616.5833129882812,127.20407104492188,65.4725341796875,193.13796997070312
49,1,614.1607055664062,127.41748809814453,63.27001953125,191.4935531616211
50,1,612.083740234375,127.12554931640625,62.5323486328125,189.95816040039062
51,1,610.2567138671875,126.4029769897461,61.33819580078125,189.02738189697266
52,1,607.9249267578125,126.5543212890625,61.128173828125,187.61215209960938
53,1,606.7092895507812,125.19328308105469,59.73565673828125,186.4016571044922
54,1,604.7910766601562,123.47412109375,60.0189208984375,183.58737182617188
55,1,603.3284912109375,122.66251373291016,59.3670654296875,168.33104705810547
56,1,601.9185180664062,120.01460266113281,58.4840087890625,170.8411102294922
57,1,600.4004516601562,116.53346252441406,58.9556884765625,172.30076599121094
58,1,596.7996215820312,114.81871032714844,61.077392578125,173.0430450439453
59,1,591.4041748046875,114.49653625488281,64.7274169921875,173.06227111816406
60,1,584.9439086914062,114.54487609863281,69.21099853515625,173.17112731933594
61,1,581.9353637695312,114.47673797607422,70.08599853515625,172.20618438720703
62,1,581.314453125,113.82142639160156,68.73358154296875,171.55445861816406
63,1,577.8345336914062,114.17627716064453,71.26580810546875,169.87670135498047
64,1,580.91552734375,113.091064453125,65.840087890625,167.54620361328125
65,1,583.51416015625,112.30841827392578,61.303955078125,167.69222259521484
66,1,582.3797607421875,111.48786926269531,60.388671875,163.86793518066406
67,1,582.6822509765625,109.7214584350586,59.12872314453125,160.09000396728516
68,1,583.228271484375,107.261962890625,57.46044921875,157.08499145507812
69,1,584.3972778320312,105.56371307373047,54.8369140625,155.69562530517578
70,1,583.6478271484375,104.89370727539062,54.86419677734375,155.69720458984375
71,1,583.291259765625,104.33586120605469,54.43939208984375,156.74952697753906
72,1,582.620849609375,104.82849884033203,52.73541259765625,157.31136322021484
73,1,582.900634765625,105.22154998779297,51.56329345703125,155.52869415283203
74,1,582.547119140625,104.8916244506836,51.69207763671875,154.67081451416016
75,1,584.432861328125,104.75122833251953,50.620361328125,153.02901458740234
76,1,584.946533203125,104.57086944580078,50.14093017578125,148.37728118896484
77,1,585.4991455078125,103.71627807617188,49.89031982421875,146.29580688476562
78,1,587.0565795898438,101.73684692382812,48.30255126953125,142.62013244628906
79,1,587.3565063476562,100.21156311035156,48.83026123046875,142.17955017089844
80,1,586.8046875,99.56134796142578,50.00640869140625,143.3390884399414
81,1,589.9378051757812,99.2947769165039,47.659912109375,144.31604766845703
82,1,590.3278198242188,98.70584106445312,48.30291748046875,144.60379028320312
83,1,590.8882446289062,99.30378723144531,48.0625,144.1556396484375
84,1,591.775390625,99.54096221923828,47.93841552734375,143.00749969482422
85,1,592.3545532226562,99.51775360107422,48.2750244140625,142.16214752197266
86,1,594.28564453125,99.1116714477539,47.6654052734375,141.48455047607422
87,1,596.8805541992188,98.11040496826172,45.21783447265625,128.75896453857422
88,1,598.4208984375,97.8852767944336,44.04010009765625,125.76026153564453
89,1,599.6594848632812,94.90019989013672,42.96173095703125,134.2223892211914
90,1,600.3641967773438,92.76724243164062,43.841796875,135.23574829101562
91,1,602.1436767578125,91.16992950439453,42.16937255859375,133.0363998413086
92,1,603.7418212890625,90.27316284179688,41.3348388671875,131.76646423339844
93,1,603.7186279296875,89.71540832519531,42.76129150390625,134.3354034423828
94,1,604.37939453125,90.43658447265625,43.185302734375,131.638671875
95,1,606.2424926757812,90.57978057861328,42.30023193359375,129.96422576904297
96,1,603.5953979492188,90.08367919921875,48.30889892578125,131.593017578125
97,1,605.0482177734375,89.9217758178711,48.9617919921875,130.55892181396484
98,1,608.425537109375,89.15579986572266,46.653076171875,130.7890396118164
99,1,611.312255859375,88.6539535522461,45.4337158203125,128.7804946899414
100,1,613.1551513671875,87.5952377319336,44.1087646484375,124.30072784423828
101,1,617.1953735351562,84.46263122558594,41.85662841796875,123.97956848144531
102,1,618.8741455078125,84.21841430664062,42.1729736328125,124.15542602539062
103,1,621.068359375,82.08130645751953,42.58746337890625,124.90323638916016
104,1,623.6715698242188,82.49551391601562,41.30682373046875,123.50883483886719
105,1,624.802490234375,83.24296569824219,41.73529052734375,122.62649536132812
106,1,625.983154296875,84.23969268798828,41.71221923828125,121.11504364013672
107,1,626.6953125,84.25162506103516,42.148193359375,121.60669708251953
108,1,628.98486328125,83.80052185058594,41.7421875,120.16412353515625
108,2,825.994873046875,396.7008972167969,29.63824462890625,80.74063110351562
109,1,630.8895263671875,83.26588439941406,40.79248046875,117.88465881347656
109,2,820.1232299804688,388.25421142578125,35.49859619140625,87.844482421875
110,1,632.2664794921875,82.75691223144531,39.70477294921875,78.40638732910156
110,2,819.4500732421875,381.75653076171875,36.23675537109375,94.883544921875
111,1,633.0431518554688,81.56217193603516,39.26123046875,84.81629180908203
111,2,819.8748779296875,340.4840087890625,35.7938232421875,133.67648315429688
112,1,632.7272338867188,80.34548950195312,40.736328125,105.44888305664062
112,2,819.2799682617188,321.88702392578125,36.28179931640625,152.67282104492188
113,1,633.7673950195312,79.47876739501953,41.43377685546875,102.44554901123047
113,2,821.5144653320312,302.1913757324219,34.11944580078125,175.21588134765625
114,1,638.1192626953125,79.28975677490234,37.42181396484375,109.00470733642578
114,2,814.71044921875,269.90838623046875,41.0233154296875,205.01531982421875
115,1,639.7206420898438,80.22917175292969,37.487060546875,108.39222717285156
115,2,806.250732421875,243.9021453857422,49.3985595703125,230.75331115722656
116,2,784.8790283203125,200.59329223632812,70.7528076171875,272.8741455078125
116,1,641.7504272460938,80.76826477050781,36.4246826171875,111.191650390625
117,2,759.9103393554688,198.36126708984375,95.82574462890625,275.1801452636719
117,1,642.5092163085938,80.53825378417969,36.502197265625,109.16351318359375
118,2,744.0400390625,198.27725219726562,111.7239990234375,273.7471008300781
118,1,644.908935546875,80.88666534423828,35.15264892578125,107.9686508178711
119,2,733.1072998046875,199.39730834960938,122.5301513671875,271.818359375
119,1,646.3865966796875,80.5106430053711,35.54119873046875,109.12207794189453
119,3,842.8106079101562,163.28048706054688,12.90478515625,86.45863342285156
120,2,724.0027465820312,197.0955047607422,131.4139404296875,266.4388885498047
120,1,649.3737182617188,79.95372772216797,38.12091064453125,106.99903106689453
120,3,826.9928588867188,177.7477569580078,29.00714111328125,215.12623596191406
121,2,722.3895874023438,195.32827758789062,129.72247314453125,259.7230529785156
121,1,648.548095703125,78.96270751953125,40.52978515625,110.49671936035156
121,3,819.379150390625,162.6510009765625,35.8785400390625,251.71871948242188
121,4,820.2117309570312,162.68788146972656,35.3831787109375,106.74391174316406
122,2,721.7022705078125,193.28814697265625,122.87811279296875,261.9485168457031
122,1,649.6322021484375,78.57559967041016,41.07257080078125,109.29199981689453
122,3,808.40771484375,162.2496795654297,46.8463134765625,259.3769073486328
123,2,722.2005615234375,188.3998565673828,112.0107421875,261.10435485839844
123,1,651.4983520507812,78.54507446289062,41.12554931640625,107.51751708984375
123,3,802.7449340820312,161.07492065429688,52.468505859375,258.14471435546875
124,2,722.031005859375,184.02706909179688,101.08819580078125,252.20736694335938
124,1,655.3797607421875,77.91144561767578,39.768310546875,107.38129425048828
124,3,792.4139404296875,160.1205291748047,62.53564453125,256.34153747558594
125,2,720.6672973632812,179.52542114257812,89.99993896484375,251.62158203125
125,1,658.9445190429688,77.56022644042969,37.52716064453125,107.80252075195312
125,3,778.9356079101562,158.27908325195312,74.75189208984375,258.1430358886719
126,2,721.7520751953125,176.1703338623047,87.2431640625,254.5620574951172
126,1,661.9901123046875,77.40951538085938,36.3123779296875,107.41464233398438
126,3,771.5353393554688,155.67633056640625,76.8118896484375,257.4955139160156
127,2,725.019287109375,173.25973510742188,78.16796875,256.7568664550781
127,1,664.392333984375,76.7043685913086,35.76800537109375,109.29785919189453
127,3,766.2998046875,152.55978393554688,76.7930908203125,242.63320922851562
128,2,720.0308837890625,172.95913696289062,75.10394287109375,258.34259033203125
128,1,666.1213989257812,76.47569274902344,35.77069091796875,107.34071350097656
128,3,762.6869506835938,148.3587646484375,75.79229736328125,236.9818115234375
129,2,704.833251953125,170.8249969482422,83.774169921875,258.20860290527344
129,1,666.6367797851562,77.4074478149414,37.02764892578125,106.08411407470703
129,3,758.928955078125,146.4741973876953,71.3087158203125,234.1793670654297
130,2,687.8745727539062,171.01974487304688,95.173095703125,258.27001953125
130,1,668.0294799804688,77.64533996582031,37.0313720703125,103.50042724609375
130,3,754.7830200195312,143.9945068359375,71.44671630859375,237.57638549804688
131,2,678.0602416992188,170.1055908203125,97.57421875,258.1636962890625
131,1,670.1849975585938,77.60763549804688,36.14788818359375,103.10630798339844
131,3,757.8662719726562,142.8190460205078,65.2122802734375,238.7107391357422
132,2,671.0491333007812,171.41246032714844,96.82781982421875,254.62208557128906
132,1,673.2931518554688,77.61572265625,34.547607421875,98.98324584960938
132,3,754.28271484375,142.87857055664062,64.6617431640625,239.23501586914062
133,2,667.9627685546875,170.34043884277344,94.9525146484375,253.00013732910156
133,3,749.8609619140625,143.0146484375,62.41827392578125,239.6121826171875
133,1,675.8637084960938,77.74239349365234,33.25787353515625,98.2455062866211
134,2,662.1573486328125,168.66217041015625,94.890625,250.80880737304688
134,3,720.9447021484375,144.13731384277344,87.87451171875,236.86277770996094
134,1,677.9652709960938,77.1375961303711,32.599609375,99.51081085205078
135,2,662.941162109375,167.2520751953125,86.5679931640625,248.1351318359375
135,3,711.3551025390625,144.11764526367188,90.91571044921875,236.36566162109375
135,1,678.9778442382812,75.6243667602539,32.40216064453125,101.94722747802734
136,2,664.0184936523438,163.31895446777344,78.7135009765625,247.4797821044922
136,3,700.9398193359375,144.72329711914062,95.108154296875,234.22830200195312
136,1,680.5941162109375,74.29232025146484,32.436279296875,102.70374298095703
137,2,662.8935546875,160.91015625,73.91705322265625,240.32098388671875
137,3,696.552734375,142.71290588378906,92.8533935546875,232.47584533691406
137,1,683.7151489257812,73.76580810546875,30.485595703125,100.94412231445312
138,2,662.2902221679688,156.3074188232422,70.15374755859375,238.7127227783203
138,3,692.3261108398438,141.10888671875,91.89306640625,230.33193969726562
138,1,685.1382446289062,74.3240966796875,31.422607421875,96.80264282226562
139,3,691.2823486328125,139.36199951171875,87.20782470703125,229.82272338867188
139,2,655.3255615234375,153.19973754882812,72.1561279296875,233.53485107421875
139,1,685.3685302734375,73.69721984863281,32.22784423828125,85.05628967285156
140,2,644.2817993164062,149.89039611816406,78.12017822265625,236.8479461669922
140,3,690.9205322265625,138.18577575683594,79.53619384765625,222.93528747558594
140,1,686.1246337890625,74.7915267944336,32.07879638671875,75.75920867919922
141,2,631.4199829101562,149.1529083251953,85.93719482421875,235.6645050048828
141,3,689.4552001953125,135.3048858642578,76.8154296875,217.1250762939453
141,1,688.1994018554688,75.7782974243164,30.63092041015625,75.60662078857422
142,2,612.4700317382812,148.78414916992188,100.6871337890625,236.35415649414062
142,3,689.4954833984375,132.0622100830078,72.3883056640625,216.8100128173828
142,1,689.8047485351562,76.12944030761719,30.40899658203125,73.95185852050781
143,2,600.8724365234375,150.34326171875,107.318603515625,234.80218505859375
143,3,689.503662109375,129.59445190429688,68.406005859375,219.47103881835938
143,1,689.1929931640625,76.19464874267578,33.0477294921875,95.52130889892578
144,2,590.5038452148438,150.88743591308594,104.45489501953125,232.7338104248047
144,3,683.0130615234375,126.6070327758789,63.3502197265625,222.94994354248047
144,1,689.6235961914062,75.27973175048828,32.9754638671875,99.12531280517578
145,2,587.4124145507812,150.680908203125,102.4554443359375,229.02029418945312
145,3,677.203857421875,125.27235412597656,67.209228515625,223.08641052246094
145,1,698.7355346679688,77.43275451660156,23.0950927734375,50.699737548828125
146,2,587.1702270507812,149.94625854492188,98.38275146484375,227.03787231445312
146,3,669.97119140625,125.03248596191406,70.5775146484375,223.83470153808594
147,2,587.3345336914062,148.88278198242188,94.22039794921875,222.11837768554688
147,3,665.0352172851562,126.73677825927734,70.90576171875,221.45014190673828
148,2,587.27880859375,146.832763671875,87.303466796875,222.36090087890625
148,3,662.6473999023438,126.80709838867188,68.53753662109375,220.97018432617188
149,3,656.98779296875,127.32971954345703,72.8662109375,218.6244125366211
149,2,587.5158081054688,142.89480590820312,79.590576171875,215.355224609375
150,3,648.989501953125,127.29385375976562,74.628173828125,216.25497436523438
150,2,586.5652465820312,139.86346435546875,72.860107421875,212.10107421875
151,3,639.3621215820312,125.73915100097656,80.61932373046875,214.38633728027344
151,2,586.60693359375,137.08407592773438,68.3934326171875,213.76239013671875
152,3,640.0285034179688,124.17697143554688,76.10150146484375,210.38385009765625
152,2,586.5125122070312,133.19879150390625,63.73193359375,216.86981201171875
153,3,642.7913818359375,122.36235809326172,70.62615966796875,201.82483673095703
153,2,585.0120239257812,131.78671264648438,61.9774169921875,217.54458618164062
154,3,639.6268310546875,120.45600128173828,70.0389404296875,202.7772445678711
154,2,581.4205322265625,131.10008239746094,61.74212646484375,217.3546905517578
155,3,637.1155395507812,118.24205017089844,70.136474609375,201.94065856933594
155,2,577.5916137695312,131.76174926757812,61.7183837890625,216.43923950195312
156,3,634.1767578125,116.50643157958984,69.669677734375,198.6633071899414
156,2,574.0955810546875,132.47572326660156,62.36126708984375,215.1918182373047
157,3,631.0932006835938,114.78836822509766,68.0904541015625,199.97078704833984
157,2,568.6829833984375,133.2177276611328,63.0040283203125,213.95921325683594
158,3,623.9921264648438,114.86709594726562,72.46502685546875,200.275146484375
158,2,566.9219360351562,133.03857421875,61.50067138671875,211.95791625976562
159,3,615.4494018554688,114.65943145751953,77.7735595703125,200.38121795654297
159,2,563.2205810546875,132.3884735107422,60.62164306640625,211.4965362548828
160,3,605.608154296875,114.42526245117188,84.24554443359375,200.07113647460938
160,2,562.38525390625,130.7204132080078,59.15545654296875,211.58641052246094
161,3,599.655029296875,114.32131958007812,86.9788818359375,199.952392578125
161,2,559.0850219726562,128.97413635253906,58.7740478515625,207.6368865966797
162,3,596.35498046875,114.3876953125,87.06268310546875,198.80099487304688
162,2,556.4839477539062,127.07974243164062,57.92803955078125,201.35791015625
163,3,596.3382568359375,114.55795288085938,82.34796142578125,197.7054443359375
163,2,554.5696411132812,123.86041259765625,57.70062255859375,197.667724609375
164,3,597.006591796875,114.81072998046875,76.83563232421875,195.74954223632812
164,2,552.2732543945312,121.65827941894531,57.06390380859375,197.02210998535156
164,5,820.8455200195312,37.055694580078125,15.44769287109375,36.4854736328125
165,3,596.61865234375,113.0683822631836,75.13018798828125,193.41153717041016
165,2,548.73583984375,119.88357543945312,59.02398681640625,195.94515991210938
165,5,820.7869873046875,37.26716995239258,15.30078125,34.41726303100586
166,3,596.6530151367188,111.87394714355469,70.56085205078125,187.77012634277344
166,2,542.2626953125,119.01997375488281,62.2906494140625,196.78453063964844
166,5,821.0293579101562,36.69829177856445,15.10107421875,35.55147933959961
167,3,597.6351318359375,109.79634094238281,66.17388916015625,189.89064025878906
167,2,534.1378173828125,119.00625610351562,68.31488037109375,196.15249633789062
168,3,596.8211059570312,106.71573638916016,59.34814453125,183.44149017333984
168,2,527.4558715820312,119.66527557373047,70.56683349609375,194.86640167236328
169,3,592.0458984375,104.68401336669922,62.0174560546875,183.5838394165039
169,2,526.3045043945312,120.51895904541016,68.09796142578125,193.49181365966797
169,1,736.724853515625,77.15557861328125,25.4351806640625,79.05390930175781
170,3,588.5953369140625,102.39694213867188,63.7923583984375,185.70370483398438
170,2,526.8587646484375,121.021484375,63.99530029296875,189.88421630859375
170,1,736.72265625,77.00221252441406,26.83795166015625,79.10798645019531
171,3,585.1325073242188,102.50067901611328,65.22894287109375,185.70531463623047
171,2,527.3151245117188,121.0268325805664,60.585693359375,188.01494598388672
171,1,737.5280151367188,72.92131042480469,27.73504638671875,83.81562805175781
172,3,583.584716796875,102.77960205078125,64.9544677734375,185.60928344726562
172,2,527.5628662109375,119.4278564453125,57.33209228515625,184.63418579101562
172,1,736.6092529296875,67.68846893310547,29.70562744140625,88.33821868896484
173,3,583.1431274414062,103.02462768554688,63.720947265625,185.6812744140625
173,2,528.64306640625,118.79226684570312,54.39007568359375,175.87106323242188
173,1,737.1257934570312,67.36289978027344,30.40234375,89.17616271972656
174,3,579.7672119140625,103.24688720703125,65.43035888671875,185.24404907226562
174,2,527.227783203125,115.48483276367188,52.63775634765625,176.45565795898438
174,1,737.960205078125,67.9540023803711,30.13018798828125,88.33094024658203
175,3,575.37646484375,103.09367370605469,68.358154296875,184.8140411376953
175,2,525.7845458984375,112.16351318359375,52.1348876953125,178.04205322265625
175,1,738.6499633789062,66.1239013671875,29.62908935546875,90.03750610351562
176,3,573.4451904296875,102.87408447265625,68.50091552734375,184.41143798828125
176,2,523.9913940429688,109.74150848388672,52.413330078125,177.29364776611328
176,1,738.818603515625,65.28863525390625,29.69354248046875,89.91517639160156
177,3,571.291015625,103.37373352050781,69.9295654296875,183.0062713623047
177,2,522.2505493164062,108.3051986694336,52.802001953125,177.8951187133789
177,1,739.5244140625,66.87017059326172,29.92559814453125,86.38970184326172
178,3,569.5863647460938,102.72529602050781,70.47137451171875,180.38719177246094
178,2,520.900390625,108.15906524658203,53.10711669921875,176.57613372802734
178,1,741.1978149414062,66.47552490234375,28.65191650390625,85.95887756347656
179,3,569.5751342773438,101.30831909179688,69.130615234375,178.53515625
179,2,519.539794921875,107.9489974975586,53.44775390625,177.32587432861328
179,1,740.9459228515625,65.74073028564453,29.18109130859375,84.3848648071289
180,3,572.22509765625,101.11817932128906,64.68023681640625,178.4750213623047
180,2,518.2664794921875,108.57449340820312,53.9642333984375,176.97747802734375
180,1,743.4347534179688,65.92157745361328,27.083740234375,82.7590560913086
181,3,573.8970336914062,99.59673309326172,62.16656494140625,176.09717559814453
181,2,516.2362060546875,109.9038314819336,54.5338134765625,175.37430572509766
181,1,742.7764892578125,65.98343658447266,28.22430419921875,82.2210464477539
182,3,576.6956787109375,97.4400405883789,58.40777587890625,172.98070526123047
182,2,515.6708374023438,110.41695404052734,53.87542724609375,173.61927032470703
182,1,746.2080688476562,65.62873077392578,25.22296142578125,81.18904876708984
183,3,577.1170654296875,95.6905517578125,56.3843994140625,170.7845458984375
183,2,513.7811279296875,110.23714447021484,53.56231689453125,171.39411163330078
183,1,746.0655517578125,65.5226058959961,25.60467529296875,81.02156829833984
184,3,576.3931274414062,95.05524444580078,56.12249755859375,168.37944793701172
184,1,746.4775390625,65.24200439453125,25.472900390625,81.009521484375
184,2,513.8360595703125,110.17835235595703,52.39324951171875,170.69100189208984
185,3,575.40478515625,94.0127944946289,55.9144287109375,168.6327133178711
185,1,746.91162109375,65.0694808959961,26.0631103515625,79.32262420654297
185,2,514.2088012695312,109.37551879882812,51.62744140625,168.08563232421875
186,3,575.236083984375,93.45598602294922,54.57830810546875,168.60791778564453
186,1,746.9261474609375,65.0287857055664,27.720458984375,81.1677474975586
186,2,514.6784057617188,106.66400146484375,50.82275390625,165.65130615234375
187,3,568.9702758789062,93.92237854003906,60.0057373046875,167.97071838378906
187,2,515.064697265625,103.69708251953125,50.0860595703125,163.69308471679688
187,1,747.2080688476562,64.80928802490234,28.31134033203125,79.82642364501953
188,3,561.4033203125,94.62360382080078,65.6976318359375,167.3772201538086
188,2,513.7424926757812,101.52030944824219,51.863525390625,163.59962463378906
188,1,750.177978515625,64.16188049316406,25.50323486328125,76.06697082519531
189,3,561.15478515625,94.6530990600586,64.46746826171875,167.00275421142578
189,2,514.140380859375,100.00127410888672,51.27874755859375,162.06354522705078
189,1,749.18310546875,63.212440490722656,27.97235107421875,78.48584747314453
190,3,559.5504150390625,95.33231353759766,64.298095703125,166.27025604248047
190,2,511.5242004394531,99.32392120361328,53.605804443359375,162.75948333740234
190,1,750.2757568359375,63.57291793823242,28.59295654296875,77.40901565551758
191,3,559.9613037109375,96.0518569946289,62.04302978515625,164.9920883178711
191,2,511.37066650390625,99.02574157714844,53.5697021484375,162.87513732910156
191,1,750.8071899414062,61.26923751831055,29.7110595703125,80.39348220825195
192,3,564.069580078125,94.7592544555664,53.86566162109375,162.86092376708984
192,2,509.7932434082031,99.63160705566406,54.214874267578125,161.25050354003906
192,1,752.762939453125,59.02705764770508,29.47149658203125,80.65984725952148
193,3,563.7493896484375,94.01815795898438,52.4627685546875,162.40731811523438
193,2,509.200927734375,100.08668518066406,53.36260986328125,160.56666564941406
193,1,752.4481201171875,58.289512634277344,30.66961669921875,79.72400665283203
194,3,561.1707763671875,92.40081787109375,54.25115966796875,161.3359832763672
194,1,753.2925415039062,58.357357025146484,30.748779296875,80.54803848266602
194,2,510.9844970703125,99.88667297363281,50.79217529296875,160.01560974121094
195,3,559.4796142578125,90.83314514160156,55.62054443359375,158.6423797607422
195,1,755.4822998046875,58.610015869140625,29.109619140625,79.06983947753906
195,2,511.4492492675781,99.68549346923828,49.429962158203125,158.69603729248047
196,3,558.1068725585938,88.04396057128906,57.45831298828125,157.98748779296875
196,2,511.8416748046875,99.61662292480469,47.3172607421875,158.3298797607422
196,1,757.057373046875,59.11191177368164,28.2041015625,78.98124313354492
197,3,558.30712890625,86.70325469970703,56.9437255859375,156.97293853759766
197,2,511.8789367675781,98.7624282836914,45.627105712890625,151.36894989013672
197,1,757.9366455078125,59.24490737915039,28.0850830078125,78.89010238647461
198,3,557.3324584960938,85.85002899169922,57.695556640625,156.90377044677734
198,1,758.7509155273438,58.947017669677734,27.2188720703125,78.41377639770508
198,2,511.3375244140625,97.26545715332031,45.453369140625,151.1042022705078
199,3,558.3005981445312,85.96199035644531,56.8388671875,156.46571350097656
199,1,759.011474609375,58.837249755859375,26.97271728515625,77.15536499023438
199,2,510.3633117675781,94.72613525390625,46.152679443359375,154.25729370117188
200,3,557.06640625,85.86779022216797,58.0362548828125,157.38245391845703
200,1,760.6771240234375,58.46955108642578,25.55914306640625,76.87065887451172
200,2,511.0609130859375,93.59162139892578,45.7618408203125,152.7027816772461
201,3,557.5051879882812,86.00276184082031,57.60235595703125,157.08370971679688
201,1,761.2550048828125,58.01143264770508,25.1168212890625,76.95434188842773
201,2,511.1903076171875,91.85671997070312,45.31121826171875,151.22372436523438
202,3,556.9338989257812,86.27984619140625,58.1849365234375,156.83013916015625
202,2,513.152099609375,90.89237213134766,42.7183837890625,150.97493743896484
202,1,762.75439453125,57.46318817138672,23.9290771484375,75.53446197509766
203,3,557.0889282226562,86.6981430053711,57.9132080078125,156.29094696044922
203,2,512.620361328125,90.36148071289062,43.53826904296875,151.8620147705078
203,1,762.2405395507812,56.73480224609375,24.64691162109375,76.77406311035156
204,3,558.5586547851562,87.15853118896484,56.4896240234375,155.00585174560547
204,2,512.5548095703125,90.39217376708984,43.8599853515625,152.71491241455078
204,1,762.984130859375,56.512428283691406,24.140625,76.68355560302734
205,3,559.4977416992188,87.46135711669922,55.26165771484375,154.12931060791016
205,1,763.5744018554688,56.41311264038086,23.7578125,77.20666885375977
205,2,512.329345703125,91.40576934814453,44.26397705078125,151.65140533447266
206,3,559.5460205078125,86.82652282714844,54.95989990234375,153.29376220703125
206,1,763.2592163085938,56.50468063354492,24.8695068359375,76.76593399047852
206,2,512.6693725585938,92.45783996582031,44.124755859375,150.58656311035156
207,3,559.8568725585938,85.92620086669922,54.24822998046875,152.6550521850586
207,1,764.2119750976562,56.561161041259766,24.618408203125,76.4073600769043
207,2,513.0034790039062,92.73677062988281,44.2940673828125,147.96810913085938
208,3,560.6231689453125,84.58387756347656,52.9617919921875,151.31661987304688
208,1,764.2449951171875,56.26166915893555,25.01116943359375,77.06897354125977
208,2,513.6248779296875,93.99862670898438,44.4345703125,144.8471221923828
209,3,561.1763305664062,83.80192565917969,52.18011474609375,147.57162475585938
209,1,764.6497802734375,56.13664627075195,25.3243408203125,76.62849044799805
209,2,512.8943481445312,93.36430358886719,46.5562744140625,143.7108154296875
210,3,561.7765502929688,82.79728698730469,51.05474853515625,145.51454162597656
210,1,764.5322265625,56.05937957763672,26.69073486328125,76.13689422607422
210,2,515.8502197265625,92.36337280273438,44.49407958984375,142.09103393554688
211,3,562.2984619140625,81.6921157836914,50.6156005859375,145.2367935180664
211,1,765.623779296875,55.620357513427734,27.79168701171875,75.3735237121582
211,2,517.2633666992188,89.58131408691406,43.9219970703125,140.951904296875
212,3,562.556640625,81.11778259277344,50.22650146484375,145.52149963378906
212,1,766.1266479492188,54.71183776855469,31.09637451171875,76.68504333496094
212,2,518.1796264648438,87.99394226074219,43.65435791015625,138.3153533935547
213,3,562.7007446289062,80.6478500366211,49.88031005859375,145.94950103759766
213,1,767.3359985351562,54.8115119934082,31.31463623046875,74.98417282104492
213,2,518.9456176757812,87.3339614868164,43.34539794921875,138.2468032836914
214,3,561.8674926757812,80.55160522460938,50.84478759765625,145.63833618164062
214,2,520.1710205078125,86.6575927734375,42.8726806640625,138.82550048828125
214,1,768.740234375,53.99188232421875,30.09375,74.40911865234375
215,3,561.1489868164062,81.14972686767578,51.27264404296875,144.6510238647461
215,1,769.7708740234375,52.97166442871094,30.39617919921875,74.01031494140625
215,2,520.821533203125,85.50041198730469,43.0924072265625,139.78729248046875
216,3,564.0134887695312,82.51385498046875,48.480712890625,142.98025512695312
216,1,772.3013305664062,51.15781784057617,28.25732421875,75.95796585083008
216,2,524.0083618164062,85.06714630126953,41.796875,139.88883209228516
217,3,563.4754028320312,82.45278930664062,48.8380126953125,141.9649200439453
217,1,772.780029296875,51.105648040771484,28.07965087890625,75.88302230834961
217,2,524.2520751953125,85.36038970947266,41.71490478515625,139.3149185180664
218,3,563.1218872070312,82.05915069580078,48.6458740234375,141.79100799560547
218,1,773.5912475585938,51.77281951904297,27.242431640625,75.27583312988281
218,2,524.3150634765625,85.71052551269531,42.16693115234375,138.73866271972656
219,3,563.9510498046875,80.8514633178711,47.46978759765625,141.56774139404297
219,2,524.1122436523438,86.47074127197266,42.58203125,138.01811981201172
219,1,774.3240356445312,52.42424392700195,26.95281982421875,73.91012954711914
220,3,564.3097534179688,79.83259582519531,46.74267578125,140.76760864257812
220,2,525.4713134765625,86.45404815673828,41.6175537109375,137.2688980102539
220,1,775.2120971679688,52.03593444824219,26.853515625,74.11512756347656
221,3,564.2442016601562,79.03630065917969,46.32183837890625,139.4000244140625
221,2,525.14697265625,86.63899230957031,42.970947265625,136.29580688476562
221,1,776.01416015625,52.408939361572266,25.9625244140625,73.22525405883789
222,3,565.5892944335938,76.77098846435547,44.513916015625,138.89347076416016
222,1,776.4443359375,51.89449691772461,25.927490234375,73.51248550415039
222,2,524.3565063476562,86.06471252441406,44.2529296875,123.37730407714844
223,3,565.916748046875,75.48477172851562,44.88720703125,136.63833618164062
223,1,778.0643920898438,51.44352722167969,24.0496826171875,73.17118835449219
223,2,526.8659057617188,86.00981903076172,41.3104248046875,121.61254119873047
224,3,567.6245727539062,74.09822082519531,43.1981201171875,136.29632568359375
224,2,528.3291625976562,82.363037109375,40.48590087890625,125.3551025390625
224,1,779.813232421875,50.483699798583984,23.36004638671875,71.73638534545898
225,3,568.0165405273438,74.13836669921875,43.23382568359375,135.0550079345703
225,2,530.6143188476562,81.5422134399414,39.01129150390625,125.82317352294922
225,1,780.061279296875,49.37008285522461,23.588134765625,72.21200180053711
226,3,568.2154541015625,73.58158874511719,42.734375,136.52517700195312
226,1,780.170166015625,48.83546829223633,24.056396484375,71.6819953918457
226,2,531.9012451171875,80.16349792480469,38.306640625,127.00741577148438
227,3,568.220947265625,74.26667785644531,44.222412109375,135.3138885498047
227,2,531.8731079101562,79.18267822265625,39.38177490234375,128.92095947265625
227,1,780.5777587890625,48.515804290771484,23.85015869140625,71.11843490600586
228,3,567.6712646484375,74.9534912109375,46.11407470703125,135.0816650390625
228,2,532.1619873046875,78.96583557128906,40.6954345703125,128.0235137939453
228,1,780.729248046875,47.8046875,24.65966796875,72.34252166748047
229,3,567.7066040039062,74.46005249023438,46.7979736328125,136.683837890625
229,1,780.8470458984375,47.4871711730957,25.16058349609375,73.05745315551758
229,2,532.9441528320312,79.72864532470703,40.50506591796875,127.48639678955078
230,3,568.6033325195312,75.65985107421875,46.41522216796875,135.26841735839844
230,2,533.8721313476562,80.34444427490234,40.6907958984375,127.75357818603516
230,1,781.0672607421875,47.16108703613281,25.345703125,72.59107208251953
231,3,568.6951904296875,75.44976806640625,47.06390380859375,133.37216186523438
231,2,535.105712890625,81.26177215576172,41.02471923828125,126.97708892822266
231,1,781.374267578125,48.05498123168945,25.4921875,70.27459335327148
232,3,568.6052856445312,74.1980209350586,47.77813720703125,131.74585723876953
232,2,534.8074951171875,81.3445053100586,42.739990234375,126.6230697631836
232,1,781.4136352539062,48.03593063354492,25.55548095703125,71.00441360473633
232,6,831.8984375,396.129150390625,23.56121826171875,82.2518310546875
233,3,569.5458374023438,74.65348815917969,48.93572998046875,126.6632080078125
233,2,535.5636596679688,81.18690490722656,43.46392822265625,126.44328308105469
233,1,782.232666015625,48.30422592163086,25.13885498046875,71.89782333374023
233,6,820.7831420898438,374.7912902832031,34.68701171875,103.02066040039062
234,2,536.8701171875,79.75691986083984,43.9658203125,127.88056182861328
234,1,781.7186279296875,47.17560958862305,27.23406982421875,72.49023818969727
234,3,572.7760620117188,73.64939880371094,47.1607666015625,124.82365417480469
234,6,812.95166015625,355.236572265625,42.50445556640625,124.07379150390625
235,2,536.8330078125,79.46468353271484,44.60003662109375,127.60965728759766
235,3,572.9940795898438,71.939208984375,48.97613525390625,129.77093505859375
235,1,782.8427734375,47.16545867919922,26.27001953125,70.65946197509766
235,6,804.080078125,339.98846435546875,51.6103515625,137.07040405273438
236,3,573.7798461914062,70.9911880493164,48.245849609375,128.22052764892578
236,2,541.3685302734375,78.80022430419922,41.129638671875,120.46613311767578
236,1,784.1683959960938,47.43590545654297,25.848388671875,70.55284118652344
236,6,791.0955810546875,325.5209045410156,64.5777587890625,153.00180053710938
237,2,542.999755859375,75.92860412597656,40.45513916015625,120.75631713867188
237,3,576.2459716796875,71.13251495361328,47.0927734375,126.77581024169922
237,1,785.8616333007812,48.122344970703125,25.97869873046875,68.09522247314453
237,6,763.4398803710938,317.4383544921875,92.0445556640625,160.627685546875
238,3,579.3912353515625,70.37088775634766,45.2161865234375,126.91783905029297
238,2,543.7860717773438,75.5733871459961,41.67608642578125,120.30994415283203
238,1,788.1126098632812,47.8203125,25.90887451171875,67.69625091552734
238,6,752.2595825195312,268.1377868652344,103.2764892578125,209.45272827148438
239,3,581.2260131835938,69.7143325805664,43.80914306640625,127.39655303955078
239,1,789.1364135742188,46.3090934753418,26.9010009765625,69.33503341674805
239,2,548.462158203125,75.05635070800781,38.77362060546875,120.9205322265625
239,6,740.525634765625,263.0263671875,114.949462890625,214.74166870117188
240,2,552.1490478515625,73.00332641601562,36.06512451171875,123.33535766601562
240,3,583.79296875,69.80451965332031,41.65277099609375,127.63626098632812
240,6,753.7088012695312,244.12237548828125,101.72186279296875,233.37002563476562
240,1,793.1282348632812,45.94849395751953,24.96484375,69.36038970947266
241,6,754.553955078125,242.83267211914062,100.79400634765625,234.5350341796875
241,3,584.8597412109375,69.60950469970703,41.09259033203125,127.46082305908203
241,2,554.1770629882812,75.52745819091797,35.8446044921875,121.16925811767578
241,1,794.31103515625,46.51158905029297,24.6334228515625,69.3033676147461
242,6,766.6566162109375,237.2794952392578,88.78814697265625,240.3758087158203
242,3,586.4669189453125,69.9844970703125,39.7476806640625,126.40995788574219
242,2,554.8477172851562,75.52606964111328,36.343017578125,121.35309600830078
242,1,794.9055786132812,47.0831413269043,23.76104736328125,67.92609024047852
243,6,757.8473510742188,231.49249267578125,96.8729248046875,246.71588134765625
243,3,587.66943359375,70.3147201538086,39.5394287109375,125.22332000732422
243,2,555.5908203125,75.44365692138672,36.98394775390625,120.58538055419922
243,1,795.2826538085938,47.59672546386719,23.0738525390625,66.676513671875
244,3,588.4541015625,70.36154174804688,40.1348876953125,124.77400207519531
244,6,760.7702026367188,228.14637756347656,92.610595703125,249.3126678466797
244,2,555.714111328125,75.11526489257812,37.81842041015625,120.51101684570312
244,1,796.0353393554688,47.50136947631836,22.771484375,65.95383071899414
245,6,746.2099609375,226.1587677001953,100.606689453125,250.58116149902344
245,3,589.7626953125,70.04871368408203,40.2496337890625,125.19499969482422
245,2,556.4881591796875,75.40764617919922,38.10052490234375,120.38114166259766
245,1,796.4014892578125,47.334877014160156,23.8189697265625,67.77037811279297
246,6,743.731689453125,224.26995849609375,95.51666259765625,253.1334228515625
246,3,591.3433227539062,69.16952514648438,39.174560546875,124.14219665527344
246,2,558.01953125,75.31781768798828,37.23779296875,118.96968841552734
246,1,796.948486328125,46.702571868896484,24.05523681640625,67.63889694213867
247,6,722.86474609375,223.27496337890625,110.07794189453125,254.85043334960938
247,3,592.72265625,68.42396545410156,38.5841064453125,124.46429443359375
247,2,560.7030639648438,74.42866516113281,34.6912841796875,116.52096557617188
247,1,797.7984619140625,45.7593994140625,23.6500244140625,67.9283447265625
248,6,729.7836303710938,222.3557586669922,97.31976318359375,254.6187286376953
248,3,593.2716064453125,68.02166748046875,39.20635986328125,122.95994567871094
248,2,561.44287109375,74.13775634765625,35.28228759765625,112.19741821289062
248,1,798.5252075195312,45.35281753540039,22.915283203125,67.38718795776367
249,6,726.6254272460938,219.92071533203125,94.3458251953125,257.99285888671875
249,3,594.0299682617188,67.03277587890625,39.2545166015625,121.18496704101562
249,2,562.1846923828125,72.1715316772461,36.05780029296875,115.79340362548828
249,1,798.7601928710938,45.17100524902344,24.43304443359375,66.82984161376953
250,6,717.1222534179688,216.53341674804688,98.705810546875,260.669921875
250,2,564.0458374023438,71.20721435546875,34.61016845703125,113.9293212890625
250,3,594.999755859375,69.46700286865234,39.025634765625,115.60651397705078
250,1,800.029296875,44.51425552368164,24.469970703125,66.37820816040039
251,6,719.7451782226562,212.44744873046875,91.037353515625,263.5312805175781
251,2,565.0491333007812,69.9849624633789,34.32659912109375,114.91112518310547
251,3,594.9629516601562,65.88404083251953,40.2574462890625,118.08626556396484
251,1,800.756103515625,44.37055969238281,23.8687744140625,66.2470932006836
252,6,718.5275268554688,208.53274536132812,86.4078369140625,257.3350830078125
252,3,594.8344116210938,64.64644622802734,42.0340576171875,119.3011703491211
252,2,565.7864379882812,68.95610046386719,34.32830810546875,115.67613220214844
252,1,802.2163696289062,44.34209442138672,23.08380126953125,66.77145385742188
253,6,717.1178588867188,204.2093048095703,83.8187255859375,242.67466735839844
253,1,802.8646240234375,45.049007415771484,22.74615478515625,65.50624465942383
253,3,594.3285522460938,64.79153442382812,43.8154296875,118.3450927734375
253,2,566.2949829101562,68.8633804321289,34.88134765625,114.43160247802734
254,6,712.1535034179688,200.07154846191406,84.94610595703125,237.5747528076172
254,3,593.0841674804688,65.30867004394531,46.1141357421875,118.28413391113281
254,2,567.595947265625,67.53135681152344,33.90771484375,116.2459716796875
254,1,804.0416259765625,45.264137268066406,21.47711181640625,65.20874786376953
255,6,703.057373046875,196.21051025390625,90.14984130859375,241.10394287109375
255,3,594.8276977539062,66.23504638671875,46.70318603515625,116.53300476074219
255,2,568.27685546875,68.1063232421875,34.66387939453125,115.96974182128906
255,1,804.239990234375,46.07419967651367,21.55267333984375,63.87885665893555
256,6,690.6130981445312,194.5037384033203,97.575927734375,242.7936553955078
256,3,593.4890747070312,67.38442993164062,48.91558837890625,115.01141357421875
256,2,568.9293823242188,68.64952850341797,35.2596435546875,114.86048126220703
256,1,805.0586547851562,46.143253326416016,21.2781982421875,64.04611587524414
257,6,678.0502319335938,193.34909057617188,105.5936279296875,242.94271850585938
257,3,595.0559692382812,68.08946228027344,48.66925048828125,114.11813354492188
257,2,569.3955078125,69.13555908203125,36.7735595703125,114.7947998046875
257,1,804.7225341796875,46.040283203125,22.10662841796875,63.88105773925781
258,3,594.5015869140625,68.24407196044922,50.29913330078125,113.3947982788086
258,6,671.557373046875,192.5104217529297,106.130126953125,243.0203094482422
258,2,569.6617431640625,69.18724822998047,37.3511962890625,113.87104034423828
258,1,804.9029541015625,45.41373062133789,24.3427734375,64.31172561645508
259,6,667.2371215820312,191.90432739257812,105.4659423828125,240.84332275390625
259,3,601.6485595703125,67.64289855957031,44.704833984375,111.19743347167969
259,2,569.4208984375,69.57831573486328,39.438232421875,113.44522857666016
259,1,806.1775512695312,40.91533660888672,25.371337890625,68.23604583740234
260,6,665.982177734375,190.41700744628906,102.26605224609375,235.18272399902344
260,3,603.5134887695312,66.47677612304688,44.72454833984375,112.79084777832031
260,2,570.8843994140625,69.80582427978516,39.75897216796875,112.40962982177734
260,1,807.2622680664062,39.57509994506836,26.90887451171875,69.28285598754883
261,3,603.6959228515625,65.75227355957031,46.79400634765625,114.00888061523438
261,6,666.6090698242188,187.84243774414062,94.36309814453125,236.72085571289062
261,2,571.2113037109375,70.51817321777344,41.3226318359375,110.80723571777344
261,1,808.2828979492188,39.81063461303711,26.69317626953125,68.3908576965332
262,6,665.6513671875,184.8822479248047,90.02313232421875,234.04896545410156
262,2,574.0360717773438,67.86521911621094,38.97821044921875,109.54876708984375
262,3,606.10791015625,64.21781921386719,46.38604736328125,114.47334289550781
262,1,809.8624267578125,39.7804069519043,25.76629638671875,68.2498664855957
263,6,666.5423583984375,181.55950927734375,85.09234619140625,232.03604125976562
263,2,575.4429931640625,66.95098876953125,39.5235595703125,109.61585998535156
263,3,608.9075927734375,64.37842559814453,45.26361083984375,114.1445083618164
263,1,811.0032958984375,37.945335388183594,25.09820556640625,70.2485122680664
264,3,618.0247192382812,64.36546325683594,39.38671875,113.56427001953125
264,2,581.4259643554688,64.29313659667969,36.19378662109375,111.56501770019531
264,6,665.8682861328125,174.9345703125,78.07037353515625,216.99246215820312
264,1,814.1592407226562,38.537635803222656,22.56182861328125,69.50533294677734
265,2,581.2548828125,62.778865814208984,37.28765869140625,112.85416030883789
265,3,620.810302734375,63.6259880065918,39.3853759765625,115.63322830200195
265,6,666.0470581054688,171.2724609375,74.7252197265625,214.16070556640625
265,1,814.4361572265625,39.06134033203125,22.14501953125,69.07003784179688
266,2,587.0770263671875,63.862003326416016,32.01641845703125,111.70661544799805
266,3,622.076416015625,63.401039123535156,39.9803466796875,115.7940902709961
266,6,663.2000732421875,170.12228393554688,73.8634033203125,215.91897583007812
266,1,814.9171752929688,38.24054718017578,22.21044921875,70.1766586303711
266,5,785.2353515625,34.36286544799805,11.990478515625,19.705493927001953
267,2,588.118896484375,65.19461059570312,31.95574951171875,110.90177917480469
267,3,623.3505249023438,63.3338508605957,40.5615234375,115.64793014526367
267,6,659.9518432617188,168.14244079589844,71.5013427734375,216.5822296142578
267,1,815.8949584960938,38.61688995361328,21.3734130859375,68.22384643554688
267,5,784.5286865234375,33.50175476074219,11.981201171875,20.588878631591797
268,2,589.6089477539062,64.68922424316406,31.9652099609375,110.84825134277344
268,6,656.6669921875,168.71475219726562,69.0098876953125,216.3184814453125
268,3,625.7312622070312,63.76724624633789,39.05609130859375,113.84716415405273
268,1,817.9712524414062,39.527156829833984,20.09307861328125,67.2251091003418
269,6,653.1497192382812,168.3987579345703,70.53076171875,215.46885681152344
269,2,590.4481811523438,66.3397445678711,32.2529296875,108.79529571533203
269,3,626.3390502929688,63.8652458190918,40.6064453125,112.91550064086914
269,1,818.30908203125,39.840911865234375,19.19927978515625,66.86072540283203
270,2,590.07568359375,67.06399536132812,33.6490478515625,107.68614196777344
270,6,650.6146850585938,168.0826416015625,68.885009765625,213.818359375
270,3,625.963623046875,63.88078308105469,42.7056884765625,113.80142211914062
270,1,818.9459228515625,38.64183807373047,19.04681396484375,67.03490447998047
271,2,591.431396484375,68.09291076660156,32.97174072265625,106.36747741699219
271,6,648.686279296875,166.0901336669922,66.99090576171875,212.19752502441406
271,3,626.7203369140625,63.84651184082031,43.0595703125,112.61004638671875
271,1,820.8059692382812,39.883602142333984,17.00164794921875,65.84623336791992
272,2,591.7305908203125,67.82649230957031,33.60040283203125,106.26242065429688
272,6,645.9931030273438,164.21995544433594,66.223876953125,209.59947204589844
272,3,628.7982788085938,62.90007781982422,41.7156982421875,110.52167510986328
272,1,821.2875366210938,38.19106674194336,16.7840576171875,67.70626449584961
272,5,783.1798706054688,32.71186447143555,11.53497314453125,21.503124237060547
273,6,644.5323486328125,161.82151794433594,64.060302734375,209.01576232910156
273,2,591.5487060546875,66.4428482055664,34.48004150390625,105.5699234008789
273,3,630.5574951171875,61.632408142089844,39.55029296875,113.01270294189453
273,1,822.652099609375,36.405548095703125,15.594970703125,68.2754135131836
273,5,782.4646606445312,32.50083923339844,11.74310302734375,21.721843719482422
274,6,642.0955200195312,157.9791717529297,64.89166259765625,199.96995544433594
274,3,631.6902465820312,60.505428314208984,39.11468505859375,110.52231216430664
274,2,594.1288452148438,65.47372436523438,32.713134765625,105.2799072265625
274,1,822.313720703125,36.66942596435547,15.64263916015625,66.44898986816406
274,5,782.5675048828125,32.48938751220703,11.8468017578125,21.778846740722656
275,6,640.1369018554688,155.92269897460938,64.86346435546875,195.85720825195312
275,2,595.8848876953125,65.35060119628906,31.055419921875,104.48774719238281
275,3,632.2972412109375,60.41156005859375,37.446533203125,99.41230773925781
275,1,822.6480102539062,35.61262130737305,15.3104248046875,66.2927360534668
275,5,782.124755859375,32.126014709472656,11.535888671875,22.405174255371094
276,2,596.7404174804688,62.216552734375,30.98126220703125,105.81144714355469
276,6,637.5574340820312,152.745361328125,65.31231689453125,194.01657104492188
276,3,632.9754028320312,60.7694206237793,35.77880859375,102.43851089477539
277,6,633.4006958007812,151.38369750976562,67.99566650390625,193.21511840820312
277,2,598.6333618164062,62.92130661010742,30.26727294921875,104.6815071105957
277,3,633.7161254882812,59.96858596801758,35.46771240234375,107.87432479858398
277,1,823.1527099609375,39.7584228515625,13.299072265625,43.618186950683594
278,6,624.6720581054688,150.16326904296875,73.81768798828125,195.06539916992188
278,2,599.1480102539062,61.92803955078125,30.1661376953125,105.09323120117188
278,3,635.3154296875,58.926055908203125,35.5401611328125,108.10824584960938
278,1,822.5504760742188,37.78891372680664,13.54644775390625,36.53182601928711
279,6,615.2020874023438,148.39161682128906,80.0201416015625,196.93138122558594
279,2,599.1031494140625,58.52294921875,30.82574462890625,107.3409423828125
279,3,637.1963500976562,59.68642044067383,34.37969970703125,102.81966781616211
279,1,822.0361938476562,38.60637283325195,13.979736328125,34.54372024536133
280,6,609.4006958007812,149.31973266601562,80.7069091796875,194.84963989257812
280,2,600.4734497070312,59.382633209228516,30.45025634765625,106.46177291870117
280,3,638.6017456054688,60.60588073730469,33.19586181640625,99.70951843261719
280,1,822.2393798828125,31.982908248901367,13.2623291015625,40.29863929748535
281,6,604.04150390625,150.1631317138672,82.97784423828125,192.52976989746094
281,2,599.1351318359375,62.4849739074707,33.60931396484375,104.00808334350586
281,3,638.1300659179688,61.8499755859375,33.89373779296875,97.654052734375
282,6,604.0319213867188,148.18006896972656,82.08587646484375,191.70970153808594
282,2,599.6123657226562,62.89064407348633,34.68182373046875,102.4687614440918
282,3,638.4258422851562,61.721946716308594,35.5897216796875,99.55107879638672
282,1,821.2233276367188,29.927701950073242,13.53765869140625,41.102182388305664
283,2,600.203369140625,65.13239288330078,35.32940673828125,100.89070892333984
283,6,605.8506469726562,145.2539825439453,75.591064453125,191.9330596923828
283,3,639.3514404296875,62.10923385620117,34.99041748046875,102.16093826293945
283,1,820.5602416992188,29.765148162841797,14.13140869140625,41.16958999633789
284,2,600.467529296875,64.77665710449219,36.34356689453125,100.00704956054688
284,6,608.39453125,143.77890014648438,69.69024658203125,189.40054321289062
284,3,640.016357421875,62.909996032714844,35.5936279296875,101.31499481201172
284,1,820.748046875,29.601001739501953,13.95904541015625,41.7179069519043
285,2,598.1712646484375,63.87632369995117,41.441650390625,100.58375930786133
285,6,608.806396484375,141.90733337402344,66.830078125,181.1864471435547
285,3,642.9703369140625,61.470603942871094,33.0025634765625,99.92827606201172
285,5,783.4818115234375,32.285274505615234,11.64239501953125,21.87237548828125
285,1,820.7243041992188,29.879430770874023,13.4329833984375,40.57256507873535
286,6,608.3772583007812,141.21575927734375,63.5235595703125,179.78656005859375
286,2,599.9539184570312,65.6058349609375,40.75732421875,96.5540771484375
286,3,643.8367919921875,63.39879608154297,33.882568359375,100.70366668701172
286,5,784.304443359375,33.05907440185547,11.44598388671875,20.995723724365234
286,1,820.7894287109375,31.08148956298828,13.26336669921875,39.26293182373047
287,6,607.7733154296875,139.75765991210938,61.4832763671875,176.58609008789062
287,2,599.4537353515625,62.28641891479492,42.09991455078125,100.3976936340332
287,3,646.0526733398438,62.272369384765625,33.60528564453125,103.12324523925781
287,5,784.6255493164062,33.41461181640625,11.75274658203125,20.751750946044922
287,1,820.1149291992188,29.463315963745117,13.57025146484375,40.74661445617676
288,6,606.2227172851562,135.9542694091797,56.0421142578125,176.8524932861328
288,3,649.7391967773438,59.1776123046875,36.0533447265625,105.68791198730469
288,2,610.4677124023438,63.06183624267578,33.05255126953125,93.3373031616211
289,6,603.8721313476562,135.5652313232422,58.11273193359375,176.0897979736328
289,3,650.96044921875,58.258514404296875,36.24822998046875,106.48277282714844
289,2,612.3204345703125,62.4354248046875,32.49676513671875,92.57620239257812
290,6,601.92138671875,135.24420166015625,60.47637939453125,175.97079467773438
290,3,652.40380859375,57.76753616333008,36.3795166015625,106.41172409057617
290,2,615.048583984375,61.15311813354492,31.72991943359375,93.7182502746582
291,6,600.3267211914062,135.63124084472656,60.18829345703125,174.53956604003906
291,3,653.7017211914062,58.33411407470703,35.76495361328125,105.32068634033203
291,2,617.6304931640625,60.69816589355469,30.985595703125,94.95124816894531
292,6,600.1492309570312,134.82537841796875,59.037841796875,172.69967651367188
292,3,655.12939453125,59.18480682373047,35.16668701171875,103.91284942626953
292,2,620.0774536132812,62.341094970703125,30.0865478515625,81.50148010253906
292,1,818.5096435546875,28.291419982910156,14.6676025390625,42.60076141357422
293,6,600.1466064453125,134.235595703125,57.56817626953125,172.76541137695312
293,3,656.3251342773438,59.444175720214844,35.38970947265625,104.5868148803711
293,2,621.4854125976562,62.4493408203125,29.1690673828125,81.05509948730469
293,1,818.229248046875,27.90085792541504,14.67474365234375,42.813703536987305
294,6,599.69677734375,132.69448852539062,57.0303955078125,172.46414184570312
294,3,656.8406372070312,60.03073501586914,35.4666748046875,104.21310043334961
294,2,623.1492919921875,63.194374084472656,27.60308837890625,72.37029266357422
294,1,818.5223999023438,28.45939826965332,14.6290283203125,42.673513412475586
295,3,656.858154296875,60.49827575683594,35.98699951171875,103.19892883300781
295,6,598.6502075195312,130.60720825195312,56.49737548828125,166.42074584960938
295,2,623.8480224609375,63.90690612792969,28.48248291015625,70.36424255371094
296,6,597.9749755859375,128.706298828125,56.6357421875,162.59170532226562
296,3,657.3040161132812,60.274078369140625,36.873291015625,103.04670715332031
296,2,625.1712646484375,64.02821350097656,29.1934814453125,71.40640258789062
296,1,818.0843505859375,28.587268829345703,14.608154296875,42.4925651550293
297,3,658.8224487304688,60.9566764831543,36.10955810546875,100.99458694458008
297,6,596.9375610351562,127.08216094970703,57.1663818359375,156.7063217163086
297,2,626.5066528320312,64.6505126953125,29.79632568359375,83.48553466796875
297,1,815.4761962890625,27.537662506103516,16.18548583984375,43.419620513916016
298,6,597.0518188476562,125.5799331665039,56.70843505859375,157.80281829833984
298,3,659.9292602539062,61.12498474121094,35.46514892578125,100.42076110839844
298,2,627.9620971679688,64.3870620727539,28.45037841796875,86.23503875732422
299,3,660.5452880859375,60.73256301879883,34.96978759765625,99.82601547241211
299,6,596.212646484375,123.566650390625,55.810302734375,157.71612548828125
299,2,628.8099365234375,63.97287368774414,28.8577880859375,89.90990829467773
300,3,662.6421508789062,59.53150939941406,32.5611572265625,98.67483520507812
300,6,592.8987426757812,123.02543640136719,59.07061767578125,158.9674530029297
300,2,630.5938110351562,63.216434478759766,27.2808837890625,88.11481857299805
301,6,589.3749389648438,123.01484680175781,60.27008056640625,159.35935974121094
301,3,663.6083984375,59.36140441894531,32.04217529296875,98.35395812988281
301,2,630.8032836914062,60.39269256591797,28.7125244140625,89.13188934326172
302,6,585.6563720703125,122.89945220947266,62.02337646484375,159.25411224365234
302,3,663.3764038085938,58.957794189453125,33.033935546875,97.97430419921875
302,2,631.9960327148438,59.37508773803711,28.622802734375,93.26037979125977
303,3,664.2433471679688,59.095245361328125,32.7974853515625,95.24400329589844
303,6,588.0079956054688,123.1512451171875,57.75787353515625,156.87551879882812
303,2,633.192626953125,59.81455612182617,28.04608154296875,90.16530227661133
304,2,633.7070922851562,59.27710723876953,29.2177734375,94.91901397705078
304,6,586.8814086914062,123.0506820678711,56.69921875,156.67789459228516
304,3,665.5524291992188,58.89241409301758,32.348876953125,94.28344345092773
305,6,588.7026977539062,121.58908081054688,53.59576416015625,156.70101928710938
305,2,634.5548706054688,59.47968292236328,29.5823974609375,92.7542953491211
305,3,666.36181640625,58.743675231933594,32.20947265625,93.41985321044922
306,6,590.1574096679688,120.08998107910156,50.8243408203125,144.4023895263672
306,3,667.2232666015625,58.622413635253906,32.66204833984375,93.13919830322266
306,2,635.385986328125,60.71944046020508,29.8497314453125,90.94173812866211
307,2,636.2591552734375,61.674049377441406,30.08489990234375,91.26079559326172
307,6,589.0336303710938,117.16461944580078,50.0867919921875,142.72576141357422
307,3,667.8995971679688,57.93528366088867,33.060302734375,92.5340461730957
308,6,589.50537109375,115.15385437011719,49.74005126953125,150.8966522216797
308,2,636.780517578125,62.85678482055664,30.34722900390625,89.02915573120117
308,3,667.8240966796875,58.76036834716797,34.61529541015625,91.63323211669922
309,2,637.3002319335938,60.848785400390625,31.85125732421875,90.55909729003906
309,6,588.0263671875,113.30249786376953,51.38043212890625,147.87187957763672
309,3,668.1685180664062,59.37116241455078,35.43438720703125,91.1750717163086
310,2,637.5902709960938,61.61361312866211,33.3736572265625,90.02681350708008
310,6,587.9810180664062,112.01536560058594,50.20068359375,145.4319610595703
310,3,668.3825073242188,59.956626892089844,36.31072998046875,91.54326629638672
311,2,637.3356323242188,61.470664978027344,34.895751953125,89.66133880615234
311,3,669.3766479492188,59.97233581542969,36.81640625,91.011962890625
311,6,587.5906372070312,111.61396789550781,49.62799072265625,144.2733154296875
312,2,646.0320434570312,61.8763427734375,29.94830322265625,88.87382507324219
312,6,588.4651489257812,113.24293518066406,46.82342529296875,144.2791290283203
312,3,670.872802734375,59.981651306152344,38.55352783203125,91.39104461669922
313,2,644.851318359375,61.54685592651367,32.2330322265625,89.0667610168457
313,6,588.8466796875,113.4218521118164,45.54779052734375,143.25353240966797
313,3,673.2918090820312,58.09069061279297,38.1881103515625,93.0193862915039
314,6,588.7507934570312,113.27274322509766,45.7911376953125,142.97100067138672
314,2,648.16943359375,61.059181213378906,30.4046630859375,88.20626068115234
314,3,676.2365112304688,57.80760192871094,36.75689697265625,91.51368713378906
315,6,588.5208129882812,111.90599060058594,46.6695556640625,141.9085693359375
315,3,679.684326171875,55.87440872192383,35.66497802734375,93.2354850769043
315,2,650.3031616210938,60.22866439819336,29.62005615234375,89.32532119750977
316,3,682.1881103515625,56.21675491333008,34.12109375,92.29952621459961
316,2,653.02685546875,59.32734680175781,28.16845703125,89.21571350097656
316,6,589.1903076171875,110.38822937011719,46.65386962890625,138.84803771972656
317,3,684.9488525390625,56.8781852722168,32.89544677734375,90.61050796508789
317,2,654.972412109375,59.40642547607422,27.7587890625,90.10669708251953
317,6,590.2705078125,109.69593048095703,47.1798095703125,135.72637176513672
318,6,590.1497802734375,108.14205169677734,47.55389404296875,135.82508087158203
318,2,656.2469482421875,59.27507019042969,27.27972412109375,90.45112609863281
318,3,686.4583129882812,57.74414825439453,32.2242431640625,89.6797103881836
319,6,590.729736328125,105.5805435180664,48.413818359375,134.1069564819336
319,2,656.9456787109375,60.310176849365234,27.5081787109375,88.63966751098633
319,3,687.246826171875,58.129737854003906,31.203125,89.49381256103516
320,6,590.8788452148438,104.37484741210938,48.8096923828125,135.14918518066406
320,2,657.302001953125,60.42472457885742,28.0321044921875,88.4794807434082
320,3,688.6953125,57.68726348876953,31.00579833984375,88.22502899169922
321,6,591.6051635742188,103.87820434570312,48.87481689453125,134.81350708007812
321,2,657.9917602539062,60.64384078979492,28.31915283203125,87.88777542114258
321,3,689.9102783203125,57.864200592041016,29.12066650390625,87.91718673706055
322,6,591.8687744140625,103.80690002441406,49.5250244140625,134.45828247070312
322,2,658.3645629882812,61.32483673095703,29.10455322265625,86.46967315673828
322,3,690.6427001953125,57.81790542602539,28.28326416015625,88.48583602905273
323,3,690.5560302734375,57.64970016479492,28.395751953125,89.46826553344727
323,2,660.1151733398438,60.78487014770508,28.3277587890625,86.75414657592773
323,6,592.9432373046875,104.05753326416016,49.0,134.68607330322266
324,6,593.5932006835938,103.9339370727539,48.395263671875,134.23859405517578
324,2,662.2662963867188,60.69752502441406,26.619873046875,82.40519714355469
324,3,689.9279174804688,56.200931549072266,28.65423583984375,91.1316032409668
325,6,594.5811767578125,104.01399993896484,47.36724853515625,133.60941314697266
325,2,663.2340087890625,59.70494079589844,26.07708740234375,84.7994384765625
325,3,693.3950805664062,56.09366989135742,25.79278564453125,90.00180435180664
326,6,595.0376586914062,103.59712982177734,46.8076171875,132.8432388305664
326,2,664.6482543945312,58.93738555908203,25.496826171875,85.05895233154297
326,3,695.3530883789062,55.04661178588867,24.45623779296875,90.6667366027832
327,2,665.5339965820312,57.07107162475586,25.5379638671875,86.67126846313477
327,6,595.6838989257812,102.31500244140625,46.4610595703125,128.61968994140625
327,3,697.3862915039062,54.50932312011719,23.99322509765625,91.30497741699219
328,6,595.6011352539062,100.27250671386719,47.0360107421875,124.45828247070312
328,2,666.0896606445312,55.954132080078125,25.70770263671875,87.80224609375
328,3,698.3954467773438,54.04229736328125,23.50323486328125,91.89590454101562
329,2,667.2003173828125,55.75806427001953,25.579833984375,88.06555938720703
329,6,596.5150146484375,99.71382141113281,45.66461181640625,126.49833679199219
329,3,698.5505981445312,54.27403259277344,23.6395263671875,90.6566162109375
330,2,667.682861328125,55.683677673339844,26.18328857421875,86.48751068115234
330,6,597.135986328125,98.63613891601562,45.40911865234375,123.70953369140625
330,3,698.826904296875,54.680198669433594,23.2457275390625,91.05394744873047
331,2,667.8225708007812,56.193206787109375,26.9837646484375,85.71731567382812
331,6,597.1900024414062,96.94227600097656,46.0234375,122.54116821289062
331,3,700.2779541015625,57.79829788208008,21.5921630859375,86.71415328979492
332,2,668.4625244140625,58.044403076171875,27.66864013671875,83.80995178222656
332,6,598.608642578125,96.5106430053711,45.17083740234375,120.97008514404297
332,3,700.4027709960938,63.99325942993164,22.09405517578125,79.58443832397461
333,2,668.9688110351562,58.513309478759766,28.54449462890625,83.15551376342773
333,6,600.248046875,97.256103515625,43.989990234375,119.35604858398438
333,3,700.5706176757812,65.96996307373047,23.268798828125,77.9665298461914
334,2,669.9069213867188,59.07057189941406,29.503173828125,82.67524719238281
334,6,600.871337890625,96.48497009277344,43.6624755859375,118.47996520996094
334,3,699.721435546875,64.77957916259766,24.63519287109375,78.33257293701172
334,1,820.0778198242188,28.03559684753418,13.8287353515625,42.6811466217041
335,2,670.4421997070312,58.9450569152832,30.369384765625,81.87540817260742
335,6,602.1683349609375,97.21959686279297,42.83416748046875,117.78035736083984
335,3,698.4879760742188,57.185489654541016,49.081298828125,86.90098190307617
335,1,820.2446899414062,28.08814811706543,13.71771240234375,42.81023597717285
336,6,603.5807495117188,95.07955169677734,45.37744140625,120.40396881103516
336,2,670.4889526367188,57.38860321044922,32.63128662109375,82.54952239990234
336,3,699.71435546875,60.22713851928711,35.969482421875,82.4120979309082
337,6,605.5416259765625,93.82262420654297,45.08111572265625,118.64778900146484
337,2,671.3078002929688,56.933372497558594,32.87847900390625,81.30957794189453
337,3,701.2437133789062,59.503360748291016,38.7763671875,83.18001937866211
338,6,607.4779052734375,94.05254364013672,44.2705078125,111.80658721923828
338,2,675.2686157226562,55.44644546508789,30.60284423828125,81.41323471069336
338,3,704.3690795898438,56.15657424926758,31.8275146484375,85.30581283569336
338,1,819.523193359375,27.558696746826172,14.1890869140625,43.30129623413086
339,2,678.4946899414062,55.652099609375,28.5980224609375,80.44668579101562
339,6,609.4556884765625,93.40738677978516,43.978515625,112.83043670654297
339,3,705.3812866210938,70.64686584472656,16.083740234375,68.39756774902344
339,1,819.72119140625,27.697742462158203,14.11724853515625,43.17714309692383
340,6,611.1103515625,91.78939056396484,43.9993896484375,114.26964569091797
340,2,682.0028686523438,54.823299407958984,25.97149658203125,80.97763442993164
340,1,818.7110595703125,27.490110397338867,14.68829345703125,43.10510444641113
341,6,613.6934204101562,90.7624282836914,42.70819091796875,114.20903778076172
341,2,683.43701171875,54.16415023803711,25.70440673828125,80.67749404907227
341,1,819.9702758789062,27.55980110168457,13.9449462890625,43.263296127319336
342,2,685.1911010742188,54.25405502319336,25.78961181640625,82.19046401977539
342,6,616.6333618164062,89.92224884033203,41.4993896484375,113.74573516845703
343,6,619.3177490234375,88.95724487304688,40.29925537109375,114.88246154785156
343,2,686.0403442382812,54.65577697753906,26.0296630859375,81.9620361328125
343,1,820.111328125,27.714794158935547,13.827880859375,42.96280288696289
344,2,686.6438598632812,54.76224136352539,26.364501953125,80.30778121948242
344,6,619.4161987304688,89.10541534423828,42.1729736328125,115.06011199951172
344,3,729.3829345703125,52.87403106689453,14.05914306640625,38.984535217285156
345,6,620.1383056640625,89.40534973144531,42.32452392578125,114.52471923828125
345,2,687.3126831054688,54.933189392089844,26.72454833984375,79.9472885131836
345,3,729.6239624023438,53.040245056152344,13.95965576171875,40.41163635253906
346,2,688.689453125,55.677146911621094,27.141845703125,77.9558334350586
346,6,618.818115234375,90.05288696289062,44.4737548828125,114.90715026855469
346,3,730.1250610351562,52.85578536987305,14.48492431640625,41.90077590942383
347,2,690.2902221679688,56.2215576171875,26.18951416015625,74.64883422851562
347,6,621.2393798828125,90.2646713256836,43.16241455078125,113.03150177001953
347,3,730.5371704101562,52.80516052246094,14.1348876953125,42.699005126953125
348,6,625.7503051757812,89.26763916015625,39.3822021484375,110.39682006835938
348,2,690.8399658203125,56.271663665771484,27.03277587890625,74.96522903442383
348,3,730.3677978515625,52.708282470703125,14.64617919921875,43.95625305175781
349,2,692.1055908203125,55.83261489868164,26.53448486328125,76.17654037475586
349,6,626.6689453125,86.35902404785156,40.503173828125,119.26170349121094
349,3,730.219482421875,51.41643524169922,15.18743896484375,45.63459014892578
350,2,692.0828247070312,55.25022888183594,27.3367919921875,76.5709228515625
350,6,628.2998657226562,85.5457534790039,39.99969482421875,112.32357025146484
350,3,730.7863159179688,49.67653274536133,15.47808837890625,46.01649856567383
350,1,819.9911499023438,28.223276138305664,13.926025390625,42.6643123626709
351,6,629.94970703125,83.6688003540039,40.059814453125,106.22919464111328
351,2,695.0450439453125,53.99135208129883,24.6090087890625,76.85143661499023
351,3,730.8683471679688,49.60878372192383,16.08758544921875,46.32685470581055
352,2,696.064453125,52.69901657104492,23.278076171875,78.53235244750977
352,6,631.644775390625,82.26612091064453,39.343505859375,108.00122833251953
352,3,730.5761108398438,48.70549392700195,20.49566650390625,67.00648880004883
353,6,632.1649780273438,82.64948272705078,39.69854736328125,112.93317413330078
353,2,697.3392944335938,51.22334289550781,21.97943115234375,78.51692199707031
353,3,730.9095458984375,48.309913635253906,17.25323486328125,50.401588439941406
354,6,632.9432373046875,83.71826171875,39.9910888671875,109.6141357421875
354,2,698.1134033203125,50.84490203857422,21.41241455078125,79.9379653930664
354,3,731.28857421875,48.24074172973633,17.8944091796875,62.174007415771484
355,6,634.21044921875,84.14253997802734,39.3792724609375,107.1646499633789
355,2,698.467529296875,51.24489212036133,20.68377685546875,79.44425582885742
355,3,731.2216186523438,46.53293228149414,22.698974609375,84.54246139526367
356,6,636.3597412109375,84.26494598388672,39.28155517578125,104.60550689697266
356,2,699.04443359375,54.795433044433594,20.86578369140625,75.83527374267578
356,3,731.6758422851562,47.568748474121094,25.6505126953125,84.4051742553711
357,6,640.1853637695312,84.61104583740234,36.45574951171875,101.44519805908203
357,2,700.4290771484375,57.70901870727539,20.18170166015625,72.69417953491211
357,3,732.4893798828125,49.71124267578125,25.361083984375,82.16827392578125
358,6,640.46875,84.22904968261719,38.5416259765625,102.06330871582031
358,3,732.8244018554688,53.28394317626953,26.137939453125,77.72624969482422
358,2,701.2304077148438,58.66011047363281,20.2725830078125,70.65797424316406
359,6,642.7971801757812,84.61761474609375,38.16363525390625,100.70921325683594
359,3,733.56787109375,55.388614654541016,27.0863037109375,74.27207565307617
359,2,700.937255859375,59.43846130371094,20.71966552734375,70.06089782714844
360,6,646.217041015625,84.94761657714844,35.43450927734375,100.07626342773438
360,2,701.6744995117188,61.72909164428711,20.12176513671875,67.07751846313477
360,3,735.843505859375,58.79164505004883,28.10546875,69.98284530639648
361,6,647.716552734375,84.13997650146484,38.6116943359375,101.50890350341797
361,2,702.0173950195312,64.63321685791016,19.115234375,64.7125015258789
361,3,737.1613159179688,59.59539031982422,26.177734375,69.5211410522461
362,6,650.2301635742188,83.189453125,37.48883056640625,102.09736633300781
362,3,746.9652099609375,61.714263916015625,16.89068603515625,66.8873291015625
362,2,702.807373046875,63.81682205200195,18.2706298828125,64.48179244995117
362,7,642.0617065429688,26.623428344726562,12.38787841796875,27.412734985351562
363,6,653.5266723632812,81.87876892089844,36.09857177734375,103.50474548339844
363,3,748.2933349609375,60.18754577636719,18.16876220703125,68.6304931640625
363,2,703.7406616210938,65.80418395996094,17.40264892578125,63.3553466796875
364,6,655.4163818359375,81.11544799804688,36.88946533203125,103.64627075195312
364,2,703.865234375,67.50411224365234,16.911865234375,59.58771514892578
364,3,748.6507568359375,58.42728042602539,19.06341552734375,70.45214462280273
365,6,657.9679565429688,81.25032806396484,35.58917236328125,104.60753631591797
365,3,747.7210083007812,60.03110885620117,20.7567138671875,68.86731338500977
365,2,705.8580932617188,66.35697174072266,15.1185302734375,59.04823303222656
366,6,658.9546508789062,82.9803466796875,36.7674560546875,100.83770751953125
366,2,708.96875,53.131404876708984,30.88873291015625,72.62652206420898
366,3,743.7745971679688,60.0754508972168,24.74951171875,69.09975051879883
367,6,660.461181640625,81.65455627441406,36.8895263671875,102.39065551757812
367,3,744.52197265625,57.6783561706543,25.6590576171875,71.3679084777832
367,2,728.7234497070312,51.13408660888672,12.2532958984375,35.847686767578125
368,6,660.8206787109375,81.9776382446289,38.00860595703125,102.46161651611328
368,3,747.9639282226562,53.2239875793457,24.420166015625,75.79331588745117
368,2,717.135498046875,50.72747039794922,24.66650390625,75.88314819335938
369,6,662.5411987304688,83.75017547607422,37.1441650390625,99.90428924560547
369,3,749.9596557617188,51.24195861816406,24.91192626953125,77.63934326171875
369,2,725.94189453125,48.98836898803711,16.058349609375,69.76884841918945
370,6,663.8218994140625,83.00950622558594,37.74383544921875,101.94512939453125
370,3,750.3333740234375,48.88365173339844,26.3643798828125,80.10148620605469
370,2,726.8624267578125,48.5322151184082,15.94677734375,70.96769332885742
371,6,666.4978637695312,83.2940673828125,36.94451904296875,97.03970336914062
371,3,751.066650390625,48.622066497802734,27.23455810546875,80.79968643188477
371,2,729.6010131835938,51.36420822143555,13.8641357421875,40.34211349487305
372,6,670.2801513671875,82.9360122680664,34.55731201171875,95.5279769897461
372,3,751.2217407226562,49.85647964477539,28.76409912109375,79.4721794128418
372,2,729.75439453125,52.64091110229492,14.02252197265625,39.57303237915039
373,6,671.3241577148438,81.27649688720703,35.06317138671875,98.6365737915039
373,3,751.0735473632812,49.30012512207031,28.747314453125,79.85780334472656
373,2,730.1578979492188,52.94540786743164,13.85711669921875,38.78812789916992
374,6,674.7098388671875,80.28512573242188,32.84136962890625,98.27041625976562
374,3,750.7525024414062,47.83967971801758,28.3251953125,81.1876335144043
374,2,730.4420166015625,52.86091232299805,13.78643798828125,38.7972297668457
375,6,677.304931640625,78.90231323242188,31.7022705078125,100.09996032714844
375,3,751.0608520507812,48.43349075317383,28.4451904296875,80.30923080444336
375,2,730.4169921875,52.88740921020508,13.908447265625,38.29398727416992
376,6,678.8704223632812,79.48892211914062,31.60028076171875,99.10250854492188
376,3,751.6692504882812,48.583656311035156,27.17303466796875,79.48877716064453
376,2,730.3970947265625,51.56610107421875,14.36474609375,39.281707763671875
377,6,679.17822265625,79.74534606933594,32.30682373046875,98.75309753417969
377,3,752.1975708007812,47.43877410888672,25.94573974609375,80.39647674560547
377,2,730.2789916992188,50.73093032836914,15.15460205078125,39.70830154418945
378,6,680.205810546875,80.1300048828125,32.390625,97.65391540527344
378,3,752.59326171875,47.58339309692383,24.83734130859375,80.57448959350586
378,2,730.2623901367188,49.355735778808594,16.50469970703125,40.506195068359375
379,6,680.8793334960938,80.46250915527344,32.853759765625,97.58868408203125
379,3,753.9395751953125,47.02360153198242,24.055908203125,79.64802932739258
379,2,730.2388916015625,48.53053283691406,17.09783935546875,42.13102722167969
380,6,681.8109741210938,80.29080963134766,33.7486572265625,97.0263900756836
380,3,754.7623291015625,45.12678146362305,24.89215087890625,79.53618240356445
380,2,730.4607543945312,48.028404235839844,17.02960205078125,42.2552490234375
381,6,680.9903564453125,80.96146392822266,36.7845458984375,96.4328384399414
381,3,755.541748046875,44.7739372253418,24.8565673828125,78.26022720336914
381,2,730.7688598632812,47.538692474365234,16.8929443359375,42.58018112182617
382,6,681.9716796875,80.70317077636719,37.391845703125,96.88833618164062
382,3,756.3973388671875,45.30567169189453,23.90411376953125,77.0853500366211
382,2,730.9696655273438,47.43946075439453,17.57806396484375,42.70948791503906
383,6,683.000732421875,80.10296630859375,38.221435546875,96.69232177734375
383,3,756.7277221679688,45.990535736083984,24.37872314453125,77.8475227355957
383,2,731.3786010742188,45.23369216918945,19.68878173828125,78.87422561645508
384,3,757.678955078125,44.66536331176758,26.1312255859375,79.31900405883789
384,6,689.5220947265625,78.07766723632812,33.4693603515625,94.64781188964844
384,2,732.1640625,49.898746490478516,22.03662109375,70.19281387329102
385,3,758.0546875,44.98354721069336,26.46185302734375,78.2485237121582
385,6,694.9556884765625,76.45137023925781,27.81207275390625,93.38949584960938
385,2,733.0584106445312,52.17161560058594,14.1767578125,33.845726013183594
386,3,758.7791137695312,46.68037796020508,26.86871337890625,76.08585739135742
386,6,697.4151000976562,75.08943176269531,25.72418212890625,93.54914855957031
386,2,733.4217529296875,53.996131896972656,14.00909423828125,31.261398315429688
387,3,758.36279296875,47.4531364440918,27.76702880859375,74.06247329711914
387,6,699.471435546875,73.01229858398438,24.26092529296875,94.08169555664062
388,3,757.934326171875,45.63153839111328,30.172119140625,76.08492279052734
388,6,700.3759765625,78.01296997070312,23.48187255859375,92.79164123535156
389,3,758.1034545898438,45.496360778808594,31.52398681640625,76.00301361083984
389,6,700.6903076171875,87.07620239257812,23.18353271484375,80.54940795898438
390,3,758.8076782226562,45.322452545166016,31.5517578125,76.02096939086914
391,3,760.2531127929688,44.85049057006836,30.7623291015625,75.59734725952148
391,1,820.2276611328125,38.80121612548828,15.3414306640625,37.24803924560547
392,3,762.0934448242188,44.01955795288086,29.7943115234375,75.89856338500977
393,3,764.6675415039062,43.24751281738281,28.7213134765625,76.32432556152344
393,2,745.8461303710938,53.10357666015625,22.02886962890625,62.90399169921875
394,3,767.53759765625,42.965824127197266,27.29925537109375,76.14435195922852
394,2,745.042236328125,53.9026985168457,23.5775146484375,62.095462799072266
395,3,769.4981689453125,42.55726623535156,27.78302001953125,76.6185531616211
395,2,745.5325317382812,52.70134353637695,23.60430908203125,63.9024543762207
396,3,770.9182739257812,43.26165771484375,27.5147705078125,75.56861114501953
396,2,744.8567504882812,52.37596893310547,25.61956787109375,63.67803192138672
396,1,824.1477661132812,32.151668548583984,11.37640380859375,38.6653938293457
397,3,771.5865478515625,44.03067398071289,27.99456787109375,75.52096939086914
397,2,744.5785522460938,51.14268493652344,25.53564453125,64.44742584228516
397,1,821.5242309570312,36.47476577758789,14.513671875,37.4363899230957
398,3,771.7341918945312,43.88509750366211,28.8388671875,75.31791305541992
398,2,747.7993774414062,50.29365921020508,22.76507568359375,63.45209884643555
398,1,821.7483520507812,36.74592971801758,14.33319091796875,36.92471694946289
399,3,772.6244506835938,44.11277770996094,28.62445068359375,75.42628479003906
399,2,750.26611328125,51.06883239746094,21.01617431640625,62.08027648925781
399,1,821.6154174804688,36.96675109863281,14.44232177734375,36.97966766357422
400,3,773.5305786132812,44.13279342651367,28.15167236328125,74.61809921264648
400,2,751.8446655273438,47.62989044189453,19.89666748046875,65.05498504638672
400,1,824.3197631835938,33.18375015258789,11.4371337890625,38.30477523803711
401,3,775.1534423828125,43.86793518066406,26.95574951171875,74.83759307861328
401,2,752.2738647460938,46.28557205200195,20.47259521484375,66.35477828979492
401,6,735.65625,61.6572265625,20.145751953125,101.04216003417969
401,1,823.2928466796875,35.50539016723633,13.36962890625,36.546695709228516
402,3,775.8768920898438,43.846160888671875,26.17877197265625,74.23307037353516
402,2,753.169677734375,45.66287612915039,20.68524169921875,67.19181442260742
402,6,734.8636474609375,60.07492446899414,21.53717041015625,103.6168327331543
402,1,823.7727661132812,35.528587341308594,13.085693359375,35.772666931152344
403,3,776.2387084960938,43.048805236816406,26.242919921875,75.2550048828125
403,2,752.8508911132812,45.215824127197266,22.0560302734375,68.10433578491211
403,6,740.259033203125,111.26907348632812,13.1302490234375,51.02018737792969
403,1,823.8241577148438,35.189579010009766,13.07928466796875,35.783329010009766
404,3,776.5064086914062,42.333866119384766,24.71337890625,75.46245193481445
404,2,753.2009887695312,44.80952835083008,22.79901123046875,68.67037582397461
404,6,740.6111450195312,100.28361511230469,13.93402099609375,62.87420654296875
404,1,823.9050903320312,34.678287506103516,13.15802001953125,36.488956451416016
405,2,754.15576171875,43.656089782714844,22.19970703125,69.11919403076172
405,3,777.5758666992188,41.53108596801758,23.5977783203125,75.7519645690918
405,6,739.8519897460938,92.58247375488281,16.70587158203125,69.24530029296875
405,1,824.0065307617188,33.84560775756836,13.23602294921875,37.15182113647461
406,3,778.9046630859375,41.220523834228516,22.68084716796875,74.80359268188477
406,2,755.2285766601562,43.20600128173828,21.56427001953125,63.948020935058594
406,6,740.3131713867188,88.36427307128906,20.767822265625,73.25529479980469
406,1,824.3684692382812,34.000213623046875,12.9434814453125,36.469764709472656
407,3,779.6419677734375,41.30106735229492,22.55859375,74.04717636108398
407,2,754.6934204101562,43.122718811035156,22.74420166015625,72.11382293701172
407,6,739.9309692382812,88.3963394165039,20.91229248046875,74.0030288696289
408,2,756.4801635742188,42.35081481933594,22.71185302734375,71.27491760253906
408,3,780.835693359375,41.367713928222656,22.30828857421875,72.83946990966797
408,6,739.4454956054688,83.39897155761719,23.1494140625,78.66445922851562
409,2,757.6777954101562,43.03756332397461,22.3546142578125,68.93866348266602
409,3,781.1024169921875,41.44965744018555,22.56475830078125,73.11777877807617
409,6,741.2887573242188,81.05189514160156,22.38763427734375,82.66134643554688
410,3,781.7636108398438,41.0109977722168,22.58709716796875,73.63177871704102
410,2,758.016357421875,43.52366256713867,22.4775390625,68.83131790161133
410,6,741.427734375,80.32352447509766,23.955322265625,83.21675872802734
411,3,781.949951171875,41.44206237792969,22.77325439453125,73.08150482177734
411,2,758.783203125,43.966224670410156,22.9775390625,68.5718765258789
411,6,742.067138671875,78.893310546875,25.2701416015625,83.90582275390625
412,3,782.1695556640625,41.78004837036133,24.34912109375,72.28881454467773
412,6,742.4758911132812,76.8936767578125,26.5787353515625,85.47062683105469
412,2,760.2296142578125,43.84672164916992,22.3931884765625,69.04025650024414
412,1,822.1775512695312,31.875160217285156,12.93695068359375,39.876678466796875
413,3,782.4375,41.777523040771484,25.44921875,71.68166732788086
413,6,743.1749267578125,75.3536605834961,27.3944091796875,88.1325454711914
413,2,761.4850463867188,44.658485412597656,22.16998291015625,68.0527114868164
413,1,822.9616088867188,32.22499084472656,12.12469482421875,39.43175506591797
414,2,763.4160766601562,44.356048583984375,21.1829833984375,68.08070373535156
414,3,782.7750244140625,41.73664855957031,25.3397216796875,71.27086639404297
414,6,744.4697265625,72.93434143066406,26.831298828125,89.13703918457031
414,1,822.8400268554688,36.35848617553711,13.7344970703125,34.454097747802734
415,3,782.8677978515625,41.60028076171875,26.4288330078125,71.6186752319336
415,2,765.1801147460938,44.37126541137695,20.096923828125,67.49444198608398
415,6,745.1549682617188,73.32630157470703,26.52178955078125,87.87268829345703
415,1,822.30712890625,36.39891052246094,12.6827392578125,34.93688201904297
416,3,783.0762939453125,41.48530197143555,27.14898681640625,71.62154769897461
416,2,765.9389038085938,43.66517639160156,20.591796875,68.2535629272461
416,6,747.1884155273438,71.06433868408203,24.97607421875,85.69225311279297
416,1,822.6848754882812,36.4675178527832,12.581298828125,34.812252044677734
417,3,784.3629760742188,41.56285858154297,27.2840576171875,71.15489959716797
417,6,747.4478759765625,70.60586547851562,25.45721435546875,87.35218811035156
417,2,766.6978759765625,42.91215515136719,21.41973876953125,69.42030334472656
417,1,823.1503295898438,36.115135192871094,12.44287109375,35.16639709472656
418,3,785.7310791015625,41.34736251831055,26.62432861328125,71.4040412902832
418,6,749.3060913085938,72.43968200683594,24.23712158203125,81.89718627929688
418,2,767.67919921875,42.241844177246094,21.3914794921875,69.34886169433594
418,1,823.2449340820312,35.90196228027344,12.42431640625,35.06268310546875
419,6,749.5540161132812,71.22428131103516,25.03076171875,84.4121322631836
419,3,786.749267578125,41.22949981689453,25.641357421875,71.21851348876953
419,2,768.5875854492188,41.368751525878906,20.77520751953125,70.01327514648438
419,1,823.7172241210938,36.51310729980469,13.1612548828125,35.87212371826172
420,6,750.0768432617188,71.73147583007812,25.66278076171875,81.78053283691406
420,3,788.1436157226562,40.79133224487305,25.61468505859375,71.21360397338867
420,2,769.2591552734375,41.04234313964844,20.462646484375,68.27352142333984
420,1,822.3334350585938,31.61717414855957,13.12176513671875,39.165449142456055
421,6,751.7417602539062,73.56478118896484,25.18328857421875,79.4133071899414
421,3,789.633056640625,40.60606384277344,25.7999267578125,71.39745330810547
421,2,769.7947998046875,40.66912841796875,21.335693359375,69.56112670898438
421,1,821.8463745117188,30.562055587768555,13.42333984375,40.15781593322754
422,6,752.3361206054688,74.14803314208984,25.52862548828125,77.1993179321289
422,3,791.32080078125,40.39643096923828,25.29315185546875,71.17833709716797
422,2,769.9989013671875,40.643646240234375,21.61663818359375,68.9827880859375
422,1,821.548095703125,29.992555618286133,13.55902099609375,40.988393783569336
423,3,792.4407348632812,40.77802658081055,24.47613525390625,71.09050369262695
423,6,753.0068359375,74.74649810791016,26.4781494140625,75.92069244384766
423,2,770.6538696289062,40.97720718383789,22.39593505859375,69.54155349731445
423,1,821.48046875,29.80910873413086,13.70550537109375,41.26533126831055
424,3,793.0248413085938,41.49030685424805,24.22271728515625,70.72627639770508
424,6,753.63525390625,74.955078125,27.11376953125,75.16717529296875
424,2,771.4230346679688,41.440887451171875,22.52618408203125,69.13775634765625
424,1,819.7191162109375,28.631969451904297,14.7169189453125,41.721683502197266
425,6,753.8434448242188,75.40381622314453,28.42498779296875,76.3954086303711
425,3,793.5109252929688,42.44608688354492,24.66522216796875,69.62457656860352
425,2,771.59521484375,42.68186569213867,22.3778076171875,68.06852340698242
425,1,821.633544921875,29.436731338500977,13.59539794921875,40.65723991394043
426,6,753.453369140625,73.95084381103516,30.0423583984375,78.72931671142578
426,2,773.128662109375,42.66687774658203,21.49749755859375,66.53500366210938
426,3,795.1361083984375,42.24848937988281,24.5623779296875,69.49738311767578
426,1,821.8792114257812,29.606786727905273,13.49908447265625,39.903581619262695
427,2,774.5516357421875,42.24708557128906,20.072998046875,66.43047332763672
427,3,795.872314453125,43.569969177246094,23.13031005859375,67.31690216064453
427,6,755.2978515625,76.783203125,28.69091796875,73.468505859375
427,1,821.6276245117188,29.411521911621094,13.564208984375,40.05316162109375
428,3,796.0919799804688,41.7379035949707,23.67041015625,69.12168502807617
428,2,775.5328369140625,41.85918045043945,19.62786865234375,66.14471054077148
428,6,757.80419921875,74.60719299316406,27.20062255859375,71.13768005371094
428,1,821.6914672851562,29.322086334228516,13.43780517578125,40.000003814697266
429,2,776.02099609375,40.66954040527344,19.772216796875,67.29692077636719
429,6,760.5849609375,74.24018859863281,25.83001708984375,73.33738708496094
429,3,797.1904907226562,42.00637435913086,22.77288818359375,68.76604843139648
429,1,821.8294067382812,29.675840377807617,13.43231201171875,39.623064041137695
430,2,776.6074829101562,40.07257843017578,19.778076171875,68.20011138916016
430,3,797.203125,41.879119873046875,24.3974609375,68.9112777709961
430,6,762.462890625,72.47850036621094,25.5526123046875,74.87442016601562
431,2,777.0489501953125,39.31296920776367,20.62493896484375,65.26712417602539
431,3,798.013427734375,42.55070114135742,24.24090576171875,66.50090408325195
431,6,763.5035400390625,70.85608673095703,26.43475341796875,75.5001449584961
431,1,821.1526489257812,29.556657791137695,13.39080810546875,41.162214279174805
432,2,778.7758178710938,38.599552154541016,20.4102783203125,66.03934860229492
432,6,766.853515625,67.59294128417969,26.50018310546875,78.04103088378906
432,3,800.0345458984375,44.45611572265625,20.6295166015625,63.49432373046875
432,1,819.776611328125,29.576745986938477,13.87982177734375,40.601789474487305
433,2,778.9409790039062,38.45235061645508,21.07855224609375,67.26554489135742
433,3,800.6180419921875,42.37670135498047,23.18487548828125,65.16651916503906
433,6,767.029541015625,70.10183715820312,26.5802001953125,76.26364135742188
433,1,821.0827026367188,30.268653869628906,13.3194580078125,39.38934326171875
434,3,801.5100708007812,42.32637405395508,23.39923095703125,64.76874160766602
434,2,778.9707641601562,39.085384368896484,20.979248046875,66.79563522338867
434,6,767.7293701171875,72.5015640258789,25.9034423828125,73.29723358154297
434,1,821.3780517578125,30.80449867248535,13.3551025390625,39.81313896179199
435,2,779.1701049804688,39.43996047973633,21.3990478515625,67.07986068725586
435,3,801.8585205078125,38.29633712768555,24.3951416015625,69.09230422973633
435,6,768.7156372070312,71.33942413330078,26.27191162109375,74.54247283935547
436,2,779.6024780273438,40.248897552490234,21.399169921875,66.21062088012695
436,6,769.9940185546875,72.17853546142578,26.17999267578125,73.37198638916016
436,3,802.7296752929688,40.45817565917969,24.319580078125,66.87442016601562
437,2,780.948974609375,40.85747528076172,20.767333984375,64.74456024169922
437,6,768.5865478515625,70.73975372314453,28.32684326171875,74.37308502197266
437,3,802.6463623046875,41.47288513183594,25.033203125,65.58749389648438
438,2,781.5990600585938,40.92166519165039,21.77325439453125,62.66334915161133
438,3,802.6382446289062,40.38399124145508,25.92059326171875,65.89561080932617
438,6,772.5538330078125,72.42352294921875,25.39581298828125,66.6461181640625
439,2,782.4923095703125,40.6228141784668,21.40850830078125,59.6746940612793
439,3,802.32568359375,39.7991943359375,28.019287109375,65.92860412597656
439,6,773.910400390625,70.89179229736328,24.70068359375,61.52716827392578
440,3,802.5758056640625,40.92108917236328,28.3759765625,64.72821044921875
440,2,783.3994750976562,40.6104736328125,20.87884521484375,55.03094482421875
440,6,774.4151000976562,71.44178009033203,25.117919921875,64.99459075927734
441,3,802.371826171875,41.183998107910156,28.88916015625,64.15088653564453
441,6,775.531005859375,69.1930160522461,25.608642578125,71.81433868408203
441,2,783.6371459960938,40.01895523071289,21.69964599609375,56.49283218383789
442,3,802.7544555664062,37.950199127197266,30.3095703125,67.69426345825195
442,6,776.021484375,68.74874877929688,26.03375244140625,72.59416198730469
442,2,782.8939819335938,38.61782455444336,23.47430419921875,57.64667892456055
443,2,786.3263549804688,38.381744384765625,21.67022705078125,62.359527587890625
443,6,777.6831665039062,69.63121032714844,24.738525390625,71.77734375
443,3,804.707763671875,37.912315368652344,29.20623779296875,67.66243743896484
444,2,788.0294189453125,37.81349182128906,20.9366455078125,63.41326904296875
444,6,779.015380859375,71.10004425048828,23.6302490234375,69.50287628173828
444,3,807.3384399414062,35.55080032348633,28.4697265625,69.79318618774414
445,2,789.3059692382812,38.13249206542969,20.396728515625,61.358238220214844
445,6,779.5376586914062,72.1874771118164,24.26031494140625,66.85529327392578
445,3,810.2803344726562,35.772640228271484,26.21478271484375,69.45068740844727
446,2,789.8494262695312,38.05198669433594,20.54443359375,56.84782409667969
446,3,810.9046020507812,35.368900299072266,25.6668701171875,69.73041915893555
446,6,780.3251953125,71.81403350830078,24.78045654296875,62.635215759277344
447,3,812.7824096679688,36.66630935668945,23.14990234375,67.99982833862305
447,2,790.6890258789062,38.48118591308594,20.414794921875,56.33299255371094
447,6,780.545166015625,71.90779113769531,25.86932373046875,62.153350830078125
448,6,780.3469848632812,70.04790496826172,27.376953125,65.67427825927734
448,3,814.778076171875,37.023223876953125,21.27276611328125,67.74886322021484
448,2,791.5411376953125,38.751617431640625,20.829345703125,57.66706848144531
449,3,815.5238037109375,37.03373718261719,20.90643310546875,68.00371551513672
449,2,792.2327270507812,38.81971740722656,20.9046630859375,57.042823791503906
449,6,781.6360473632812,68.56723022460938,27.44769287109375,65.27146911621094
450,3,816.7627563476562,38.104610443115234,19.53594970703125,67.02917861938477
450,6,782.7794189453125,66.71713256835938,27.38775634765625,66.91487121582031
450,2,793.51220703125,38.9046516418457,19.987548828125,53.9791145324707
451,3,817.4876708984375,39.138675689697266,19.0133056640625,65.30530166625977
451,6,785.6405029296875,66.43732452392578,25.572998046875,66.02014923095703
451,2,794.5270385742188,39.73109817504883,19.39117431640625,36.3989372253418
452,3,818.7716674804688,39.427398681640625,18.2197265625,64.07112884521484
452,6,787.6638793945312,62.306583404541016,25.41546630859375,69.50844955444336
452,2,793.7935791015625,40.748722076416016,22.146484375,49.236080169677734
453,3,819.4656982421875,39.52546691894531,17.66717529296875,63.70075988769531
453,6,789.4100341796875,63.4111442565918,24.38128662109375,68.02614212036133
453,2,795.9656982421875,39.72206115722656,19.41448974609375,35.617584228515625
454,3,819.7767944335938,39.13307189941406,17.6727294921875,64.21932983398438
454,6,790.3493041992188,65.02010345458984,24.5599365234375,66.03839874267578
454,2,796.8853149414062,39.47518539428711,19.34283447265625,34.7476692199707
455,3,819.953857421875,39.010108947753906,17.6302490234375,64.27952575683594
455,6,790.8207397460938,65.64550018310547,24.6817626953125,65.05387115478516
455,2,796.5763549804688,38.819915771484375,19.96795654296875,34.17707824707031
456,6,792.4855346679688,64.9031982421875,25.253662109375,65.560302734375
456,3,822.0122680664062,40.12266159057617,15.8682861328125,62.38521957397461
456,2,796.8688354492188,37.329349517822266,20.8955078125,35.536258697509766
457,6,793.070068359375,64.07515716552734,25.425537109375,66.3154067993164
457,3,823.1912231445312,41.021541595458984,14.99102783203125,60.52811813354492
457,2,798.0039672851562,36.8921012878418,20.5302734375,35.382564544677734
458,6,794.4407958984375,65.12826538085938,24.67889404296875,65.19197082519531
458,3,823.9694213867188,40.51548767089844,13.94677734375,61.085479736328125
458,2,798.7975463867188,36.06067657470703,21.243896484375,37.891197204589844
459,6,794.9275512695312,64.57575225830078,24.34600830078125,64.96955108642578
459,3,824.38134765625,40.492942810058594,13.04998779296875,61.288482666015625
459,2,798.7030639648438,36.027828216552734,21.9486083984375,40.99834060668945
460,6,795.957275390625,62.66472625732422,23.96710205078125,69.47835540771484
460,2,798.0031127929688,36.339210510253906,23.0433349609375,46.45191192626953
460,3,825.1220703125,40.20968246459961,12.778076171875,61.45950698852539
461,6,796.9697875976562,63.56777572631836,24.4501953125,66.2125129699707
461,3,825.0341186523438,40.48513412475586,12.930908203125,60.8036003112793
461,2,797.8176879882812,36.87028503417969,23.70843505859375,47.67766571044922
462,6,798.1564331054688,63.60451126098633,24.3035888671875,65.3372917175293
462,3,824.4487915039062,40.238468170166016,13.34283447265625,60.884456634521484
462,2,798.2383422851562,37.907936096191406,23.94403076171875,46.140907287597656
463,6,798.7373657226562,62.460330963134766,24.24249267578125,66.72161483764648
463,3,824.7376098632812,38.76508712768555,13.2864990234375,61.925968170166016
463,2,799.603759765625,40.67210006713867,23.46453857421875,41.08890151977539
464,6,800.2863159179688,58.193878173828125,24.09002685546875,70.62818908691406
464,3,824.0032348632812,37.62574005126953,13.74609375,61.9488525390625
464,2,803.3981323242188,40.93687438964844,21.401123046875,32.148582458496094
465,6,800.7577514648438,59.095985412597656,24.4671630859375,69.4922866821289
465,3,823.6972045898438,35.444034576416016,13.8665771484375,64.99887466430664
465,2,805.32177734375,40.15133285522461,19.92840576171875,32.20120620727539
466,6,800.9847412109375,58.15922927856445,26.2550048828125,71.04545211791992
466,3,823.5802001953125,37.26298904418945,14.1151123046875,63.180660247802734
466,2,804.6197509765625,39.666534423828125,20.8446044921875,38.547271728515625
467,6,801.3964233398438,60.90483856201172,25.91033935546875,67.74378204345703
467,2,804.0324096679688,36.071434020996094,26.458740234375,60.212799072265625
467,3,824.2515869140625,37.66896438598633,13.355712890625,55.17722702026367
468,6,801.6342163085938,60.761478424072266,25.89971923828125,68.05222702026367
468,2,808.812255859375,38.62162399291992,19.461669921875,30.896015167236328
468,3,823.0809326171875,37.40419387817383,13.873291015625,56.09896469116211
468,1,815.0877685546875,35.30896759033203,22.62548828125,61.954246520996094
469,2,811.3226928710938,36.711978912353516,22.77423095703125,59.56839370727539
469,6,801.2120361328125,62.087833404541016,27.354736328125,67.15087509155273
470,6,800.779541015625,61.409358978271484,29.86566162109375,68.25123977661133
470,2,810.550537109375,36.35039520263672,19.15911865234375,34.032005310058594
471,6,801.829833984375,63.743438720703125,28.88031005859375,65.12486267089844
471,2,810.710205078125,34.450592041015625,21.22906494140625,40.45428466796875
472,6,804.6687622070312,62.49518966674805,28.21405029296875,65.1788444519043
472,2,811.6124267578125,34.815879821777344,21.5384521484375,39.470664978027344
472,8,782.9999389648438,30.11003303527832,12.14788818359375,24.449853897094727
473,6,808.0072631835938,61.924442291259766,25.8197021484375,64.65503311157227
473,8,783.072021484375,30.664234161376953,12.3504638671875,24.46194839477539
473,2,811.1701049804688,34.512752532958984,23.1458740234375,44.157474517822266
474,6,810.81396484375,62.06277084350586,23.9063720703125,64.8458366394043
474,8,782.5336303710938,30.907018661499023,12.2052001953125,25.11472511291504
474,2,812.5877075195312,34.8079833984375,21.58758544921875,40.731597900390625
475,6,812.4962768554688,60.60441207885742,23.5745849609375,65.31149673461914
475,2,811.2885131835938,35.007991790771484,23.218017578125,49.24044418334961
476,8,783.1574096679688,31.91318702697754,13.04730224609375,27.949140548706055
476,6,813.17236328125,58.77009963989258,23.20465087890625,67.23844528198242
476,2,812.64990234375,34.99060821533203,22.29425048828125,47.325836181640625
477,6,814.9705200195312,59.3482666015625,22.0531005859375,66.457763671875
477,8,782.6303100585938,31.97154998779297,12.23126220703125,27.27053451538086
477,2,814.0421752929688,35.77686309814453,21.09356689453125,45.5185546875
478,6,815.42919921875,58.802757263183594,21.78118896484375,66.29344177246094
478,2,814.7474365234375,36.339900970458984,20.3614501953125,44.693058013916016
479,6,816.21826171875,59.58900451660156,21.1746826171875,65.20943450927734
479,2,815.6961059570312,36.346900939941406,20.13726806640625,42.720252990722656
480,6,817.65380859375,60.336063385009766,20.53350830078125,64.59486770629883
480,2,814.569091796875,34.163421630859375,21.718017578125,51.368812561035156
