0,1,668.1434326171875,151.78646850585938,76.8631591796875,216.176513671875
0,2,760.2081298828125,50.155086517333984,32.01104736328125,73.76796340942383
1,1,666.7694702148438,148.6273956298828,74.77630615234375,216.8480682373047
1,2,758.011474609375,50.05472946166992,32.8212890625,73.90094375610352
2,2,757.5399780273438,50.46418762207031,32.43963623046875,73.59442901611328
2,1,665.3192138671875,146.06944274902344,73.4566650390625,219.88560485839844
3,1,662.5693359375,146.06044006347656,73.126708984375,219.5805206298828
3,2,757.1907958984375,51.09186553955078,31.33636474609375,73.15127563476562
4,1,658.5517578125,146.28091430664062,73.71533203125,218.231201171875
4,2,757.86279296875,51.87464904785156,29.0426025390625,72.87712097167969
5,2,757.7969970703125,52.48885726928711,28.549560546875,71.74907302856445
5,1,655.7644653320312,146.68780517578125,71.57940673828125,217.44921875
6,1,652.9877319335938,146.78062438964844,71.00372314453125,215.89585876464844
6,2,757.5357666015625,52.013092041015625,27.7532958984375,72.15081787109375
7,1,650.4810791015625,146.45205688476562,69.8507080078125,215.53964233398438
7,2,757.2305908203125,51.3792724609375,27.32916259765625,73.05850982666016
8,2,756.5003662109375,51.54133224487305,27.55267333984375,73.37121200561523
8,1,638.2084350585938,145.01483154296875,78.65643310546875,212.868896484375
9,1,644.7178344726562,143.81854248046875,69.4722900390625,211.61123657226562
9,2,756.9454345703125,50.92778015136719,26.8360595703125,74.45677185058594
10,1,643.3946533203125,142.1548614501953,68.54248046875,205.87913513183594
10,2,756.4773559570312,52.215606689453125,26.22540283203125,73.69318389892578
11,1,639.9716186523438,140.27435302734375,66.37335205078125,206.15548706054688
11,2,754.9281616210938,54.17133712768555,26.43115234375,72.50204849243164
12,1,637.7119750976562,137.21485900878906,67.3414306640625,200.53526306152344
12,2,753.8253173828125,55.29558181762695,25.5614013671875,72.45051193237305
13,1,634.9356689453125,134.7744903564453,68.65667724609375,197.7906036376953
13,2,753.10498046875,53.350223541259766,25.5213623046875,74.11472702026367
14,1,632.8453369140625,133.05020141601562,67.34722900390625,195.41790771484375
14,2,751.8970336914062,53.53299331665039,25.6422119140625,73.51885604858398
15,1,625.9093627929688,132.552490234375,70.82525634765625,195.9010009765625
15,2,749.9168701171875,54.549652099609375,26.15472412109375,73.32450103759766
16,1,618.8823852539062,131.40493774414062,75.837158203125,197.19393920898438
16,2,748.9185180664062,54.454200744628906,26.40155029296875,73.36817169189453
17,1,621.2554931640625,131.3824920654297,70.93402099609375,196.64247131347656
17,2,749.91552734375,54.91265869140625,23.779296875,73.27433776855469
18,1,614.9374389648438,131.49026489257812,74.2435302734375,196.22442626953125
18,2,745.6126098632812,54.84965133666992,27.29400634765625,74.62454605102539
19,1,612.6304931640625,131.98094177246094,71.73626708984375,195.45094299316406
19,2,745.5469360351562,55.97244644165039,26.79913330078125,73.69968795776367
20,1,612.3457641601562,132.3739471435547,68.85546875,193.5010528564453
20,2,745.0709838867188,56.3839225769043,26.80908203125,73.08186721801758
21,1,612.5985717773438,131.1134033203125,65.8369140625,192.19635009765625
21,2,744.1641845703125,58.34981918334961,26.9405517578125,71.0670051574707
22,1,611.6561889648438,129.48101806640625,63.102783203125,190.76348876953125
22,2,744.5758666992188,59.33608627319336,25.320068359375,70.18291091918945
23,1,609.728759765625,127.45268249511719,62.456787109375,190.9971160888672
23,2,743.5311279296875,60.92680740356445,25.740478515625,68.38181686401367
24,1,607.3295288085938,126.0192642211914,62.108154296875,185.55132293701172
24,2,744.40625,62.7338981628418,22.9442138671875,66.75818252563477
25,1,605.3987426757812,123.52488708496094,61.78472900390625,181.83094787597656
25,2,746.2097778320312,63.80983352661133,19.94268798828125,65.45959091186523
26,1,603.8280639648438,121.80364227294922,61.15399169921875,178.66925811767578
26,2,746.2581787109375,64.3635482788086,18.98675537109375,64.76912689208984
27,1,602.1380004882812,119.83003997802734,61.46466064453125,180.18030548095703
27,2,745.2560424804688,65.7283935546875,18.85479736328125,63.14698791503906
28,1,600.7638549804688,118.91705322265625,60.832763671875,180.73175048828125
28,2,744.7037963867188,65.86302947998047,18.0596923828125,62.935523986816406
29,1,599.8073120117188,118.73467254638672,60.3189697265625,181.3282241821289
29,2,739.3284301757812,66.56437683105469,22.1466064453125,62.4193115234375
30,1,598.0062255859375,118.87256622314453,60.349609375,181.5833969116211
30,2,735.0177612304688,58.766998291015625,25.71832275390625,69.90885925292969
31,1,595.8564453125,119.43428039550781,60.8341064453125,179.79515075683594
31,2,733.8143920898438,56.57274627685547,24.388671875,71.86341094970703
32,1,594.4031982421875,119.53610229492188,59.68505859375,178.58859252929688
32,2,733.1940307617188,55.965980529785156,22.632080078125,73.09429168701172
33,1,594.4291381835938,119.37976837158203,58.14080810546875,177.1970443725586
33,2,732.2767944335938,55.68030548095703,22.70159912109375,73.64066314697266
34,1,592.898193359375,119.04759216308594,57.68353271484375,176.0132293701172
34,2,731.4385375976562,55.703887939453125,22.42498779296875,73.79920959472656
35,1,592.2203979492188,118.1694564819336,57.588623046875,174.8561782836914
35,2,730.69189453125,55.2354736328125,20.4403076171875,75.66975402832031
36,1,591.9971923828125,116.20238494873047,57.141357421875,170.69489288330078
36,2,730.05126953125,54.619110107421875,16.77447509765625,75.57485961914062
37,1,588.7947387695312,114.4808120727539,59.644775390625,169.89131927490234
37,2,730.2647705078125,54.598533630371094,15.1939697265625,68.89195251464844
38,1,589.1553955078125,113.03336334228516,58.4947509765625,168.01366424560547
38,2,731.1431274414062,55.58945846557617,14.13458251953125,39.167850494384766
39,1,588.8431396484375,110.71292877197266,57.33135986328125,165.63658905029297
39,2,730.9887084960938,55.59041976928711,14.2535400390625,38.95661544799805
40,1,587.9447021484375,109.5637435913086,57.02154541015625,165.98798370361328
40,2,730.546875,56.0760383605957,13.5462646484375,40.10097885131836
41,1,585.73583984375,108.6086654663086,57.48040771484375,166.3516616821289
41,2,730.381591796875,56.73188781738281,13.5714111328125,38.721580505371094
42,1,584.0225219726562,108.23196411132812,58.21441650390625,166.20941162109375
42,2,730.1495971679688,57.53044891357422,13.4901123046875,37.35388946533203
43,1,581.4994506835938,109.15404510498047,59.8082275390625,165.32526397705078
43,2,729.8595581054688,58.43350601196289,13.17218017578125,37.09013748168945
44,1,581.2399291992188,109.32470703125,58.47833251953125,164.87484741210938
44,2,729.607177734375,59.176509857177734,12.9404296875,37.03707504272461
45,1,581.0960083007812,109.9578628540039,56.43975830078125,163.77327728271484
45,2,729.451171875,59.2031364440918,12.56878662109375,36.551021575927734
46,1,580.8648681640625,110.24059295654297,55.2891845703125,162.25293731689453
46,2,717.0491333007812,59.094825744628906,23.34613037109375,66.59246826171875
47,1,580.5701904296875,109.58000946044922,53.90411376953125,161.3804702758789
47,2,710.04248046875,62.96677780151367,30.212646484375,71.43837356567383
48,1,578.736083984375,107.38544464111328,53.140869140625,156.29524993896484
49,1,578.3543090820312,105.70914459228516,53.6441650390625,154.21044158935547
49,2,706.9616088867188,70.19355010986328,33.56732177734375,66.1623764038086
50,1,578.4283447265625,103.33329010009766,53.477783203125,152.97893524169922
50,2,702.1043701171875,72.03705596923828,17.93035888671875,64.16890716552734
51,1,578.9779663085938,101.69239807128906,53.44647216796875,152.0894012451172
51,2,699.4072265625,72.67344665527344,20.95166015625,63.60954284667969
52,1,577.9628295898438,101.11322021484375,54.32537841796875,153.01486206054688
52,2,696.4849853515625,71.12882995605469,25.09722900390625,65.58268737792969
53,1,579.8672485351562,101.14198303222656,52.56256103515625,152.38902282714844
53,2,694.3826904296875,71.80227661132812,29.02923583984375,65.89521789550781
54,1,579.9541625976562,101.06436157226562,52.4564208984375,151.77565002441406
54,2,693.5108642578125,69.39322662353516,31.03399658203125,68.91150665283203
55,1,580.031005859375,102.32295989990234,52.412841796875,150.94725799560547
55,2,693.5800170898438,65.10169982910156,31.23419189453125,73.72344970703125
56,1,580.531005859375,103.08975219726562,52.341796875,150.5590057373047
56,2,694.1715087890625,60.0748176574707,29.63153076171875,78.53037643432617
57,1,581.3170776367188,103.76416015625,52.44091796875,146.16989135742188
57,2,694.1548461914062,59.6373176574707,28.55364990234375,78.91381454467773
58,1,581.3915405273438,103.78605651855469,53.30316162109375,146.15609741210938
58,2,693.8736572265625,59.078704833984375,27.79034423828125,79.92453002929688
59,2,693.3381958007812,58.12150955200195,26.95916748046875,80.48484420776367
59,1,582.1654663085938,103.78482055664062,54.0050048828125,145.5903778076172
60,1,582.9718627929688,103.20748901367188,53.6419677734375,145.36614990234375
60,2,692.187744140625,58.036705017089844,26.7059326171875,81.27330780029297
61,2,687.6620483398438,57.695770263671875,30.9658203125,82.65055847167969
61,1,583.3662109375,102.38204193115234,54.78948974609375,143.49799346923828
61,3,821.6246337890625,30.504226684570312,12.49139404296875,39.76592254638672
62,1,583.2831420898438,100.989501953125,55.98486328125,139.95709228515625
62,2,689.1986694335938,57.131473541259766,29.17486572265625,83.82651901245117
63,1,583.5992431640625,99.26557159423828,56.94818115234375,137.95256805419922
63,2,685.9979248046875,57.772796630859375,31.86590576171875,83.96200561523438
64,1,585.1873779296875,97.42301940917969,56.10882568359375,139.46539306640625
64,2,687.3646240234375,58.469505310058594,29.6903076171875,83.54627227783203
65,1,590.2552490234375,96.8543701171875,51.93145751953125,138.53810119628906
65,2,685.4222412109375,58.68662643432617,31.23895263671875,82.54516983032227
66,1,596.2147827148438,96.43366241455078,47.1124267578125,140.4021224975586
66,2,684.7337036132812,59.62671661376953,30.70892333984375,82.06092071533203
67,1,598.4517211914062,96.56925964355469,46.0299072265625,141.1236114501953
67,2,683.6222534179688,59.75065231323242,29.8282470703125,83.62887954711914
68,1,598.5447387695312,97.36184692382812,47.11016845703125,139.55715942382812
68,2,682.1046752929688,59.60441970825195,30.24615478515625,83.42849349975586
69,2,676.8272094726562,60.379173278808594,34.31182861328125,82.3332748413086
69,1,599.0103149414062,97.66265106201172,48.2750244140625,137.17713165283203
70,2,677.614501953125,60.367034912109375,31.92645263671875,82.63298034667969
70,1,599.574462890625,98.15946960449219,48.80828857421875,135.28201293945312
71,2,676.5367431640625,60.06962585449219,32.355712890625,83.85745239257812
71,1,601.1046752929688,97.92780303955078,48.73895263671875,135.94564056396484
72,2,674.9588623046875,59.627777099609375,30.61627197265625,84.76495361328125
72,1,603.4111328125,95.41998291015625,49.16888427734375,136.36672973632812
73,2,674.6441040039062,59.95937728881836,30.315673828125,84.9009895324707
73,1,609.38525390625,94.94734191894531,45.32196044921875,132.30813598632812
74,2,671.854248046875,59.53474426269531,31.67529296875,84.68551635742188
74,1,612.8217163085938,93.69778442382812,44.3663330078125,133.52960205078125
75,2,670.389404296875,59.149715423583984,30.6722412109375,85.78985977172852
75,1,615.4448852539062,91.79814910888672,43.23602294921875,130.78241729736328
76,2,663.70458984375,59.65703201293945,36.08282470703125,83.51885604858398
76,1,617.4585571289062,90.57038879394531,43.96636962890625,131.80743408203125
77,1,619.3859252929688,91.35255432128906,43.66900634765625,129.4235382080078
77,2,661.9835815429688,60.05058288574219,35.95654296875,82.70523071289062
77,3,823.2930908203125,31.342613220214844,12.77777099609375,39.85380554199219
78,1,620.2492065429688,92.27266693115234,45.1339111328125,127.10283660888672
78,2,662.6597290039062,60.54651641845703,33.5,83.04833221435547
78,3,823.4661865234375,32.382850646972656,12.43585205078125,38.94994354248047
79,1,620.3092041015625,92.8293685913086,48.19769287109375,126.05635833740234
79,2,665.32421875,62.43470764160156,29.9144287109375,79.48344421386719
79,3,824.44873046875,32.58916473388672,11.86016845703125,39.42284393310547
80,1,620.3035278320312,94.68697357177734,50.62103271484375,124.26294708251953
80,2,667.2448120117188,62.51535415649414,26.513916015625,79.80660629272461
80,3,824.68212890625,35.05465316772461,12.781494140625,48.99802017211914
81,2,667.3410034179688,61.62576675415039,24.4197998046875,81.7838249206543
81,1,620.2896118164062,93.74742126464844,53.56597900390625,125.15748596191406
81,3,825.0057983398438,33.96439743041992,13.0223388671875,56.163204193115234
82,1,618.9019775390625,97.34708404541016,56.85791015625,121.90448760986328
82,2,664.2321166992188,61.701351165771484,25.5499267578125,82.67769241333008
82,3,824.8449096679688,35.345420837402344,12.80108642578125,54.76420593261719
83,1,618.924560546875,93.4859390258789,60.67071533203125,126.96183013916016
83,2,661.9807739257812,60.89372634887695,25.8846435546875,81.20528793334961
83,3,824.2937622070312,35.018592834472656,13.5113525390625,55.596641540527344
84,1,621.5789794921875,91.70719909667969,61.4793701171875,128.04273986816406
84,3,823.5910034179688,34.291664123535156,13.9483642578125,56.69383239746094
84,2,655.1536865234375,61.13606643676758,30.25830078125,45.34922409057617
85,1,625.2974243164062,92.9197769165039,61.53466796875,125.43123626708984
85,3,823.1372680664062,38.29984664916992,14.3028564453125,53.05142593383789
85,2,652.4415283203125,60.8295783996582,31.55706787109375,45.79018783569336
86,1,643.8336181640625,93.38763427734375,46.1082763671875,118.6734619140625
86,2,650.3060913085938,60.424163818359375,32.54217529296875,49.50733947753906
86,3,823.4012451171875,40.54434585571289,14.3023681640625,50.5783576965332
87,1,644.6019287109375,91.78245544433594,47.80810546875,118.444091796875
87,2,650.1185913085938,60.378662109375,31.8021240234375,52.85829162597656
87,3,823.0387573242188,43.95988845825195,13.82415771484375,47.013065338134766
88,1,645.8020629882812,89.95649719238281,49.37158203125,121.85926818847656
88,2,648.7933959960938,60.8077278137207,31.44384765625,55.73135757446289
88,3,822.652587890625,42.37653350830078,14.11480712890625,48.417884826660156
89,1,651.0629272460938,88.47737884521484,45.45068359375,122.6019515991211
89,2,645.58642578125,61.026039123535156,32.88165283203125,57.806053161621094
89,3,822.2338256835938,41.916908264160156,13.9337158203125,49.15620422363281
90,1,655.5440673828125,88.28868865966797,43.4239501953125,122.99571990966797
90,2,646.2110595703125,61.7624397277832,30.64935302734375,74.59391403198242
90,3,821.7233276367188,40.28834915161133,14.40704345703125,49.7191276550293
91,2,642.7821655273438,61.493438720703125,32.46783447265625,85.18156433105469
91,1,657.8126220703125,88.80751037597656,44.02923583984375,120.67123413085938
91,3,820.5931396484375,35.3845100402832,16.13604736328125,55.55373764038086
92,2,641.0386962890625,62.03681182861328,32.7445068359375,85.48609161376953
92,1,659.5326538085938,88.80618286132812,43.85736083984375,118.05644226074219
92,3,818.234375,35.52106475830078,18.364013671875,55.73505401611328
93,2,640.52197265625,62.161468505859375,31.95623779296875,86.30380249023438
93,1,661.415771484375,89.09136962890625,43.92633056640625,118.11639404296875
93,3,818.3920288085938,36.00420379638672,17.822265625,55.12354278564453
94,1,662.2156372070312,90.31423950195312,44.29095458984375,116.82414245605469
94,2,639.8067016601562,62.368125915527344,31.101318359375,85.08028411865234
94,3,818.7011108398438,32.93368148803711,17.05389404296875,58.594051361083984
95,2,639.0902099609375,61.798736572265625,29.7760009765625,85.821533203125
95,1,663.1694946289062,90.48785400390625,45.3365478515625,117.68865966796875
95,3,818.9730224609375,33.462093353271484,16.333251953125,57.37571334838867
96,2,635.4595336914062,62.086612701416016,28.82244873046875,86.52196884155273
96,1,667.27685546875,89.85581970214844,45.274169921875,119.300048828125
96,3,816.8257446289062,35.40043258666992,17.72271728515625,55.63945388793945
97,2,636.1428833007812,61.42564392089844,27.5628662109375,87.65013122558594
97,1,670.9869995117188,88.53697967529297,42.963134765625,119.5572738647461
97,3,816.1136474609375,35.88349914550781,18.2540283203125,54.564231872558594
98,1,676.0543212890625,88.0520248413086,39.96905517578125,115.80924224853516
98,2,634.123291015625,60.426673889160156,29.177734375,88.63715362548828
98,3,814.2610473632812,35.897884368896484,19.95037841796875,54.6850700378418
99,2,631.2684326171875,60.114200592041016,29.00177001953125,88.92759323120117
99,1,678.9862670898438,87.02590942382812,40.20111083984375,115.17207336425781
99,3,814.3515014648438,36.7783203125,20.10430908203125,53.850433349609375
100,2,627.98388671875,61.47507095336914,30.90521240234375,86.45559310913086
100,1,682.0079345703125,86.36640930175781,38.34466552734375,117.72854614257812
100,3,812.076904296875,36.53514099121094,20.943359375,55.068939208984375
101,2,621.6539306640625,62.23219299316406,34.77056884765625,86.13699340820312
101,1,684.7385864257812,86.31277465820312,37.30694580078125,115.90461730957031
101,3,811.6099243164062,37.76252365112305,19.33447265625,54.017948150634766
102,2,618.7973022460938,62.39636993408203,36.53253173828125,85.80284881591797
102,1,687.211669921875,85.9552001953125,35.7860107421875,116.91490173339844
102,3,810.598388671875,36.95555877685547,19.619384765625,55.09156799316406
103,2,611.5203857421875,62.70750045776367,42.07769775390625,85.62308120727539
103,3,810.1544189453125,36.6391487121582,19.7611083984375,55.8039436340332
103,1,687.78662109375,86.56156921386719,35.905517578125,115.38685607910156
104,2,613.0023803710938,63.02885055541992,39.44354248046875,85.72290420532227
104,3,809.55322265625,38.91600799560547,19.25640869140625,53.667869567871094
104,1,689.0262451171875,87.30400085449219,34.699951171875,115.13485717773438
105,2,612.3527221679688,62.973297119140625,39.47418212890625,85.56405639648438
105,3,808.7230834960938,39.41121292114258,19.43487548828125,53.855899810791016
105,1,689.1517944335938,92.19151306152344,34.57550048828125,110.36370849609375
106,2,611.1521606445312,62.34492492675781,40.39862060546875,86.75680541992188
106,3,808.5814819335938,39.44516372680664,19.09417724609375,54.37752151489258
106,1,689.5,97.8905258178711,34.459228515625,104.58914947509766
107,2,610.9110717773438,62.061500549316406,38.7601318359375,88.02371978759766
107,3,808.151611328125,39.136993408203125,19.31719970703125,54.77577209472656
107,1,689.4951171875,97.76349639892578,35.05169677734375,104.75322723388672
108,2,610.4754638671875,62.06248474121094,37.34820556640625,88.32670593261719
108,3,807.9799194335938,39.75661849975586,19.166015625,54.06290054321289
108,1,688.274169921875,98.94651794433594,36.53228759765625,101.99681091308594
109,2,610.5953979492188,60.80181884765625,34.5970458984375,87.95306396484375
109,3,807.5914306640625,40.58671569824219,19.085205078125,53.5205078125
109,1,690.33251953125,99.0435562133789,34.47210693359375,101.29279327392578
110,2,610.9315185546875,60.197025299072266,29.2471923828125,89.33935165405273
110,3,807.2684936523438,40.95654296875,18.8802490234375,54.12495422363281
110,1,693.0489501953125,97.50511932373047,31.95257568359375,102.44268035888672
111,2,607.7626342773438,59.627052307128906,30.62060546875,90.65062713623047
111,3,806.588134765625,40.77214431762695,19.4912109375,54.90446853637695
111,1,698.1192016601562,99.27088928222656,26.3363037109375,98.65135192871094
112,2,606.3609619140625,60.00684356689453,30.53753662109375,90.63915252685547
112,3,805.1593627929688,40.657840728759766,20.91314697265625,53.94890213012695
113,2,604.8159790039062,60.1748161315918,30.4454345703125,91.30775833129883
113,3,805.1303100585938,40.81376647949219,20.56097412109375,54.35914611816406
114,2,597.4559326171875,60.59580993652344,36.99310302734375,90.00985717773438
114,3,804.2698364257812,39.80258560180664,20.9739990234375,55.572757720947266
115,2,594.810791015625,60.429256439208984,37.48419189453125,91.15213394165039
115,3,803.12841796875,38.0495491027832,20.89483642578125,57.17979049682617
116,2,592.260986328125,61.25279235839844,37.3897705078125,89.85740661621094
116,3,801.888916015625,38.39380645751953,22.06488037109375,56.77854919433594
117,2,589.9628295898438,61.060386657714844,38.55810546875,90.42182159423828
117,3,800.442138671875,38.7288703918457,22.9156494140625,56.1635627746582
117,1,733.039794921875,86.48583984375,27.16094970703125,103.48393249511719
118,2,589.0208129882812,62.021934509277344,37.788330078125,89.97528839111328
118,3,799.2051391601562,38.49311447143555,23.32720947265625,56.8697395324707
118,1,733.997314453125,86.14686584472656,27.4736328125,102.98420715332031
119,2,587.803466796875,62.1424560546875,37.53961181640625,89.69509887695312
119,3,798.385498046875,38.1236572265625,22.6636962890625,57.49451446533203
119,1,734.4105834960938,86.73333740234375,27.7518310546875,101.97433471679688
120,2,591.3609008789062,61.179134368896484,30.1998291015625,91.06352615356445
120,3,795.8631591796875,38.26665496826172,21.65484619140625,58.020225524902344
120,1,735.2093505859375,87.65158081054688,30.07550048828125,102.63143920898438
121,2,588.5462646484375,59.69282531738281,31.66412353515625,93.27767944335938
121,3,794.7232055664062,38.64008712768555,22.55157470703125,57.448177337646484
121,1,734.6004638671875,87.40127563476562,32.21392822265625,100.86471557617188
122,2,588.4283447265625,58.92723083496094,29.6937255859375,94.27951049804688
122,3,794.0713500976562,38.96998977661133,23.0364990234375,57.196956634521484
122,1,735.1278076171875,87.18930053710938,33.51556396484375,100.71803283691406
123,2,586.9041137695312,59.49586486816406,29.998046875,93.77018737792969
123,3,794.9376220703125,38.95419692993164,21.5908203125,57.133541107177734
123,1,736.0827026367188,86.64728546142578,34.1162109375,100.68592071533203
124,2,584.8773193359375,58.40366744995117,29.5665283203125,94.84399795532227
124,3,794.9176635742188,38.781455993652344,20.85357666015625,57.39654541015625
124,1,736.7555541992188,85.8314437866211,35.4393310546875,105.3375015258789
125,2,579.542236328125,58.25522994995117,33.76904296875,95.12344741821289
125,3,794.7949829101562,38.6660270690918,18.9339599609375,57.4707145690918
125,1,739.5844116210938,84.30716705322266,34.0799560546875,106.9962387084961
125,4,823.48828125,33.8678092956543,12.0938720703125,36.66310501098633
126,2,573.0314331054688,58.38047790527344,38.94384765625,94.58439636230469
126,3,793.2542114257812,38.4246940612793,20.21923828125,58.05794906616211
126,1,740.9241333007812,83.59724426269531,34.991943359375,106.85322570800781
127,3,793.0674438476562,38.23970031738281,19.7640380859375,58.461273193359375
127,2,568.6754150390625,59.53826141357422,41.2806396484375,93.30536651611328
127,1,741.6049194335938,82.97516632080078,35.4498291015625,107.28856658935547
127,4,822.5263061523438,35.0684928894043,14.15838623046875,35.6962776184082
128,1,742.1329345703125,83.05310821533203,37.24267578125,107.7136001586914
128,2,562.0382690429688,59.322967529296875,47.1591796875,93.44572448730469
128,3,792.0706176757812,37.874568939208984,19.18572998046875,59.0293083190918
129,2,560.9322509765625,59.89812469482422,47.32916259765625,93.17461395263672
129,1,742.9902954101562,83.10252380371094,37.70062255859375,107.56756591796875
129,3,791.4017333984375,37.71428680419922,18.35357666015625,55.63224792480469
130,2,560.8067016601562,60.15568542480469,46.8739013671875,93.35038757324219
130,1,743.7396240234375,85.0580062866211,39.36968994140625,105.7546615600586
130,3,790.1143188476562,37.64505386352539,19.1859130859375,60.249752044677734
131,2,560.5744018554688,59.964385986328125,45.93084716796875,94.29605102539062
131,1,743.8829345703125,85.36907958984375,40.80731201171875,106.24522399902344
131,3,789.2609252929688,38.00077819824219,19.202392578125,61.30805206298828
131,4,822.9517822265625,33.57838439941406,12.407958984375,37.59637451171875
132,2,560.0372314453125,60.08988952636719,46.4930419921875,94.34487915039062
132,1,745.1480712890625,85.82013702392578,41.12548828125,104.09529876708984
132,3,788.2547607421875,38.55547332763672,19.1182861328125,59.324180603027344
133,2,559.7228393554688,60.74445724487305,44.54345703125,93.59511184692383
133,1,743.786376953125,86.42306518554688,45.311279296875,103.88069152832031
133,3,787.9007568359375,39.03475570678711,19.14105224609375,59.24009323120117
134,2,559.9843139648438,60.3741455078125,38.8392333984375,93.77896118164062
134,1,743.4852294921875,86.6796646118164,48.616455078125,103.18131256103516
134,3,786.1416625976562,39.477596282958984,20.07049560546875,58.48849868774414
135,2,560.7346801757812,60.30720520019531,33.9669189453125,93.65068054199219
135,1,747.1925048828125,84.81765747070312,46.58148193359375,103.8802490234375
135,3,785.2083129882812,40.118988037109375,20.22723388671875,56.58404541015625
136,2,560.449462890625,59.775535583496094,31.42724609375,94.53540802001953
136,1,751.302001953125,84.5616683959961,45.2940673828125,101.22879791259766
136,3,784.4255981445312,40.17544937133789,20.3004150390625,51.05070877075195
137,2,559.1983642578125,58.6613883972168,31.4254150390625,95.6458625793457
137,1,755.3508911132812,83.69245910644531,42.08245849609375,99.53334045410156
137,3,783.980712890625,40.21519470214844,19.95880126953125,45.85137176513672
138,2,558.009765625,59.17618179321289,30.22674560546875,96.18546676635742
138,1,756.4442138671875,83.14019775390625,42.32586669921875,101.14338684082031
138,3,783.4061279296875,39.90793991088867,19.89483642578125,44.682621002197266
139,2,555.1378173828125,59.469356536865234,32.07208251953125,97.06679153442383
139,1,762.7630004882812,82.97297668457031,37.234130859375,98.72657775878906
139,3,783.5447387695312,39.58364486694336,17.71783447265625,45.83855056762695
140,2,549.1806640625,59.89246368408203,35.82977294921875,96.7905044555664
140,1,766.1947631835938,82.99728393554688,35.5975341796875,99.59931945800781
140,3,782.2486572265625,39.5235481262207,18.5081787109375,48.675846099853516
141,2,548.3080444335938,60.24297332763672,35.30712890625,95.1689682006836
141,3,781.0991821289062,39.66722869873047,19.5565185546875,53.63001251220703
141,1,768.6441040039062,83.3973159790039,33.65252685546875,73.59571075439453
142,2,544.9944458007812,60.904537200927734,36.563232421875,95.57155227661133
142,1,770.2608032226562,83.73653411865234,33.99847412109375,95.58573150634766
142,3,780.0436401367188,40.12257385253906,20.15032958984375,54.81575012207031
143,2,542.5789184570312,61.56353759765625,36.96429443359375,96.42039489746094
143,3,778.8729858398438,40.24525833129883,21.16143798828125,56.0185661315918
143,1,771.2549438476562,84.4858627319336,34.529296875,92.91185760498047
143,4,821.125244140625,38.17587661743164,15.3482666015625,36.231563568115234
144,2,540.3662719726562,62.72959518432617,36.04119873046875,96.77820205688477
144,3,777.7374267578125,40.752159118652344,20.68914794921875,56.99763488769531
144,1,773.610595703125,84.56075286865234,35.04632568359375,96.4231948852539
144,4,821.1639404296875,37.398616790771484,15.216796875,36.9585075378418
145,2,537.919921875,62.68452453613281,36.4652099609375,97.18038940429688
145,1,775.2530517578125,84.82268524169922,33.90509033203125,95.22185516357422
145,3,775.0685424804688,41.18252944946289,22.33721923828125,57.9636344909668
145,4,820.76904296875,37.2424430847168,15.51788330078125,38.028202056884766
146,2,537.0545043945312,62.33331298828125,35.3875732421875,97.46588134765625
146,1,777.3443603515625,83.82337188720703,33.604736328125,96.34955596923828
146,3,775.0165405273438,40.99495315551758,23.2591552734375,59.54978561401367
146,4,821.443115234375,37.35603713989258,14.9559326171875,35.329776763916016
147,2,535.8126220703125,61.324440002441406,34.7864990234375,98.68321990966797
147,3,772.6152954101562,41.07823181152344,23.18206787109375,59.254783630371094
147,1,778.6619873046875,83.64910888671875,33.96563720703125,94.99717712402344
147,4,821.6136474609375,37.56793975830078,14.94122314453125,34.634246826171875
148,2,534.3712768554688,61.00954818725586,34.3922119140625,98.28012466430664
148,3,772.1366577148438,40.8265380859375,22.9180908203125,59.54045104980469
148,1,780.6805419921875,83.0196304321289,32.934326171875,96.62836456298828
149,2,533.645751953125,60.80613708496094,32.89068603515625,98.55613708496094
149,3,771.0463256835938,40.841285705566406,25.11932373046875,59.7349853515625
149,1,781.635986328125,80.87308502197266,33.52874755859375,99.91947174072266
150,2,531.1841430664062,60.202239990234375,33.83001708984375,98.52989196777344
150,3,770.32373046875,40.65128707885742,23.954833984375,60.0682487487793
150,1,782.8032836914062,80.96488189697266,33.6121826171875,99.02935028076172
151,2,527.2923583984375,60.32688903808594,36.3277587890625,98.60910034179688
151,3,770.6611328125,41.152076721191406,20.501220703125,59.06761932373047
151,1,784.4967651367188,80.0444107055664,33.99066162109375,98.35424041748047
152,2,521.5474243164062,60.114524841308594,39.63348388671875,99.26741790771484
152,1,785.4469604492188,80.3694839477539,34.67718505859375,100.08142852783203
152,3,770.593994140625,40.653358459472656,18.74298095703125,60.00129699707031
152,4,823.4110717773438,33.417144775390625,12.1868896484375,37.56620788574219
153,2,515.7584838867188,61.13190841674805,42.79266357421875,98.68684768676758
153,1,785.9189453125,80.10894775390625,36.22808837890625,98.30831909179688
153,3,769.84716796875,40.59439468383789,19.0804443359375,61.174625396728516
153,4,823.4037475585938,33.11064147949219,12.21771240234375,37.778839111328125
154,2,512.0658569335938,61.710166931152344,45.4317626953125,98.32183074951172
154,1,785.587158203125,81.34750366210938,37.946044921875,97.69865417480469
154,3,769.254638671875,40.67515182495117,19.22216796875,60.071956634521484
154,4,823.4134521484375,32.93313217163086,12.250244140625,37.87551498413086
155,2,510.6310729980469,62.5268440246582,46.278289794921875,98.10705184936523
155,1,786.3289794921875,82.1668472290039,38.7781982421875,97.58133697509766
155,3,768.4218139648438,41.17000198364258,19.413818359375,61.33047103881836
155,4,823.3677978515625,33.310733795166016,12.2825927734375,37.72092819213867
156,2,510.5194396972656,64.01219177246094,44.562225341796875,97.34147644042969
156,3,767.0665283203125,41.49115753173828,19.7548828125,61.26959228515625
156,1,786.3939819335938,83.34392547607422,40.12713623046875,93.18531036376953
156,4,823.25439453125,37.54691696166992,13.3289794921875,32.45663070678711
157,2,510.69122314453125,63.20541000366211,43.8192138671875,98.5966682434082
157,1,787.1300048828125,82.73214721679688,41.6982421875,93.56100463867188
157,3,765.7522583007812,42.08399963378906,19.8616943359375,61.015357971191406
158,2,510.5063781738281,63.065189361572266,42.458282470703125,98.68838119506836
158,1,786.6575927734375,82.32254791259766,44.53436279296875,93.5600357055664
158,3,765.2791137695312,42.21951675415039,19.7518310546875,60.52983474731445
159,2,510.4149475097656,62.9041633605957,39.655609130859375,98.7826042175293
159,1,786.895751953125,81.99783325195312,46.2633056640625,94.67524719238281
159,3,764.623779296875,42.05707931518555,19.70135498046875,61.10393142700195
160,2,510.3146057128906,63.3657341003418,35.169158935546875,98.01559829711914
160,1,790.5316772460938,81.01386260986328,44.71612548828125,93.48601531982422
160,3,764.4000854492188,42.60820770263672,18.97235107421875,60.736717224121094
161,2,509.7911376953125,63.16791534423828,32.41888427734375,98.25020599365234
161,1,795.478515625,79.19657135009766,41.0078125,95.11251068115234
161,3,762.6967163085938,43.45685577392578,19.7413330078125,60.215301513671875
162,2,508.2307434082031,62.53700256347656,32.503021240234375,98.83676147460938
162,1,798.8778686523438,77.77076721191406,38.7022705078125,95.30593872070312
162,3,762.357666015625,43.75495529174805,18.4254150390625,60.16999435424805
163,2,506.8633117675781,62.32158279418945,32.621246337890625,99.80503463745117
163,1,805.4434204101562,76.6451187133789,32.836181640625,96.90302276611328
163,3,761.3755493164062,44.060306549072266,18.7989501953125,60.508121490478516
164,2,504.7599182128906,62.241973876953125,31.511077880859375,100.81224060058594
164,1,807.1695556640625,77.59160614013672,31.83270263671875,95.4818344116211
164,3,758.8235473632812,43.36376953125,20.52783203125,60.49254608154297
165,2,502.8293762207031,62.54921340942383,30.297576904296875,100.81093978881836
165,1,809.5726318359375,77.49539947509766,29.77850341796875,95.11089324951172
165,3,756.6865844726562,43.716453552246094,22.50390625,59.83763122558594
166,2,499.9813537597656,63.05510711669922,31.499908447265625,98.40348052978516
166,1,810.1494750976562,78.12825775146484,29.05615234375,93.39824676513672
166,3,757.3654174804688,43.656044006347656,21.55035400390625,60.29389190673828
167,2,497.1473693847656,63.42424774169922,32.397186279296875,99.0600357055664
167,1,810.846435546875,79.38959503173828,27.89373779296875,90.75847625732422
167,3,755.519287109375,43.88180160522461,22.8828125,60.516475677490234
168,2,491.52392578125,64.83313751220703,35.7115478515625,99.8851547241211
168,3,752.7625732421875,45.39094161987305,22.37945556640625,59.15828323364258
168,1,812.2591552734375,79.61615753173828,26.8812255859375,90.31366729736328
169,2,490.46429443359375,65.1094970703125,35.1788330078125,101.75340270996094
169,3,753.2909545898438,46.245479583740234,20.51312255859375,58.51108169555664
169,1,813.222412109375,81.98235321044922,26.11572265625,89.2477035522461
170,2,489.6480712890625,66.0486831665039,34.4967041015625,100.85468292236328
170,3,752.5673828125,46.37864685058594,20.06854248046875,58.35157775878906
170,1,815.25634765625,82.9063491821289,24.4144287109375,89.62364959716797
171,2,488.5965270996094,66.67620086669922,33.197662353515625,100.4682846069336
171,3,751.70166015625,45.75018310546875,20.8238525390625,59.44380187988281
171,1,818.5325317382812,84.22722625732422,21.3406982421875,86.15033721923828
172,2,487.1465759277344,65.55087280273438,31.931610107421875,101.47434997558594
172,1,821.2044677734375,85.79634094238281,17.85430908203125,81.68025207519531
172,3,750.3416137695312,49.559261322021484,21.48345947265625,56.10960006713867
173,2,484.51141357421875,65.44388580322266,32.14520263671875,101.31285858154297
173,3,750.8426513671875,52.38452911376953,19.77166748046875,53.25524139404297
174,2,483.0496520996094,64.73485565185547,31.480377197265625,102.54167938232422
174,1,823.1351318359375,83.11688995361328,15.83123779296875,81.39844512939453
174,3,748.9409790039062,54.22610092163086,20.70458984375,51.357730865478516
175,2,481.1123962402344,64.9550552368164,32.049774169921875,102.51569366455078
175,1,824.2017211914062,84.17182159423828,14.71343994140625,77.87108612060547
175,3,744.0576782226562,53.7171630859375,24.8619384765625,53.038970947265625
176,2,478.0298767089844,65.45930480957031,33.21856689453125,101.93785095214844
176,3,747.9950561523438,55.98845291137695,19.5390625,51.072696685791016
176,1,826.6097412109375,87.43284606933594,12.8656005859375,35.932373046875
177,2,474.9876708984375,64.80075073242188,34.196624755859375,101.31097412109375
177,3,747.5543823242188,57.18037414550781,19.35015869140625,50.84626770019531
178,2,468.55023193359375,65.14363098144531,38.775177001953125,101.25033569335938
178,3,748.0494995117188,58.01521301269531,17.4110107421875,50.85053253173828
179,2,461.2491760253906,65.46477508544922,44.81585693359375,101.08501434326172
179,3,747.1729736328125,59.54849624633789,17.5546875,48.55586624145508
180,2,456.8567810058594,65.06381225585938,47.143768310546875,102.27882385253906
181,2,456.1886901855469,65.14617919921875,47.20001220703125,102.70985412597656
182,2,456.6741027832031,64.76095581054688,46.765411376953125,103.59080505371094
183,2,456.1599426269531,63.281394958496094,47.57147216796875,105.34537506103516
184,2,454.7355041503906,65.05049133300781,46.94818115234375,103.65545654296875
185,2,454.79864501953125,65.9681625366211,42.200164794921875,102.70917510986328
186,2,456.16680908203125,66.58848571777344,36.910552978515625,101.56886291503906
187,2,454.6104431152344,65.99899291992188,34.223236083984375,102.12135314941406
188,2,453.44879150390625,66.14551544189453,32.00897216796875,102.63365936279297
189,2,451.5912780761719,66.55374145507812,31.185760498046875,103.04885864257812
190,2,450.215576171875,66.73931121826172,30.633575439453125,103.48857879638672
191,2,447.50244140625,67.7154769897461,31.4691162109375,103.02881622314453
191,3,734.3702392578125,46.67901611328125,12.06365966796875,34.62425231933594
192,2,442.42742919921875,67.23387145996094,33.14337158203125,106.06748962402344
192,3,733.055419921875,47.13006591796875,13.863037109375,34.944854736328125
193,2,440.6089782714844,67.7026596069336,33.883209228515625,105.84761810302734
193,3,731.4957275390625,47.91613006591797,14.8311767578125,34.892730712890625
194,2,439.0777587890625,69.16544342041016,33.505584716796875,105.39476776123047
194,3,730.3322143554688,47.839630126953125,15.7371826171875,34.760406494140625
195,2,437.7408752441406,69.97843170166016,33.96820068359375,104.98595428466797
195,3,729.6295776367188,48.89213180541992,15.66387939453125,33.430965423583984
196,2,436.122802734375,69.91309356689453,34.975738525390625,105.74349212646484
196,3,729.4506225585938,48.10579299926758,15.4774169921875,35.4616584777832
197,2,434.69940185546875,69.81179809570312,33.102874755859375,106.1087646484375
197,3,729.2481079101562,48.00274658203125,14.7998046875,35.237152099609375
198,2,433.24273681640625,69.7270736694336,32.01312255859375,105.57231903076172
198,3,729.070556640625,47.48311996459961,14.6488037109375,34.22678756713867
199,2,430.7164611816406,69.6019515991211,31.918365478515625,105.58599090576172
199,3,728.6497802734375,47.463993072509766,14.04278564453125,34.25896072387695
200,2,428.7049865722656,69.5370864868164,31.298828125,105.72518157958984
200,3,728.1782836914062,47.32840347290039,13.62774658203125,33.5253791809082
201,2,427.3060607910156,69.13990020751953,31.11712646484375,106.67536163330078
201,3,727.7815551757812,47.82270431518555,11.81378173828125,33.55624008178711
202,2,424.7062683105469,69.1767807006836,32.23553466796875,106.20256805419922
202,3,727.7139892578125,47.98754119873047,11.4442138671875,33.121986389160156
203,2,422.5058288574219,69.8390884399414,32.826629638671875,104.8886947631836
204,2,414.8291015625,69.51850128173828,39.602569580078125,105.4361343383789
205,2,407.7785949707031,68.24090576171875,45.396148681640625,106.87551879882812
206,2,403.3585205078125,68.4214859008789,49.87713623046875,107.20149993896484
207,2,403.458251953125,70.46822357177734,49.658111572265625,105.13098907470703
208,2,403.2915954589844,71.53267669677734,50.00634765625,104.23004913330078
208,3,706.0821533203125,70.49681854248047,13.336669921875,45.20232391357422
209,2,405.2130432128906,71.94945526123047,47.711639404296875,103.50971221923828
209,3,706.2184448242188,65.86743927001953,12.63958740234375,49.2667236328125
210,2,404.2794494628906,71.183837890625,44.933685302734375,104.36970520019531
211,2,403.4886169433594,71.01958465576172,41.669677734375,103.87395477294922
211,3,704.5632934570312,61.66617202758789,14.34808349609375,53.459774017333984
212,2,402.0564270019531,71.32658386230469,39.702056884765625,103.62237548828125
212,3,702.3609619140625,58.292781829833984,16.82647705078125,57.18325424194336
213,2,400.7991943359375,70.83124542236328,33.59521484375,104.73567962646484
213,3,699.9695434570312,57.48750686645508,18.47174072265625,58.58499526977539
214,2,397.6632995605469,70.54135131835938,32.361236572265625,105.47256469726562
214,3,697.657470703125,49.95101547241211,21.91253662109375,67.61935043334961
215,2,394.94842529296875,70.15274047851562,33.154144287109375,106.93896484375
215,3,695.2178955078125,47.58161163330078,24.55438232421875,70.69747924804688
216,2,391.7723693847656,71.07057189941406,32.54833984375,106.87144470214844
216,3,694.5310668945312,49.776519775390625,24.8402099609375,69.7892074584961
217,2,389.5383605957031,72.05416870117188,32.362548828125,107.036865234375
217,3,693.9505615234375,49.615028381347656,24.952392578125,69.88455963134766
218,2,387.45843505859375,72.59406280517578,33.133819580078125,106.6711196899414
218,3,694.8753662109375,49.52812576293945,23.1241455078125,69.74096298217773
219,2,385.1396179199219,72.86785888671875,34.277099609375,111.50094604492188
219,3,694.6936645507812,50.33143997192383,22.752685546875,69.13972854614258
220,2,384.0948486328125,73.77584838867188,34.54815673828125,111.48493957519531
220,3,693.8530883789062,49.56599044799805,22.4483642578125,69.45013046264648
221,3,692.9385986328125,49.153892517089844,22.10858154296875,70.03619384765625
221,2,382.3277587890625,74.42633819580078,36.035858154296875,109.5875473022461
222,2,381.17474365234375,74.45055389404297,34.90545654296875,110.00806427001953
222,3,691.9562377929688,49.82369613647461,22.99822998046875,70.02915573120117
223,2,379.5597839355469,73.48486328125,34.748779296875,111.25407409667969
223,3,689.5602416992188,49.47246170043945,22.93505859375,71.65848159790039
224,2,377.9664001464844,72.3520736694336,33.5330810546875,112.2818832397461
224,3,687.5899658203125,50.91352462768555,23.26324462890625,71.06547164916992
225,2,376.049072265625,71.65440368652344,32.915130615234375,112.68693542480469
225,3,686.3858642578125,51.83491134643555,23.87548828125,70.7242317199707
226,2,375.128173828125,71.23104858398438,30.947967529296875,113.35629272460938
226,3,685.1265258789062,51.27279281616211,23.5557861328125,71.16730117797852
227,2,371.565673828125,72.52850341796875,32.810546875,111.60902404785156
227,3,684.230712890625,51.58195877075195,22.3106689453125,70.96512222290039
228,2,369.2634582519531,72.13104248046875,32.5609130859375,111.70652770996094
228,3,682.8685913085938,53.133506774902344,22.73223876953125,69.53778076171875
229,2,362.5400085449219,72.64498138427734,38.495147705078125,111.12432098388672
229,3,681.9627685546875,53.47104263305664,22.760986328125,68.76858139038086
230,2,355.61260986328125,73.3772201538086,45.223663330078125,111.0870132446289
230,3,681.2809448242188,53.02574920654297,22.0662841796875,69.37532806396484
231,2,347.7687072753906,73.89445495605469,53.627197265625,110.72077941894531
231,3,678.4498901367188,52.71120834350586,22.30401611328125,70.47068405151367
232,2,345.5826416015625,73.18221282958984,54.9798583984375,111.8124008178711
232,3,676.7201538085938,52.47807312011719,22.9906005859375,71.21924591064453
233,2,344.5362243652344,74.50909423828125,54.23187255859375,110.89724731445312
233,3,675.5150756835938,52.888999938964844,23.6658935546875,71.42082214355469
234,2,344.3663635253906,74.64502716064453,53.974456787109375,111.58055877685547
234,3,674.680908203125,52.6648063659668,23.56109619140625,71.38961410522461
235,2,343.92999267578125,74.46048736572266,53.780731201171875,111.79521942138672
235,3,673.4464721679688,53.03562545776367,23.328369140625,70.73917770385742
236,2,343.85400390625,74.07138061523438,51.674346923828125,112.3935546875
236,3,671.0409545898438,53.066619873046875,24.13916015625,71.2286605834961
237,2,343.7892761230469,74.37175750732422,49.5113525390625,111.4627914428711
237,3,667.3484497070312,53.78034210205078,27.09295654296875,71.32981872558594
238,2,342.35693359375,74.66021728515625,46.951629638671875,110.97572326660156
238,3,663.657958984375,53.64118957519531,29.17352294921875,71.93522644042969
239,2,340.6961975097656,73.2962417602539,42.27777099609375,112.8782730102539
239,3,660.10302734375,55.23548126220703,30.7435302734375,71.0442886352539
240,2,338.0985107421875,72.37356567382812,35.86572265625,115.69297790527344
240,3,661.8818359375,55.84249496459961,26.21160888671875,71.17041397094727
241,2,336.4150390625,72.0185317993164,35.6385498046875,117.53617095947266
241,3,662.6825561523438,56.11467742919922,24.601806640625,71.17320251464844
242,2,334.2152099609375,72.51043701171875,35.33697509765625,118.82777404785156
242,3,660.9339599609375,56.10140609741211,24.6500244140625,71.5369758605957
243,2,332.7338562011719,73.42058563232422,35.491973876953125,117.20783233642578
243,3,660.8131103515625,55.91400909423828,22.79473876953125,71.4905776977539
244,2,328.5866394042969,74.06049346923828,38.04827880859375,116.14730072021484
244,3,659.8587036132812,54.84547805786133,21.59942626953125,72.89245223999023
245,2,325.59478759765625,74.9651107788086,38.06927490234375,117.4587173461914
245,3,658.3262939453125,54.43662643432617,22.46295166015625,73.30999374389648
246,2,323.4825439453125,75.85600280761719,39.178680419921875,117.6943359375
246,3,656.0634155273438,54.225337982177734,24.11126708984375,74.1894416809082
247,2,322.3760070800781,75.61552429199219,38.64971923828125,118.43145751953125
247,3,650.279296875,52.891845703125,28.05499267578125,77.101806640625
248,2,321.1079406738281,76.28107452392578,39.43829345703125,118.60517120361328
248,3,649.9490966796875,54.914527893066406,26.70379638671875,74.36048126220703
249,2,320.5303039550781,76.3042984008789,38.709686279296875,118.31539154052734
249,3,653.0265502929688,56.658546447753906,21.85577392578125,72.98551177978516
250,2,319.1695861816406,76.13687133789062,38.3150634765625,118.33073425292969
250,3,650.3138427734375,57.277923583984375,22.68927001953125,72.57373046875
251,2,317.856201171875,76.20758819580078,35.14532470703125,118.3421401977539
251,3,649.0938720703125,57.85886001586914,22.75067138671875,71.21306991577148
252,2,314.1602783203125,75.20186614990234,36.919830322265625,119.55260467529297
252,3,646.3897094726562,58.422340393066406,23.9765625,72.64395904541016
253,2,312.2420959472656,74.86231231689453,36.073211669921875,120.36388397216797
253,3,645.7369995117188,58.453006744384766,23.51239013671875,72.16477584838867
254,2,310.7322082519531,74.80205535888672,35.33990478515625,119.89392852783203
254,3,644.9680786132812,58.40553665161133,23.32659912109375,72.3698844909668
255,2,308.7477111816406,75.63851165771484,35.464263916015625,119.84516143798828
255,3,642.9755859375,58.926395416259766,23.7257080078125,72.23563766479492
256,2,305.2906799316406,75.4942626953125,36.906402587890625,118.88539123535156
256,3,642.6786499023438,58.74440383911133,23.6121826171875,72.76922225952148
257,2,299.1068420410156,76.07568359375,42.998504638671875,118.32273864746094
257,3,641.28466796875,59.00629425048828,24.7208251953125,72.47750091552734
258,2,289.8197937011719,76.5837631225586,51.2352294921875,118.41094207763672
258,3,639.0169067382812,58.76877975463867,24.14520263671875,72.68524551391602
259,2,282.9579772949219,77.94065856933594,57.550506591796875,117.58052062988281
259,3,637.0264892578125,58.73490905761719,24.35150146484375,72.85623168945312
260,2,281.0824890136719,77.42869567871094,59.235931396484375,118.18612670898438
260,3,638.0799560546875,58.133235931396484,20.75323486328125,73.02457046508789
261,2,280.9086608886719,77.88545989990234,59.5198974609375,118.2439193725586
261,3,629.6752319335938,57.31940841674805,27.83111572265625,75.14688491821289
262,3,623.0821533203125,59.70398712158203,33.0015869140625,73.41109466552734
262,2,280.0840148925781,78.67692565917969,59.531707763671875,117.8499755859375
263,2,280.8582458496094,79.08708190917969,59.378082275390625,117.79780578613281
263,3,621.1248779296875,59.08078384399414,34.084716796875,74.67795944213867
264,2,281.5718994140625,78.35135650634766,53.200927734375,118.62157440185547
264,3,621.8670654296875,61.8150634765625,31.9439697265625,73.56631469726562
265,2,281.6467590332031,77.45458984375,48.9207763671875,118.96865844726562
265,3,621.907958984375,62.309696197509766,30.6024169921875,73.02328109741211
266,2,278.906982421875,77.58885955810547,46.910369873046875,118.2104721069336
266,3,622.530517578125,62.17256164550781,27.86846923828125,73.29763793945312
267,2,277.9178161621094,77.1594467163086,40.77764892578125,120.1364517211914
267,3,622.4824829101562,61.16122055053711,24.6968994140625,73.80986404418945
268,2,273.6774597167969,76.35671997070312,38.536895751953125,121.752197265625
268,3,621.9212646484375,61.646732330322266,21.57733154296875,73.2038688659668
269,2,272.4208984375,76.39537048339844,36.55596923828125,122.41935729980469
269,3,620.1202392578125,60.9520378112793,22.50091552734375,73.66640090942383
270,2,270.466064453125,76.28253936767578,35.7490234375,123.81615447998047
270,3,617.8518676757812,60.86167907714844,23.67694091796875,75.248779296875
271,2,269.02679443359375,77.45275115966797,35.048431396484375,124.89769744873047
271,3,611.8721313476562,60.96703338623047,28.3824462890625,76.86559295654297
272,2,267.27496337890625,77.93473052978516,35.355072021484375,124.29315948486328
272,3,609.284423828125,59.64554977416992,29.65618896484375,78.02846145629883
273,2,262.44384765625,78.85317993164062,38.454681396484375,122.74786376953125
273,3,607.9736938476562,60.066768646240234,29.6087646484375,78.97645950317383
274,2,257.64385986328125,80.796142578125,43.15869140625,123.12559509277344
274,3,605.7996215820312,61.527870178222656,30.19842529296875,77.59429168701172
275,2,255.10545349121094,80.8819351196289,46.11476135253906,124.46419525146484
275,3,603.4751586914062,61.718570709228516,32.4114990234375,77.36349105834961
276,2,254.4696807861328,80.81047821044922,46.18150329589844,126.79175567626953
276,3,601.73779296875,62.09431457519531,29.857421875,78.5634765625
277,2,253.49038696289062,80.42911529541016,45.890777587890625,127.36937713623047
277,3,601.9907836914062,62.22822570800781,28.69244384765625,78.55828857421875
278,2,252.28028869628906,80.71331024169922,44.47999572753906,126.31159210205078
278,3,599.0530395507812,60.88260269165039,29.9676513671875,80.03731918334961
279,2,250.00253295898438,80.55569458007812,41.964599609375,127.66337585449219
279,3,600.1867065429688,60.68696594238281,26.41839599609375,78.76625061035156
280,2,247.99986267089844,80.04664611816406,38.98426818847656,128.75982666015625
280,3,600.3760986328125,60.938072204589844,25.00543212890625,79.40616607666016
281,2,245.4429168701172,79.63311004638672,38.13700866699219,127.06322479248047
281,3,600.0187377929688,60.19304656982422,22.8438720703125,80.11486053466797
282,3,598.4251098632812,59.77849578857422,23.15301513671875,79.90019989013672
282,2,243.90231323242188,80.08740234375,37.888336181640625,126.52412414550781
283,2,242.0700225830078,80.4831771850586,37.75657653808594,127.5123062133789
283,3,595.4983520507812,60.34325408935547,24.61737060546875,79.59427642822266
284,2,239.50868225097656,80.61832427978516,37.61662292480469,126.82025909423828
284,3,594.0211181640625,60.31009292602539,25.3387451171875,79.66657638549805
285,2,235.682861328125,80.7499771118164,39.211700439453125,127.45197296142578
285,3,587.5017700195312,60.193931579589844,30.36541748046875,80.52567291259766
286,2,230.1121826171875,81.85122680664062,44.427337646484375,125.90216064453125
286,3,583.3241577148438,60.98617172241211,32.8365478515625,80.04089736938477
287,2,219.34237670898438,82.18135833740234,54.75372314453125,126.1274185180664
287,3,580.8311767578125,61.59264373779297,34.17138671875,80.00662994384766
288,2,212.34542846679688,83.46253967285156,61.2169189453125,124.63851928710938
288,3,579.5174560546875,61.66844177246094,33.75738525390625,79.97550964355469
289,2,209.76597595214844,84.12496185302734,64.27787780761719,125.5929183959961
289,3,580.3036499023438,61.17120361328125,30.73590087890625,80.03181457519531
290,2,211.79513549804688,83.99281311035156,61.98321533203125,126.45729064941406
290,3,580.3023681640625,60.58790969848633,28.474853515625,80.81457138061523
291,2,209.79270935058594,84.59677124023438,62.86192321777344,126.26345825195312
291,3,578.6981201171875,59.77693176269531,26.57440185546875,81.66862487792969
292,2,208.2530517578125,85.5197982788086,62.41754150390625,124.99503326416016
292,3,578.6302490234375,59.7156982421875,23.61138916015625,81.27210998535156
293,2,206.5360870361328,83.84165954589844,63.15730285644531,128.81996154785156
293,3,576.2022705078125,59.19264602661133,24.039306640625,81.92663192749023
294,2,208.42201232910156,82.30233001708984,53.69285583496094,130.06873321533203
294,3,571.2655029296875,60.39286804199219,28.06591796875,81.358154296875
295,2,207.32839965820312,82.04154968261719,48.7562255859375,130.14181518554688
295,3,572.5828247070312,60.84614181518555,24.525146484375,82.45146560668945
296,2,203.91941833496094,82.44249725341797,44.28721618652344,129.29215240478516
296,3,569.4965209960938,61.01872634887695,25.15863037109375,81.92267990112305
297,2,201.81942749023438,81.92867279052734,40.01434326171875,132.4433364868164
297,3,564.5213623046875,62.409339904785156,28.7799072265625,81.94058990478516
298,2,199.82130432128906,83.02323150634766,39.25714111328125,131.63240814208984
298,3,560.0587768554688,62.47404479980469,31.36865234375,81.92413330078125
299,2,197.1004180908203,83.91302490234375,39.38050842285156,132.4043426513672
299,3,557.8780517578125,62.185794830322266,32.68511962890625,83.07015609741211
300,2,194.26712036132812,84.1339340209961,40.488677978515625,133.28812408447266
300,3,558.3631591796875,62.219032287597656,31.38043212890625,83.52396392822266
301,2,192.12440490722656,85.003662109375,43.089691162109375,130.558349609375
301,3,556.4795532226562,62.37910079956055,31.58477783203125,83.7831916809082
302,2,188.284912109375,85.46617889404297,50.978363037109375,134.40601348876953
302,3,558.1347045898438,61.91440963745117,27.195556640625,83.53549575805664
303,2,185.36984252929688,86.48259735107422,53.24114990234375,134.85222625732422
303,3,558.9818725585938,61.73849868774414,24.329345703125,83.84316635131836
303,5,625.7920532226562,24.357114791870117,12.29241943359375,25.65828514099121
304,2,183.38436889648438,87.49198913574219,54.715057373046875,134.59127807617188
304,3,557.9288330078125,60.85752487182617,23.31585693359375,84.61940383911133
305,2,181.5438690185547,88.68387603759766,55.49848937988281,133.95024871826172
305,3,557.2286376953125,59.578529357910156,22.568603515625,86.40410614013672
306,2,180.3636932373047,87.90444946289062,55.05436706542969,135.29107666015625
306,3,553.43896484375,60.552894592285156,23.75360107421875,84.85108184814453
307,2,177.69068908691406,88.39885711669922,50.52900695800781,135.4804916381836
307,3,551.807373046875,61.23179244995117,23.47125244140625,84.32916641235352
308,2,176.21038818359375,88.80775451660156,44.686004638671875,135.28079223632812
308,3,546.1304931640625,63.85420608520508,27.5789794921875,81.9188346862793
309,2,173.36767578125,89.63997650146484,41.073394775390625,134.82061004638672
309,3,539.3934326171875,63.304710388183594,32.1044921875,81.91263580322266
310,2,171.36224365234375,87.50828552246094,38.143157958984375,135.96002197265625
310,3,534.4558715820312,62.405189514160156,36.2755126953125,83.08325958251953
311,2,168.32127380371094,87.25682067871094,38.795989990234375,136.75909423828125
311,3,530.002685546875,64.250244140625,39.71685791015625,81.24569702148438
312,2,162.3128662109375,88.63233947753906,42.824798583984375,134.59495544433594
312,3,527.7564086914062,63.563419342041016,40.89947509765625,82.52009201049805
313,2,156.27218627929688,90.54693603515625,47.81855773925781,133.0889892578125
313,3,529.6565551757812,63.882080078125,37.950927734375,82.35252380371094
314,2,146.3839569091797,89.79248046875,57.90614318847656,135.3474578857422
314,3,532.3048706054688,61.716522216796875,33.32379150390625,84.51885986328125
314,5,632.680908203125,23.502443313598633,12.86004638671875,26.21449851989746
315,2,141.44300842285156,92.1473388671875,62.24334716796875,133.51974487304688
315,3,531.3776245117188,62.068092346191406,31.53033447265625,84.2458724975586
316,2,137.73223876953125,92.4149398803711,66.65895080566406,133.84210968017578
316,3,530.3972778320312,61.95526885986328,28.2322998046875,83.8675308227539
317,3,529.2377319335938,61.213165283203125,25.05621337890625,85.12918090820312
317,2,135.83956909179688,93.05949401855469,68.86772155761719,133.78134155273438
318,2,135.28640747070312,93.40135192871094,69.02577209472656,134.36471557617188
318,3,526.3345947265625,60.38715362548828,23.77996826171875,85.59127044677734
319,2,136.13307189941406,94.88587188720703,65.07270812988281,133.2190933227539
319,3,520.6268310546875,61.55720901489258,27.522216796875,85.61083602905273
320,2,132.91558837890625,94.48895263671875,63.98487854003906,134.5876922607422
320,3,520.5883178710938,62.19438171386719,24.9312744140625,85.00587463378906
320,5,636.2813720703125,23.902013778686523,12.658203125,25.80647850036621
321,2,132.1148681640625,94.80362701416016,60.587432861328125,133.95500946044922
321,3,515.101318359375,62.073421478271484,28.76739501953125,86.2382698059082
322,2,130.4491729736328,94.29116821289062,55.29298400878906,133.7150115966797
322,3,512.1470947265625,62.17591857910156,31.00115966796875,85.38856506347656
323,2,126.74503326416016,93.93434143066406,51.97516632080078,133.55491638183594
323,3,508.0743713378906,62.865779876708984,32.921417236328125,84.55243301391602
323,5,638.178955078125,24.28432273864746,12.20379638671875,25.805818557739258
324,2,123.78096771240234,94.2393798828125,48.615333557128906,134.60342407226562
324,3,508.6940002441406,63.155818939208984,32.426361083984375,84.36886978149414
324,5,638.5756225585938,24.54738426208496,12.5023193359375,25.436307907104492
325,2,122.3952407836914,94.70397186279297,41.53937530517578,136.15038299560547
325,3,508.40338134765625,63.95404815673828,32.029541015625,83.68712615966797
325,5,638.51025390625,24.827547073364258,12.404052734375,24.876256942749023
326,2,119.04095458984375,93.9359359741211,40.366912841796875,138.54999542236328
326,3,502.0937805175781,64.41476440429688,37.666839599609375,84.565185546875
326,5,639.5678100585938,24.665199279785156,12.07220458984375,26.33603286743164
327,2,116.33173370361328,94.85608673095703,43.350975036621094,142.0340805053711
327,3,499.8087463378906,64.79765319824219,37.665130615234375,84.55484008789062
327,5,639.8306274414062,25.066011428833008,11.927978515625,25.536394119262695
328,2,112.37036895751953,95.60546875,46.32495880126953,142.9163360595703
328,3,501.0236511230469,64.2447738647461,32.206146240234375,85.1797866821289
328,5,640.4207153320312,25.25710105895996,11.8726806640625,25.410642623901367
329,2,107.24567413330078,96.28324890136719,52.190635681152344,143.15309143066406
329,3,500.86279296875,64.16197967529297,27.44195556640625,85.3487319946289
329,5,640.968994140625,25.791765213012695,11.7437744140625,24.92055320739746
330,2,102.9097900390625,97.98480224609375,56.86993408203125,141.55059814453125
330,3,500.7808837890625,63.19537353515625,23.91558837890625,86.76304626464844
330,5,641.1527709960938,25.678041458129883,12.03497314453125,25.19764518737793
331,2,99.86082458496094,99.0960922241211,60.201629638671875,141.8643569946289
331,3,499.7289123535156,61.5625,22.683929443359375,88.95851135253906
331,5,641.5669555664062,25.74921417236328,12.378173828125,25.194778442382812
332,2,98.31989288330078,100.04178619384766,59.755027770996094,143.02181243896484
332,3,497.43402099609375,61.79447555541992,23.6048583984375,88.22462844848633
332,5,642.005615234375,25.09261131286621,12.3067626953125,26.184988021850586
333,2,96.63015747070312,100.34160614013672,59.66581726074219,142.6469497680664
333,3,494.5653991699219,63.222373962402344,23.725921630859375,86.39383697509766
333,5,642.2095336914062,25.382312774658203,12.1868896484375,25.229671478271484
334,3,493.86083984375,64.09690856933594,22.72100830078125,85.59970092773438
334,2,93.36994171142578,100.39531707763672,56.54759979248047,142.29866790771484
335,3,481.11212158203125,63.07378005981445,34.07952880859375,87.21110153198242
335,2,90.15235900878906,100.46165466308594,53.28419494628906,142.2509307861328
336,3,471.43939208984375,63.7435417175293,42.2569580078125,87.71730422973633
336,2,83.69075012207031,99.92572021484375,46.360504150390625,143.0073699951172
337,3,471.5073547363281,63.97169494628906,42.097442626953125,87.56826782226562
337,2,80.26681518554688,99.95658111572266,44.003936767578125,142.27530670166016
337,5,645.2980346679688,25.22735023498535,12.37188720703125,26.217321395874023
338,3,470.2667236328125,64.29481506347656,42.951416015625,87.43182373046875
338,2,76.85511016845703,100.0491714477539,46.405906677246094,142.12525177001953
339,3,469.0810546875,64.52539825439453,42.885162353515625,87.23453521728516
339,2,73.82426452636719,100.50701904296875,49.90776062011719,141.42027282714844
340,3,467.6270751953125,64.77322387695312,42.829376220703125,86.85847473144531
340,2,70.85588836669922,100.53318786621094,52.61161804199219,141.71945190429688
341,3,468.43603515625,65.35311126708984,38.1815185546875,86.2073745727539
341,2,66.0517349243164,102.05513763427734,57.512901306152344,141.1977310180664
342,2,60.71363830566406,102.67890930175781,63.056427001953125,141.9000701904297
342,3,470.55999755859375,65.31285858154297,32.0164794921875,86.16051483154297
343,3,471.81396484375,66.22339630126953,26.4759521484375,85.6974868774414
343,2,59.51295852661133,105.09642028808594,63.85434341430664,140.80799865722656
343,5,647.4915771484375,25.74774169921875,11.675048828125,25.796939849853516
344,2,53.54671859741211,106.23225402832031,69.55820846557617,140.88246154785156
344,3,470.9464416503906,67.11587524414062,23.766510009765625,84.86480712890625
345,2,52.989112854003906,106.01496124267578,69.13871002197266,141.21617889404297
345,3,466.47332763671875,65.47077941894531,25.31103515625,86.93014526367188
346,3,465.2066955566406,65.22423553466797,25.323272705078125,88.3267593383789
346,2,49.9019889831543,106.1815414428711,69.87575912475586,142.00383758544922
347,3,461.3537292480469,65.4252700805664,26.93621826171875,88.65119171142578
347,2,47.4053955078125,106.5142593383789,66.94682312011719,141.64215850830078
348,2,44.76668167114258,106.06026458740234,64.50010299682617,141.76502227783203
348,3,459.5066833496094,64.9725570678711,27.14208984375,88.57433319091797
349,2,40.413490295410156,106.71134948730469,61.927581787109375,141.2590789794922
349,3,460.92401123046875,65.69965362548828,25.130706787109375,86.7139663696289
350,2,38.46540832519531,106.15116882324219,56.34938049316406,141.9896240234375
350,3,458.6636047363281,65.2459487915039,27.0789794921875,87.45447540283203
351,3,445.4114990234375,65.4296875,39.505462646484375,90.01046752929688
351,2,34.33544921875,106.1801528930664,52.926055908203125,142.26129913330078
352,2,32.16645812988281,105.71289825439453,47.318389892578125,144.86168670654297
352,3,442.2929382324219,65.67321014404297,42.815673828125,91.0396499633789
353,3,442.2065734863281,66.07523345947266,40.220184326171875,91.25617218017578
353,2,29.621694564819336,106.41226196289062,47.24711799621582,146.63250732421875
354,3,441.3885498046875,66.06072235107422,37.018310546875,90.65531158447266
354,2,26.73682975769043,106.97925567626953,49.17596626281738,149.62044525146484
355,3,440.1888122558594,65.18305206298828,34.2908935546875,92.71590423583984
355,2,22.795473098754883,108.10015869140625,53.8437557220459,150.6842041015625
356,3,439.6507873535156,65.74081420898438,28.811614990234375,92.93399047851562
356,2,16.25060272216797,109.1003189086914,60.58692169189453,150.0013656616211
357,3,440.440185546875,65.46990203857422,25.557647705078125,93.9229507446289
357,2,12.396554946899414,110.38397979736328,64.62758445739746,149.29796600341797
358,2,9.454316139221191,111.37767791748047,67.13503170013428,149.79813385009766
358,3,438.1592712402344,64.29642486572266,25.742156982421875,94.29859161376953
359,3,435.881591796875,65.81705474853516,25.205963134765625,92.89014434814453
359,2,8.511210441589355,112.76628112792969,66.91527271270752,150.1223907470703
360,2,1.6596860885620117,113.64348602294922,69.30605792999268,150.39313507080078
360,3,424.3253479003906,65.72380828857422,34.391632080078125,93.25421905517578
361,2,0.8936378359794617,113.10823059082031,65.31369096040726,150.8026885986328
361,3,419.0389709472656,65.67927551269531,39.5130615234375,93.7486572265625
362,3,413.4455261230469,67.55904388427734,44.925537109375,92.2145767211914
362,2,0.38085314631462097,113.68275451660156,59.42016080021858,150.3689727783203
363,3,412.34564208984375,68.08405303955078,46.055084228515625,92.05036163330078
363,2,0.5550000071525574,113.89226531982422,50.067173302173615,149.86600494384766
364,2,0.2658313512802124,113.77092742919922,42.58073389530182,149.6086196899414
364,3,411.5040283203125,67.55809020996094,45.961456298828125,93.03872680664062
365,3,410.56640625,66.42478942871094,45.019073486328125,94.26300048828125
365,2,0.10237479954957962,111.9951400756836,36.88222526758909,151.22858428955078
366,3,410.5530700683594,65.1576919555664,42.79852294921875,95.75292205810547
366,2,0.07426828891038895,115.15084075927734,36.182048849761486,148.47650909423828
367,3,410.40045166015625,65.95946502685547,38.911407470703125,95.07703399658203
367,2,0.06830896437168121,116.01375579833984,35.310208186507225,147.44184112548828
368,3,410.8979187011719,65.5302734375,32.983551025390625,95.21376037597656
368,2,0.06389942765235901,118.18291473388672,35.095886796712875,145.38269805908203
369,3,411.78680419921875,63.93165588378906,25.38140869140625,96.58522033691406
369,2,0.04927026480436325,122.74091339111328,35.15776861459017,140.8072738647461
370,3,408.43304443359375,63.203033447265625,23.824951171875,97.87310791015625
370,2,0.10854841023683548,131.99131774902344,35.1863696500659,131.6515655517578
371,3,406.2157287597656,65.3460693359375,22.613922119140625,96.8531494140625
371,2,0.05777811259031296,133.8773956298828,35.06299901753664,129.68812561035156
372,3,399.7053527832031,65.79092407226562,28.314422607421875,96.41183471679688
372,2,0.02835651859641075,138.5673370361328,34.45124629512429,124.85362243652344
373,3,393.16375732421875,66.91657257080078,32.94183349609375,97.15094757080078
373,2,0.0,142.81704711914062,34.65813064575195,120.54388427734375
374,3,388.23883056640625,66.8548583984375,36.7711181640625,95.41659545898438
374,2,0.0,157.76878356933594,32.18769454956055,104.84519958496094
375,3,383.2356872558594,67.62042999267578,42.71209716796875,95.5729751586914
375,2,0.15385812520980835,222.03375244140625,28.61791044473648,41.37384033203125
376,3,381.1383972167969,69.58100891113281,44.536834716796875,94.71200561523438
376,2,0.13529647886753082,224.8023681640625,23.580161437392235,39.29534912109375
377,3,379.09149169921875,69.79195404052734,45.44781494140625,95.4450454711914
378,3,377.2618408203125,69.34974670410156,45.5919189453125,96.51788330078125
379,3,376.2002258300781,70.40363311767578,42.957000732421875,94.60848236083984
380,3,376.8367004394531,70.06123352050781,38.022003173828125,95.66773986816406
381,3,377.42364501953125,70.38505554199219,30.94537353515625,95.15068054199219
382,3,374.8323059082031,68.18492126464844,25.155609130859375,99.985107421875
383,3,376.5244445800781,68.00501251220703,20.97369384765625,100.15982818603516
384,3,366.7961730957031,69.5427474975586,28.1988525390625,96.1803207397461
385,3,362.1565856933594,70.88748931884766,31.981719970703125,95.90070343017578
386,3,358.92608642578125,70.91905212402344,34.826904296875,96.3582763671875
387,3,347.73150634765625,71.77085876464844,46.14569091796875,95.56849670410156
388,3,345.90802001953125,72.54732513427734,47.637908935546875,95.11316680908203
389,3,346.4902038574219,71.70750427246094,46.3804931640625,95.49203491210938
390,3,344.73138427734375,71.32622528076172,45.35107421875,96.3423843383789
391,3,343.7320556640625,71.4091567993164,43.334228515625,95.40625762939453
392,3,344.19921875,71.17768096923828,37.970916748046875,94.6893539428711
393,3,344.6899108886719,70.4507064819336,34.75811767578125,96.20499420166016
394,3,342.38861083984375,70.79753875732422,26.48370361328125,96.65985870361328
395,3,337.4439697265625,70.73420715332031,25.871826171875,93.60182189941406
396,3,333.4086608886719,71.92105865478516,23.630096435546875,93.34676361083984
397,3,326.962646484375,70.86888885498047,28.8466796875,98.9250259399414
397,5,684.6520385742188,29.133769989013672,10.60546875,26.10732650756836
398,3,319.4796142578125,70.90077209472656,35.204559326171875,97.87406921386719
398,5,685.04345703125,30.059602737426758,11.275390625,24.900510787963867
399,3,313.4201965332031,70.68466186523438,41.549224853515625,101.32505798339844
400,3,307.5805358886719,70.93173217773438,47.604278564453125,100.16276550292969
400,5,685.3771362304688,29.606853485107422,11.6876220703125,26.054969787597656
401,3,303.68524169921875,69.78274536132812,50.908905029296875,102.39779663085938
401,5,685.4710083007812,29.577064514160156,11.83734130859375,26.435314178466797
402,3,302.81512451171875,71.62339782714844,50.815521240234375,100.94358825683594
402,5,686.5640258789062,29.779279708862305,12.836669921875,25.843481063842773
403,3,301.1227722167969,71.53749084472656,50.74481201171875,101.48834228515625
404,3,299.69195556640625,71.50225830078125,48.83209228515625,101.28254699707031
405,3,298.7812805175781,70.52809143066406,44.684356689453125,102.09237670898438
406,3,299.1026916503906,70.42300415039062,39.76910400390625,101.63868713378906
407,3,299.9961853027344,70.59368896484375,31.984527587890625,100.72024536132812
408,3,298.7866516113281,70.22913360595703,22.17156982421875,101.85498809814453
408,5,691.902587890625,30.547042846679688,12.33905029296875,25.605792999267578
409,3,293.37054443359375,71.1544189453125,26.436767578125,100.88169860839844
409,5,692.406494140625,30.319644927978516,12.88360595703125,26.335582733154297
410,3,289.4484558105469,70.89053344726562,30.4525146484375,101.10466003417969
410,5,693.420166015625,30.984378814697266,12.18865966796875,26.65670394897461
411,3,282.246826171875,71.53162384033203,37.224609375,100.8693618774414
411,5,694.0255126953125,30.466312408447266,11.4859619140625,26.752758026123047
412,3,274.2345886230469,72.21058654785156,45.870330810546875,100.71705627441406
412,5,694.3593139648438,30.71791648864746,11.0849609375,26.42124366760254
413,3,269.5060119628906,72.38939666748047,49.97882080078125,100.79715728759766
413,5,695.6475830078125,30.593860626220703,11.2314453125,26.78624725341797
414,3,268.52459716796875,73.02423095703125,50.660064697265625,100.53385925292969
414,5,696.1848754882812,30.642850875854492,11.5574951171875,26.756227493286133
415,3,268.57000732421875,71.79014587402344,49.011932373046875,101.78187561035156
415,5,696.5819702148438,30.928680419921875,12.1563720703125,26.81967544555664
416,3,268.31793212890625,71.52156829833984,46.9407958984375,101.6546859741211
416,5,696.7095336914062,31.033273696899414,12.6197509765625,26.539762496948242
417,3,268.62408447265625,72.85018920898438,42.94305419921875,100.79400634765625
417,5,697.0181884765625,31.655866622924805,13.21356201171875,25.48213768005371
418,3,270.4707336425781,72.93514251708984,36.0816650390625,99.4318618774414
418,5,697.8814697265625,32.56379699707031,12.92144775390625,24.755496978759766
419,3,267.4912414550781,71.79122924804688,32.383026123046875,101.88908386230469
419,5,699.0891723632812,33.201114654541016,12.3673095703125,24.350467681884766
420,3,261.9759826660156,73.15681457519531,29.85076904296875,100.39070129394531
420,5,700.8433837890625,32.424678802490234,11.3419189453125,25.070785522460938
421,3,259.3608703613281,72.15132141113281,26.506988525390625,99.61415100097656
422,3,254.4062042236328,71.7188949584961,27.936630249023438,103.40906524658203
423,3,247.20513916015625,72.55567932128906,34.092620849609375,103.21684265136719
424,3,241.77523803710938,72.94129180908203,39.931976318359375,105.06649017333984
425,3,235.0035858154297,73.47901916503906,46.43147277832031,103.76455688476562
426,3,231.32479858398438,73.88768768310547,49.922332763671875,102.51921844482422
427,3,228.827880859375,73.56484985351562,51.477996826171875,103.92239379882812
428,3,227.57730102539062,75.57496643066406,52.079864501953125,101.73995971679688
429,3,224.70068359375,74.10066223144531,52.97613525390625,103.93252563476562
430,3,224.18116760253906,74.38898468017578,51.29582214355469,103.67171478271484
431,3,222.3229217529297,75.07188415527344,47.01878356933594,102.279541015625
432,3,224.50387573242188,73.9009017944336,33.584930419921875,104.04508209228516
433,3,222.37765502929688,74.13455963134766,28.068801879882812,104.16033172607422
434,3,221.08255004882812,74.89147186279297,23.41497802734375,103.56148529052734
435,3,217.52015686035156,74.41288757324219,25.5457763671875,103.40664672851562
436,3,212.54859924316406,75.57588195800781,29.902481079101562,102.15530395507812
437,3,207.0349578857422,75.59730529785156,35.95033264160156,102.46073913574219
438,3,198.1309356689453,78.43643188476562,45.54243469238281,100.73576354980469
439,3,192.1021270751953,78.3409423828125,51.79228210449219,101.14175415039062
440,3,190.3730926513672,79.64356994628906,52.714263916015625,99.65936279296875
441,3,189.05975341796875,78.94073486328125,53.29791259765625,101.56692504882812
442,3,189.46774291992188,79.15779876708984,49.857635498046875,101.3294448852539
443,3,186.94236755371094,79.83953094482422,49.138519287109375,100.53662872314453
444,3,186.3380126953125,77.91924285888672,43.73655700683594,102.20734405517578
445,3,188.87020874023438,77.42035675048828,34.66839599609375,102.29448699951172
446,3,186.022216796875,77.24185180664062,30.50714111328125,103.483642578125
447,3,183.0599822998047,78.37061309814453,25.778915405273438,102.70661163330078
448,3,177.58212280273438,77.99772644042969,26.082916259765625,106.02452087402344
449,3,172.1016845703125,79.2389144897461,31.34124755859375,105.42093658447266
450,3,166.37249755859375,79.88066864013672,36.92210388183594,104.85318756103516
451,3,160.66322326660156,79.12012481689453,43.42323303222656,105.59392547607422
452,3,155.06243896484375,79.55472564697266,49.14405822753906,105.7712173461914
453,3,149.43734741210938,80.20994567871094,54.14201354980469,105.07975769042969
454,3,146.2889862060547,81.18411254882812,55.96051025390625,105.10134887695312
455,3,145.52565002441406,81.0127944946289,55.82167053222656,105.12032318115234
456,3,143.8645477294922,79.84260559082031,51.28315734863281,108.15507507324219
457,3,142.3022918701172,81.11437225341797,47.839935302734375,106.05879974365234
458,3,141.39122009277344,81.28633880615234,41.64048767089844,106.17742156982422
459,3,141.9261016845703,79.0382308959961,34.56230163574219,108.36768341064453
460,3,142.17059326171875,80.18791961669922,28.179336547851562,106.2665786743164
461,3,137.8499755859375,79.83192443847656,25.230728149414062,107.18453979492188
462,3,134.4951629638672,80.4696273803711,27.521072387695312,106.86174774169922
463,3,128.89341735839844,80.43318176269531,34.33094787597656,107.54505920410156
464,3,120.91130828857422,82.28416442871094,43.24944305419922,105.85623168945312
465,3,112.39613342285156,82.45552825927734,51.30615234375,106.28845977783203
466,3,108.74302673339844,84.1847915649414,54.24491882324219,105.08226776123047
467,3,108.7563247680664,82.81875610351562,53.519996643066406,106.76376342773438
468,3,107.8021011352539,83.91050720214844,53.00737762451172,106.05642700195312
469,3,107.53951263427734,84.70486450195312,49.732810974121094,105.60392761230469
470,3,107.28874206542969,83.67074584960938,45.37306213378906,107.12507629394531
471,3,106.94271850585938,84.06950378417969,38.4622802734375,105.15071105957031
472,3,103.93762969970703,83.29674530029297,34.149131774902344,106.7908706665039
473,3,100.92018127441406,83.01971435546875,29.58404541015625,107.20924377441406
474,3,96.67082214355469,83.53428649902344,26.936843872070312,109.18852233886719
475,3,91.92411041259766,84.06523132324219,30.865562438964844,110.05528259277344
476,3,86.89453887939453,85.15571594238281,36.706878662109375,109.06759643554688
477,3,80.30134582519531,84.59162902832031,43.5010986328125,110.93142700195312
478,3,74.2615737915039,85.4891128540039,49.486785888671875,110.05194854736328
479,3,70.50486755371094,85.85719299316406,52.85624694824219,109.18190002441406
480,3,64.87805938720703,88.29341125488281,56.080413818359375,109.10191345214844
481,3,61.654998779296875,87.42742919921875,58.06145477294922,109.40267944335938
482,3,61.25239562988281,86.79352569580078,53.56959533691406,110.91736602783203
483,3,61.49201202392578,87.17597961425781,47.907630920410156,110.42355346679688
484,3,61.25437545776367,85.58831024169922,41.6373405456543,110.81319427490234
485,3,61.349918365478516,86.29081726074219,31.34097671508789,110.49641418457031
486,3,58.24504470825195,86.01836395263672,30.39748764038086,109.96765899658203
487,3,54.38504409790039,86.76164245605469,27.22567367553711,109.90339660644531
488,3,51.249229431152344,86.05752563476562,30.697715759277344,110.48919677734375
489,3,44.30764389038086,89.28831481933594,37.45054244995117,109.40618896484375
490,3,37.683231353759766,90.98625946044922,44.505306243896484,106.90277862548828
491,3,31.94670295715332,91.59719848632812,50.15476036071777,106.43649291992188
492,3,29.22738265991211,91.29515075683594,52.57871627807617,107.94541931152344
493,3,28.56682586669922,92.17848205566406,50.956092834472656,107.57600402832031
494,3,27.469005584716797,92.30824279785156,51.1539421081543,107.42488098144531
495,3,25.003164291381836,92.96334075927734,50.104814529418945,107.4739761352539
496,3,24.066946029663086,93.48078918457031,47.680307388305664,108.27053833007812
497,3,22.877382278442383,93.84198760986328,42.05557823181152,107.5700454711914
498,3,19.591712951660156,93.22406005859375,33.833370208740234,108.65321350097656
499,3,15.623680114746094,93.04376983642578,36.453636169433594,107.52327728271484
500,3,13.565425872802734,93.64619445800781,29.009410858154297,105.36567687988281
500,6,761.2079467773438,37.852256774902344,11.44793701171875,26.468406677246094
501,3,8.660475730895996,93.54188537597656,32.58765888214111,105.94456481933594
501,6,761.6347045898438,38.11547088623047,11.837158203125,24.20099639892578
502,3,4.09239387512207,94.73967742919922,36.987173080444336,106.85735321044922
502,6,762.0630493164062,38.179500579833984,11.97088623046875,28.20168685913086
503,3,0.5675283074378967,96.07569885253906,41.42530769109726,110.21005249023438
503,6,762.3605346679688,37.993465423583984,11.86474609375,27.74990463256836
504,3,0.0,96.1722183227539,40.230045318603516,109.0991439819336
