0,1,730.2543334960938,44.80482482910156,18.0989990234375,52.175933837890625
1,1,729.9050903320312,45.62657928466797,18.15777587890625,49.35523223876953
2,1,729.7142333984375,46.31000900268555,17.87567138671875,50.05465316772461
3,1,729.2947998046875,46.262996673583984,18.31646728515625,50.08584976196289
4,1,729.4031982421875,46.48954772949219,18.0045166015625,49.023765563964844
5,1,729.3704833984375,47.037925720214844,17.110107421875,47.33735656738281
6,1,729.2576293945312,47.066505432128906,17.4293212890625,42.85490417480469
7,1,729.132568359375,47.15019607543945,17.368896484375,45.0998420715332
8,1,729.2933959960938,47.41366958618164,17.2030029296875,40.899662017822266
9,1,729.5242309570312,47.46208953857422,16.25982666015625,43.335975646972656
10,1,729.65283203125,47.74871826171875,15.56915283203125,44.2122802734375
11,1,728.9180297851562,48.444061279296875,15.2630615234375,45.05048370361328
12,1,729.1104736328125,48.82718276977539,14.35345458984375,45.86307144165039
13,1,728.3436889648438,49.05892562866211,14.77239990234375,45.83262252807617
14,1,728.2537841796875,48.987491607666016,14.13482666015625,44.91579055786133
15,1,728.2083129882812,48.82093811035156,13.3677978515625,43.67754364013672
16,1,728.2776489257812,51.10478973388672,12.90020751953125,40.668174743652344
22,1,707.7886352539062,75.81295776367188,11.5496826171875,36.51421356201172
23,1,707.2833251953125,61.37210464477539,12.11767578125,51.477054595947266
24,1,706.2042846679688,60.54227828979492,13.67474365234375,52.043704986572266
25,1,704.1397705078125,59.047611236572266,16.1038818359375,54.189388275146484
26,1,702.359375,59.26271438598633,17.99371337890625,55.118221282958984
27,1,700.0271606445312,58.320308685302734,19.69842529296875,56.09371566772461
28,1,699.8617553710938,57.77301025390625,19.039306640625,56.92193603515625
29,1,699.9722900390625,57.330440521240234,18.2908935546875,57.215084075927734
30,1,698.3258056640625,56.11893081665039,19.8829345703125,59.27162551879883
31,1,699.5784301757812,52.319976806640625,18.6461181640625,63.51917266845703
32,1,698.7081909179688,51.8265266418457,19.6865234375,65.24179458618164
33,1,698.611572265625,51.42082214355469,19.56219482421875,66.70339965820312
34,1,698.5259399414062,51.41179656982422,18.734130859375,65.77924346923828
35,1,696.0924072265625,51.33256530761719,20.88800048828125,65.76577758789062
36,1,694.7942504882812,51.746978759765625,22.13177490234375,65.3691177368164
37,1,692.8273315429688,51.04579544067383,24.41558837890625,66.61364364624023
38,1,689.862548828125,50.54159927368164,27.49432373046875,67.24390029907227
39,1,691.1629028320312,49.97886657714844,25.49676513671875,67.23190307617188
40,1,690.1937866210938,49.99001693725586,25.76226806640625,66.66406631469727
41,1,688.7874145507812,49.90003204345703,25.23748779296875,68.18035888671875
42,1,686.1083374023438,51.15473556518555,26.97955322265625,66.85904312133789
43,1,682.5427856445312,51.88911819458008,29.70611572265625,65.94951248168945
44,1,681.1570434570312,51.45465087890625,29.47198486328125,66.7103042602539
45,1,680.3975219726562,51.57281494140625,29.180908203125,67.38737487792969
46,1,679.8848876953125,52.289241790771484,28.82867431640625,66.6955680847168
47,1,680.0281372070312,52.4136848449707,28.088134765625,66.56228256225586
48,1,679.5155029296875,52.03608322143555,25.29498291015625,66.62534713745117
49,1,678.5533447265625,51.62971496582031,24.54229736328125,66.93885040283203
50,1,676.9212646484375,51.252830505371094,23.8387451171875,67.6641616821289
51,1,672.4556274414062,50.575836181640625,27.719482421875,69.05917358398438
52,1,670.5415649414062,51.19679260253906,29.11529541015625,69.2652816772461
53,1,667.4337158203125,51.41846466064453,31.259521484375,69.7475814819336
54,1,665.4555053710938,51.44093704223633,32.33551025390625,68.20331192016602
55,1,664.5829467773438,51.749053955078125,32.06463623046875,69.89374542236328
56,1,664.65478515625,52.640281677246094,30.689208984375,68.2533187866211
57,1,664.716796875,52.9107666015625,28.8118896484375,68.42279815673828
58,1,664.5449829101562,53.67633056640625,27.94873046875,69.29655456542969
59,1,665.5499877929688,54.2186164855957,25.0068359375,70.19336318969727
60,1,662.4000244140625,54.52083206176758,28.01531982421875,68.9268684387207
61,1,659.3959350585938,54.95541000366211,29.92767333984375,68.04092788696289
62,1,659.1863403320312,55.43158721923828,28.67669677734375,68.77090454101562
63,1,658.9354248046875,54.75418472290039,29.01104736328125,68.35930252075195
64,1,658.78564453125,54.2264404296875,27.61517333984375,69.87958526611328
65,1,660.2716674804688,54.25689697265625,24.9224853515625,69.45580291748047
66,1,659.2919311523438,54.41267776489258,25.02813720703125,68.83080673217773
67,1,657.8816528320312,54.324951171875,25.552490234375,69.78788757324219
68,1,655.2681274414062,54.4248046875,27.6212158203125,68.72945404052734
69,1,650.7844848632812,54.797882080078125,31.1544189453125,68.819091796875
70,1,649.5791625976562,55.18851089477539,30.87066650390625,68.90517807006836
71,1,649.6801147460938,55.23744201660156,29.571044921875,69.08897399902344
72,1,650.5132446289062,57.52585220336914,26.50048828125,67.03573989868164
73,1,649.6595458984375,57.24409866333008,26.36614990234375,67.70298385620117
74,1,649.0703125,57.4862060546875,25.2371826171875,67.38665008544922
75,1,648.4066162109375,57.45730209350586,24.53936767578125,67.10806655883789
76,1,644.0988159179688,56.03533935546875,27.93096923828125,68.67233276367188
77,1,641.4884643554688,54.85192108154297,29.98760986328125,70.4766845703125
78,1,638.956787109375,54.228397369384766,31.741943359375,73.35427474975586
79,1,637.6365356445312,54.607181549072266,31.82501220703125,71.43917465209961
80,1,635.0227661132812,54.21355056762695,33.79010009765625,74.26231002807617
81,1,632.3609008789062,55.530242919921875,35.58074951171875,73.94590759277344
82,1,637.5466918945312,59.166500091552734,28.69293212890625,70.74357986450195
83,1,638.177978515625,60.41918182373047,27.25408935546875,69.96558380126953
84,1,637.3922119140625,59.91084671020508,27.3052978515625,71.00596237182617
85,1,634.81494140625,60.29800796508789,28.56207275390625,70.29438400268555
86,1,632.930419921875,59.41787338256836,30.9151611328125,70.24216079711914
87,1,628.0838623046875,59.84099197387695,34.08056640625,70.31405258178711
88,1,627.081298828125,59.181114196777344,33.70233154296875,70.8979263305664
89,1,627.2052001953125,58.73863983154297,32.91064453125,70.98360443115234
90,1,628.135498046875,59.219085693359375,30.2880859375,71.61650085449219
91,1,629.7329711914062,59.21330261230469,27.0516357421875,71.29081726074219
92,1,630.3405151367188,59.64057159423828,25.68096923828125,70.32469940185547
93,1,628.60986328125,58.845176696777344,26.62469482421875,71.72989654541016
94,1,625.9852905273438,59.712371826171875,27.86907958984375,70.7879638671875
95,1,621.3347778320312,60.13312530517578,31.27484130859375,71.32292938232422
96,1,619.2496337890625,60.99422836303711,31.47686767578125,70.8864631652832
97,1,619.8334350585938,61.20366668701172,29.91571044921875,71.4518051147461
98,1,619.1530151367188,60.5130615234375,29.11956787109375,72.31596374511719
99,1,618.1315307617188,61.607933044433594,28.4578857421875,70.71552276611328
100,1,617.4202880859375,61.4683723449707,27.28985595703125,70.89901351928711
101,1,617.0433959960938,60.53471755981445,25.4801025390625,72.19431686401367
102,1,615.438232421875,61.11237335205078,25.9149169921875,72.32376861572266
103,1,610.51025390625,59.73854446411133,29.60528564453125,74.2838249206543
104,1,607.3976440429688,60.018524169921875,31.84429931640625,75.15791320800781
105,1,604.9177856445312,59.64076614379883,33.42901611328125,75.32775497436523
106,1,602.8583984375,59.6961555480957,34.32257080078125,74.94974899291992
107,1,601.463134765625,60.21550369262695,34.6585693359375,75.75786972045898
108,1,600.4266967773438,60.26279067993164,34.97186279296875,75.66512680053711
109,1,599.6576538085938,60.81663513183594,34.82611083984375,76.47564697265625
110,1,600.3186645507812,60.78670120239258,31.87176513671875,75.64104843139648
111,1,597.8510131835938,60.692352294921875,33.52880859375,75.45762634277344
112,1,594.17529296875,60.82756042480469,35.68804931640625,74.80464172363281
113,1,594.3556518554688,59.8984260559082,34.04730224609375,76.34504318237305
114,1,594.7283325195312,60.169349670410156,32.50726318359375,76.21883392333984
115,1,595.86279296875,60.58094024658203,30.60528564453125,75.8967056274414
116,1,597.5943603515625,59.99116134643555,26.9730224609375,77.20828628540039
117,1,595.8684692382812,60.36463165283203,27.59014892578125,75.63892364501953
118,1,594.5985717773438,61.161277770996094,27.41253662109375,75.13851165771484
119,1,592.408935546875,61.81117248535156,28.5791015625,75.42193603515625
120,1,582.8934936523438,61.702754974365234,34.85784912109375,75.14120864868164
121,1,581.7981567382812,61.99456787109375,35.29443359375,75.54568481445312
122,1,581.6943969726562,62.472652435302734,34.495849609375,76.79170608520508
123,1,583.1820068359375,63.547725677490234,32.2691650390625,74.98221206665039
124,1,582.130126953125,62.880210876464844,31.7066650390625,76.06632232666016
125,1,581.2752685546875,62.66424560546875,30.82977294921875,76.35554504394531
126,1,582.2683715820312,61.98894500732422,27.03564453125,76.2280502319336
127,1,581.3677978515625,61.29582595825195,25.45550537109375,76.92570114135742
128,1,579.4985961914062,60.371795654296875,25.88299560546875,78.38981628417969
129,1,574.1316528320312,60.201595306396484,30.3349609375,79.48772048950195
130,1,571.2745971679688,61.0067253112793,32.1563720703125,79.36621475219727
131,1,567.35693359375,60.91728591918945,34.3155517578125,80.36411666870117
132,1,564.3456420898438,61.778907775878906,36.3497314453125,79.2959976196289
133,1,562.8421630859375,62.26567459106445,36.61279296875,78.70652389526367
134,1,559.3167114257812,62.75371551513672,38.65863037109375,79.01819610595703
135,1,559.0645751953125,63.026058197021484,37.72247314453125,80.00854873657227
136,1,558.831298828125,62.848045349121094,37.36126708984375,79.5905990600586
137,1,557.5974731445312,63.084957122802734,37.34124755859375,78.91568374633789
138,1,557.3482055664062,62.940696716308594,36.235107421875,78.85771942138672
139,1,557.6142578125,62.98058319091797,34.675537109375,78.83348846435547
140,1,556.8157958984375,62.649723052978516,34.57171630859375,80.21574020385742
141,1,558.0394897460938,62.215152740478516,31.5501708984375,79.41213607788086
142,1,558.9367065429688,62.288604736328125,29.65234375,79.52249145507812
143,1,559.4486694335938,61.9107780456543,28.06256103515625,78.50384902954102
144,1,555.1386108398438,61.803306579589844,29.64117431640625,79.52278900146484
145,1,552.3662719726562,61.889068603515625,30.8232421875,79.10502624511719
146,1,546.2333374023438,62.80665969848633,35.87554931640625,79.46183395385742
147,1,544.5903930664062,63.14604187011719,36.2515869140625,78.96263122558594
148,1,542.8908081054688,63.00910568237305,36.75909423828125,79.8482551574707
149,1,545.4013671875,63.106163024902344,33.3892822265625,79.44580841064453
150,1,545.559814453125,62.889373779296875,32.27032470703125,79.76046752929688
151,1,545.4720458984375,62.33038330078125,31.37908935546875,80.55363464355469
152,1,544.2076416015625,62.79642105102539,29.86614990234375,80.30138778686523
153,1,543.3817749023438,62.86621856689453,27.37255859375,80.3901596069336
154,1,542.2986450195312,62.68648910522461,26.2816162109375,79.34282302856445
155,1,534.26220703125,62.77437973022461,32.6346435546875,80.41986465454102
156,1,531.3526611328125,62.34932327270508,34.56231689453125,81.14019393920898
157,1,527.4608154296875,62.51846694946289,37.577392578125,81.86765670776367
158,1,526.0565795898438,62.4290771484375,36.90496826171875,81.60417175292969
159,1,523.8386840820312,62.60213088989258,38.0667724609375,82.87592697143555
160,1,521.6069946289062,63.32008743286133,39.7738037109375,83.92364120483398
161,1,519.6786499023438,63.2873420715332,40.047119140625,84.27448654174805
162,1,517.9568481445312,63.250850677490234,39.38287353515625,84.62930679321289
163,1,515.4498901367188,63.69016647338867,40.97088623046875,83.35599136352539
164,1,514.9493408203125,63.040306091308594,39.55853271484375,83.84522247314453
165,1,513.5855102539062,63.238399505615234,38.92022705078125,84.32869338989258
166,1,514.1425170898438,63.5091552734375,36.86541748046875,83.7183837890625
167,1,513.869873046875,62.80313491821289,36.67095947265625,84.34733200073242
168,1,518.397216796875,62.948421478271484,29.49267578125,84.82587051391602
169,1,517.416259765625,63.098663330078125,28.4949951171875,85.52996826171875
170,1,515.765869140625,62.97444152832031,28.7625732421875,84.71585083007812
171,1,513.625732421875,63.04139709472656,28.96282958984375,84.76739501953125
172,1,511.384765625,63.329647064208984,29.71258544921875,83.52463150024414
173,1,503.5107116699219,63.17182922363281,36.126861572265625,85.166015625
174,1,498.83111572265625,64.57597351074219,39.94976806640625,84.32499694824219
175,1,496.5020446777344,64.56892395019531,41.335052490234375,84.75729370117188
176,1,497.2067565917969,64.8249282836914,40.251922607421875,84.71508026123047
177,1,498.9366455078125,64.42621612548828,37.63897705078125,84.58826446533203
178,1,498.876220703125,64.29649353027344,35.38897705078125,84.66937255859375
179,1,498.170654296875,64.6790771484375,34.224365234375,84.52098083496094
180,1,498.3605041503906,64.5477294921875,30.305084228515625,84.90478515625
181,1,495.044189453125,64.88126373291016,30.9881591796875,84.5962905883789
182,1,489.1313781738281,64.55016326904297,34.290435791015625,85.6333236694336
183,1,485.9689025878906,64.51331329345703,35.619537353515625,86.3193588256836
184,1,482.6894226074219,64.41722106933594,37.314056396484375,87.34599304199219
185,1,481.6838073730469,64.22237396240234,36.612640380859375,86.97126007080078
186,1,482.6966247558594,64.319580078125,33.663543701171875,88.32710266113281
187,1,483.4586181640625,64.99201965332031,31.2010498046875,87.61495971679688
188,1,481.5892333984375,65.3714828491211,31.21990966796875,88.68242645263672
189,1,480.2621154785156,66.45478820800781,31.357391357421875,89.58877563476562
190,1,480.212890625,66.63683319091797,30.0731201171875,88.08496856689453
191,1,479.2565612792969,66.46011352539062,29.7183837890625,88.9073486328125
192,1,477.1316223144531,66.74008178710938,27.380615234375,88.75543212890625
193,1,475.077880859375,66.37088775634766,27.5137939453125,88.3343734741211
194,1,473.1038513183594,65.60891723632812,27.484222412109375,88.18141174316406
195,1,469.93792724609375,65.6927261352539,28.590789794921875,88.01061248779297
196,1,468.13189697265625,65.29814147949219,29.22955322265625,88.98255920410156
197,1,466.535400390625,65.43299865722656,29.397979736328125,88.42439270019531
198,1,464.44781494140625,64.7518539428711,29.713165283203125,88.72127532958984
199,1,462.4566955566406,63.40692138671875,29.847625732421875,90.59416198730469
200,1,452.97369384765625,66.8743896484375,38.566375732421875,88.55110168457031
201,1,449.00152587890625,66.21920776367188,42.09698486328125,89.57844543457031
202,1,448.6118469238281,67.32872772216797,42.100555419921875,88.66815948486328
203,1,449.1064758300781,67.07815551757812,40.845184326171875,89.12493896484375
204,1,449.8542175292969,66.60562896728516,39.524078369140625,89.49658966064453
205,1,449.4351806640625,66.74169921875,37.059051513671875,89.24307250976562
206,1,448.0108642578125,67.49549865722656,34.535400390625,88.91316223144531
207,1,446.638671875,67.1509780883789,31.882843017578125,89.67989349365234
208,1,443.8570556640625,66.06388092041016,30.6529541015625,91.24703216552734
209,1,441.81207275390625,66.09967803955078,28.79486083984375,91.79724884033203
210,1,439.57135009765625,66.74008178710938,28.8238525390625,92.10519409179688
211,1,437.201904296875,66.66921997070312,29.51922607421875,93.63070678710938
212,1,436.0687561035156,67.43291473388672,29.011749267578125,92.73674774169922
213,1,433.5093688964844,67.30835723876953,29.561248779296875,94.30548858642578
214,1,428.6507873535156,68.1214828491211,31.978271484375,94.4915542602539
215,1,425.98974609375,69.56673431396484,33.90435791015625,93.19440460205078
216,1,425.1815490722656,69.63623809814453,32.77813720703125,92.26749420166016
217,1,422.41912841796875,69.8409423828125,34.225921630859375,91.84835815429688
218,1,417.3000183105469,69.79521179199219,35.4849853515625,91.75
219,1,415.0330505371094,68.7162857055664,34.253265380859375,93.3030014038086
220,1,420.7810974121094,67.46756744384766,25.47869873046875,93.77437591552734
221,1,413.87542724609375,65.71068572998047,29.105560302734375,95.70795440673828
222,1,412.08642578125,67.17115783691406,29.14483642578125,95.21055603027344
223,1,409.1480407714844,67.2636947631836,30.507720947265625,95.85735321044922
224,1,407.3453063964844,68.68209075927734,31.097442626953125,93.92711639404297
225,1,405.53424072265625,69.88014221191406,32.085479736328125,92.17578125
226,1,394.49395751953125,70.15284729003906,42.7503662109375,92.72862243652344
227,1,393.3224182128906,71.1209487915039,43.833099365234375,91.8061294555664
228,1,388.8602294921875,71.4018325805664,47.92926025390625,92.74837493896484
229,1,390.74700927734375,72.10202026367188,45.564483642578125,92.06680297851562
230,1,389.746826171875,72.15908813476562,45.330352783203125,92.78596496582031
231,1,390.0608825683594,72.04530334472656,41.63360595703125,92.447998046875
232,1,389.08416748046875,70.35708618164062,38.78668212890625,94.38392639160156
233,1,387.44036865234375,70.99412536621094,36.057708740234375,93.75059509277344
234,1,384.406982421875,70.71697998046875,33.844940185546875,95.17874145507812
235,1,382.46795654296875,70.61135864257812,30.61883544921875,95.29896545410156
236,1,380.2218322753906,70.47017669677734,27.998931884765625,97.74112701416016
237,1,374.277587890625,71.0746841430664,32.162933349609375,97.2809829711914
238,1,372.8447265625,70.86402893066406,30.909027099609375,94.09552001953125
239,1,364.1412048339844,70.49115753173828,38.423675537109375,97.94947052001953
240,1,354.94586181640625,71.63909149169922,46.449066162109375,98.96553802490234
241,1,352.6250305175781,72.59010314941406,49.19573974609375,99.48085021972656
242,1,354.08837890625,72.16109466552734,48.5511474609375,98.25884246826172
243,1,349.9720458984375,73.8167724609375,50.1204833984375,96.89295959472656
244,1,348.7386474609375,73.27409362792969,48.042755126953125,97.54881286621094
245,1,349.3202209472656,71.85677337646484,42.01458740234375,99.27527618408203
246,1,349.82574462890625,70.82209777832031,35.263671875,99.57421875
247,1,351.6578674316406,71.20964050292969,30.04296875,98.7525634765625
248,1,350.61102294921875,71.31491088867188,25.017059326171875,99.85246276855469
249,1,347.0834045410156,71.49054718017578,26.747222900390625,99.61602020263672
250,1,341.8143310546875,71.46100616455078,32.18695068359375,99.93669891357422
251,1,338.5946350097656,71.51200103759766,35.58758544921875,98.94718170166016
252,1,331.9970397949219,71.22490692138672,42.392669677734375,99.98906707763672
253,1,324.553466796875,72.08312225341797,50.535919189453125,99.49040985107422
254,1,322.6051330566406,72.79420471191406,51.880035400390625,99.16542053222656
255,1,322.6858825683594,73.31696319580078,49.829315185546875,99.41313934326172
256,1,323.0848083496094,73.81796264648438,48.616943359375,99.12515258789062
257,1,321.3370361328125,74.3545913696289,47.649993896484375,98.00531768798828
258,1,320.8959655761719,73.767578125,41.303497314453125,98.66246032714844
259,1,318.9400634765625,73.63504028320312,38.554931640625,97.54217529296875
260,1,316.6916198730469,72.88605499267578,34.74005126953125,98.87189483642578
261,1,315.4068603515625,72.5799560546875,30.47100830078125,97.73333740234375
262,1,313.87969970703125,72.49849700927734,28.371368408203125,99.30599212646484
263,1,311.1842956542969,73.21051788330078,28.710479736328125,99.85408782958984
264,1,296.8248291015625,73.04383850097656,41.886505126953125,99.84370422363281
265,1,292.3367614746094,74.36602783203125,45.892303466796875,97.05976867675781
266,1,289.1314392089844,74.2672348022461,49.232635498046875,97.50531768798828
267,1,288.0057678222656,74.49263000488281,50.08514404296875,97.96798706054688
268,1,286.1953430175781,74.44801330566406,50.991546630859375,97.77897644042969
269,1,285.73040771484375,74.76835632324219,49.421478271484375,97.87155151367188
270,1,286.07489013671875,74.30262756347656,45.167236328125,97.77189636230469
271,1,283.43695068359375,74.13121032714844,43.96405029296875,98.04988098144531
272,1,283.5849914550781,74.09053039550781,39.524017333984375,98.03208923339844
273,1,275.8704528808594,73.802001953125,40.467620849609375,97.59817504882812
274,1,275.496337890625,72.97978973388672,36.35443115234375,97.62960052490234
275,1,273.1412048339844,72.34524536132812,33.42138671875,100.41671752929688
276,1,273.3575744628906,73.41654968261719,31.60321044921875,99.5081787109375
277,1,272.04473876953125,73.28050231933594,33.31414794921875,98.60269165039062
278,1,270.1280212402344,75.6424331665039,34.8970947265625,95.75260162353516
279,1,265.48394775390625,75.21025848388672,39.650543212890625,95.80672454833984
280,1,260.2652587890625,75.47842407226562,44.943695068359375,95.33964538574219
281,1,257.6468200683594,76.33121490478516,46.602935791015625,95.1153335571289
282,1,256.17236328125,76.55384826660156,47.3311767578125,96.21669006347656
283,1,255.32374572753906,76.57057189941406,46.46394348144531,96.63371276855469
284,1,254.7412109375,75.59579467773438,43.827392578125,96.95256042480469
285,1,252.8275146484375,75.23733520507812,41.799835205078125,96.12782287597656
286,1,251.29928588867188,75.260986328125,37.7877197265625,95.743896484375
287,1,249.29286193847656,74.30595397949219,35.53971862792969,97.02130126953125
288,1,243.68003845214844,73.2818832397461,31.090713500976562,97.78231048583984
289,1,241.40760803222656,74.3034439086914,31.512405395507812,96.88842010498047
290,1,239.31565856933594,74.39567565917969,32.18861389160156,95.54112243652344
291,1,237.15858459472656,74.68702697753906,34.01042175292969,96.33999633789062
292,1,230.0790557861328,74.36334228515625,40.65467834472656,96.44482421875
293,1,227.71148681640625,74.67977142333984,42.940093994140625,96.3555679321289
294,1,225.7314910888672,74.78863525390625,45.35139465332031,96.48666381835938
295,1,225.17649841308594,74.47337341308594,44.91740417480469,96.87818908691406
296,1,225.20938110351562,75.56889343261719,44.143218994140625,95.36456298828125
297,1,222.37335205078125,75.69696807861328,46.701934814453125,95.37787628173828
298,1,219.95626831054688,75.99433135986328,46.67669677734375,94.68277740478516
299,1,219.3920440673828,75.47280883789062,42.60279846191406,95.181640625
300,1,217.5224609375,75.76022338867188,41.064666748046875,94.24024963378906
301,1,214.11000061035156,74.5862808227539,39.26225280761719,95.76811981201172
302,1,212.18409729003906,73.6834716796875,34.59687805175781,96.31416320800781
303,1,210.2749481201172,74.99113464355469,34.30299377441406,95.59220886230469
304,1,209.99847412109375,78.47167205810547,33.58758544921875,92.20915985107422
305,1,207.2856903076172,74.52632141113281,37.544952392578125,95.77981567382812
306,1,202.3443603515625,74.14750671386719,43.49275207519531,95.83100891113281
307,1,201.40774536132812,75.49748992919922,43.417816162109375,93.53211212158203
308,1,197.5389862060547,75.78504943847656,46.20411682128906,93.88113403320312
309,1,196.7658233642578,76.34544372558594,44.55375671386719,93.65591430664062
310,1,193.55686950683594,76.53546905517578,46.1201171875,93.85958099365234
311,1,191.95523071289062,75.0259017944336,44.731353759765625,95.5466079711914
312,1,188.8950653076172,75.83270263671875,39.82435607910156,92.81735229492188
313,1,188.3875732421875,75.416748046875,35.842254638671875,92.010498046875
314,1,187.0541534423828,74.40861511230469,32.913330078125,92.08258056640625
315,1,184.7550506591797,74.83341979980469,33.17909240722656,92.81922912597656
316,1,182.74960327148438,73.19105529785156,33.5390625,94.86749267578125
317,1,180.45010375976562,74.82982635498047,34.134002685546875,93.04093170166016
318,1,178.89761352539062,74.80061340332031,35.04469299316406,91.94705200195312
319,1,176.37998962402344,74.29617309570312,36.73545837402344,92.40437316894531
320,1,172.03709411621094,74.68183898925781,40.986083984375,91.93637084960938
321,1,169.66671752929688,74.82796478271484,43.45552062988281,91.80081939697266
322,1,170.58447265625,75.40805053710938,42.36924743652344,91.22920227050781
323,1,170.0179901123047,75.72874450683594,42.69783020019531,90.89605712890625
324,1,166.36668395996094,76.21192932128906,45.13458251953125,90.55404663085938
325,1,163.91192626953125,74.82376098632812,44.19502258300781,91.72465515136719
326,1,163.34031677246094,74.0516357421875,42.55461120605469,91.87957763671875
327,1,163.07269287109375,72.5228042602539,38.143890380859375,92.98206329345703
328,1,161.0174560546875,72.31254577636719,37.91795349121094,92.64537048339844
329,1,159.38088989257812,72.81745147705078,36.777557373046875,92.33707427978516
330,1,158.70883178710938,73.14765930175781,38.43714904785156,92.06866455078125
331,1,156.8055419921875,73.7853775024414,40.462554931640625,91.2590560913086
332,1,155.2518310546875,73.93772888183594,41.57707214355469,91.03509521484375
333,1,153.7249755859375,74.305419921875,43.033447265625,90.41098022460938
334,1,152.566162109375,74.28624725341797,43.56776428222656,90.39240264892578
335,1,150.65455627441406,73.90611267089844,45.156707763671875,91.54585266113281
336,1,149.0424346923828,73.96041870117188,43.147979736328125,90.70252990722656
337,1,147.9320526123047,74.15791320800781,42.53193664550781,88.90620422363281
338,1,146.4674835205078,73.77816009521484,40.053955078125,89.2915267944336
339,1,145.2478790283203,73.65251159667969,38.90850830078125,88.92507934570312
340,1,144.6707763671875,73.00700378417969,36.44853210449219,88.58848571777344
341,1,143.4197998046875,71.97232818603516,33.88423156738281,90.32250213623047
342,1,141.68453979492188,71.5584716796875,32.25880432128906,91.38948059082031
343,1,140.13380432128906,71.49022674560547,31.602096557617188,91.75055694580078
344,1,138.78262329101562,71.45455169677734,31.836532592773438,90.5261001586914
345,1,137.43846130371094,71.9951171875,32.36419677734375,89.21743774414062
346,1,135.13882446289062,73.03022766113281,33.61918640136719,87.96832275390625
347,1,133.5940704345703,73.7635498046875,34.80364990234375,87.06724548339844
348,1,132.3472442626953,73.7384262084961,35.900787353515625,87.4748306274414
349,1,131.158935546875,72.40312957763672,37.207244873046875,88.75251007080078
350,1,129.70623779296875,72.44579315185547,37.74237060546875,88.5018539428711
351,1,127.63890838623047,73.18595123291016,38.111854553222656,87.25556182861328
352,1,125.73413848876953,73.15725708007812,38.22931671142578,86.88035583496094
353,1,124.4912338256836,72.22608184814453,38.26282501220703,87.2796401977539
354,1,122.66236877441406,72.05037689208984,36.74458312988281,87.70906829833984
355,1,121.41638946533203,71.46138000488281,34.101295471191406,87.60490417480469
356,1,120.14073944091797,71.17161560058594,35.22637176513672,88.29127502441406
357,1,118.8645248413086,71.67776489257812,36.90331268310547,86.96037292480469
358,1,117.54241180419922,71.33045196533203,38.42713165283203,88.42223358154297
359,1,116.23335266113281,71.74674224853516,39.185150146484375,86.88587188720703
360,1,114.3932113647461,73.37837982177734,39.562705993652344,84.57849884033203
361,1,113.51398468017578,73.48695373535156,40.01628875732422,84.72906494140625
362,1,112.48175811767578,73.21002960205078,40.59217071533203,84.6643295288086
363,1,111.5197525024414,73.14299774169922,40.021141052246094,84.5065689086914
364,1,110.28460693359375,71.54420471191406,38.89161682128906,87.2498779296875
365,1,108.9516830444336,71.87836456298828,38.198081970214844,85.60289764404297
366,1,107.65003204345703,71.40251922607422,38.128944396972656,86.44268035888672
367,1,106.84992980957031,71.0481185913086,36.31675720214844,86.39196014404297
368,1,105.38346862792969,70.57190704345703,35.18028259277344,85.4721908569336
369,1,104.36273193359375,71.31787872314453,32.9276123046875,84.76287078857422
370,1,102.4829330444336,71.02391815185547,32.14885711669922,84.99356842041016
371,1,102.23616027832031,71.16065979003906,30.906890869140625,83.64967346191406
372,1,100.3626708984375,71.27096557617188,31.5762939453125,84.81986999511719
373,1,98.46463775634766,71.13436126708984,32.795387268066406,84.9765396118164
374,1,96.4710922241211,70.77851104736328,34.40563201904297,85.1418228149414
375,1,95.45097351074219,71.31153869628906,35.58396911621094,84.38818359375
376,1,94.68965148925781,71.67899322509766,36.07958984375,83.02043914794922
377,1,92.5044937133789,71.03997802734375,37.24701690673828,83.31172180175781
378,1,91.10252380371094,71.21240234375,37.46458435058594,81.88371276855469
379,1,90.45904541015625,70.83251190185547,36.94970703125,82.1153335571289
380,1,88.57687377929688,70.4010238647461,37.543060302734375,81.95056915283203
381,1,87.28617095947266,70.64488983154297,35.31787109375,81.29865264892578
382,1,86.37565612792969,70.56745910644531,34.563446044921875,82.13790893554688
383,1,85.42040252685547,70.32422637939453,35.49003601074219,82.07515716552734
384,1,84.17216491699219,70.50200653076172,36.84352111816406,82.48897552490234
385,1,83.58692169189453,70.8876724243164,37.027008056640625,81.53458404541016
386,1,82.52587890625,71.29023742675781,37.40289306640625,81.50477600097656
387,1,81.48001098632812,71.3232421875,38.589012145996094,81.26905822753906
388,1,81.16511535644531,71.91548156738281,38.200958251953125,80.38294982910156
389,1,80.39176177978516,71.57149505615234,38.30933380126953,81.0363998413086
390,1,79.89920806884766,71.0694808959961,37.78032684326172,80.7807846069336
391,1,79.31298065185547,70.32174682617188,36.73094940185547,82.22518920898438
392,1,78.48592376708984,69.8351821899414,36.03929901123047,81.66165924072266
393,1,77.92436981201172,69.69580078125,34.75720977783203,81.00936889648438
394,1,76.99073028564453,69.7071762084961,33.461700439453125,80.0660171508789
395,1,76.36124420166016,69.7349853515625,32.49498748779297,80.64677429199219
396,1,75.33576965332031,69.3216552734375,31.313697814941406,81.76889038085938
397,1,74.25349426269531,69.83485412597656,30.483192443847656,80.6497802734375
398,1,72.78292846679688,69.91655731201172,30.58074951171875,80.27391815185547
399,1,71.79146575927734,69.96776580810547,30.342857360839844,79.91033172607422
400,1,70.91091918945312,70.41144561767578,30.50269317626953,79.30748748779297
401,1,69.8553237915039,69.86249542236328,30.908447265625,79.55142974853516
402,1,68.34815216064453,69.93263244628906,31.982154846191406,79.07254028320312
403,1,66.408935546875,70.0265884399414,33.707054138183594,78.45433807373047
404,1,66.0438461303711,70.04361724853516,32.795135498046875,77.3692855834961
405,1,64.48551940917969,69.68563842773438,34.47173309326172,78.20236206054688
406,1,63.68899154663086,69.2261962890625,33.38760757446289,78.34461975097656
407,1,63.186676025390625,68.99080657958984,32.478118896484375,77.73638153076172
408,1,60.94475555419922,68.71898651123047,33.97826385498047,78.24817657470703
409,1,60.04655838012695,68.56304931640625,34.42634201049805,77.99732971191406
410,1,59.5729866027832,68.31330108642578,34.569278717041016,77.60395050048828
411,1,58.716854095458984,68.12591552734375,34.74214553833008,78.19088745117188
412,1,58.093353271484375,68.1709213256836,34.764495849609375,77.27169036865234
413,1,57.515533447265625,68.08746337890625,35.114585876464844,77.86637878417969
414,1,57.21673583984375,68.36541748046875,34.983543395996094,77.0736083984375
415,1,56.87953186035156,68.67056274414062,35.13256072998047,77.55903625488281
416,1,56.613704681396484,67.99730682373047,34.54495620727539,79.36273956298828
417,1,55.953941345214844,67.97651672363281,34.64617919921875,77.95823669433594
418,1,55.59126663208008,67.25503540039062,34.39152145385742,78.35293579101562
419,1,55.00196075439453,66.92574310302734,34.039451599121094,79.63329315185547
420,1,54.28889083862305,66.87047576904297,33.38858413696289,79.26313018798828
421,1,53.98515319824219,66.59168243408203,32.434303283691406,79.44963836669922
422,1,53.49113464355469,66.35321044921875,31.59784698486328,79.21817016601562
423,1,53.00236511230469,66.05309295654297,29.529449462890625,79.0287094116211
424,1,53.0734748840332,66.16464233398438,27.762577056884766,78.39398193359375
425,1,51.16199493408203,66.19816589355469,28.402023315429688,77.45858764648438
426,1,51.11830520629883,66.4804458618164,27.556926727294922,77.38355255126953
427,1,50.16499710083008,66.60237884521484,28.035625457763672,77.31243133544922
428,1,49.265098571777344,66.72270202636719,28.555564880371094,76.970947265625
429,1,48.21015930175781,66.61424255371094,29.134078979492188,77.05511474609375
430,1,47.47405242919922,66.69922637939453,29.634979248046875,76.85980987548828
431,1,46.424346923828125,66.93444061279297,30.24932861328125,76.12451934814453
432,1,43.58254623413086,66.51579284667969,31.51302719116211,73.43101501464844
433,1,42.84739303588867,66.10437774658203,31.679340362548828,74.45317840576172
434,1,41.15279006958008,65.38874816894531,32.47091293334961,74.95077514648438
435,1,40.74122619628906,65.38201141357422,31.720291137695312,74.65349578857422
436,1,39.921852111816406,65.61975860595703,32.20427703857422,73.9385757446289
437,1,39.078006744384766,65.3570327758789,33.88047409057617,75.04767608642578
438,1,38.59015655517578,65.43871307373047,33.85285186767578,74.81082916259766
439,1,38.24755096435547,65.78347778320312,33.65826416015625,74.01882934570312
440,1,37.86452865600586,66.03205108642578,33.56980514526367,73.4130630493164
441,1,37.54697036743164,66.4830551147461,33.014835357666016,73.19339752197266
442,1,37.51283645629883,66.5114974975586,32.37997817993164,73.2490463256836
443,1,37.43789291381836,66.28827667236328,32.1641731262207,75.4878158569336
444,1,37.474884033203125,66.2700424194336,31.70783233642578,74.09258270263672
445,1,37.11472702026367,65.79918670654297,32.3156623840332,74.73400115966797
446,1,36.80207824707031,65.6778335571289,32.20641326904297,74.7370376586914
447,1,36.60648727416992,65.25139617919922,31.799724578857422,74.3456039428711
448,1,36.091026306152344,64.47927856445312,31.81793212890625,74.76229858398438
449,1,35.642513275146484,64.37318420410156,31.80606460571289,74.05960083007812
450,1,35.51364517211914,63.990867614746094,30.793766021728516,74.09821319580078
451,1,35.14812088012695,63.85663986206055,30.511089324951172,73.99914932250977
452,1,34.78506851196289,63.48269271850586,29.742000579833984,74.22865676879883
453,1,33.89810562133789,63.7974739074707,30.05066680908203,74.3758659362793
454,1,33.462318420410156,63.9566535949707,30.002525329589844,73.81367111206055
455,1,32.908233642578125,64.7167739868164,29.450382232666016,73.40555572509766
456,1,31.215686798095703,64.59638977050781,30.018054962158203,72.14579772949219
457,1,30.264150619506836,64.68524169921875,30.753271102905273,71.923583984375
458,1,29.574316024780273,64.30500030517578,31.276342391967773,71.77985382080078
459,1,28.249666213989258,64.06747436523438,32.41394233703613,72.14485168457031
460,1,27.696779251098633,63.60771560668945,32.405508041381836,71.80515670776367
461,1,27.27631187438965,63.15974426269531,32.59042930603027,71.82537841796875
462,1,26.66018295288086,63.22300338745117,32.355133056640625,71.91882705688477
463,1,26.161657333374023,63.12352752685547,32.56664848327637,72.10572052001953
464,1,25.84228515625,63.204166412353516,31.96158218383789,71.76021957397461
465,1,25.494674682617188,63.226356506347656,31.58710479736328,71.14862823486328
466,1,25.289751052856445,63.452091217041016,31.413103103637695,70.73351669311523
467,1,25.141733169555664,63.639930725097656,30.871408462524414,69.99385833740234
468,1,25.037038803100586,63.357810974121094,30.638795852661133,70.15105438232422
469,1,24.713634490966797,63.42116165161133,31.022872924804688,70.53741073608398
470,1,24.58383560180664,63.676021575927734,31.220829010009766,70.69192886352539
471,1,24.406003952026367,63.339393615722656,31.908620834350586,71.40572357177734
472,1,24.111713409423828,63.37045669555664,32.23249816894531,71.36147689819336
473,1,23.39315414428711,62.27425765991211,32.98052215576172,72.28485488891602
474,1,23.285987854003906,61.55166244506836,32.915889739990234,72.32902908325195
475,1,22.933246612548828,61.16526794433594,32.59933090209961,72.06739807128906
476,1,22.645856857299805,61.486305236816406,31.744401931762695,70.45305633544922
477,1,22.123464584350586,61.0573616027832,30.839963912963867,71.09434127807617
478,1,21.90228843688965,61.425174713134766,28.789655685424805,70.50376510620117
479,1,21.559627532958984,61.63592529296875,27.363056182861328,69.93911743164062
480,1,20.30345916748047,62.078426361083984,26.644878387451172,69.4693489074707
481,1,19.755451202392578,62.74943161010742,26.556949615478516,68.48520278930664
482,1,19.05352783203125,62.554988861083984,26.871929168701172,69.24917984008789
483,1,18.07098960876465,63.11185836791992,27.5980281829834,68.47546768188477
484,1,17.62335205078125,62.95261764526367,27.44031524658203,68.39213943481445
485,1,17.102554321289062,63.18647766113281,27.810466766357422,67.78955078125
486,1,16.49893569946289,63.2628288269043,27.691429138183594,67.31305313110352
487,1,15.977158546447754,63.15583801269531,28.26884365081787,67.04295349121094
488,1,15.552826881408691,63.357177734375,28.931063652038574,66.76213073730469
489,1,15.290678024291992,63.64544677734375,29.67494773864746,65.27267456054688
490,1,14.727426528930664,63.17792892456055,29.968442916870117,65.68477249145508
491,1,14.359955787658691,63.29585266113281,30.23334789276123,65.56671142578125
492,1,14.351749420166016,63.09131622314453,30.26081085205078,65.63152313232422
493,1,14.165443420410156,63.33576965332031,29.498931884765625,65.47119140625
494,1,14.21178150177002,63.7193717956543,29.328051567077637,64.33736038208008
495,1,14.23073959350586,63.6507453918457,28.655689239501953,64.38328170776367
496,1,14.162632942199707,63.75851058959961,28.399271965026855,64.79599380493164
497,1,14.644421577453613,63.60124588012695,27.9323148727417,66.01313400268555
498,1,14.815531730651855,63.0978889465332,28.31956958770752,66.4264030456543
499,1,14.816332817077637,63.21525573730469,28.48484516143799,65.42033386230469
500,1,15.529244422912598,62.80714797973633,28.376662254333496,65.9331169128418
501,1,15.446488380432129,62.759002685546875,29.106013298034668,64.84332275390625
502,1,15.492338180541992,62.69830322265625,29.235811233520508,64.83558654785156
503,1,15.437658309936523,62.770870208740234,29.595109939575195,64.05607986450195
504,1,15.166942596435547,62.135047912597656,27.977333068847656,64.78738403320312
505,1,15.270508766174316,62.277015686035156,26.902091026306152,63.720977783203125
506,1,15.069921493530273,62.4707145690918,26.32923698425293,63.26821517944336
507,1,14.36166000366211,61.791683197021484,26.567691802978516,63.75791549682617
508,1,13.916792869567871,61.876373291015625,26.773171424865723,63.658531188964844
509,1,13.739426612854004,61.73485565185547,26.82093334197998,63.39527130126953
510,1,13.544234275817871,61.69313049316406,27.13615894317627,63.93724060058594
511,1,13.390317916870117,61.67802810668945,27.907880783081055,63.668766021728516
512,1,13.086196899414062,61.55460739135742,29.15121078491211,63.64237594604492
513,1,12.869132041931152,61.2286491394043,29.806443214416504,64.41308975219727
514,1,12.3253173828125,60.800804138183594,30.370811462402344,64.49736022949219
515,1,12.12013053894043,61.425533294677734,30.19697380065918,63.21091842651367
516,1,12.23556900024414,60.969573974609375,29.585285186767578,62.922218322753906
517,1,12.280935287475586,60.86772918701172,29.20942497253418,62.82569885253906
518,1,12.306224822998047,60.772098541259766,28.29265594482422,62.65604782104492
519,1,12.328453063964844,60.59693145751953,27.712337493896484,62.375633239746094
520,1,12.436408996582031,60.47698211669922,26.649478912353516,62.19551086425781
521,1,12.642938613891602,60.63966751098633,25.622961044311523,61.59817123413086
522,1,13.354962348937988,61.02030944824219,24.85617733001709,61.45684051513672
523,1,13.36983871459961,60.57866668701172,25.28543472290039,62.362083435058594
524,1,14.141295433044434,60.55481719970703,24.877171516418457,62.072715759277344
525,1,14.415112495422363,60.35818099975586,24.840441703796387,62.5722770690918
526,1,14.314594268798828,60.42361068725586,26.273204803466797,61.898075103759766
527,1,14.447769165039062,60.7017822265625,27.059555053710938,61.36785888671875
528,1,14.736893653869629,60.16783905029297,29.649401664733887,61.034889221191406
529,1,14.760327339172363,60.3900146484375,30.313162803649902,60.18077087402344
530,1,14.79050064086914,60.179683685302734,30.223033905029297,60.217594146728516
531,1,14.70787239074707,59.70216751098633,29.854368209838867,59.69951248168945
532,1,14.721456527709961,60.04319381713867,29.15898323059082,58.023311614990234
533,1,14.57424259185791,59.712310791015625,28.957003593444824,59.28850555419922
534,1,14.545306205749512,59.679931640625,28.682114601135254,59.69782257080078
535,1,14.181304931640625,60.24127197265625,28.754077911376953,58.13368225097656
536,1,14.075737953186035,60.08782958984375,28.376975059509277,58.985374450683594
537,1,13.84086799621582,60.168907165527344,27.728918075561523,59.6092529296875
538,1,13.77584457397461,59.90612030029297,27.823440551757812,59.46314239501953
539,1,13.46590518951416,59.15296936035156,27.556097984313965,59.44303894042969
540,1,13.404534339904785,58.51726150512695,27.728671073913574,59.8226203918457
541,1,13.061409950256348,58.269676208496094,27.928359031677246,59.37623596191406
542,1,12.695363998413086,58.74417495727539,28.2147274017334,58.56911849975586
543,1,12.678725242614746,58.50995635986328,27.26566791534424,58.49052429199219
544,1,12.794612884521484,58.332645416259766,25.58730697631836,58.350399017333984
545,1,12.656371116638184,58.412994384765625,24.94701862335205,58.201416015625
546,1,12.666641235351562,58.629764556884766,24.578266143798828,57.410770416259766
547,1,12.667304039001465,58.189456939697266,23.78944492340088,58.383243560791016
548,1,12.74654483795166,58.302772521972656,23.092780113220215,58.40037536621094
549,1,13.099602699279785,58.353633880615234,22.559557914733887,58.567508697509766
550,1,13.172194480895996,58.31143569946289,22.525662422180176,58.3595085144043
551,1,13.761651039123535,58.8050537109375,22.389460563659668,58.122276306152344
552,1,13.280373573303223,58.0338134765625,24.12357997894287,59.52326202392578
553,1,13.03077507019043,57.30177307128906,25.25443458557129,59.320831298828125
554,1,12.748863220214844,57.25648880004883,26.18212890625,58.68606185913086
555,1,12.238421440124512,57.78068542480469,26.810559272766113,57.01463317871094
556,1,11.82656192779541,57.087005615234375,27.63891887664795,57.809547424316406
557,1,12.015914916992188,56.11397171020508,27.187301635742188,57.07392501831055
558,1,12.111377716064453,56.803855895996094,26.451744079589844,57.09264373779297
559,1,12.363198280334473,57.82177734375,25.54757595062256,55.91350555419922
560,1,12.775252342224121,57.73817443847656,24.77744770050049,55.527366638183594
561,1,12.821765899658203,57.525611877441406,23.912734985351562,55.95707702636719
562,1,12.827077865600586,57.77753448486328,23.847143173217773,56.255775451660156
563,1,12.486383438110352,57.82947540283203,23.724294662475586,55.930015563964844
564,1,12.679471969604492,57.54030990600586,23.033369064331055,55.92911148071289
565,1,11.890564918518066,57.00729751586914,23.567152976989746,56.07826614379883
566,1,11.633974075317383,56.84329605102539,23.236291885375977,55.514766693115234
567,1,10.942968368530273,56.52402114868164,23.8185977935791,55.76187515258789
568,1,11.222321510314941,56.344207763671875,23.32026958465576,55.641502380371094
569,1,10.879809379577637,56.849857330322266,23.406601905822754,55.20199203491211
570,1,10.414579391479492,56.836360931396484,23.715200424194336,54.91643142700195
571,1,9.829065322875977,57.09067916870117,24.054162979125977,54.735599517822266
572,1,9.588338851928711,57.768402099609375,24.175046920776367,53.671913146972656
573,1,9.5623779296875,57.20415115356445,23.85517120361328,54.09934616088867
574,1,9.324943542480469,56.90791702270508,24.080997467041016,54.521976470947266
575,1,9.214395523071289,56.9661865234375,24.274721145629883,54.39106750488281
576,1,9.392881393432617,56.803016662597656,24.56418800354004,54.59803009033203
577,1,9.685525894165039,56.64199447631836,24.6550235748291,55.02890396118164
578,1,10.05419635772705,56.316349029541016,24.605761528015137,54.9421272277832
579,1,10.176329612731934,55.96063232421875,24.623414039611816,54.97346496582031
580,1,10.257817268371582,56.4368782043457,24.463648796081543,53.633182525634766
581,1,10.607916831970215,56.61531066894531,23.65902805328369,53.235137939453125
582,1,10.792643547058105,56.5655632019043,22.547837257385254,52.167240142822266
583,1,10.784454345703125,56.39479446411133,21.89239501953125,52.050418853759766
584,1,10.618367195129395,56.319087982177734,21.880114555358887,52.47854232788086
585,1,10.157378196716309,56.26935958862305,22.247910499572754,52.665042877197266
586,1,9.96847915649414,56.472923278808594,22.370006561279297,52.55292510986328
587,1,9.523618698120117,55.566349029541016,22.50477409362793,53.972408294677734
588,1,8.95838451385498,56.05982971191406,23.02915096282959,52.915794372558594
589,1,8.71976375579834,55.43498611450195,23.536362648010254,53.25528335571289
590,1,8.30077075958252,55.43811798095703,23.568318367004395,53.063514709472656
591,1,7.918032646179199,55.83961868286133,24.109299659729004,51.52605056762695
592,1,7.4639201164245605,56.32694625854492,24.589706897735596,50.66312026977539
593,1,7.240972518920898,56.19179153442383,24.431570053100586,50.98502731323242
594,1,6.682755470275879,55.8209342956543,24.838133811950684,51.11001205444336
595,1,6.105525493621826,55.08605194091797,24.135651111602783,51.70159149169922
596,1,6.076612949371338,54.98556900024414,23.70746946334839,51.550113677978516
597,1,6.174924850463867,54.459476470947266,22.907377243041992,51.91841506958008
598,1,6.019140720367432,53.823081970214844,22.648946285247803,52.42332458496094
599,1,6.356616497039795,53.94481658935547,21.876373767852783,52.074859619140625
600,1,5.970504283905029,54.09206008911133,22.9638409614563,51.80135726928711
601,1,6.132524490356445,54.23297119140625,23.173213958740234,51.50745391845703
602,1,6.2245330810546875,54.97795486450195,23.23155975341797,50.95235824584961
603,1,6.314637184143066,55.120521545410156,23.503470420837402,50.592384338378906
604,1,6.227128982543945,55.18909454345703,23.60396957397461,50.20952606201172
605,1,6.248190879821777,53.97985076904297,23.21393871307373,50.81505584716797
606,1,6.585011005401611,54.152793884277344,22.66187047958374,50.383567810058594
607,1,6.582252025604248,53.559898376464844,21.926239490509033,50.623741149902344
608,1,6.790010929107666,53.01968765258789,20.967042446136475,51.12703323364258
609,1,6.972146511077881,53.071441650390625,20.032761096954346,51.147613525390625
610,1,6.7164716720581055,54.78162384033203,20.145195960998535,49.37389373779297
611,1,6.667286396026611,55.2287483215332,19.60157346725464,48.22762680053711
612,1,5.9513163566589355,54.2000846862793,20.27605104446411,49.8917350769043
613,1,5.944418907165527,54.2485466003418,19.943432807922363,49.7531852722168
614,1,5.511500358581543,53.68095779418945,20.638798713684082,50.26694107055664
615,1,4.968802452087402,52.342159271240234,20.64994716644287,51.413944244384766
616,1,4.595737934112549,52.046512603759766,20.78173589706421,51.19684982299805
617,1,3.7663416862487793,53.036922454833984,21.343796253204346,49.953853607177734
618,1,3.1548352241516113,52.75048828125,21.792094707489014,49.953826904296875
619,1,2.800074577331543,52.27393341064453,21.986733436584473,50.0377197265625
619,2,813.852294921875,223.31996154785156,42.147705078125,135.6464080810547
619,3,815.1481323242188,293.1143798828125,40.35699462890625,63.378662109375
620,1,3.562971353530884,52.34954833984375,21.110538244247437,50.03662872314453
620,2,809.9197998046875,216.91375732421875,45.732666015625,137.48965454101562
621,1,2.7132012844085693,52.016090393066406,22.111164331436157,49.78923034667969
621,2,809.3994750976562,216.7396697998047,46.2880859375,137.83876037597656
622,1,2.0190718173980713,52.265869140625,22.48958945274353,49.80616760253906
622,2,811.2697143554688,207.35145568847656,44.328369140625,146.7457733154297
623,2,810.8478393554688,167.06666564941406,44.8570556640625,186.83338928222656
623,1,1.5058891773223877,52.417606353759766,22.982435941696167,49.5999641418457
624,2,810.659912109375,148.6417236328125,45.010498046875,203.96432495117188
624,1,0.8640453219413757,53.215660095214844,23.90865021944046,48.54456329345703
625,2,799.9325561523438,145.6809844970703,55.6837158203125,206.86073303222656
625,1,1.1731302738189697,52.92054748535156,23.726396322250366,48.69133758544922
626,2,781.8265380859375,145.330322265625,73.59381103515625,206.18145751953125
626,1,3.1745498180389404,53.452728271484375,21.659178972244263,48.39118957519531
627,2,762.992919921875,143.48867797851562,89.520263671875,208.03240966796875
627,1,3.478030204772949,52.48686981201172,21.50158977508545,49.00934600830078
628,2,750.3413696289062,142.94805908203125,95.112060546875,208.414794921875
628,1,3.290856122970581,51.736534118652344,21.656649827957153,49.58203887939453
629,2,743.1751098632812,143.38116455078125,95.5474853515625,206.09832763671875
629,1,3.6089322566986084,52.39306640625,21.65731644630432,48.87158203125
630,2,740.3076782226562,142.9818572998047,97.44439697265625,203.62937927246094
630,1,3.54172682762146,52.24156188964844,21.635133981704712,48.4173583984375
631,2,737.2252807617188,142.80471801757812,99.29779052734375,200.51165771484375
631,1,3.5333285331726074,52.317874908447266,20.461147785186768,48.17765426635742
632,2,735.89111328125,140.8040313720703,95.27239990234375,199.4492645263672
632,1,3.511404037475586,52.25096130371094,19.84578514099121,48.41228485107422
633,2,736.0927124023438,139.29165649414062,85.184326171875,195.4158935546875
633,1,3.83115816116333,52.27339553833008,19.35163450241089,47.97165298461914
634,2,736.2481689453125,136.44146728515625,73.44757080078125,191.99337768554688
634,1,3.6983559131622314,52.32677459716797,19.242987394332886,47.96711730957031
635,2,736.3448486328125,133.82894897460938,62.45672607421875,188.75241088867188
635,1,3.4171512126922607,52.35654067993164,19.290997743606567,48.250614166259766
636,2,735.3278198242188,131.23643493652344,57.35150146484375,190.6911163330078
636,1,3.1181161403656006,52.17831039428711,19.16287064552307,48.411190032958984
637,2,731.448974609375,130.1285858154297,56.42218017578125,191.3093719482422
637,1,2.230105400085449,51.92235565185547,19.790379524230957,48.33074188232422
638,2,724.4121704101562,128.6824493408203,57.38037109375,192.7140350341797
638,1,2.376173257827759,52.014427185058594,19.504768133163452,48.40532684326172
639,2,707.8336181640625,128.58473205566406,68.91510009765625,191.6551971435547
639,1,1.6093297004699707,52.182586669921875,20.258859157562256,48.15709686279297
640,2,697.5458374023438,127.64263153076172,72.9849853515625,192.5154800415039
640,1,1.642027497291565,51.618919372558594,20.049060225486755,48.233497619628906
641,2,688.606201171875,127.78250885009766,77.90655517578125,191.02037811279297
641,1,2.5414199829101562,51.31623458862305,19.246524810791016,48.22751998901367
642,2,685.873779296875,127.02737426757812,79.6356201171875,189.69894409179688
642,1,2.686154842376709,51.0756721496582,18.960367679595947,48.260677337646484
643,2,680.6458740234375,126.75186920166016,79.31903076171875,188.35131072998047
643,1,2.2579007148742676,51.434906005859375,19.561015605926514,47.43782043457031
644,2,677.5523681640625,125.73379516601562,76.12158203125,188.7298583984375
644,1,1.9591916799545288,51.39951705932617,19.559858918190002,47.14741134643555
645,2,676.655029296875,124.22096252441406,65.70294189453125,182.9657745361328
645,1,1.980872631072998,51.420772552490234,19.510878086090088,47.466670989990234
646,2,676.8170776367188,122.03500366210938,59.15240478515625,179.35824584960938
646,1,2.0676558017730713,51.680789947509766,19.077905416488647,47.19131851196289
647,2,676.8768310546875,118.9833755493164,56.27166748046875,176.21822357177734
647,1,2.1343131065368652,51.544273376464844,19.064030170440674,47.280555725097656
648,2,661.6868286132812,114.59298706054688,57.88946533203125,178.7662353515625
648,1,1.0968077182769775,51.64845275878906,19.862624883651733,47.013023376464844
649,2,646.38134765625,113.89400482177734,69.19342041015625,178.0708999633789
649,1,0.9743852615356445,51.959407806396484,20.20447826385498,46.75657272338867
650,2,633.959228515625,113.96652221679688,74.671875,178.62814331054688
650,1,1.2334651947021484,52.17015838623047,19.31049919128418,45.7513427734375
651,2,625.7696533203125,114.55542755126953,79.16937255859375,177.55712127685547
651,1,1.5215100049972534,51.77956771850586,19.08052933216095,46.346309661865234
652,2,619.510009765625,113.48844909667969,84.174560546875,174.23048400878906
652,1,1.4600335359573364,51.40394973754883,19.747119784355164,46.494747161865234
653,2,619.2617797851562,113.87644958496094,83.2210693359375,172.7592010498047
653,1,1.6592587232589722,51.08749771118164,19.587092518806458,46.4818229675293
654,2,618.37646484375,113.40935516357422,79.96160888671875,171.64228057861328
654,1,1.4415024518966675,51.11860275268555,19.390706181526184,46.33845901489258
655,2,618.1461791992188,112.32462310791016,75.9820556640625,166.59935760498047
655,1,1.1560462713241577,51.61684799194336,18.880441308021545,45.51784896850586
656,2,618.1907348632812,110.47531127929688,65.9017333984375,161.7991943359375
656,1,0.9253458380699158,51.75118637084961,18.616444170475006,44.7442512512207
657,2,619.0184326171875,108.74986267089844,57.80975341796875,162.33592224121094
657,1,0.9956899285316467,51.180240631103516,18.070908963680267,44.87881851196289
658,2,618.8470458984375,105.90606689453125,54.33441162109375,163.14340209960938
658,1,0.6646702289581299,50.672672271728516,17.545883893966675,45.29404067993164
659,2,615.2902221679688,103.6783218383789,54.201171875,165.8061752319336
659,1,0.6572312712669373,49.99703598022461,17.373946249485016,46.121097564697266
660,2,608.7620849609375,102.5916748046875,57.715576171875,166.18768310546875
660,1,0.7443633675575256,50.0188102722168,17.011671483516693,45.90781784057617
661,2,606.1340942382812,102.6871337890625,58.26275634765625,166.07901000976562
661,1,0.7528272271156311,50.94062042236328,16.81837409734726,45.17657470703125
662,2,601.30908203125,103.06391906738281,59.0550537109375,163.7415008544922
662,1,0.31907111406326294,51.346412658691406,16.844211280345917,44.53008270263672
663,2,596.1290893554688,102.67676544189453,61.078369140625,165.22811126708984
663,1,0.1510927528142929,50.045955657958984,17.35118080675602,45.93215560913086
664,2,589.3179321289062,102.36598205566406,64.39251708984375,164.27919006347656
664,1,0.09372472763061523,49.48727798461914,17.250811100006104,45.99814224243164
665,2,583.4684448242188,101.89926147460938,67.174560546875,164.1021728515625
665,1,0.12934863567352295,49.320030212402344,17.302936673164368,46.06927490234375
666,2,582.786865234375,102.40059661865234,65.29022216796875,159.77603912353516
666,1,0.08216898143291473,49.6948127746582,17.45782621204853,45.201725006103516
667,2,583.1821899414062,101.49008178710938,62.42608642578125,153.71385192871094
667,1,0.07024140655994415,49.477298736572266,17.503361269831657,45.26130294799805
668,2,585.188232421875,99.76537322998047,58.438720703125,151.00934600830078
668,1,0.07886023074388504,49.412296295166016,17.387358717620373,45.190425872802734
669,2,587.7340087890625,99.01651000976562,53.77166748046875,145.32191467285156
669,1,0.216127410531044,49.01126480102539,17.419057831168175,45.64364242553711
670,2,587.77685546875,96.98737335205078,51.4342041015625,150.6823501586914
670,1,0.2954041063785553,48.89253616333008,17.418491691350937,45.58450698852539
671,2,586.6548461914062,95.25615692138672,50.801025390625,151.71477508544922
671,1,0.1562325358390808,49.75859069824219,17.721332848072052,44.4332275390625
672,2,578.7034301757812,94.60848999023438,55.94476318359375,152.2532958984375
672,1,0.08866211026906967,49.88249588012695,17.346896208822727,44.409610748291016
673,2,576.7178955078125,94.33026123046875,56.6551513671875,153.33709716796875
673,1,0.2954685091972351,49.650516510009766,17.271624386310577,44.20528030395508
674,2,576.7735595703125,94.21638488769531,55.3280029296875,151.418212890625
674,1,0.23193389177322388,50.334083557128906,17.498397529125214,43.852783203125
675,2,577.8980712890625,94.4474105834961,53.2274169921875,151.14965057373047
675,1,0.26027384400367737,49.61288070678711,17.42155370116234,44.22721481323242
676,2,578.2592163085938,94.39399719238281,51.547607421875,147.63677978515625
676,1,0.17347082495689392,49.55731964111328,17.62549462914467,44.13329315185547
677,2,579.1878051757812,94.12446594238281,49.02593994140625,146.1170654296875
677,1,0.20774966478347778,49.37519454956055,17.787836730480194,43.98215103149414
678,2,578.2487182617188,93.28202819824219,48.87689208984375,143.93994140625
678,1,0.3009425103664398,48.185386657714844,17.935549646615982,44.870323181152344
679,2,576.5588989257812,91.310546875,49.40631103515625,140.427734375
679,1,0.24415037035942078,48.53144454956055,17.942670613527298,44.33889389038086
680,2,574.1089477539062,89.55619812011719,51.540283203125,136.49603271484375
680,1,0.21374405920505524,48.90425491333008,17.579434499144554,43.48214340209961
681,2,574.0523071289062,87.82381439208984,50.85552978515625,137.85440826416016
681,1,0.10875377058982849,49.27560043334961,17.126256376504898,43.21998977661133
682,2,574.3604736328125,86.37133026123047,49.540283203125,138.9511947631836
682,1,0.13411277532577515,48.63862609863281,16.82912117242813,44.4302978515625
683,2,573.5693969726562,85.84237670898438,49.31573486328125,139.09683227539062
683,1,0.17418129742145538,48.31260299682617,16.459548637270927,44.16084671020508
684,2,574.0037231445312,86.21340942382812,48.4669189453125,139.3014678955078
684,1,0.1430664211511612,49.154720306396484,15.822669968008995,42.94070816040039
685,2,574.2320556640625,86.71764373779297,47.07415771484375,138.21080780029297
685,1,0.09293453395366669,49.24877166748047,15.846847608685493,43.073280334472656
686,2,574.5445556640625,86.93701934814453,46.69757080078125,137.6724624633789
686,1,0.0,49.43549728393555,15.636884689331055,42.66022872924805
687,2,574.8939208984375,87.0398178100586,46.54071044921875,136.76103973388672
687,1,0.0908968597650528,50.62654495239258,14.793893560767174,41.888790130615234
688,2,574.873291015625,86.2831039428711,47.14410400390625,135.50872039794922
688,1,0.03677507862448692,50.663856506347656,14.455674681812525,41.93920135498047
689,2,576.1923217773438,84.83885955810547,46.67608642578125,129.8443374633789
689,1,0.02533731609582901,49.747806549072266,14.385532282292843,42.35039138793945
690,2,575.716552734375,82.62859344482422,47.75897216796875,127.78934478759766
690,1,0.0,48.976806640625,14.533431053161621,42.99940490722656
691,2,577.9352416992188,83.24658203125,45.88409423828125,124.68702697753906
691,1,0.0,48.83721923828125,14.25207233428955,43.26622009277344
692,2,577.2033081054688,80.48571014404297,47.95172119140625,127.28853607177734
692,1,0.0,48.791996002197266,13.953389167785645,42.395687103271484
693,2,580.66796875,79.25633239746094,44.4072265625,128.8902587890625
693,1,0.007799286395311356,48.86613845825195,13.542996268719435,41.97063064575195
694,2,582.5999755859375,79.24483489990234,42.7919921875,128.9245376586914
694,1,0.0,49.005165100097656,13.433091163635254,41.89927673339844
695,2,583.6512451171875,80.69580841064453,41.68603515625,127.05017852783203
695,1,0.0,48.53712844848633,13.369880676269531,42.4601936340332
696,2,584.1478271484375,78.8590087890625,43.62799072265625,128.0762176513672
696,1,0.0,48.397666931152344,12.921952247619629,43.28498840332031
697,2,584.8034057617188,79.03636932373047,44.32635498046875,127.6897201538086
697,1,0.0,48.251399993896484,12.624739646911621,43.4465217590332
698,2,585.4823608398438,78.57024383544922,43.97003173828125,126.8535385131836
698,1,0.0,48.20352554321289,12.802999496459961,43.2614631652832
699,2,584.7418212890625,78.20413208007812,44.9600830078125,127.12380981445312
699,1,0.00809712428599596,48.17787170410156,12.773503827862442,42.985008239746094
700,2,584.7828369140625,77.3636474609375,44.24835205078125,121.24603271484375
700,1,0.016883039847016335,48.70854568481445,13.06615242920816,42.10243606567383
701,2,584.3619384765625,76.87018585205078,43.45538330078125,119.95404815673828
701,1,0.03288787230849266,48.692626953125,13.172997061163187,41.61663055419922
702,2,587.2813720703125,75.14525604248047,39.68353271484375,120.54776763916016
702,1,0.01648443378508091,48.265647888183594,13.081257646903396,41.92363739013672
703,2,587.1420288085938,73.98790740966797,39.6759033203125,118.9190902709961
703,1,0.015907252207398415,47.755470275878906,13.06999877654016,41.960540771484375
704,2,589.0114135742188,72.86487579345703,38.10272216796875,120.14188385009766
704,1,0.03735162317752838,47.36334228515625,13.648205742239952,43.360595703125
705,2,591.20166015625,73.02228546142578,36.03948974609375,118.90497589111328
705,1,0.005444002337753773,47.01876449584961,13.087882566265762,43.37907791137695
706,2,591.7810668945312,73.03971862792969,35.4775390625,117.45881652832031
706,1,0.08744652569293976,46.93044662475586,13.129104301333427,42.68717575073242
707,2,593.4163208007812,73.30261993408203,34.170654296875,116.83654022216797
707,1,0.025136418640613556,46.58772659301758,12.87271361798048,43.12435531616211
708,2,593.8771362304688,73.5123291015625,35.97772216796875,116.5872802734375
708,1,0.0,47.19684982299805,12.612475395202637,42.323787689208984
709,2,594.2412719726562,72.72245788574219,36.1708984375,117.16751098632812
709,1,0.0,47.36731719970703,12.554823875427246,42.32722473144531
710,2,593.2936401367188,72.60157012939453,38.46820068359375,116.7082290649414
710,1,0.0,48.0097770690918,12.310060501098633,41.9458122253418
711,2,594.0137329101562,71.73157501220703,39.115478515625,118.49622344970703
711,1,0.0,47.064186096191406,11.946541786193848,43.417259216308594
712,2,597.1148681640625,71.88619995117188,37.17596435546875,111.28598022460938
712,1,0.0,46.71120071411133,11.933899879455566,43.52894973754883
713,2,598.4421997070312,71.040283203125,38.59710693359375,110.913818359375
713,1,0.0,48.12091064453125,11.918838500976562,42.071922302246094
714,2,598.2388916015625,70.68207550048828,40.19732666015625,109.97252655029297
714,1,0.0,47.416648864746094,11.668441772460938,42.86908721923828
715,2,601.2091674804688,70.33454895019531,38.2945556640625,109.81809997558594
715,1,0.0,45.924564361572266,11.753905296325684,43.68264389038086
716,2,604.2056274414062,68.39756774902344,36.38433837890625,111.9515380859375
716,1,0.0,45.91278839111328,11.834182739257812,43.21941375732422
717,2,607.4166259765625,67.71321105957031,35.3958740234375,113.54615783691406
717,1,0.0,44.62855529785156,11.682517051696777,44.70903015136719
718,2,608.6004028320312,67.72627258300781,36.128173828125,112.83818054199219
718,1,0.0,45.31441879272461,11.644834518432617,43.92831039428711
719,2,608.1876831054688,70.85254669189453,38.70233154296875,110.0984878540039
719,1,0.0,45.70790481567383,11.370881080627441,43.83000564575195
720,2,609.5443725585938,69.70021057128906,40.1204833984375,111.17898559570312
720,1,0.08800648152828217,46.86296463012695,11.033557429909706,41.908267974853516
721,2,610.2291259765625,68.32674407958984,39.86590576171875,111.63053131103516
721,1,0.04303797706961632,45.70553970336914,10.643862161785364,42.85017013549805
722,2,611.6090087890625,68.40625762939453,38.85736083984375,110.32886505126953
722,1,0.039652056992053986,45.47031784057617,10.632654003798962,43.455013275146484
723,2,612.3941650390625,67.69812774658203,38.8262939453125,106.9201431274414
723,1,0.0678287222981453,45.8160400390625,11.174477986991405,42.598854064941406
724,2,614.8264770507812,67.02448272705078,36.2403564453125,105.5818862915039
724,1,0.07451191544532776,46.049232482910156,11.111407846212387,42.37627410888672
725,2,616.6367797851562,67.23441314697266,35.138671875,103.92203521728516
725,1,0.13130530714988708,45.33209228515625,11.34460774064064,43.23320770263672
726,2,618.4417724609375,66.31197357177734,33.971435546875,105.09696197509766
726,1,0.0,45.203243255615234,11.635429382324219,43.274173736572266
727,2,620.7371215820312,66.12940216064453,32.7066650390625,104.50775909423828
727,1,0.0999889001250267,45.650665283203125,11.351347960531712,43.156494140625
728,2,622.5232543945312,66.46028137207031,32.20513916015625,104.84536743164062
728,1,0.12443014979362488,46.16576385498047,11.350689440965652,42.45049285888672
729,2,623.0272216796875,66.48030853271484,33.266357421875,104.47858428955078
729,1,0.12017431855201721,46.896644592285156,11.465178579092026,41.67138671875
730,2,623.4119262695312,67.20549011230469,33.55865478515625,104.47804260253906
730,1,0.14785735309123993,47.41059875488281,11.444949463009834,40.573822021484375
731,2,623.9284057617188,67.07368469238281,36.24237060546875,103.73600769042969
731,1,0.012827462516725063,48.10013961791992,11.3929065996781,39.59854507446289
732,2,624.2694091796875,67.07903289794922,37.14239501953125,103.1960220336914
733,2,625.043212890625,66.07038879394531,39.32470703125,104.68534851074219
734,2,625.6240234375,65.45113372802734,40.77154541015625,104.74718475341797
735,2,628.2537231445312,65.56929779052734,38.99395751953125,98.95911407470703
736,2,632.559326171875,65.53612518310547,35.9481201171875,95.24370574951172
737,2,636.8345947265625,64.20509338378906,33.15167236328125,94.92807006835938
737,1,0.05866524949669838,47.63104248046875,11.253790881484747,39.67798614501953
738,2,638.176513671875,63.89613723754883,34.7098388671875,94.92118453979492
738,1,0.0438409298658371,46.09794998168945,10.734985783696175,41.45108413696289
739,2,640.1931762695312,63.920658111572266,33.436279296875,95.50495529174805
739,1,0.038186464458703995,45.78227615356445,10.766222562640905,41.764461517333984
740,2,641.3598022460938,63.983463287353516,34.1124267578125,96.95063400268555
740,1,0.02651304565370083,46.12668228149414,10.550098473206162,40.81766891479492
741,2,641.1182861328125,64.804443359375,36.88861083984375,95.65946960449219
741,1,0.030082643032073975,46.05962371826172,10.602777540683746,40.39268493652344
742,2,642.8563842773438,65.5243148803711,36.261962890625,92.16547393798828
742,1,0.02808387205004692,47.033111572265625,10.326237607747316,39.007423400878906
743,2,642.7550659179688,65.6433334350586,37.0626220703125,90.98290252685547
743,1,0.003560030600056052,47.217098236083984,10.137643849710003,38.50752639770508
744,2,647.0840454101562,67.2891845703125,35.60430908203125,88.25401306152344
745,2,651.12109375,67.3953857421875,33.04571533203125,86.91421508789062
746,2,654.75244140625,66.75003051757812,30.3714599609375,87.29167175292969
747,2,656.5687255859375,65.7638931274414,28.89984130859375,86.7828598022461
748,2,657.382080078125,65.192626953125,29.1317138671875,87.96327209472656
749,2,660.5791625976562,64.71798706054688,27.145263671875,87.19374084472656
749,1,0.004736077971756458,47.163230895996094,10.284500944428146,37.54633331298828
750,2,662.0455932617188,63.72075271606445,27.2716064453125,87.85564804077148
750,1,0.14322076737880707,47.01999282836914,10.931454792618752,38.0210075378418
750,4,826.6243896484375,62.86552429199219,12.04937744140625,62.53199005126953
751,2,662.2579956054688,64.33869934082031,28.951416015625,87.05068969726562
751,4,822.612548828125,63.25209426879883,16.05096435546875,62.616153717041016
751,1,0.12206785380840302,47.19575119018555,10.942616060376167,37.79732894897461
752,2,662.47119140625,63.590572357177734,30.53094482421875,88.0572395324707
752,4,821.2997436523438,62.474220275878906,16.79644775390625,63.668724060058594
752,1,0.11455747485160828,46.93115997314453,10.722085744142532,37.81999206542969
753,2,662.2072143554688,62.609989166259766,33.6082763671875,89.57775497436523
753,4,819.985107421875,62.13442611694336,18.44775390625,65.48237991333008
753,1,0.10878502577543259,47.086036682128906,10.570106156170368,37.734474182128906
754,2,661.2581787109375,64.09367370605469,36.40826416015625,89.25257873535156
754,4,819.2517700195312,59.80475997924805,19.21807861328125,67.47426223754883
754,1,0.09520594775676727,47.706302642822266,10.692730262875557,37.33103561401367
755,2,662.59521484375,64.70066833496094,35.9791259765625,87.83903503417969
755,4,818.7763671875,58.65548324584961,20.39508056640625,68.22684097290039
755,1,0.07675112783908844,48.01346969604492,10.77394925057888,36.38901901245117
756,4,818.4573364257812,58.7397346496582,20.559814453125,67.88211441040039
756,2,665.5557250976562,64.88108825683594,35.5064697265625,87.06100463867188
757,4,818.4270629882812,57.751895904541016,20.4853515625,68.92856216430664
757,2,666.1378173828125,64.72309875488281,37.40606689453125,86.58226013183594
758,4,817.4840698242188,57.032440185546875,20.7459716796875,69.67821502685547
758,2,670.178466796875,64.55582427978516,35.1533203125,85.7404556274414
759,4,817.2286987304688,56.45710372924805,20.2742919921875,69.93901443481445
759,2,673.7753295898438,63.100120544433594,33.4027099609375,85.17313385009766
759,1,0.0,48.212677001953125,10.535989761352539,36.31568908691406
760,4,816.84228515625,56.156558990478516,19.48089599609375,70.17033767700195
760,2,678.7161254882812,63.344749450683594,30.10015869140625,83.93286895751953
760,1,0.0,48.26302719116211,10.207403182983398,36.51860427856445
761,4,815.5839233398438,55.93153762817383,20.89947509765625,70.4088020324707
761,2,682.87890625,62.14178466796875,27.84722900390625,86.78523254394531
761,1,0.007332120090723038,47.47614288330078,10.291862215846777,37.53929901123047
762,4,813.783447265625,56.1929931640625,22.5128173828125,70.92723846435547
762,2,683.4000244140625,62.2250862121582,29.6666259765625,86.55349349975586
762,1,0.008774754591286182,47.59760284423828,10.371944430284202,37.34745788574219
763,4,812.6675415039062,56.53647232055664,23.64923095703125,70.77676773071289
763,2,684.9112548828125,61.50046157836914,31.1082763671875,86.34943771362305
763,1,0.0,47.622127532958984,10.194604873657227,37.276798248291016
764,4,810.9048461914062,55.9647331237793,25.74505615234375,70.98266983032227
764,2,686.5473022460938,61.46696853637695,31.2176513671875,85.31505966186523
764,1,0.0,48.092185974121094,10.234176635742188,36.74859619140625
765,4,810.4197387695312,57.96732711791992,26.01953125,69.53760147094727
765,2,685.6121215820312,61.22156524658203,33.566650390625,85.4190444946289
765,1,0.0,47.9323844909668,10.117321968078613,36.59141159057617
766,4,809.3712158203125,59.455570220947266,26.2672119140625,68.12201309204102
766,2,685.417724609375,61.168479919433594,34.64794921875,85.5630874633789
767,4,808.9191284179688,59.39174270629883,25.59747314453125,68.5238151550293
767,2,687.2720336914062,60.57196044921875,32.35943603515625,86.21820068359375
768,4,806.0302734375,60.295806884765625,24.55029296875,67.86376953125
768,2,695.9048461914062,62.43603515625,23.8980712890625,82.3963623046875
769,4,804.9096069335938,59.99449920654297,24.35137939453125,68.08983612060547
769,2,697.9602661132812,62.941383361816406,21.32586669921875,81.3447036743164
770,4,803.6690063476562,59.27479553222656,24.28460693359375,69.13990783691406
770,2,698.4273071289062,66.84013366699219,23.19903564453125,77.77818298339844
771,4,801.70458984375,58.96284484863281,24.654296875,69.4295654296875
771,2,701.7858276367188,66.07984161376953,19.75018310546875,78.76740264892578
772,4,800.6143188476562,59.06496810913086,24.1207275390625,69.63643264770508
772,2,703.365478515625,63.85133743286133,19.0467529296875,77.52715682983398
773,4,798.6353149414062,58.4839973449707,25.45037841796875,70.97961044311523
773,2,702.5845336914062,66.0932846069336,19.59326171875,76.23917388916016
773,5,823.1305541992188,71.73820495605469,13.5679931640625,31.4666748046875
774,4,796.7562255859375,58.8694953918457,26.32733154296875,72.47082138061523
774,5,820.2059326171875,72.50005340576172,17.189453125,48.727195739746094
774,2,702.3692626953125,73.69136047363281,19.354736328125,68.74188232421875
775,4,792.318115234375,59.629669189453125,29.3333740234375,71.94374084472656
775,5,822.5430297851562,72.91360473632812,15.40087890625,53.68760681152344
775,1,0.0,49.31985855102539,9.74785041809082,33.82822036743164
775,2,701.318359375,61.33599853515625,37.376220703125,81.92849731445312
776,4,791.1665649414062,60.99174118041992,28.728515625,70.25131607055664
776,1,0.0,48.789493560791016,10.175336837768555,34.23794937133789
776,5,822.2998657226562,73.1341552734375,15.65570068359375,52.22540283203125
776,2,699.3433837890625,61.83415985107422,39.26837158203125,81.4050064086914
777,4,790.233154296875,61.48937225341797,28.59906005859375,69.71414947509766
777,1,0.0,49.42214584350586,9.995036125183105,34.0217170715332
777,2,698.85888671875,61.054100036621094,42.6563720703125,82.37512969970703
777,5,821.6499633789062,72.68709564208984,16.71563720703125,52.14762878417969
778,4,789.6658935546875,62.24864196777344,27.65594482421875,70.74528503417969
778,1,0.0,48.61760711669922,10.229392051696777,34.73921203613281
778,5,821.5109252929688,73.16316223144531,16.87994384765625,54.15174865722656
778,2,702.0499877929688,60.874149322509766,42.34222412109375,81.44358444213867
779,4,788.7833862304688,63.09234619140625,26.9844970703125,68.34638977050781
779,1,0.0,48.60856628417969,9.954924583435059,34.67981719970703
779,5,820.904052734375,73.58820343017578,17.4918212890625,54.70246124267578
779,6,726.3681030273438,60.143768310546875,17.79486083984375,36.20610809326172
779,2,705.1680908203125,60.1478385925293,39.61773681640625,81.72548294067383
