0,1,595.2686767578125,120.84031677246094,16.32037353515625,52.387664794921875
1,1,592.5623779296875,118.69590759277344,20.41644287109375,117.08914184570312
2,1,591.5149536132812,119.5813980102539,21.63787841796875,116.04993438720703
3,1,590.099609375,111.15132904052734,22.87255859375,125.35973358154297
4,1,588.7157592773438,107.00859832763672,24.7261962890625,128.62944793701172
5,1,586.8472900390625,106.48768615722656,26.61669921875,129.66249084472656
6,1,586.92431640625,105.925537109375,24.12451171875,74.06404113769531
7,1,584.4656982421875,106.71406555175781,28.13543701171875,117.82878112792969
8,1,584.037841796875,105.48356628417969,27.9659423828125,94.86807250976562
9,1,582.3303833007812,105.63157653808594,29.03387451171875,81.87297058105469
10,1,579.8418579101562,104.87145233154297,30.732666015625,122.76407623291016
11,1,568.9719848632812,106.28012084960938,41.8001708984375,122.73085021972656
12,1,563.6309204101562,106.32683563232422,48.12701416015625,124.4244155883789
13,1,560.7285766601562,105.60662841796875,50.60443115234375,123.98774719238281
14,1,561.9586181640625,105.94699096679688,49.11334228515625,125.27839660644531
15,1,561.4640502929688,107.40202331542969,48.0203857421875,123.09991455078125
16,1,562.6255493164062,107.64739227294922,44.38580322265625,123.44853973388672
17,1,560.3788452148438,105.6733627319336,44.6097412109375,126.16301727294922
18,1,559.50927734375,106.1408462524414,45.81475830078125,125.7596206665039
19,1,559.5552978515625,106.27230072021484,42.79937744140625,125.14246368408203
20,1,559.9334106445312,107.19891357421875,40.46905517578125,123.89204406738281
21,1,559.7008056640625,107.74694061279297,40.38287353515625,123.9229507446289
22,1,558.6739501953125,107.99760437011719,39.48077392578125,124.56442260742188
23,1,556.5833740234375,108.3430404663086,40.1036376953125,125.22078704833984
24,1,555.6749877929688,108.42765045166016,40.4781494140625,126.68360137939453
25,1,553.8145141601562,109.17808532714844,40.354736328125,127.43905639648438
26,1,550.3632202148438,110.82025146484375,42.42669677734375,122.89450073242188
27,1,549.3951416015625,111.48621368408203,41.49188232421875,121.30339813232422
28,1,547.7246704101562,111.40481567382812,41.42327880859375,123.52470397949219
29,1,546.8301391601562,111.66250610351562,41.4381103515625,124.93878173828125
30,1,545.0240478515625,111.63365173339844,40.9769287109375,129.54473876953125
31,1,544.13525390625,112.15725708007812,39.58660888671875,122.07432556152344
32,1,543.1122436523438,112.55569458007812,38.65966796875,101.88449096679688
33,1,539.4383544921875,112.7050552368164,40.652099609375,116.12763214111328
34,1,538.4801635742188,112.77628326416016,40.05609130859375,123.3840103149414
35,1,538.2369384765625,113.28411865234375,38.5655517578125,128.70956420898438
36,1,536.2178955078125,113.22733306884766,39.50946044921875,131.03092193603516
37,1,535.4229736328125,113.440673828125,39.0150146484375,128.68406677246094
38,1,533.1484985351562,113.43270874023438,39.79144287109375,131.82298278808594
39,1,531.0903930664062,113.97930145263672,41.1295166015625,128.78170013427734
40,1,529.298583984375,114.77085876464844,40.65789794921875,130.17776489257812
41,1,525.7172241210938,115.0848159790039,42.70355224609375,130.99034881591797
42,1,526.1204223632812,115.57695770263672,40.96710205078125,129.52742767333984
43,1,523.6080932617188,114.61116027832031,41.1575927734375,135.0368194580078
44,1,520.1783447265625,115.09554290771484,42.88214111328125,133.80008697509766
45,1,518.4485473632812,115.23968505859375,42.6956787109375,135.3910675048828
46,1,517.0641479492188,115.82747650146484,42.07305908203125,134.0167465209961
47,1,515.6031494140625,116.49146270751953,41.81060791015625,133.81534576416016
48,1,512.7940063476562,116.5404281616211,43.04754638671875,143.41010284423828
49,1,510.99859619140625,117.38394165039062,42.94683837890625,145.89089965820312
50,1,509.5408020019531,118.4977798461914,43.296844482421875,142.53490447998047
51,1,508.0790100097656,119.64469909667969,43.157745361328125,142.9162139892578
52,1,505.0514831542969,120.00828552246094,45.094818115234375,143.3966522216797
53,1,502.9483642578125,120.35294342041016,44.9744873046875,143.24846649169922
54,1,501.0605163574219,121.61256408691406,44.973663330078125,142.7369842529297
55,1,499.9645080566406,122.1113052368164,43.637481689453125,142.50008392333984
56,1,498.5596618652344,122.00601196289062,42.814544677734375,142.41156005859375
57,1,496.82904052734375,122.53913879394531,43.344970703125,142.1809539794922
58,1,494.21917724609375,122.85333251953125,42.96966552734375,141.7886962890625
59,1,489.97015380859375,122.83071899414062,46.39208984375,141.60198974609375
59,2,0.0,139.0291748046875,19.95676612854004,102.02687072753906
60,1,488.4266052246094,123.48731231689453,45.750274658203125,140.61421966552734
60,2,0.03909847512841225,143.27630615234375,18.612678792327642,97.12358093261719
61,1,486.596435546875,123.92037200927734,44.91998291015625,140.47159576416016
61,2,0.035422369837760925,158.55043029785156,18.218289330601692,80.84107971191406
62,1,483.5625305175781,125.27922058105469,44.710723876953125,139.5154571533203
62,2,0.0,143.07994079589844,17.485475540161133,97.35386657714844
63,1,478.3004150390625,125.7335433959961,46.35992431640625,141.57691192626953
63,2,0.04461326822638512,141.986572265625,17.113252256065607,101.59991455078125
64,1,470.0374755859375,126.2718505859375,52.1436767578125,144.56759643554688
64,2,0.05596238002181053,135.16201782226562,17.87742156162858,107.60122680664062
65,1,464.402587890625,126.73194885253906,55.426025390625,144.80894470214844
65,2,0.10687872767448425,132.60997009277344,20.09866288304329,109.50054931640625
66,1,462.31170654296875,127.24999237060547,55.707763671875,144.96717071533203
66,2,0.248561829328537,132.161376953125,25.03027155995369,109.52206420898438
67,1,463.31817626953125,127.963623046875,53.46484375,145.57534790039062
67,2,0.1426907777786255,132.22933959960938,29.638120532035828,108.52200317382812
68,1,462.8220520019531,128.1922149658203,53.742645263671875,145.63685607910156
68,2,0.10849866271018982,132.90554809570312,33.91047182679176,106.94073486328125
69,1,462.8832702636719,128.4564208984375,53.680816650390625,145.81906127929688
69,2,0.13285382091999054,133.46937561035156,36.036087676882744,105.82417297363281
70,1,462.6708984375,128.29513549804688,49.10888671875,146.24951171875
70,2,0.1626708209514618,133.9331512451172,36.744803696870804,105.27694702148438
71,1,461.9599609375,128.16510009765625,43.8782958984375,146.48748779296875
71,2,0.2599893808364868,133.49583435058594,36.77422845363617,105.30430603027344
72,1,459.7469787597656,129.26031494140625,42.508056640625,145.30398559570312
72,2,0.0618840754032135,132.64443969726562,36.7844942510128,106.28578186035156
73,2,0.027910079807043076,133.43017578125,36.95487419143319,105.35804748535156
73,1,457.04498291015625,129.89862060546875,44.565277099609375,145.753173828125
74,1,454.1988830566406,131.07261657714844,46.694549560546875,149.2116241455078
74,2,0.1935911774635315,133.22897338867188,36.81570142507553,105.40634155273438
75,1,451.28045654296875,132.2958221435547,48.914825439453125,151.6542205810547
75,2,0.6076797842979431,134.01187133789062,36.293584406375885,104.41300964355469
76,2,1.9023982286453247,134.1713104248047,35.18111312389374,103.95671081542969
76,1,447.3702392578125,133.51055908203125,53.20611572265625,152.84359741210938
77,2,4.077150821685791,132.75567626953125,33.04334020614624,105.12741088867188
77,1,442.45208740234375,134.54013061523438,56.916717529296875,152.855712890625
78,2,5.026670455932617,132.37045288085938,32.13690757751465,106.28965759277344
78,1,440.2081604003906,135.4539337158203,56.76129150390625,152.6068878173828
79,2,5.57721471786499,131.95706176757812,32.16132974624634,106.63658142089844
79,1,439.4453430175781,135.57943725585938,54.83026123046875,153.0772705078125
80,2,7.539921760559082,131.25189208984375,30.789362907409668,107.99533081054688
80,1,438.6524353027344,134.8811798095703,52.97296142578125,154.11766052246094
81,2,8.490565299987793,130.89337158203125,33.29276752471924,108.70274353027344
81,1,436.0427551269531,135.79701232910156,51.97686767578125,153.1327362060547
82,2,10.339852333068848,130.8878936767578,34.887187004089355,107.54255676269531
82,1,431.44244384765625,135.84747314453125,52.676788330078125,153.09375
83,2,11.412409782409668,130.81683349609375,37.82299518585205,107.20246887207031
83,1,428.7109375,135.66867065429688,51.33221435546875,153.38262939453125
84,2,13.288637161254883,130.51629638671875,44.97094917297363,107.26834106445312
84,1,425.1930236816406,135.56163024902344,49.670623779296875,153.56361389160156
85,2,14.547173500061035,130.6741180419922,46.96857738494873,107.24165344238281
85,1,422.97174072265625,135.2372283935547,48.81671142578125,153.8319854736328
86,2,16.506690979003906,129.52474975585938,46.98662567138672,108.32771301269531
86,1,420.55169677734375,135.98976135253906,48.491058349609375,153.07688903808594
87,2,17.41905975341797,129.715576171875,46.06999969482422,107.92924499511719
87,1,414.8507080078125,136.12228393554688,50.74066162109375,155.8839111328125
88,2,18.965057373046875,130.14541625976562,44.51010513305664,107.72459411621094
88,1,406.599853515625,137.4893341064453,55.284942626953125,157.68775939941406
89,2,19.425979614257812,130.5570526123047,44.30978012084961,107.69181823730469
89,1,400.3168640136719,138.0443572998047,58.47784423828125,159.3426055908203
90,2,20.0079288482666,130.1549835205078,43.168413162231445,107.90823364257812
90,1,396.5634765625,139.20828247070312,60.254180908203125,159.20306396484375
91,2,21.237764358520508,129.70303344726562,42.32989311218262,108.73605346679688
91,1,396.9504089355469,139.35821533203125,59.3868408203125,161.04415893554688
92,2,23.689773559570312,127.50182342529297,40.375038146972656,108.57294464111328
92,1,396.23876953125,139.57864379882812,60.0941162109375,162.28704833984375
93,2,25.53481101989746,127.61316680908203,38.41840171813965,107.20177459716797
93,1,396.38641357421875,139.00546264648438,59.635406494140625,162.8253173828125
94,2,24.683225631713867,127.55638885498047,39.549386978149414,105.9316635131836
94,1,396.338134765625,138.6607208251953,54.7476806640625,163.0595245361328
95,2,21.23802375793457,127.14961242675781,42.99330711364746,106.84196472167969
95,1,395.1347961425781,138.6099853515625,51.282470703125,162.75515747070312
96,2,20.670995712280273,126.34281921386719,43.19707679748535,107.89431762695312
96,1,392.60955810546875,139.442138671875,45.17816162109375,163.0047607421875
97,2,20.560842514038086,125.5576400756836,44.26127815246582,108.7284164428711
97,1,390.54119873046875,139.53115844726562,45.0408935546875,162.580810546875
98,2,21.098756790161133,126.23385620117188,47.376333236694336,107.89198303222656
98,1,387.7951965332031,140.78382873535156,46.739349365234375,163.78001403808594
99,2,24.83588218688965,126.22865295410156,48.10685920715332,106.87905883789062
99,1,385.07891845703125,141.58644104003906,49.325531005859375,167.52149963378906
100,2,25.164737701416016,126.81121826171875,51.67898941040039,104.97187805175781
100,1,380.4497985839844,141.92332458496094,54.980682373046875,170.50254821777344
101,2,31.958511352539062,127.08708190917969,49.410255432128906,104.92138671875
101,1,371.1031799316406,143.1263885498047,64.468505859375,171.1282501220703
102,2,33.385562896728516,126.26233673095703,51.5156135559082,106.04720306396484
102,1,365.5172119140625,144.29483032226562,67.78472900390625,169.99114990234375
103,2,35.628257751464844,127.82925415039062,50.01593017578125,103.03620910644531
103,1,364.28753662109375,144.87123107910156,65.85760498046875,170.45240783691406
104,2,39.268516540527344,127.93356323242188,45.93017578125,103.0330810546875
104,1,363.09503173828125,144.7673797607422,63.236480712890625,170.89659118652344
105,2,42.11989974975586,126.62845611572266,42.77846145629883,105.9985122680664
105,1,362.9718933105469,145.00784301757812,59.2877197265625,170.73605346679688
106,2,43.97203826904297,126.48125457763672,41.25605010986328,105.09795379638672
106,1,361.576416015625,145.19320678710938,55.30609130859375,170.17819213867188
107,2,41.003360748291016,126.4831314086914,44.49647903442383,104.9962387084961
107,1,359.4471435546875,145.45703125,49.79559326171875,169.9912109375
108,2,44.1463508605957,125.95746612548828,41.04460525512695,105.7101821899414
108,1,354.2977294921875,145.0466766357422,48.38714599609375,170.18812561035156
109,2,48.13193130493164,125.88005065917969,37.29787826538086,107.80500793457031
109,1,349.1424560546875,145.70587158203125,48.1455078125,169.44818115234375
110,2,53.76559829711914,125.31015014648438,33.732418060302734,106.0611572265625
110,1,343.6506652832031,145.51287841796875,49.180633544921875,169.97723388671875
111,2,57.02573776245117,125.00495147705078,32.17800521850586,106.10736846923828
111,1,339.8778991699219,145.96722412109375,48.90240478515625,168.16049194335938
112,2,59.55401611328125,125.41049194335938,32.09165954589844,105.72373962402344
112,1,333.7821044921875,147.01214599609375,51.21295166015625,169.63021850585938
113,2,61.2856330871582,124.73186492919922,32.60666275024414,105.72858428955078
113,1,321.9090576171875,147.32211303710938,61.748779296875,170.09371948242188
114,2,64.06422424316406,124.6379623413086,32.987403869628906,106.37113189697266
114,1,313.3850402832031,148.5921173095703,70.63931274414062,171.0140838623047
115,2,65.4583511352539,124.37285614013672,43.422080993652344,107.37291717529297
115,1,308.02423095703125,149.65460205078125,76.65109252929688,170.97760009765625
116,2,67.54762268066406,123.95068359375,45.04682922363281,105.95941162109375
116,1,306.04351806640625,149.95362854003906,78.47836303710938,171.94749450683594
117,2,68.67851257324219,124.19178009033203,43.094093322753906,107.28084564208984
117,1,305.02813720703125,150.70858764648438,79.66009521484375,171.54135131835938
118,2,69.95220947265625,123.72962951660156,40.67052459716797,107.003173828125
118,1,306.023193359375,150.36756896972656,78.12588500976562,172.3248748779297
119,2,70.77254486083984,123.45642852783203,41.400047302246094,107.73213958740234
119,1,306.03515625,149.79412841796875,72.51043701171875,172.912109375
120,2,72.94314575195312,123.09654998779297,39.105445861816406,107.04180145263672
120,1,306.2406311035156,149.4676055908203,58.8551025390625,173.61766052246094
121,2,72.36900329589844,122.37154388427734,40.32612609863281,106.88959503173828
121,1,304.5675354003906,149.10235595703125,52.53253173828125,173.906982421875
122,2,68.5737075805664,121.82777404785156,43.966888427734375,106.46595764160156
122,1,302.42559814453125,149.52053833007812,44.708343505859375,173.85757446289062
123,2,77.41193389892578,120.68363952636719,34.7237548828125,106.03605651855469
123,1,298.7022399902344,150.03350830078125,42.289215087890625,175.58847045898438
124,2,62.484683990478516,121.27688598632812,49.731563568115234,105.79483032226562
124,1,294.6957092285156,151.07339477539062,46.7572021484375,179.33709716796875
125,2,62.946449279785156,120.69746398925781,50.22600555419922,105.69422912597656
125,1,290.47833251953125,151.9399871826172,51.41363525390625,181.6302032470703
126,2,64.23582458496094,120.52488708496094,49.88226318359375,105.54107666015625
126,1,279.5679931640625,152.08717346191406,63.76617431640625,183.1543731689453
127,2,63.78921127319336,120.874755859375,53.52128982543945,103.14974975585938
127,1,271.02166748046875,153.3566131591797,71.34686279296875,183.12278747558594
128,2,64.75231170654297,120.44080352783203,59.5263671875,104.24492645263672
128,1,268.1212158203125,155.26158142089844,71.15560913085938,182.0626678466797
129,2,66.08470153808594,120.7753677368164,64.82579040527344,102.9964828491211
129,1,264.72845458984375,155.2710418701172,73.05242919921875,184.3837432861328
130,2,67.63674926757812,120.40287017822266,66.67840576171875,103.42845916748047
130,1,263.5713195800781,156.30612182617188,70.68252563476562,183.74298095703125
131,2,70.8703842163086,120.54707336425781,66.23717498779297,102.45231628417969
131,1,263.0389709472656,156.59690856933594,67.99301147460938,184.3761749267578
132,2,78.9083251953125,121.38719177246094,60.757843017578125,101.3792724609375
132,1,262.6629943847656,156.65997314453125,64.46954345703125,183.6986083984375
133,1,262.2872619628906,156.64332580566406,53.633697509765625,183.03611755371094
133,2,92.11310577392578,121.15889739990234,48.15319061279297,101.50261688232422
134,1,257.4754638671875,156.81085205078125,49.63330078125,184.3516845703125
134,2,93.39628601074219,121.3251724243164,47.565887451171875,100.72962188720703
135,1,252.24391174316406,156.6731414794922,46.62678527832031,184.1591033935547
135,2,84.00637817382812,120.71025848388672,57.466766357421875,101.45037078857422
136,1,246.78526306152344,157.5081024169922,46.60527038574219,182.8624725341797
136,2,89.38156127929688,119.92390441894531,52.083953857421875,102.54100036621094
137,2,96.63949584960938,120.20757293701172,45.012969970703125,101.53849029541016
137,1,241.26426696777344,158.6022186279297,48.08442687988281,180.8479766845703
138,1,237.6123504638672,159.1692352294922,48.85182189941406,181.70716857910156
138,2,103.93191528320312,120.01750946044922,36.304046630859375,102.70076751708984
139,2,110.60986328125,119.86215209960938,30.540908813476562,102.14009094238281
139,1,225.80833435058594,161.30575561523438,61.01567077636719,182.25350952148438
140,1,214.5299072265625,162.2177276611328,72.3697509765625,183.5235137939453
140,2,112.38325500488281,118.7147445678711,29.783477783203125,103.43694305419922
141,1,208.3030548095703,163.6880645751953,78.92567443847656,184.39878845214844
141,2,113.7236099243164,118.54329681396484,29.82884979248047,104.33167266845703
142,1,207.35926818847656,164.26950073242188,79.87934875488281,185.92559814453125
142,2,116.1175537109375,118.11687469482422,31.011428833007812,104.19239044189453
143,1,206.26419067382812,164.16552734375,80.8787841796875,186.603271484375
143,2,117.7948989868164,117.92811584472656,34.38733673095703,102.88009643554688
144,1,206.07711791992188,163.51437377929688,79.24807739257812,187.71817016601562
144,2,121.41515350341797,118.3609848022461,43.315650939941406,103.00383758544922
145,2,123.77642059326172,117.86933135986328,42.93225860595703,102.99120330810547
145,1,205.71014404296875,163.2442626953125,71.4012451171875,188.46585083007812
146,2,124.15531158447266,117.87454223632812,43.473411560058594,103.09904479980469
146,1,201.39808654785156,163.745849609375,68.79804992675781,187.81585693359375
147,2,124.54008483886719,118.09326171875,45.991973876953125,102.82864379882812
147,1,196.6865997314453,164.9068603515625,67.42558288574219,186.72177124023438
148,1,192.11985778808594,166.14146423339844,61.25325012207031,186.0114288330078
148,2,123.92788696289062,117.9808120727539,46.69831848144531,103.51598358154297
148,3,0.05661226809024811,140.2564239501953,19.62097142636776,88.47195434570312
149,2,124.84276580810547,117.6722183227539,46.823951721191406,103.42498016357422
149,1,187.33999633789062,167.01429748535156,55.83038330078125,187.41502380371094
149,3,0.0,147.52967834472656,27.48858070373535,80.65217590332031
150,2,126.50467681884766,116.6172866821289,45.11724090576172,103.93665313720703
150,1,183.27249145507812,168.55287170410156,61.35577392578125,191.4886932373047
150,3,0.0,139.14639282226562,31.901748657226562,89.47950744628906
151,2,128.8610382080078,117.19965362548828,42.793701171875,102.8101577758789
151,1,178.70384216308594,170.05699157714844,67.40599060058594,196.4390106201172
151,3,0.0,135.54637145996094,33.777626037597656,93.10140991210938
152,2,131.90084838867188,117.3141860961914,39.13163757324219,101.78658294677734
152,1,174.8680419921875,172.46994018554688,71.47596740722656,198.59408569335938
152,3,0.032306864857673645,132.37815856933594,34.289027974009514,96.8935546875
153,2,136.15956115722656,114.93974304199219,34.234466552734375,103.75819396972656
153,1,168.7000732421875,174.65924072265625,75.16487121582031,197.97579956054688
153,3,0.09426747262477875,132.4454345703125,34.713155165314674,96.61033630371094
154,2,139.85658264160156,116.24671936035156,30.004119873046875,101.98265075683594
154,1,163.40692138671875,175.60275268554688,77.70130920410156,198.1317138671875
154,3,0.05301779881119728,132.22804260253906,34.83309441432357,96.43191528320312
155,1,159.8842010498047,177.42002868652344,76.90083312988281,197.2981719970703
155,3,0.0,129.8269805908203,34.579063415527344,99.27737426757812
155,2,140.6570281982422,116.20357513427734,29.3153076171875,101.57501983642578
156,1,153.4485626220703,178.97354125976562,80.61601257324219,197.11346435546875
156,2,138.44439697265625,116.70686340332031,32.407745361328125,97.90153503417969
156,3,0.04196780174970627,129.00054931640625,34.70059735327959,100.54969787597656
157,3,1.8476686477661133,129.16273498535156,31.92993450164795,98.870849609375
157,1,151.2742156982422,179.2920684814453,76.23992919921875,197.1483612060547
157,2,137.5614776611328,116.67681884765625,35.366119384765625,65.78369140625
158,1,147.2581024169922,180.15103149414062,70.05024719238281,196.31634521484375
158,3,3.0662004947662354,127.46825408935547,31.616580724716187,99.4786148071289
158,2,136.01083374023438,116.25215911865234,39.95899963378906,67.96334075927734
158,4,0.0,151.58724975585938,12.10726547241211,43.96685791015625
159,1,142.85250854492188,179.98846435546875,65.54240417480469,196.85345458984375
159,3,4.740874290466309,127.52362060546875,33.062581062316895,99.66265869140625
159,2,136.85023498535156,115.14362335205078,41.46147155761719,92.40001678466797
160,1,138.6829833984375,181.11273193359375,60.89204406738281,196.39837646484375
160,2,135.46339416503906,116.65802764892578,60.38920593261719,99.7434310913086
160,3,6.707808494567871,127.61174774169922,35.62445545196533,98.60213470458984
161,2,137.12583923339844,117.03128051757812,60.363433837890625,99.69551086425781
161,1,134.3786163330078,180.93084716796875,57.01914978027344,195.99267578125
161,3,9.372356414794922,126.62443542480469,41.15800857543945,99.40525817871094
162,3,11.596256256103516,126.42108917236328,46.751976013183594,99.97710418701172
162,2,142.06915283203125,116.93352508544922,55.85801696777344,99.04149627685547
162,1,129.70045471191406,181.3424072265625,58.89483642578125,196.00552368164062
162,4,9.184929847717285,147.97726440429688,13.895495414733887,42.71061706542969
163,2,148.63323974609375,117.00574493408203,49.82554626464844,99.19048309326172
163,1,125.51655578613281,182.100341796875,61.748809814453125,196.00100708007812
163,3,14.109999656677246,126.7285385131836,49.910462379455566,99.19995880126953
163,4,11.030454635620117,147.66075134277344,13.669456481933594,42.89427185058594
164,1,122.10504150390625,183.85626220703125,66.86582946777344,199.69537353515625
164,2,147.93919372558594,115.03958129882812,50.56071472167969,101.73002624511719
164,3,15.622978210449219,128.10220336914062,50.50872039794922,96.914306640625
165,1,111.80838012695312,185.33238220214844,77.53497314453125,201.70069885253906
165,2,153.86460876464844,112.93962097167969,44.54835510253906,103.56927490234375
165,3,17.75994300842285,126.73284149169922,49.70194053649902,99.50562286376953
166,1,107.19194793701172,186.292724609375,82.69347381591797,202.92193603515625
166,3,19.392702102661133,125.22599792480469,48.89277458190918,99.62734985351562
166,2,160.5692901611328,113.04583740234375,37.603546142578125,103.45834350585938
167,2,165.94790649414062,112.03059387207031,31.904617309570312,104.19415283203125
167,1,107.09749603271484,188.17092895507812,82.85945892333984,203.13787841796875
167,3,21.683176040649414,125.41291809082031,47.82555961608887,98.69793701171875
168,2,171.49729919433594,111.46707153320312,26.690093994140625,106.05790710449219
168,1,100.83439636230469,188.22622680664062,85.53958129882812,205.73318481445312
168,3,29.612510681152344,125.55398559570312,39.96978759765625,97.38922119140625
169,1,96.26973724365234,188.9442901611328,81.84618377685547,205.05177307128906
169,3,33.84922790527344,123.578857421875,35.988487243652344,99.71327209472656
169,2,174.01333618164062,112.73098754882812,25.583206176757812,103.15858459472656
170,2,175.02679443359375,115.363525390625,28.200439453125,100.01473999023438
170,1,90.86402130126953,188.9590301513672,78.13899993896484,205.2001495361328
170,3,36.02987289428711,123.74122619628906,34.06142807006836,98.26556396484375
171,1,86.95401000976562,190.00225830078125,73.20933532714844,204.80352783203125
171,2,177.46527099609375,115.0335922241211,32.92243957519531,99.88330841064453
171,3,37.3720817565918,122.84247589111328,34.75264358520508,100.0171890258789
172,1,80.23529815673828,190.51068115234375,70.29106903076172,203.64840698242188
172,3,40.46926498413086,123.29597473144531,36.6821403503418,97.96669006347656
172,2,179.4181365966797,116.15359497070312,36.84782409667969,98.55851745605469
173,2,181.43118286132812,115.83738708496094,38.87632751464844,101.57185363769531
173,1,76.77342224121094,191.1787109375,63.71089172363281,205.13214111328125
173,3,44.058990478515625,122.92263793945312,37.12171173095703,98.92916870117188
174,2,180.3970947265625,115.49635314941406,42.75102233886719,100.8143310546875
174,1,72.11727142333984,192.31927490234375,64.2361068725586,210.7041015625
174,3,46.904239654541016,122.79598236083984,34.80575942993164,99.01905059814453
175,2,181.3269805908203,114.39421844482422,43.93402099609375,101.6637191772461
175,1,68.08383178710938,193.4850616455078,68.53718566894531,217.50816345214844
175,3,47.79336166381836,122.32125854492188,34.866024017333984,99.38710021972656
176,2,181.29701232910156,114.12800598144531,43.186065673828125,101.38272094726562
176,1,63.4687385559082,194.83663940429688,72.98647689819336,221.8056640625
176,3,50.298152923583984,122.06430053710938,36.8400993347168,99.68046569824219
177,2,181.4236602783203,113.91455078125,43.21315002441406,101.35981750488281
177,1,55.19546127319336,197.08766174316406,81.18269729614258,221.2943572998047
177,3,51.05098342895508,121.72893524169922,48.729671478271484,98.70484161376953
178,2,183.1278533935547,113.45199584960938,42.54444885253906,101.68214416503906
178,1,53.05539321899414,198.6529541015625,82.54748153686523,220.90167236328125
178,3,56.25746536254883,120.79360961914062,45.40168380737305,94.40953063964844
179,2,186.05392456054688,113.0855941772461,39.4442138671875,100.7667465209961
179,3,59.383689880371094,119.52204895019531,42.977691650390625,94.88340759277344
179,1,48.06039047241211,200.57525634765625,87.43410110473633,220.39791870117188
180,2,188.2587432861328,112.33576202392578,37.25462341308594,100.27916717529297
180,1,42.72970199584961,201.53021240234375,92.4450569152832,219.63177490234375
180,3,60.7380256652832,119.07063293457031,43.67985916137695,97.64642333984375
181,2,191.74293518066406,112.32098388671875,33.10823059082031,99.87141418457031
181,1,37.96505355834961,201.37435913085938,93.94385147094727,219.65170288085938
181,3,58.34587860107422,118.55113220214844,50.19385528564453,99.28399658203125
182,2,195.75958251953125,112.22164154052734,28.606735229492188,99.28539276123047
182,1,33.43739700317383,202.7213897705078,85.64215469360352,218.59922790527344
182,3,66.91481018066406,117.3802490234375,40.85845184326172,99.75152587890625
183,2,199.22085571289062,111.64982604980469,26.4610595703125,100.70112609863281
183,1,27.52468490600586,203.0503692626953,83.28239059448242,218.78343200683594
183,3,68.4873275756836,117.66635131835938,38.192771911621094,98.48014831542969
184,2,199.78224182128906,112.12861633300781,26.926895141601562,100.52932739257812
184,1,23.903364181518555,203.8250732421875,77.4981861114502,218.18536376953125
184,3,72.16091918945312,117.84672546386719,34.394142150878906,95.68167114257812
185,3,74.3697509765625,117.09541320800781,34.085899353027344,97.72433471679688
185,2,200.0849151611328,111.15357208251953,28.95013427734375,102.7496109008789
185,1,18.982004165649414,204.5762939453125,71.29861259460449,217.9271240234375
186,3,78.5278549194336,116.46746826171875,32.6864013671875,99.24159240722656
186,2,199.69569396972656,111.15006256103516,33.603302001953125,101.3206558227539
186,1,14.126311302185059,206.1611785888672,73.90368747711182,215.33299255371094
186,5,72.22185516357422,142.8253173828125,14.490898132324219,38.69456481933594
187,2,200.3520050048828,111.59148406982422,39.18171691894531,100.51876068115234
187,3,79.89214324951172,117.36053466796875,37.455223083496094,97.82028198242188
187,1,7.668122291564941,207.018798828125,80.90035152435303,214.69818115234375
188,2,200.13853454589844,112.27584075927734,44.12007141113281,99.2593002319336
188,3,83.10646057128906,118.62649536132812,42.15509033203125,96.43167114257812
188,1,0.13883991539478302,207.80873107910156,87.71399669349194,214.5572052001953
189,2,200.60740661621094,112.4133529663086,47.24859619140625,98.83513641357422
189,3,82.26033020019531,117.93256378173828,49.39892578125,96.5713882446289
189,1,0.00963287428021431,209.07080078125,88.07226867601275,217.746826171875
190,2,203.285400390625,112.01931762695312,45.97795104980469,99.33851623535156
190,1,0.0,211.0564422607422,87.84420776367188,218.2619171142578
190,3,85.24698638916016,117.21289825439453,50.723777770996094,97.1030044555664
191,2,207.26220703125,112.11686706542969,43.360870361328125,98.81520080566406
191,1,0.0,212.43226623535156,86.51056671142578,216.71934509277344
191,3,86.12644958496094,117.41683197021484,50.84742736816406,96.49877166748047
191,5,82.76570129394531,140.4761199951172,14.608123779296875,39.35894775390625
192,2,207.72312927246094,111.50214385986328,42.69224548339844,99.29584503173828
192,3,88.57869720458984,119.36363983154297,48.841880798339844,93.61486053466797
192,1,0.04959552735090256,216.09910583496094,69.35783702880144,213.25416564941406
193,2,212.24501037597656,111.63252258300781,38.45256042480469,98.84619140625
193,3,91.10614013671875,119.4699478149414,46.24311828613281,93.5265121459961
193,1,0.3271656632423401,216.97781372070312,59.40008348226547,212.7554931640625
194,2,214.4935760498047,111.3402099609375,35.837432861328125,99.32783508300781
194,3,96.15713500976562,118.2716064453125,41.5484619140625,94.38919067382812
194,1,0.28686627745628357,220.70980834960938,48.641592890024185,209.212158203125
195,2,218.1919708251953,111.01197814941406,31.808929443359375,100.22776794433594
195,3,100.27969360351562,116.71937561035156,37.46185302734375,96.34857177734375
195,1,0.12821978330612183,243.40814208984375,42.201679050922394,187.95425415039062
195,5,94.16119384765625,140.64219665527344,15.572883605957031,36.94036865234375
196,3,103.19634246826172,115.88313293457031,34.33924102783203,96.81072998046875
196,2,216.7383270263672,110.91305541992188,34.08760070800781,100.10964965820312
196,1,0.11039029061794281,247.48544311523438,41.40792025625706,187.75650024414062
197,2,221.5334930419922,111.11003875732422,30.829193115234375,99.48091888427734
197,3,109.18826293945312,115.9770736694336,29.35980224609375,96.19034576416016
197,1,0.11610470712184906,248.12088012695312,41.65804995596409,187.51953125
197,5,103.15274810791016,137.72914123535156,14.130119323730469,39.86146545410156
198,2,221.3079376220703,110.85011291503906,31.930770874023438,99.81756591796875
198,3,109.78362274169922,115.897705078125,29.69335174560547,97.04446411132812
198,1,0.13125428557395935,250.74546813964844,41.39479246735573,178.8252410888672
198,5,107.04087829589844,138.53712463378906,12.568061828613281,38.84605407714844
199,2,223.35047912597656,111.40362548828125,31.32818603515625,98.97128295898438
199,3,114.24258422851562,114.266357421875,29.560745239257812,98.44390869140625
199,1,0.11830373853445053,252.2892608642578,41.131692446768284,177.65818786621094
199,5,108.57112884521484,136.05087280273438,12.834823608398438,42.20350646972656
200,2,225.34352111816406,111.92806243896484,33.77180480957031,96.05750274658203
200,3,114.06035614013672,113.45881652832031,36.044776916503906,98.90957641601562
200,1,0.06613416969776154,258.1241760253906,41.221440598368645,171.79986572265625
201,2,225.834716796875,111.70140075683594,40.842315673828125,98.36564636230469
201,3,114.93116760253906,115.3697509765625,43.85308837890625,96.44929504394531
201,1,0.09891936182975769,264.5225830078125,40.81465104222298,165.33517456054688
202,2,227.0260009765625,111.58805847167969,41.353607177734375,98.78999328613281
202,3,117.23857116699219,114.63383483886719,46.98182678222656,96.98104858398438
202,1,0.0,268.6158447265625,38.725486755371094,159.4930419921875
203,2,228.7445831298828,111.70561218261719,41.79951477050781,98.646728515625
203,3,120.19165802001953,115.1437759399414,48.443504333496094,95.84294891357422
203,1,0.06431780010461807,279.8834533691406,30.549825571477413,145.00588989257812
204,2,230.46214294433594,111.10228729248047,40.13023376464844,98.59795379638672
204,3,121.07325744628906,115.41947937011719,50.274383544921875,96.33946228027344
204,1,0.0,278.5443115234375,25.109107971191406,143.47781372070312
205,2,232.0732879638672,110.57720947265625,39.02705383300781,99.61833190917969
205,3,122.64445495605469,114.29005432128906,49.78489685058594,97.42189025878906
205,1,0.06982430815696716,309.2091064453125,19.298427492380142,110.67791748046875
206,2,233.02642822265625,110.30884552001953,38.59283447265625,99.30915069580078
206,3,124.93172454833984,114.53522491455078,47.41686248779297,96.48284149169922
207,2,232.65025329589844,109.58751678466797,38.56431579589844,100.1354751586914
207,3,127.33000183105469,112.82478332519531,45.26545715332031,97.5501708984375
208,2,233.4232635498047,108.81022644042969,37.87617492675781,100.72074890136719
208,3,129.34251403808594,113.83914184570312,43.87971496582031,95.85208129882812
209,2,236.52163696289062,108.6224136352539,35.646331787109375,100.21800994873047
209,3,134.55126953125,112.36387634277344,38.72648620605469,96.67977905273438
210,2,239.5594940185547,107.90284729003906,33.04484558105469,100.11451721191406
210,3,137.7980194091797,112.3499755859375,35.442657470703125,96.35142517089844
211,2,240.72509765625,107.75000762939453,32.88470458984375,99.75333404541016
211,3,141.28172302246094,112.81377410888672,31.71807861328125,95.86174774169922
212,2,243.9223175048828,107.53071594238281,31.697494506835938,100.00791931152344
212,3,142.6641082763672,112.91816711425781,36.70843505859375,95.80299377441406
213,2,245.69395446777344,107.81278228759766,31.373764038085938,99.37329864501953
213,3,144.3696746826172,112.19963836669922,34.34147644042969,95.90717315673828
214,2,246.826416015625,108.19876861572266,31.648681640625,98.4049301147461
214,3,146.20706176757812,112.94527435302734,37.304046630859375,95.93608856201172
215,2,246.68345642089844,108.378662109375,35.23616027832031,97.19075012207031
215,3,149.30813598632812,112.48690795898438,41.81561279296875,96.24240112304688
215,1,0.0,258.4729309082031,16.78725814819336,153.80923461914062
216,2,251.21815490722656,109.39469909667969,37.15412902832031,96.18132019042969
216,3,155.0527801513672,113.2136001586914,48.294219970703125,93.90752410888672
216,1,0.0,246.36119079589844,12.41946792602539,119.49873352050781
217,2,252.5251922607422,109.69184875488281,32.61674499511719,95.16993713378906
217,3,156.7884521484375,112.53752136230469,49.03692626953125,94.72825622558594
217,1,0.026147283613681793,243.13511657714844,13.617877565324306,117.45176696777344
218,2,252.9657440185547,109.2126693725586,33.16261291503906,95.81336212158203
218,3,158.50808715820312,112.26123046875,47.4002685546875,95.20274353027344
218,1,0.0,241.46771240234375,16.304410934448242,171.85443115234375
219,2,254.5730743408203,109.43377685546875,40.00251770019531,96.20137023925781
219,3,159.00827026367188,110.602294921875,45.99406433105469,96.92597961425781
219,1,0.0,240.5388641357422,17.23459243774414,172.9399871826172
220,2,255.15736389160156,109.2041015625,41.60313415527344,96.71852111816406
220,3,160.2933349609375,109.48124694824219,45.52386474609375,96.78790283203125
220,1,0.057204119861125946,238.62533569335938,18.803603298962116,174.51019287109375
220,6,159.8256072998047,136.54083251953125,14.423294067382812,33.81781005859375
221,2,256.0018615722656,109.70453643798828,41.094818115234375,95.73538970947266
221,3,163.39508056640625,110.95453643798828,42.2135009765625,95.07231903076172
221,1,0.021965427324175835,239.1255340576172,20.200149135664105,173.27928161621094
222,3,168.19525146484375,111.24214935302734,37.05937194824219,95.4070816040039
222,2,260.05865478515625,109.18521881103516,37.404022216796875,96.02135467529297
222,1,0.12725037336349487,233.7307586669922,21.53910666704178,159.7387237548828
223,2,262.4841613769531,108.6104736328125,35.16839599609375,96.09930419921875
223,3,171.19520568847656,110.19869232177734,33.6304931640625,97.0794906616211
223,1,0.0,240.90402221679688,23.52778434753418,152.08056640625
224,2,265.193115234375,107.75238037109375,32.812408447265625,97.61637878417969
224,3,176.5380096435547,110.83397674560547,29.369415283203125,94.99976348876953
224,1,0.0,241.416748046875,26.0017147064209,169.60562133789062
225,3,179.5102081298828,111.52362823486328,29.194549560546875,94.68392181396484
225,2,271.3587646484375,108.01119232177734,26.09930419921875,96.30841827392578
225,1,0.11399368941783905,239.26040649414062,27.452082589268684,173.67144775390625
226,2,272.65753173828125,108.11202239990234,26.013214111328125,96.95868682861328
226,3,180.25274658203125,111.94950103759766,31.2529296875,93.6544418334961
226,1,0.08984772861003876,217.7821807861328,29.002330616116524,194.89207458496094
227,2,274.8941345214844,107.68072509765625,26.06890869140625,97.03515625
227,1,0.17722217738628387,208.77523803710938,30.98415096104145,204.09762573242188
227,3,183.7268524169922,110.22777557373047,32.48722839355469,95.4040298461914
228,2,278.1939697265625,108.68010711669922,23.325408935546875,96.6467514038086
228,3,184.23178100585938,111.22867584228516,38.57508850097656,94.0159683227539
228,1,0.1613493710756302,205.8172149658203,33.640858575701714,206.0264434814453
229,2,279.4890441894531,108.14501190185547,24.603759765625,97.90996551513672
229,3,186.62109375,112.08419799804688,39.72283935546875,93.44468688964844
229,1,0.12369927018880844,203.9751739501953,38.510757364332676,205.76246643066406
230,2,279.9733581542969,107.64539337158203,28.4111328125,97.5953140258789
230,3,188.34585571289062,111.92253875732422,43.67185974121094,93.43645477294922
230,1,0.11206124722957611,202.8004913330078,42.62381674349308,198.97865295410156
231,2,278.97882080078125,108.12560272216797,33.257415771484375,96.78124237060547
231,3,189.54159545898438,111.19171905517578,45.70063781738281,94.15727996826172
231,1,0.09662211686372757,202.0442352294922,45.54946552962065,188.03440856933594
232,2,280.69488525390625,109.00607299804688,37.149871826171875,94.9078369140625
232,3,191.12535095214844,110.95729064941406,44.50962829589844,94.21257019042969
232,1,0.20932112634181976,198.99122619628906,49.01088608801365,179.95240783691406
233,2,280.3321228027344,108.56106567382812,40.18267822265625,95.16375732421875
233,1,0.12748506665229797,196.3427734375,48.82216855883598,181.1151123046875
233,3,191.71693420410156,110.61239624023438,44.96751403808594,95.13116455078125
234,2,281.15771484375,108.99787139892578,39.71942138671875,94.90544891357422
234,1,0.2183927744626999,191.77638244628906,51.065897539258,184.30760192871094
234,3,192.98277282714844,110.52731323242188,43.846435546875,94.20396423339844
235,2,281.85498046875,107.53925323486328,41.079193115234375,97.48880767822266
235,3,196.84329223632812,110.17694091796875,40.29896545410156,94.14340209960938
235,1,0.36014091968536377,187.05099487304688,54.81433951854706,189.4530029296875
236,2,282.8028869628906,107.42286682128906,38.459136962890625,95.82037353515625
236,1,0.46867913007736206,182.55795288085938,58.77144080400467,191.00177001953125
236,3,200.82008361816406,110.39618682861328,35.784698486328125,93.3301010131836
237,1,0.6152360439300537,178.6123504638672,63.72047257423401,188.8729705810547
237,2,285.9676818847656,107.46595764160156,35.716400146484375,95.22369384765625
237,3,205.0888671875,108.4923095703125,31.1614990234375,94.49998474121094
238,1,5.103678226470947,177.58273315429688,63.3558554649353,181.93283081054688
238,3,207.6343994140625,108.60804748535156,29.529541015625,93.78202819824219
238,2,289.29815673828125,107.05797576904297,32.5245361328125,95.82929229736328
239,1,8.797232627868652,176.0515594482422,61.386704444885254,176.71302795410156
239,2,293.2316589355469,106.15098571777344,29.68115234375,94.66928100585938
239,3,208.01560974121094,109.5703353881836,32.95855712890625,93.42647552490234
240,1,18.384944915771484,174.57582092285156,56.36565017700195,160.90956115722656
240,2,303.2799072265625,105.89984893798828,22.744903564453125,94.85161590576172
240,3,214.5177001953125,109.85101318359375,28.956253051757812,93.16500854492188
241,1,19.50124168395996,171.00486755371094,59.82369422912598,163.99159240722656
241,3,216.62306213378906,110.30496978759766,32.97895812988281,93.44713592529297
241,2,304.68316650390625,105.81209564208984,24.201934814453125,94.99712371826172
242,1,21.82112693786621,166.6417236328125,60.85496711730957,167.98663330078125
242,3,218.72898864746094,109.67002868652344,36.05155944824219,93.68418884277344
242,2,305.7521667480469,105.53460693359375,25.63665771484375,93.91917419433594
243,1,22.873550415039062,162.24415588378906,63.66804504394531,172.36790466308594
243,2,306.7475891113281,105.48318481445312,28.04644775390625,93.38790893554688
243,3,220.0666046142578,110.81336975097656,39.75196838378906,92.016845703125
244,1,25.03204345703125,159.71121215820312,65.67060852050781,171.34561157226562
244,3,220.9991912841797,111.46942901611328,41.86030578613281,91.1487808227539
244,2,306.9718017578125,105.06620788574219,37.493011474609375,93.56892395019531
245,1,28.16733741760254,158.12159729003906,66.4620189666748,167.2266387939453
245,3,221.92323303222656,110.67452239990234,42.61668395996094,92.1700668334961
245,2,306.9604187011719,105.31326293945312,42.685638427734375,93.24423217773438
246,1,32.8275146484375,157.71763610839844,64.27799224853516,159.07261657714844
246,3,224.06675720214844,110.6808853149414,41.61576843261719,92.16344451904297
246,2,307.43505859375,106.22796630859375,45.925872802734375,91.40657043457031
247,1,37.1463623046875,157.8957061767578,63.04126739501953,150.3114471435547
247,3,225.4646453857422,109.74861907958984,39.22062683105469,92.15032196044922
247,2,307.9842834472656,105.5743408203125,45.6732177734375,92.57316589355469
248,3,228.2564239501953,110.33036804199219,36.95741271972656,92.1602783203125
248,1,43.135128021240234,158.5218505859375,58.910274505615234,143.22808837890625
248,2,308.1911315917969,105.43893432617188,45.871002197265625,92.48377990722656
249,1,52.75507354736328,156.89776611328125,49.75093078613281,145.81576538085938
249,2,309.3468017578125,105.3428955078125,45.0931396484375,91.85237121582031
249,3,232.13299560546875,110.64111328125,34.82525634765625,92.26358032226562
250,2,314.6183776855469,104.84268951416016,40.697174072265625,91.7587661743164
250,3,236.44093322753906,110.47119140625,33.42784118652344,91.79275512695312
250,1,60.07430648803711,153.63848876953125,43.88798904418945,148.46743774414062
251,2,319.86279296875,104.12714385986328,35.396636962890625,91.49944305419922
251,3,239.74195861816406,109.98291015625,30.304977416992188,93.01821899414062
251,1,59.586185455322266,148.96778869628906,48.224124908447266,152.5919647216797
252,3,242.9413299560547,110.41755676269531,29.835586547851562,92.33197021484375
252,2,324.9505310058594,103.84687042236328,29.6494140625,91.33753204345703
252,1,58.922943115234375,146.50424194335938,53.24073791503906,151.331298828125
253,1,59.189697265625,144.66207885742188,58.062782287597656,145.44805908203125
253,3,246.56411743164062,109.90107727050781,28.533233642578125,93.43533325195312
253,2,329.8219299316406,102.93167877197266,29.58233642578125,92.28353118896484
254,1,63.83952331542969,143.61746215820312,59.65125274658203,137.818359375
254,3,248.68263244628906,109.32075500488281,31.593338012695312,93.79206848144531
254,2,332.8233337402344,102.12328338623047,24.19805908203125,93.4721450805664
255,3,250.30429077148438,109.8460693359375,36.42938232421875,92.97390747070312
255,1,70.38025665283203,142.27725219726562,57.04150390625,129.6563720703125
255,2,333.7994079589844,101.4286880493164,22.096527099609375,93.70313262939453
256,3,251.32818603515625,110.57294464111328,34.646942138671875,93.06352996826172
256,1,80.31868743896484,140.41685485839844,52.56012725830078,131.8357696533203
256,2,335.4411926269531,102.0395278930664,21.953338623046875,93.3221664428711
257,3,251.57916259765625,110.9737548828125,47.30084228515625,92.36344909667969
257,1,87.93291473388672,137.7863006591797,53.051368713378906,134.68898010253906
257,2,337.1888427734375,102.18099212646484,22.983306884765625,93.05680084228516
258,3,251.3887481689453,110.05078125,52.00352478027344,93.4169921875
258,1,88.82453155517578,134.26181030273438,59.74353790283203,136.43212890625
258,2,338.2392272949219,101.34052276611328,24.998199462890625,93.30799102783203
259,3,252.1964569091797,110.13601684570312,52.09376525878906,93.03187561035156
259,1,89.63374328613281,131.99098205566406,65.18934631347656,137.0543670654297
259,2,338.58984375,102.33323669433594,28.531402587890625,92.31739807128906
260,3,254.03515625,110.04839324951172,50.231170654296875,93.04668426513672
260,1,99.36797332763672,130.60691833496094,63.57575225830078,132.66954040527344
260,2,339.83929443359375,101.96582794189453,28.95794677734375,92.54444122314453
261,3,256.6199951171875,108.74876403808594,48.046173095703125,94.00201416015625
261,1,108.97097778320312,129.2302703857422,59.08872985839844,129.44435119628906
261,2,340.2669982910156,101.63953399658203,28.17608642578125,92.84819793701172
262,1,117.45369720458984,128.0891571044922,54.848854064941406,113.00593566894531
262,3,260.9155578613281,108.67324829101562,44.30682373046875,94.4459228515625
262,2,341.5248718261719,101.37258911132812,26.782562255859375,92.27642822265625
263,3,264.1680603027344,108.11978912353516,41.53753662109375,94.31453704833984
263,1,125.69207000732422,126.82494354248047,48.43787384033203,115.18848419189453
263,2,345.1353454589844,101.5709228515625,24.083831787109375,91.15782165527344
264,1,137.5674591064453,122.996337890625,43.045562744140625,118.49757385253906
264,2,350.5163879394531,98.36805725097656,24.8638916015625,91.24894714355469
264,3,273.8753662109375,109.58712768554688,32.584625244140625,92.58106994628906
265,2,352.21075439453125,97.8478775024414,23.179534912109375,90.8437271118164
265,3,279.05572509765625,109.16634368896484,30.117919921875,92.64188385009766
265,1,137.10934448242188,119.45069122314453,50.55517578125,121.06090545654297
266,1,139.5252227783203,112.5730972290039,55.53375244140625,123.02474212646484
266,2,354.2080078125,97.0184326171875,22.88623046875,91.70632934570312
266,3,280.52349853515625,109.21650695800781,30.972625732421875,93.1251220703125
267,2,355.70703125,96.96383666992188,23.497100830078125,90.18527221679688
267,1,145.25160217285156,112.5498275756836,61.0103759765625,116.44312286376953
267,3,283.1161193847656,108.79441833496094,30.985992431640625,94.07743835449219
268,1,150.6002960205078,71.33123016357422,60.00032043457031,153.69510650634766
268,2,356.7596740722656,97.33750915527344,24.945526123046875,88.74949645996094
268,3,285.88720703125,108.92377471923828,35.231353759765625,94.83756256103516
269,1,161.25985717773438,112.48892974853516,52.352264404296875,109.17852020263672
269,3,287.94586181640625,107.75433349609375,37.53033447265625,94.75523376464844
269,2,357.3130187988281,97.2529296875,31.6170654296875,89.41917419433594
270,1,174.3869171142578,113.01335144042969,44.96299743652344,109.17303466796875
270,2,357.4485778808594,97.34745788574219,34.626983642578125,88.376220703125
270,3,288.2993469238281,108.17438507080078,36.721405029296875,93.3921890258789
271,3,289.6103515625,107.39509582519531,47.14306640625,94.309814453125
271,2,358.01116943359375,97.19288635253906,35.588226318359375,88.84336853027344
271,1,187.5131072998047,112.41511535644531,40.0758056640625,110.33810424804688
272,3,290.236328125,106.63938903808594,50.29193115234375,95.25881958007812
272,2,358.42889404296875,97.95421600341797,34.747955322265625,87.7928695678711
272,1,190.9446258544922,111.37621307373047,43.34185791015625,109.5134048461914
273,1,194.23455810546875,110.78651428222656,50.79823303222656,111.0653076171875
273,2,358.4587707519531,98.0770492553711,34.85369873046875,87.27347564697266
273,3,291.9075927734375,108.20714569091797,49.33819580078125,93.45462799072266
274,1,198.20359802246094,110.18505859375,53.21333312988281,109.39683532714844
274,2,360.63568115234375,99.53710174560547,32.523193359375,85.91573333740234
274,3,293.7866516113281,107.41250610351562,47.96771240234375,93.71417236328125
275,1,206.48104858398438,108.25281524658203,62.681427001953125,103.75043487548828
275,2,364.3072204589844,96.54955291748047,29.372100830078125,87.60271453857422
275,3,297.06829833984375,106.75296020507812,45.392547607421875,94.38812255859375
276,3,302.46197509765625,107.66366577148438,40.3470458984375,92.62028503417969
276,2,367.610107421875,95.52195739746094,26.453094482421875,88.28213500976562
276,1,217.2688446044922,108.77257537841797,49.53337097167969,87.87006378173828
277,1,224.305419921875,108.97776794433594,46.03472900390625,98.00888061523438
277,2,371.7506103515625,94.64865112304688,22.194549560546875,88.74082946777344
277,3,307.3289794921875,107.16179656982422,35.690093994140625,93.86685943603516
278,1,232.54925537109375,108.616943359375,44.3548583984375,100.12715148925781
278,3,314.033447265625,105.80224609375,28.9969482421875,96.06089782714844
278,2,374.89892578125,95.52506256103516,19.651885986328125,87.03430938720703
279,1,237.68331909179688,105.77667236328125,68.2083740234375,101.64588928222656
279,2,376.6247253417969,95.54615020751953,19.47039794921875,87.30750274658203
279,3,315.8699645996094,106.00152587890625,28.32000732421875,95.23591613769531
280,2,377.5567932128906,94.33750915527344,21.3341064453125,88.33244323730469
280,1,239.70787048339844,104.24793243408203,75.00849914550781,102.98731231689453
280,3,320.27117919921875,107.2076416015625,25.62103271484375,93.88612365722656
281,2,378.030029296875,93.95806884765625,25.257232666015625,88.41522216796875
281,1,243.06509399414062,102.09770965576172,60.847503662109375,102.75121307373047
281,3,321.67279052734375,106.1375732421875,29.5936279296875,94.55184936523438
282,1,250.20225524902344,102.35391998291016,60.83534240722656,98.74335479736328
282,2,379.306640625,93.75138854980469,23.631072998046875,86.47715759277344
282,3,323.7314453125,105.77371215820312,33.8599853515625,94.20816040039062
283,1,259.72900390625,102.06974792480469,67.3935546875,95.85401916503906
283,2,380.9278869628906,94.40791320800781,23.301849365234375,85.09384155273438
283,3,324.43646240234375,105.6226577758789,42.50799560546875,94.19356536865234
284,1,267.1688232421875,103.05838775634766,45.756927490234375,95.1298599243164
284,3,326.291015625,105.89004516601562,47.144012451171875,94.52381896972656
284,2,380.1072998046875,94.64765167236328,26.27227783203125,86.53058624267578
285,1,277.69940185546875,101.77061462402344,37.484893798828125,96.87448120117188
285,2,381.4459533691406,94.7809829711914,26.331298828125,86.7702407836914
285,3,326.24700927734375,106.5666732788086,51.6033935546875,93.5657730102539
286,2,382.0011901855469,94.43413543701172,26.20892333984375,86.8276596069336
286,1,282.06597900390625,100.79508209228516,38.0306396484375,96.3447036743164
286,3,328.5892028808594,105.09757995605469,50.846649169921875,95.56553649902344
287,2,382.31292724609375,93.35569763183594,26.821197509765625,87.11988830566406
287,1,288.3116455078125,98.48809051513672,35.973052978515625,97.35930633544922
287,3,330.5113525390625,105.31642150878906,48.64208984375,94.54545593261719
288,2,388.65277099609375,91.93829345703125,22.630126953125,85.83491516113281
288,1,300.3233947753906,95.57056427001953,39.47216796875,100.61499786376953
288,3,337.7850341796875,102.80329132080078,41.154998779296875,95.05728912353516
289,2,390.7514953613281,92.00945281982422,22.2388916015625,84.99935150146484
289,3,341.98876953125,103.64389038085938,37.7115478515625,94.15109252929688
289,1,306.26214599609375,96.59605407714844,36.425933837890625,96.06295776367188
290,2,393.52691650390625,92.25730895996094,20.899993896484375,85.11697387695312
290,1,314.76080322265625,97.41665649414062,30.98663330078125,83.22059631347656
290,3,346.3428039550781,104.00860595703125,33.004852294921875,93.70286560058594
291,1,322.2847595214844,98.63631439208984,31.055755615234375,89.72046661376953
291,3,350.9796142578125,104.22463989257812,28.936737060546875,92.7607421875
291,2,394.1027526855469,91.76709747314453,21.752105712890625,84.83614349365234
292,2,395.16351318359375,90.09757995605469,22.17120361328125,86.49996948242188
292,3,353.87109375,102.7229995727539,29.13323974609375,94.82320404052734
292,1,332.0227355957031,97.0256576538086,26.48443603515625,91.3185043334961
293,3,357.0849304199219,104.9333267211914,28.832183837890625,92.3757095336914
293,2,395.4683532714844,90.00721740722656,23.64813232421875,84.95487976074219
293,1,334.5499572753906,95.9927749633789,29.10009765625,90.3365707397461
294,2,396.33837890625,90.27394104003906,25.1461181640625,85.14804077148438
294,3,358.8448791503906,104.03837585449219,35.2498779296875,92.90911865234375
294,1,336.5234375,94.49982452392578,30.240875244140625,92.27637481689453
295,3,361.3460388183594,102.91861724853516,38.90301513671875,93.8185043334961
295,1,337.19940185546875,91.7412109375,35.390716552734375,93.37922668457031
295,2,397.61566162109375,90.50493621826172,25.682220458984375,82.84676361083984
296,1,339.27618408203125,93.82080841064453,36.966339111328125,89.75658416748047
296,3,361.9413757324219,104.2875747680664,44.711151123046875,92.53812408447266
296,2,399.1369934082031,89.8104019165039,28.41943359375,83.67554473876953
297,3,363.3171081542969,102.62543487548828,48.376617431640625,93.77982330322266
297,2,399.16741943359375,90.97193908691406,29.851776123046875,82.71208190917969
297,1,344.4466857910156,94.56112670898438,36.95513916015625,86.06278991699219
298,3,363.98541259765625,101.95484924316406,48.3382568359375,94.62586975097656
298,2,401.7256164550781,90.9114761352539,27.99102783203125,83.95960235595703
298,1,358.7478332519531,95.1828384399414,26.69024658203125,69.4246597290039
299,3,364.4527893066406,103.58740997314453,48.929840087890625,92.70946502685547
299,1,361.7887268066406,93.84139251708984,28.73419189453125,80.8461685180664
299,2,403.4947204589844,91.26873016357422,26.38665771484375,83.5020980834961
300,3,368.0423583984375,102.95111846923828,46.7314453125,92.3417739868164
300,2,407.8904724121094,90.96368408203125,22.165985107421875,82.76800537109375
300,1,366.0149230957031,92.24172973632812,28.422607421875,95.36837768554688
301,3,371.171875,101.65113067626953,45.025421142578125,93.7210464477539
301,2,408.49151611328125,89.7955551147461,21.017852783203125,82.72379302978516
301,1,368.3452453613281,92.81946563720703,30.353424072265625,89.3383560180664
302,1,368.9023742675781,90.1673355102539,37.975738525390625,92.92432403564453
302,3,378.2726745605469,98.62518310546875,40.32763671875,96.79177856445312
302,2,410.8954772949219,90.94873809814453,19.7110595703125,81.68207550048828
303,3,384.48699951171875,95.75199127197266,34.4495849609375,99.99268341064453
303,2,412.25909423828125,88.65794372558594,18.950653076171875,83.94691467285156
303,1,368.3388671875,91.88806915283203,33.502899169921875,91.65387725830078
304,3,390.9554138183594,93.9545669555664,32.5081787109375,101.21036529541016
304,1,369.6029052734375,89.90177917480469,40.083038330078125,93.931884765625
304,2,414.00689697265625,88.62178802490234,19.934326171875,83.32730865478516
305,1,371.50750732421875,88.64720153808594,56.65240478515625,106.26425170898438
305,2,416.27117919921875,89.43284606933594,17.463348388671875,81.62625122070312
306,2,418.4166564941406,87.33493041992188,18.202392578125,85.32833862304688
306,1,375.6015625,89.49883270263672,54.118072509765625,104.62525177001953
307,1,398.1655578613281,89.48148345947266,34.462646484375,105.07584381103516
308,1,399.7266540527344,89.38391876220703,36.025970458984375,104.8569564819336
309,1,401.9513854980469,87.87934112548828,38.922607421875,106.06204986572266
310,1,403.060302734375,88.8101806640625,41.5029296875,104.46533203125
311,1,403.236572265625,97.12591552734375,43.42205810546875,94.69248962402344
312,1,405.31768798828125,89.94232940673828,47.302459716796875,89.52713775634766
312,2,426.5223083496094,88.92807006835938,19.2376708984375,35.02466583251953
313,2,440.88714599609375,88.99500274658203,28.13812255859375,93.56707000732422
313,1,413.35699462890625,85.52871704101562,48.98455810546875,103.45419311523438
314,1,426.7352294921875,90.16609191894531,39.655120849609375,97.81320190429688
314,2,447.9678649902344,98.44776916503906,23.6475830078125,81.29331970214844
314,3,428.3354187011719,87.16726684570312,16.974609375,46.919708251953125
315,1,430.5355529785156,90.86519622802734,41.56951904296875,96.4776382446289
315,3,425.5903015136719,86.94918823242188,20.667572021484375,78.7530517578125
316,1,431.04864501953125,97.43121337890625,38.52618408203125,89.14903259277344
316,3,431.3715515136719,86.67949676513672,15.926055908203125,49.280311584472656
316,2,464.5630798339844,89.40943145751953,21.550201416015625,64.2104263305664
317,3,428.6478271484375,86.48045349121094,21.834716796875,76.13082885742188
317,1,431.47454833984375,96.00187683105469,42.6676025390625,90.13581848144531
317,2,464.1997985839844,86.93191528320312,26.29766845703125,67.67532348632812
318,1,435.4684753417969,94.10883331298828,43.601837158203125,90.89884185791016
318,3,429.7157287597656,87.57991790771484,22.321746826171875,78.96826934814453
318,2,466.34796142578125,85.55058288574219,23.5465087890625,88.64826965332031
319,3,431.6462097167969,87.30863952636719,23.599884033203125,79.96571350097656
319,1,437.6305847167969,93.83696746826172,42.0999755859375,89.15287017822266
319,2,468.9856262207031,84.95512390136719,29.9207763671875,87.25764465332031
319,7,482.9539794921875,109.01262664794922,20.24481201171875,46.13774871826172
320,1,445.1397399902344,95.57386779785156,34.945526123046875,86.34828186035156
320,3,433.5927734375,87.518798828125,22.910797119140625,77.74510192871094
320,2,474.3647766113281,85.14204406738281,31.919921875,85.84687805175781
321,1,450.86529541015625,95.4326171875,33.615875244140625,86.144775390625
321,3,432.20526123046875,88.75889587402344,28.7955322265625,79.0091552734375
321,2,477.5837097167969,82.5976791381836,34.168853759765625,88.74596405029297
322,3,432.1829528808594,88.95514678955078,31.0499267578125,78.32530975341797
322,1,460.1017150878906,95.4654541015625,27.701202392578125,85.64462280273438
322,2,483.3482666015625,87.37684631347656,30.82232666015625,84.69828796386719
323,2,487.8654479980469,86.61601257324219,28.275970458984375,83.41729736328125
323,1,463.9806823730469,95.0237808227539,29.625518798828125,86.26209259033203
323,3,432.73443603515625,88.96633911132812,31.0198974609375,77.71917724609375
324,3,433.58984375,87.40702819824219,30.882415771484375,78.06744384765625
324,1,465.1322326660156,93.29000091552734,33.2987060546875,88.0400161743164
324,2,492.6435546875,86.49284362792969,27.84344482421875,87.30397033691406
324,7,518.5880126953125,114.81803131103516,15.375732421875,28.25035858154297
325,3,435.41876220703125,86.87628173828125,29.462493896484375,79.18136596679688
325,1,467.2409362792969,92.00325775146484,33.778961181640625,89.29000091552734
325,2,500.234619140625,85.18693542480469,28.37896728515625,81.902099609375
326,2,501.2884826660156,83.01008605957031,33.731475830078125,87.24079895019531
326,3,439.8157653808594,86.85738372802734,26.94927978515625,78.48792266845703
326,1,468.9625244140625,91.18619537353516,36.902801513671875,88.58576202392578
327,2,500.1550598144531,81.08293914794922,40.594146728515625,90.8355941772461
327,3,442.3870544433594,86.19685363769531,26.697906494140625,77.2244873046875
327,1,475.15899658203125,90.63792419433594,34.0267333984375,85.94102478027344
328,2,499.9111022949219,81.26338958740234,50.375518798828125,91.18852996826172
328,3,444.07269287109375,85.91142272949219,25.8814697265625,77.54806518554688
328,1,478.3794250488281,91.19253540039062,34.077667236328125,84.48316955566406
329,3,445.5093994140625,85.19456481933594,26.024444580078125,78.44071960449219
329,1,486.4280700683594,93.39682006835938,27.384246826171875,70.65031433105469
329,2,503.3640441894531,83.35062408447266,54.157073974609375,86.0996322631836
330,2,504.9773864746094,82.8591537475586,55.676544189453125,86.74640655517578
330,3,448.32110595703125,85.33485412597656,24.363922119140625,78.51628112792969
330,1,492.1727294921875,94.29688262939453,25.24359130859375,62.01331329345703
331,1,496.4471130371094,91.20442199707031,24.646087646484375,85.19390869140625
331,2,510.90045166015625,84.46763610839844,50.29742431640625,84.04104614257812
331,3,451.7978515625,85.38725280761719,21.873870849609375,78.43321228027344
332,2,522.9885864257812,83.63374328613281,40.2362060546875,83.01113891601562
332,1,497.9346618652344,91.95381164550781,27.542694091796875,83.9810791015625
332,3,453.0029602050781,85.31410217285156,25.8140869140625,78.46604919433594
333,2,530.01611328125,82.20880126953125,35.965087890625,85.37625122070312
333,3,453.2679138183594,85.89177703857422,28.610198974609375,78.10787200927734
333,1,497.9864501953125,90.00171661376953,31.0797119140625,84.99677276611328
334,2,536.6602172851562,82.62606811523438,31.15106201171875,83.8348388671875
334,3,453.3287048339844,85.3778076171875,28.336151123046875,78.63786315917969
334,1,499.39324951171875,88.70320892333984,36.6915283203125,85.94341278076172
335,2,536.8129272460938,79.74066162109375,35.4644775390625,87.41474914550781
335,3,452.82476806640625,85.77954864501953,29.923553466796875,77.84989166259766
335,1,501.1551818847656,90.47866821289062,39.457305908203125,82.97137451171875
336,2,543.8433227539062,77.45453643798828,34.9251708984375,89.33740997314453
336,3,453.47265625,85.37574768066406,32.08807373046875,78.35731506347656
336,1,510.1369323730469,90.12422943115234,35.707244873046875,82.80982208251953
