72,1,439.179443359375,143.24093627929688,15.977508544921875,75.09907531738281
73,1,438.9587707519531,144.38449096679688,15.8980712890625,73.31278991699219
74,1,437.51690673828125,142.74862670898438,17.028564453125,74.79983520507812
75,1,436.97088623046875,142.48973083496094,17.813385009765625,76.07412719726562
76,1,436.0361022949219,142.26336669921875,18.65283203125,76.22085571289062
77,1,434.9216613769531,141.85006713867188,19.522308349609375,77.51945495605469
78,1,434.72784423828125,141.40467834472656,19.670257568359375,77.83517456054688
79,1,434.689697265625,141.3462677001953,19.644775390625,77.0615234375
80,1,434.5659484863281,141.89492797851562,19.783721923828125,77.21499633789062
81,1,433.4725341796875,142.09690856933594,20.71099853515625,76.90577697753906
82,1,432.82574462890625,142.096923828125,21.275421142578125,78.18241882324219
83,1,430.1685791015625,143.21913146972656,23.388275146484375,76.6337890625
85,1,432.04931640625,143.41958618164062,21.916015625,77.25541687011719
86,1,430.52105712890625,144.0626220703125,23.4197998046875,76.80787658691406
87,1,431.10955810546875,142.6668701171875,23.08349609375,78.39991760253906
88,1,433.14501953125,146.71218872070312,20.758819580078125,74.30758666992188
89,1,432.5328674316406,145.05984497070312,21.528656005859375,75.15963745117188
90,1,435.53765869140625,148.7355499267578,18.718414306640625,70.86112976074219
91,1,435.1412048339844,148.5961151123047,19.079803466796875,72.11325073242188
92,1,434.739501953125,148.80514526367188,19.49798583984375,72.47064208984375
93,1,435.0001525878906,149.50088500976562,19.28607177734375,72.01361083984375
94,1,436.2522277832031,151.20973205566406,17.84765625,69.32232666015625
95,1,435.674560546875,150.3896026611328,18.37103271484375,70.903076171875
96,1,435.537353515625,150.24940490722656,18.8221435546875,71.87162780761719
97,1,436.6615295410156,146.30258178710938,17.61224365234375,75.60423278808594
98,1,435.6961669921875,142.78012084960938,18.70550537109375,80.173095703125
99,1,436.5005187988281,144.51385498046875,17.87347412109375,77.96434020996094
102,1,436.750244140625,144.17127990722656,17.81402587890625,80.54832458496094
103,1,436.8206481933594,145.07632446289062,17.666290283203125,78.46224975585938
104,1,437.5382385253906,144.02931213378906,17.1759033203125,79.59385681152344
105,1,437.70220947265625,144.0399169921875,17.01141357421875,79.99404907226562
106,1,438.46435546875,144.5472412109375,16.560211181640625,80.73944091796875
107,1,437.9947814941406,143.08340454101562,16.988494873046875,82.86619567871094
108,1,438.34619140625,143.89254760742188,16.743560791015625,81.40306091308594
109,1,439.7025146484375,145.61505126953125,15.386474609375,79.42521667480469
110,1,440.0965270996094,147.79733276367188,15.201629638671875,77.10404968261719
111,1,439.82562255859375,146.677001953125,15.548980712890625,78.84617614746094
112,1,439.77606201171875,146.65374755859375,15.65936279296875,78.37298583984375
113,1,439.4368591308594,145.59478759765625,16.00274658203125,79.5938720703125
114,1,439.5824890136719,145.67543029785156,15.906097412109375,80.37359619140625
115,1,439.9944152832031,146.41802978515625,15.289825439453125,80.07539367675781
116,1,439.7867431640625,145.6439208984375,15.203948974609375,80.67155456542969
134,1,439.82672119140625,142.2368927001953,15.60833740234375,84.27194213867188
135,1,440.6468200683594,142.40542602539062,14.64630126953125,84.27447509765625
136,1,440.7298889160156,145.51683044433594,14.480224609375,81.45664978027344
137,1,439.9327392578125,143.46278381347656,14.988677978515625,83.6851806640625
138,1,437.6148681640625,144.3762969970703,17.284149169921875,82.51640319824219
139,1,436.0017395019531,146.13687133789062,18.82098388671875,81.18191528320312
140,1,434.4678039550781,146.73501586914062,20.4422607421875,79.96571350097656
140,2,809.53564453125,455.7575378417969,46.1536865234375,21.635009765625
141,1,435.05377197265625,146.9750213623047,19.81646728515625,80.26960754394531
141,2,796.1321411132812,448.7076110839844,58.7908935546875,27.93304443359375
142,1,434.7996520996094,146.76715087890625,19.930267333984375,80.33651733398438
142,2,772.1141967773438,443.0525817871094,83.56585693359375,35.94244384765625
143,1,436.3392333984375,147.45501708984375,18.31268310546875,80.45008850097656
143,2,747.827392578125,441.2338562011719,106.6937255859375,37.648284912109375
144,1,433.126708984375,147.4312286376953,21.372161865234375,81.51716613769531
144,2,703.8572387695312,438.9555969238281,124.70880126953125,39.116973876953125
145,1,432.4120788574219,147.47293090820312,21.956268310546875,80.91790771484375
145,2,678.7394409179688,434.2539367675781,124.5107421875,42.9462890625
146,1,431.4906005859375,147.5686492919922,22.82061767578125,81.7476806640625
146,2,658.540283203125,429.4411315917969,120.8001708984375,48.37823486328125
147,1,430.1031494140625,147.6617889404297,24.092620849609375,81.04133605957031
147,2,632.049560546875,420.007568359375,122.91021728515625,57.9423828125
148,1,429.5960998535156,147.69691467285156,24.585540771484375,81.94416809082031
148,2,633.200439453125,422.6317138671875,96.82794189453125,55.542083740234375
149,1,429.26849365234375,147.3256072998047,24.6572265625,82.9366455078125
149,2,608.435302734375,418.5289001464844,98.3956298828125,59.462860107421875
150,1,429.65289306640625,147.5842742919922,24.173370361328125,82.54144287109375
150,2,573.034912109375,411.69549560546875,110.498291015625,66.00177001953125
151,1,428.6265869140625,147.828369140625,24.9541015625,81.95669555664062
151,2,551.1763916015625,407.8228454589844,108.937744140625,69.96926879882812
152,1,428.3746032714844,147.63494873046875,25.1693115234375,82.50111389160156
152,2,537.1685180664062,402.681884765625,99.49407958984375,75.564208984375
153,1,427.6518859863281,148.1439971923828,25.6055908203125,82.21563720703125
153,2,516.4979248046875,396.9140930175781,97.92034912109375,81.35003662109375
154,1,426.7893981933594,148.13711547851562,26.061065673828125,81.40983581542969
154,2,486.38458251953125,386.74822998046875,106.3016357421875,91.16461181640625
155,1,425.82379150390625,147.82781982421875,26.906646728515625,82.27903747558594
155,2,478.0486145019531,384.4801025390625,93.54263305664062,92.92529296875
156,1,424.766357421875,148.31161499023438,27.3602294921875,81.85725402832031
156,2,461.3787536621094,380.0356140136719,89.49386596679688,96.78036499023438
157,1,423.8203430175781,148.40960693359375,27.27197265625,82.20176696777344
157,2,441.2724304199219,377.3045959472656,90.72677612304688,98.50436401367188
158,1,421.8171081542969,148.79603576660156,31.0167236328125,82.89630126953125
158,2,421.55938720703125,371.4710693359375,90.9156494140625,104.99212646484375
159,1,419.66400146484375,148.83795166015625,33.150543212890625,83.83857727050781
159,2,403.5826416015625,367.9032897949219,90.01962280273438,107.355224609375
160,1,419.32415771484375,148.65213012695312,32.755523681640625,84.45083618164062
160,2,387.108642578125,359.81878662109375,87.45074462890625,116.87216186523438
161,1,419.18511962890625,149.7040252685547,33.02911376953125,83.94486999511719
161,2,374.0000305175781,354.1031799316406,83.53854370117188,121.62899780273438
162,1,419.17645263671875,148.3650360107422,31.571563720703125,86.27761840820312
162,2,359.5643310546875,350.5379638671875,80.42266845703125,122.77352905273438
163,1,418.29644775390625,149.2312774658203,30.632232666015625,86.08554077148438
163,2,343.5131530761719,345.16522216796875,78.2890625,131.51437377929688
164,1,417.6122741699219,148.83099365234375,29.929595947265625,85.99604797363281
164,2,332.6426696777344,340.0352783203125,73.46151733398438,138.03387451171875
165,1,416.21856689453125,148.1179962158203,30.975006103515625,86.67643737792969
165,2,320.7542724609375,333.4747314453125,69.278076171875,144.00564575195312
166,1,415.8304138183594,147.70860290527344,31.00494384765625,87.46775817871094
166,2,306.6337890625,329.34600830078125,67.81777954101562,146.4268798828125
167,1,415.3210754394531,148.16522216796875,31.296417236328125,87.14952087402344
167,2,289.072509765625,323.6186828613281,69.88400268554688,144.55142211914062
168,1,412.1306457519531,148.73385620117188,32.7928466796875,88.06990051269531
168,2,243.7389678955078,322.7079772949219,94.07716369628906,149.17282104492188
169,1,411.2985534667969,149.14260864257812,32.80596923828125,86.85260009765625
169,2,252.0552215576172,313.371826171875,65.30195617675781,117.0732421875
170,1,412.00054931640625,149.11492919921875,32.0084228515625,87.9158935546875
170,2,235.21241760253906,311.62469482421875,69.34562683105469,109.87200927734375
171,1,410.2315673828125,148.86297607421875,33.35302734375,89.92127990722656
171,2,226.6024932861328,309.471435546875,64.56599426269531,101.125
172,1,410.4317932128906,150.0858612060547,32.788177490234375,88.91084289550781
172,2,216.0111846923828,304.6256408691406,63.30964660644531,96.05355834960938
173,1,411.1398620605469,150.68231201171875,32.05908203125,89.60096740722656
173,2,205.03985595703125,301.0509033203125,62.93780517578125,94.16552734375
174,1,411.8064270019531,151.2838134765625,31.61517333984375,88.892333984375
174,2,194.5802459716797,298.4109802246094,61.36369323730469,91.62396240234375
175,1,413.31475830078125,150.98048400878906,30.095550537109375,89.61798095703125
175,2,184.0718994140625,292.3618469238281,61.359130859375,97.87490844726562
176,1,413.9159851074219,152.0638427734375,29.960357666015625,89.07722473144531
176,2,171.89910888671875,290.8271789550781,63.160675048828125,101.3453369140625
177,1,413.9558410644531,153.21414184570312,30.768951416015625,87.59950256347656
177,2,162.2142791748047,288.20050048828125,63.20599365234375,104.80142211914062
178,1,414.8221740722656,153.8384552001953,30.201934814453125,86.81149291992188
178,2,154.0819854736328,285.1823425292969,61.30851745605469,109.37326049804688
179,1,416.9136657714844,153.53501892089844,27.780120849609375,87.41510009765625
179,2,145.62306213378906,280.6042175292969,60.67816162109375,116.50323486328125
180,1,417.03778076171875,154.86888122558594,27.826507568359375,85.74176025390625
180,2,140.3650360107422,277.2585754394531,55.62858581542969,118.49725341796875
181,1,417.5332336425781,154.64645385742188,27.0511474609375,86.63214111328125
181,2,133.46316528320312,273.421630859375,54.09869384765625,119.326171875
182,1,417.9103698730469,153.4608917236328,26.77777099609375,89.42376708984375
182,2,126.70147705078125,270.02337646484375,51.771881103515625,123.32852172851562
183,1,417.5970153808594,154.30291748046875,27.805206298828125,90.71759033203125
183,2,121.11161804199219,266.2174987792969,48.54071044921875,122.91433715820312
184,1,418.051513671875,155.85011291503906,27.604949951171875,88.8316650390625
184,2,114.99604797363281,261.3730773925781,47.37699890136719,117.06558227539062
185,1,418.0615539550781,155.44358825683594,27.5189208984375,90.37635803222656
185,2,109.2224349975586,258.5729675292969,44.796913146972656,114.8887939453125
186,1,417.7747802734375,156.323486328125,30.55987548828125,89.67161560058594
186,2,98.5081558227539,257.0145263671875,47.40790557861328,111.29116821289062
187,1,416.9723205566406,156.4000701904297,31.77825927734375,90.83189392089844
187,2,92.64871215820312,254.85662841796875,45.960357666015625,94.86233520507812
188,1,416.0675048828125,156.79583740234375,33.99407958984375,92.04615783691406
188,2,84.29658508300781,251.6751708984375,47.00987243652344,98.93301391601562
189,1,414.8748779296875,156.21173095703125,36.9788818359375,93.18641662597656
189,2,78.70526885986328,250.5380859375,45.507957458496094,99.31777954101562
190,1,414.15203857421875,156.04315185546875,38.11444091796875,92.99821472167969
190,2,74.15144348144531,248.26861572265625,43.46893310546875,94.91305541992188
191,1,413.9359436035156,155.55616760253906,38.97503662109375,93.87689208984375
191,2,68.24849700927734,247.2092742919922,42.51042175292969,93.17854309082031
192,1,413.3000183105469,156.20382690429688,37.47760009765625,93.4493408203125
192,2,55.42030334472656,241.9245147705078,43.793983459472656,85.13917541503906
193,1,413.5913391113281,156.1789093017578,37.880218505859375,93.245361328125
193,2,52.68621826171875,239.69700622558594,41.006126403808594,81.19508361816406
194,1,413.1918029785156,156.1797332763672,38.3538818359375,93.51008605957031
194,2,46.94337844848633,236.84230041503906,41.10434341430664,84.01335144042969
195,1,413.4851379394531,155.84750366210938,38.75213623046875,95.2723388671875
195,2,42.022769927978516,235.97207641601562,40.512943267822266,85.1580810546875
196,1,413.1383056640625,156.81996154785156,39.95953369140625,95.1746826171875
196,2,35.83709716796875,235.55111694335938,41.67279815673828,87.59945678710938
197,1,413.43585205078125,156.93785095214844,40.113677978515625,95.69084167480469
197,2,33.40485382080078,233.5583038330078,39.59324645996094,89.46208190917969
197,3,669.0377807617188,226.88938903808594,43.79974365234375,41.64509582519531
198,1,413.2007141113281,157.3929443359375,39.9290771484375,96.04154968261719
198,2,25.89169692993164,231.4209442138672,42.100284576416016,94.37931823730469
198,3,669.8153076171875,227.62437438964844,44.54827880859375,40.88069152832031
199,1,412.70849609375,157.37258911132812,40.2904052734375,96.74382019042969
199,2,23.82453727722168,229.77735900878906,40.10220527648926,98.93138122558594
200,1,412.567138671875,157.4211883544922,40.1112060546875,97.57635498046875
200,2,20.298274993896484,227.89796447753906,39.15517044067383,99.95356750488281
201,1,411.43096923828125,157.7595672607422,41.76593017578125,98.59593200683594
201,2,16.43156623840332,225.9046173095703,38.67307090759277,99.36341857910156
202,1,411.2280578613281,158.34524536132812,42.72833251953125,98.50100708007812
202,2,14.478911399841309,224.23397827148438,36.663628578186035,98.79562377929688
203,1,410.39910888671875,158.0809783935547,44.098052978515625,98.69825744628906
203,2,11.462409973144531,223.70567321777344,35.215816497802734,94.21189880371094
204,1,411.4297180175781,158.2855987548828,41.7498779296875,98.51948547363281
204,2,5.277196407318115,222.52687072753906,37.55528116226196,87.73963928222656
205,1,414.6340026855469,158.54263305664062,38.970611572265625,98.43313598632812
205,2,1.3915587663650513,220.76321411132812,38.08477485179901,90.28753662109375
205,4,444.82568359375,167.51634216308594,12.79278564453125,58.09724426269531
206,1,420.37933349609375,159.751953125,32.09942626953125,97.08432006835938
206,2,0.5940391421318054,219.99127197265625,35.02337723970413,82.08749389648438
206,4,444.6898498535156,166.49160766601562,12.545654296875,62.10809326171875
207,1,420.51214599609375,159.24655151367188,32.332244873046875,97.50885009765625
207,2,0.2992568612098694,218.57498168945312,31.774671971797943,82.48605346679688
208,1,419.4443664550781,158.98513793945312,33.350982666015625,97.76727294921875
208,2,0.09588868170976639,217.31117248535156,28.200980596244335,75.94892883300781
209,1,419.8014221191406,158.91729736328125,33.474822998046875,98.72146606445312
209,2,0.0012474776012822986,216.03961181640625,24.65767662518192,67.9287109375
210,1,420.5653381347656,159.7989959716797,31.669036865234375,99.59269714355469
210,4,440.2802734375,170.47467041015625,15.937835693359375,55.62654113769531
210,2,0.010802543722093105,214.4761505126953,21.400730811990798,66.25123596191406
211,1,420.4226989746094,160.54351806640625,31.82073974609375,99.69195556640625
211,2,0.01298945676535368,211.98301696777344,18.16147190798074,60.25489807128906
212,1,419.4321594238281,160.9431610107422,33.045257568359375,99.93516540527344
212,2,0.05380098149180412,211.70005798339844,15.479359228163958,58.88075256347656
213,1,419.50653076171875,161.73818969726562,32.65985107421875,99.88827514648438
213,2,0.0,192.66705322265625,14.16628360748291,72.9857177734375
214,1,419.135009765625,163.43930053710938,32.00164794921875,99.31253051757812
214,4,443.1481628417969,173.02354431152344,13.252655029296875,70.78256225585938
214,2,0.0,191.84146118164062,11.977355003356934,71.901611328125
215,1,418.8123474121094,163.95664978027344,31.92962646484375,99.95573425292969
215,4,443.2652282714844,171.2071990966797,13.028961181640625,74.9454345703125
216,1,417.5475158691406,164.38272094726562,33.125823974609375,100.69580078125
216,4,443.4476623535156,170.54693603515625,13.17596435546875,80.09208679199219
217,1,416.9552917480469,164.8847198486328,33.60272216796875,99.98341369628906
217,4,443.14459228515625,168.66111755371094,13.290985107421875,84.38299560546875
218,1,416.4086608886719,164.74803161621094,33.026641845703125,100.07728576660156
218,4,442.1616516113281,166.8382568359375,13.965728759765625,91.59051513671875
219,1,415.13128662109375,164.02426147460938,32.660675048828125,102.51263427734375
219,4,441.6383056640625,166.4534912109375,14.430694580078125,110.03347778320312
220,1,414.1513366699219,165.0098876953125,33.1893310546875,101.77984619140625
220,4,440.57208251953125,169.62435913085938,15.334228515625,109.94363403320312
221,1,413.45709228515625,166.20584106445312,35.0147705078125,101.28250122070312
221,4,439.5985412597656,169.79840087890625,15.863861083984375,110.76080322265625
222,1,412.1567687988281,165.7339630126953,34.591339111328125,101.30509948730469
222,4,438.1940612792969,169.458251953125,17.01141357421875,112.31216430664062
223,1,411.9828186035156,166.20614624023438,32.237701416015625,102.35540771484375
223,4,436.6059875488281,168.2052764892578,18.7740478515625,113.52091979980469
224,1,412.7032775878906,167.9309539794922,30.134552001953125,101.05580139160156
224,4,434.2238464355469,168.52099609375,20.642913818359375,113.53048706054688
225,4,431.6807556152344,170.3253173828125,23.070587158203125,111.50332641601562
225,1,412.3273010253906,169.82638549804688,29.048095703125,98.48965454101562
226,4,429.5539855957031,167.2421417236328,25.698150634765625,114.69264221191406
226,1,411.2756042480469,170.49656677246094,28.82220458984375,98.72859191894531
227,4,428.8334655761719,165.6512451171875,25.97906494140625,115.63055419921875
227,1,410.9007873535156,170.9658203125,27.461029052734375,97.06781005859375
228,4,428.54693603515625,165.7955780029297,26.343963623046875,115.95616149902344
228,1,411.29339599609375,172.0626220703125,27.8077392578125,97.31109619140625
229,4,426.4195861816406,165.25408935546875,28.540008544921875,116.42425537109375
229,1,410.82379150390625,168.28958129882812,28.176177978515625,102.1021728515625
230,4,425.25482177734375,166.76312255859375,29.424530029296875,115.50408935546875
231,4,421.6806945800781,168.506591796875,32.794219970703125,117.16482543945312
232,4,416.2135925292969,168.9715576171875,38.200714111328125,118.93353271484375
233,4,419.3348388671875,169.17359924316406,34.842193603515625,119.60816955566406
234,4,417.9682922363281,170.74900817871094,36.384002685546875,120.14179992675781
234,1,401.69464111328125,173.93386840820312,29.026458740234375,95.35250854492188
235,4,416.5597229003906,172.01292419433594,35.749969482421875,118.53132629394531
236,4,412.6370544433594,172.8088836669922,38.802459716796875,117.17390441894531
236,1,403.398681640625,177.6591339111328,21.209136962890625,94.40397644042969
237,4,409.40887451171875,173.55374145507812,39.291595458984375,116.79803466796875
237,1,397.0704650878906,177.54420471191406,23.720062255859375,95.21177673339844
238,4,408.8765563964844,173.08544921875,35.883544921875,117.52197265625
238,5,441.7162780761719,171.59901428222656,15.256011962890625,87.30720520019531
238,1,396.4576416015625,179.21131896972656,22.8216552734375,94.01811218261719
239,4,406.46307373046875,172.89605712890625,35.207611083984375,117.47677612304688
239,5,439.984619140625,170.80210876464844,16.780303955078125,97.91096496582031
240,4,400.56640625,170.2932586669922,36.46990966796875,119.76438903808594
240,5,438.7996520996094,171.12689208984375,17.899200439453125,102.2559814453125
241,4,398.160400390625,173.0451202392578,38.12774658203125,118.05494689941406
241,5,438.3902282714844,169.6935272216797,18.338043212890625,106.17948913574219
242,4,396.7948303222656,172.83094787597656,40.495697021484375,119.17686462402344
242,5,437.02020263671875,168.59539794921875,19.586334228515625,107.387451171875
243,4,389.6348571777344,171.871826171875,47.3140869140625,119.99258422851562
243,5,435.1070861816406,167.6864776611328,21.360015869140625,106.54768371582031
244,4,382.7138977050781,173.15956115722656,54.023345947265625,119.41078186035156
244,5,433.06689453125,171.90237426757812,22.1988525390625,105.56451416015625
244,1,361.8113708496094,152.907958984375,26.46002197265625,105.30184936523438
245,4,380.2820739746094,174.07257080078125,55.457427978515625,119.1568603515625
245,5,432.22796630859375,173.60455322265625,22.926483154296875,105.78973388671875
245,1,358.51153564453125,152.5685577392578,29.684844970703125,103.46565246582031
246,4,378.32476806640625,173.73545837402344,58.393585205078125,120.17247009277344
246,5,429.24127197265625,173.55313110351562,26.60699462890625,107.74923706054688
246,1,355.7642822265625,152.41390991210938,33.437255859375,105.23446655273438
246,6,407.1846923828125,173.4349365234375,19.508544921875,75.84538269042969
247,4,377.79736328125,174.68890380859375,56.367919921875,119.23614501953125
247,5,428.91461181640625,175.60272216796875,26.8931884765625,106.6676025390625
247,1,356.72198486328125,151.044189453125,30.2911376953125,105.30313110351562
247,6,403.7940368652344,174.19764709472656,19.438568115234375,62.98802185058594
248,5,426.8433532714844,175.47561645507812,28.652984619140625,109.91561889648438
248,4,378.96173095703125,173.05836486816406,52.872222900390625,120.40287780761719
248,1,356.63897705078125,152.05429077148438,26.8226318359375,103.68600463867188
248,6,400.4021301269531,174.0831756591797,20.394744873046875,57.94132995605469
249,5,425.38812255859375,176.0946502685547,30.41180419921875,110.70634460449219
249,4,377.19805908203125,173.77435302734375,49.989471435546875,120.37374877929688
249,1,354.94195556640625,151.9753875732422,24.03350830078125,104.58378601074219
249,6,397.78411865234375,174.15664672851562,22.740020751953125,86.79278564453125
250,5,423.99737548828125,176.59609985351562,32.225067138671875,111.334228515625
250,4,376.1845703125,172.74440002441406,42.34405517578125,121.27915954589844
250,6,395.9779052734375,176.02793884277344,20.571014404296875,89.63825988769531
250,1,354.3213195800781,179.446044921875,22.46142578125,78.0843505859375
251,5,422.3473205566406,177.28660583496094,33.029083251953125,111.02799987792969
251,4,375.2876281738281,174.49276733398438,36.530303955078125,120.23013305664062
251,6,392.0233154296875,175.29739379882812,27.23687744140625,107.0001220703125
251,1,351.6385192871094,151.47996520996094,23.116790771484375,108.19615173339844
252,5,421.1679992675781,177.32452392578125,31.5218505859375,110.82546997070312
252,4,370.74786376953125,168.4639129638672,30.90667724609375,126.67906188964844
252,6,389.2779235839844,175.7220916748047,28.42578125,104.85395812988281
252,1,348.8496398925781,152.2251739501953,21.429473876953125,104.88069152832031
253,5,419.9110412597656,176.69837951660156,31.0087890625,111.54338073730469
253,4,367.1618957519531,168.7417449951172,30.1070556640625,128.5752716064453
253,6,387.0352478027344,176.6636962890625,29.440032958984375,104.32489013671875
253,1,345.9510803222656,151.60250854492188,23.633697509765625,103.84420776367188
254,4,362.79156494140625,170.09194946289062,33.737091064453125,127.00164794921875
254,5,418.1734924316406,177.216552734375,30.143951416015625,110.62850952148438
254,6,384.4183654785156,177.2316131591797,31.616729736328125,102.11656188964844
255,4,356.6143798828125,171.9913787841797,39.46826171875,125.91273498535156
255,5,415.7231750488281,176.76023864746094,28.596099853515625,110.95341491699219
255,6,381.01715087890625,175.50717163085938,32.1644287109375,104.39846801757812
256,4,347.4741516113281,172.4463653564453,49.210174560546875,125.48826599121094
256,5,413.76873779296875,176.1056365966797,29.05950927734375,111.97080993652344
256,6,377.4573059082031,173.35382080078125,24.425048828125,108.6595458984375
257,4,340.228759765625,172.0198516845703,56.735565185546875,127.41029357910156
257,5,410.3875732421875,176.52523803710938,30.987335205078125,111.0048828125
257,6,375.2095031738281,174.5620880126953,23.589691162109375,100.69740295410156
258,5,408.09912109375,176.22772216796875,32.997833251953125,111.5443115234375
258,4,338.9714660644531,172.68174743652344,57.4884033203125,127.25035095214844
258,6,371.93402099609375,174.345458984375,22.97088623046875,106.043212890625
259,4,338.97454833984375,172.99888610839844,56.54864501953125,127.20121765136719
259,5,403.09759521484375,175.5983123779297,38.38763427734375,113.64698791503906
259,6,368.8334045410156,174.9140167236328,24.395263671875,98.70210266113281
260,5,399.2303161621094,175.64146423339844,41.93280029296875,114.68840026855469
260,4,338.17034912109375,172.99742126464844,53.902191162109375,127.57487487792969
260,6,365.44720458984375,174.3877410888672,25.711273193359375,108.20762634277344
261,5,395.90911865234375,177.1127166748047,44.958038330078125,113.94874572753906
261,4,337.55267333984375,174.39356994628906,46.39239501953125,125.76881408691406
261,6,362.1988830566406,174.97874450683594,27.7767333984375,113.79560852050781
262,5,392.2425231933594,176.529296875,48.9146728515625,116.38125610351562
262,4,336.3407897949219,174.3690185546875,42.7523193359375,125.89776611328125
262,6,359.214111328125,174.55923461914062,31.852081298828125,114.90292358398438
263,5,390.9027404785156,177.30392456054688,48.83001708984375,115.814453125
263,4,333.893310546875,172.62330627441406,37.60345458984375,128.1624298095703
263,6,354.61016845703125,175.6463623046875,34.846435546875,113.80758666992188
264,5,386.67462158203125,178.89088439941406,44.627655029296875,113.46977233886719
264,4,325.41571044921875,171.370361328125,32.585540771484375,126.27639770507812
264,6,347.1222839355469,176.47706604003906,41.062255859375,114.26487731933594
