1,1,565.1407470703125,461.5393371582031,46.777099609375,17.197540283203125
2,1,554.6626586914062,453.5953674316406,49.91558837890625,25.29608154296875
3,1,546.5892944335938,443.9534912109375,52.79937744140625,34.8338623046875
4,1,539.718994140625,433.9864501953125,56.27667236328125,44.76348876953125
5,1,533.0304565429688,425.8587646484375,56.37762451171875,52.553131103515625
6,1,524.7625122070312,419.38641357421875,56.87506103515625,59.0052490234375
7,1,517.98681640625,414.9451904296875,59.1744384765625,63.513214111328125
8,1,501.1746826171875,411.4690856933594,72.8673095703125,67.43435668945312
9,1,480.4581298828125,409.08416748046875,92.87908935546875,69.91165161132812
10,1,473.8703918457031,406.6146545410156,95.80374145507812,72.176025390625
11,1,466.6171569824219,402.4177551269531,100.33505249023438,75.95333862304688
12,1,456.1657409667969,397.7426452636719,102.28536987304688,80.42095947265625
13,1,449.7167663574219,390.8376159667969,100.52688598632812,87.07107543945312
14,1,443.5576171875,384.4854736328125,98.972900390625,93.58053588867188
15,1,439.4151611328125,378.5334167480469,96.8004150390625,99.67413330078125
16,1,433.60205078125,370.5457763671875,96.5213623046875,107.68206787109375
17,1,430.2947082519531,363.4952697753906,94.76223754882812,114.24270629882812
18,1,428.30072021484375,357.63385009765625,91.75152587890625,119.86004638671875
19,1,424.50244140625,352.8916931152344,89.35137939453125,125.0135498046875
20,1,420.5346374511719,350.04443359375,87.03302001953125,128.21414184570312
21,1,416.5216979980469,348.0456237792969,84.93075561523438,130.28201293945312
22,1,412.0927734375,347.72637939453125,83.38150024414062,130.7392578125
23,1,407.5504150390625,346.0846862792969,81.11410522460938,131.66351318359375
24,1,401.9622497558594,343.87030029296875,80.06640625,134.11572265625
25,1,396.7160949707031,341.7203369140625,79.46231079101562,136.01904296875
26,1,391.0706787109375,337.9830322265625,80.60186767578125,139.88699340820312
27,1,385.44696044921875,334.8009033203125,80.94921875,143.10516357421875
28,1,379.6639709472656,330.08740234375,80.98800659179688,147.74609375
29,1,372.7342224121094,324.4044189453125,82.86248779296875,153.40817260742188
30,1,366.1163330078125,320.14306640625,85.64547729492188,157.832763671875
31,1,359.49066162109375,316.3671569824219,87.96316528320312,161.21392822265625
32,1,353.6075439453125,312.78021240234375,89.97024536132812,164.84866333007812
33,1,346.8736267089844,311.1914978027344,93.513916015625,166.16537475585938
34,1,342.1878662109375,310.47515869140625,99.49612426757812,166.97909545898438
35,1,338.0466613769531,310.2239685058594,103.61788940429688,166.89019775390625
36,1,334.4566955566406,308.180908203125,105.52072143554688,169.010986328125
37,1,328.3432312011719,306.7492370605469,106.76397705078125,170.39599609375
38,1,324.4799499511719,304.7457275390625,104.35879516601562,172.15594482421875
39,1,320.8783874511719,301.9478454589844,100.7115478515625,174.93975830078125
40,1,317.20361328125,297.72802734375,95.011474609375,179.45913696289062
41,1,313.93701171875,295.2305908203125,88.2860107421875,182.10232543945312
42,1,311.9741516113281,290.49188232421875,82.1422119140625,187.65045166015625
43,1,309.9735107421875,287.154296875,79.78079223632812,190.53329467773438
44,1,307.9638977050781,283.2187805175781,76.72109985351562,194.04153442382812
45,1,305.76605224609375,281.00823974609375,74.5589599609375,196.26467895507812
46,1,302.8614501953125,280.4371032714844,74.64517211914062,197.0816650390625
47,1,291.58892822265625,280.27587890625,82.52047729492188,196.84381103515625
48,1,275.60699462890625,280.317626953125,88.71206665039062,196.71652221679688
49,1,274.6124572753906,280.76708984375,88.68527221679688,196.28091430664062
50,1,272.9949951171875,278.3893737792969,88.73544311523438,198.56930541992188
50,2,709.0042114257812,174.04673767089844,24.71612548828125,83.94697570800781
51,1,274.1114807128906,275.5866394042969,84.22991943359375,202.20138549804688
52,1,271.9613952636719,273.7649841308594,82.04623413085938,204.05783081054688
53,1,268.0215759277344,271.2757263183594,78.88418579101562,206.32083129882812
54,1,261.7720947265625,266.9761962890625,74.03817749023438,208.0072021484375
55,1,255.47625732421875,263.27960205078125,68.3541259765625,209.6998291015625
56,1,248.56529235839844,261.0818176269531,64.44773864746094,211.376953125
57,1,243.27354431152344,260.7032470703125,66.31364440917969,211.53994750976562
57,2,700.0338745117188,219.90420532226562,20.667724609375,35.85111999511719
58,1,238.67970275878906,260.0278625488281,67.49049377441406,211.71243286132812
59,1,234.46058654785156,260.19287109375,68.68324279785156,211.48779296875
60,1,230.14230346679688,260.2704162597656,72.10818481445312,211.46868896484375
61,1,226.7822723388672,260.16943359375,74.81526184082031,210.2271728515625
62,1,224.3065948486328,258.2711181640625,76.60728454589844,209.61395263671875
63,1,222.0437774658203,255.59889221191406,74.41273498535156,210.0547637939453
64,1,218.57492065429688,254.51832580566406,70.97955322265625,208.5909881591797
65,1,216.4249725341797,252.1165771484375,66.49220275878906,208.49276733398438
66,1,214.97938537597656,249.2644500732422,63.34782409667969,204.53050231933594
67,1,212.62203979492188,245.26925659179688,62.84454345703125,200.10330200195312
68,1,211.59580993652344,243.10305786132812,60.69990539550781,196.45263671875
69,1,209.59312438964844,241.50823974609375,59.08351135253906,193.78314208984375
70,1,207.74765014648438,240.57327270507812,57.660369873046875,193.835205078125
71,1,204.0625762939453,240.31466674804688,59.61054992675781,194.50115966796875
71,2,664.2677612304688,160.05160522460938,22.2952880859375,92.59982299804688
72,1,190.94032287597656,241.7905731201172,72.29142761230469,192.5591278076172
73,1,188.1731414794922,241.53109741210938,75.48020935058594,192.0111083984375
74,1,188.82566833496094,241.5467071533203,74.24998474121094,189.68751525878906
75,1,187.94821166992188,240.1800994873047,71.71649169921875,189.67613220214844
76,1,183.9025421142578,239.0590362548828,72.09124755859375,187.11070251464844
77,1,179.4166717529297,238.06947326660156,71.9544677734375,182.61851501464844
78,1,174.87091064453125,234.9324951171875,69.90972900390625,178.63742065429688
79,1,170.30252075195312,232.54856872558594,67.79473876953125,178.23973083496094
80,1,164.9438018798828,230.6349639892578,64.34347534179688,178.5991973876953
81,1,162.2432098388672,229.41262817382812,60.81190490722656,179.40289306640625
82,1,159.57373046875,228.41259765625,61.57377624511719,180.31793212890625
83,1,157.117919921875,228.55715942382812,61.431396484375,179.91238403320312
84,1,155.4143524169922,228.88406372070312,60.8038330078125,179.81063842773438
85,1,153.36094665527344,229.6069793701172,59.96681213378906,178.65647888183594
86,1,151.6275177001953,229.11105346679688,60.22419738769531,178.47879028320312
87,1,149.17977905273438,227.80470275878906,60.67521667480469,178.8661346435547
88,1,147.57077026367188,227.07150268554688,59.71781921386719,177.8408203125
89,1,145.5567626953125,225.6481170654297,58.17109680175781,175.9449920654297
89,3,355.6054992675781,130.4364776611328,20.679656982421875,35.18592834472656
90,1,143.79371643066406,223.02279663085938,57.08073425292969,175.20541381835938
90,3,354.310302734375,129.99349975585938,21.051177978515625,30.4981689453125
91,1,141.32716369628906,221.11111450195312,56.70613098144531,171.38601684570312
92,1,138.94895935058594,220.29827880859375,56.79454040527344,168.58749389648438
93,1,136.9812469482422,217.63168334960938,55.737213134765625,167.67886352539062
94,1,135.69520568847656,216.73333740234375,53.86894226074219,166.72714233398438
95,1,134.88006591796875,216.48707580566406,52.85099792480469,166.3147735595703
95,3,347.0619201660156,131.80917358398438,20.58154296875,30.002029418945312
96,1,131.19549560546875,216.95907592773438,54.65869140625,166.00665283203125
97,1,128.60855102539062,218.591552734375,56.82426452636719,163.99017333984375
98,1,126.93489074707031,219.12139892578125,57.243316650390625,162.2103271484375
98,4,829.9437866210938,432.48760986328125,25.74298095703125,46.8218994140625
99,1,124.16637420654297,218.5465850830078,59.515602111816406,160.73304748535156
99,4,809.7239990234375,426.98260498046875,46.0467529296875,51.830108642578125
100,1,121.6037826538086,217.50413513183594,60.337867736816406,159.97804260253906
100,4,790.4419555664062,422.4002380371094,64.7318115234375,56.271240234375
101,1,118.83350372314453,216.30796813964844,60.321266174316406,158.0316619873047
101,4,769.8885498046875,417.7537536621094,67.944091796875,60.518218994140625
102,1,115.89078521728516,214.4139404296875,59.815635681152344,155.58218383789062
102,4,750.9996337890625,412.96002197265625,70.1932373046875,65.29666137695312
103,1,112.80491638183594,212.42941284179688,57.372406005859375,154.13442993164062
103,4,731.4187622070312,408.52783203125,71.34515380859375,69.41433715820312
104,1,110.74942016601562,211.17515563964844,54.631072998046875,153.32252502441406
104,4,711.2460327148438,404.1662902832031,72.78289794921875,74.00064086914062
105,1,106.69023895263672,209.2439422607422,54.03839874267578,155.14308166503906
105,4,689.70166015625,399.65447998046875,77.050537109375,78.8795166015625
106,1,103.8138656616211,207.98971557617188,56.62915802001953,156.38839721679688
106,4,666.8837890625,396.4715576171875,80.9552001953125,81.9112548828125
107,1,100.57331085205078,208.48825073242188,59.73882293701172,155.20352172851562
107,4,645.0233154296875,392.3721923828125,82.5623779296875,86.251953125
108,1,99.12408447265625,209.11996459960938,60.2735595703125,154.28622436523438
108,4,626.3106079101562,388.7305908203125,82.7132568359375,90.06246948242188
109,1,97.74996185302734,210.0550537109375,60.825889587402344,153.27279663085938
109,4,595.2929077148438,384.2644958496094,98.50091552734375,93.966552734375
110,1,95.90455627441406,209.8221435546875,61.025909423828125,152.84780883789062
110,4,567.9511108398438,381.00286865234375,107.2615966796875,97.54592895507812
111,1,93.569580078125,209.74085998535156,61.63104248046875,152.29942321777344
111,4,542.7179565429688,376.7670593261719,116.0784912109375,101.69540405273438
112,1,91.51216125488281,208.6431427001953,60.63200378417969,152.7749481201172
112,4,523.0972290039062,372.8138122558594,117.77325439453125,105.83731079101562
113,1,89.83507537841797,207.97084045410156,56.448280334472656,151.28770446777344
113,4,506.1554870605469,369.3551330566406,118.08175659179688,108.77081298828125
114,1,88.21602630615234,206.34967041015625,54.49976348876953,149.04150390625
114,4,484.0922546386719,365.8778381347656,120.75973510742188,112.3712158203125
115,1,87.45441436767578,204.37759399414062,50.546531677246094,149.239013671875
115,4,461.50335693359375,361.14031982421875,127.1290283203125,117.22775268554688
116,1,85.46916961669922,202.29046630859375,48.169517517089844,147.66384887695312
116,4,439.6763916015625,358.0592041015625,132.19287109375,120.07794189453125
117,1,84.78203582763672,200.72576904296875,46.624473571777344,145.92745971679688
117,4,413.9735412597656,354.220458984375,140.53622436523438,124.07354736328125
118,1,83.39543151855469,200.04063415527344,46.49530029296875,144.97642517089844
118,4,393.9021911621094,351.4452819824219,142.89950561523438,126.56927490234375
119,1,82.11488342285156,199.437744140625,46.55906677246094,144.81869506835938
119,4,376.49957275390625,348.1125183105469,143.10760498046875,130.10037231445312
120,1,79.45732879638672,199.19346618652344,47.69999694824219,145.20799255371094
120,4,340.29998779296875,340.9066162109375,145.03033447265625,137.21661376953125
121,1,77.13611602783203,201.10182189941406,50.00372314453125,142.4070587158203
121,4,323.1854248046875,336.8741760253906,144.9127197265625,141.14120483398438
122,1,75.22038269042969,201.63491821289062,50.59077453613281,140.8514404296875
122,4,310.97393798828125,334.15618896484375,141.161865234375,143.4947509765625
123,1,73.28633880615234,201.51425170898438,51.97064208984375,140.1151123046875
123,4,297.38458251953125,330.9400329589844,138.971435546875,146.7890625
124,1,70.74210357666016,201.33360290527344,53.17695617675781,138.88426208496094
124,4,287.2699279785156,326.3606262207031,133.78890991210938,150.76043701171875
125,1,67.75814819335938,200.81036376953125,54.50164031982422,137.1019287109375
125,4,270.21246337890625,324.3622741699219,136.40414428710938,152.36911010742188
126,1,65.05128479003906,199.30404663085938,53.284820556640625,136.1800537109375
126,4,255.77626037597656,319.7398681640625,135.2930450439453,157.48638916015625
127,1,63.00577926635742,197.61375427246094,51.1402702331543,134.80772399902344
127,4,246.40921020507812,315.784912109375,130.08303833007812,161.03170776367188
128,1,59.951385498046875,196.2334442138672,48.906219482421875,135.0517120361328
128,4,231.25791931152344,313.1547546386719,130.81544494628906,164.057373046875
129,1,56.956512451171875,195.39930725097656,45.614845275878906,135.6808319091797
129,4,220.58531188964844,309.8735046386719,127.33500671386719,167.70361328125
130,1,54.62544631958008,195.14837646484375,46.198116302490234,135.81512451171875
130,4,214.05381774902344,306.8368835449219,120.41056823730469,171.14907836914062
131,1,52.687252044677734,194.97288513183594,47.83562088012695,135.66014099121094
131,4,204.22323608398438,304.2183837890625,116.31427001953125,174.73947143554688
132,1,50.16502380371094,195.0577850341797,49.87806701660156,135.76280212402344
132,4,194.6461639404297,301.213623046875,113.08500671386719,177.18258666992188
133,1,48.373268127441406,195.07351684570312,51.72625732421875,135.17727661132812
133,4,182.5025177001953,298.1846923828125,113.26835632324219,180.21646118164062
134,4,172.10409545898438,295.134765625,111.17926025390625,182.9814453125
134,1,47.35573959350586,195.57687377929688,51.401790618896484,134.35372924804688
135,1,44.99890899658203,195.96817016601562,53.05890655517578,134.10513305664062
135,4,161.50880432128906,292.0932312011719,109.33329772949219,186.61883544921875
136,1,43.42271041870117,194.54867553710938,53.145999908447266,134.45806884765625
136,4,150.91419982910156,289.9123840332031,108.43562316894531,187.98300170898438
137,1,42.216552734375,193.6360321044922,51.449920654296875,133.74205017089844
137,4,141.24636840820312,286.2940979003906,106.8529052734375,192.00308227539062
138,1,40.63065719604492,193.20623779296875,50.38595199584961,132.3638916015625
138,4,132.04481506347656,284.37957763671875,105.64524841308594,191.95413208007812
139,1,39.02797317504883,192.15098571777344,49.16752243041992,131.8826446533203
139,4,123.38522338867188,282.1195068359375,103.81184387207031,191.58181762695312
140,1,37.981266021728516,191.08047485351562,46.63174057006836,130.22927856445312
140,4,115.96643829345703,279.6120910644531,101.28722381591797,196.51315307617188
141,1,37.36207580566406,189.6273956298828,43.417808532714844,129.0688934326172
141,4,109.62992858886719,277.667724609375,98.75479125976562,196.21340942382812
142,1,36.75798797607422,188.8143310546875,42.39415740966797,128.22164916992188
142,4,101.69806671142578,276.0553283691406,97.19979095458984,192.36489868164062
143,1,35.777244567871094,188.86245727539062,41.50941467285156,127.2291259765625
143,4,95.78987121582031,273.2958984375,95.16300964355469,188.8970947265625
144,1,33.92673873901367,189.59933471679688,41.84731674194336,126.6123046875
144,4,82.6551284790039,268.8096618652344,90.44623565673828,176.78564453125
145,1,33.17032241821289,190.2069854736328,41.76808547973633,125.96321105957031
145,4,80.37543487548828,266.0747985839844,85.29424285888672,170.0699462890625
146,1,31.691770553588867,190.50228881835938,42.85540199279785,125.48379516601562
146,4,73.2827377319336,264.1502380371094,84.8675308227539,165.57980346679688
147,1,30.415542602539062,190.4170379638672,43.52600860595703,124.57371520996094
147,4,68.9088134765625,261.931396484375,82.08706665039062,162.6536865234375
148,1,28.510021209716797,189.9563751220703,44.73598861694336,123.89598083496094
148,4,64.44264221191406,260.67047119140625,79.88615417480469,155.84194946289062
148,2,647.6014404296875,162.5435333251953,32.99951171875,57.71405029296875
149,1,25.696022033691406,189.2444610595703,45.116668701171875,122.08100891113281
149,4,60.83554458618164,257.26959228515625,76.20011520385742,150.6663818359375
150,1,23.633167266845703,188.33714294433594,44.29195022583008,120.49800109863281
150,4,56.90126419067383,255.45986938476562,73.44091415405273,147.5665283203125
151,1,21.660367965698242,186.72251892089844,44.07035255432129,120.65693664550781
151,4,51.81064224243164,252.9412078857422,72.91559219360352,143.6325225830078
152,1,19.618677139282227,185.83883666992188,41.26519966125488,120.00994873046875
152,4,48.932132720947266,250.08058166503906,69.95479202270508,142.53758239746094
153,1,16.95168685913086,184.69300842285156,41.75293731689453,120.28953552246094
153,4,46.621917724609375,249.29273986816406,67.8897933959961,140.39134216308594
154,1,15.084566116333008,184.67344665527344,41.462881088256836,118.92427062988281
154,4,41.278316497802734,247.1836395263672,68.75275039672852,139.9888153076172
155,1,12.807974815368652,184.2548828125,43.98534870147705,119.22061157226562
155,4,38.14582061767578,244.49435424804688,66.95914459228516,138.64456176757812
156,1,11.020359992980957,184.6714630126953,45.415133476257324,117.32017517089844
156,4,35.599693298339844,244.2412872314453,65.25223541259766,135.45835876464844
157,1,9.323734283447266,185.15184020996094,46.21593475341797,113.06471252441406
157,4,33.14313888549805,242.9587860107422,64.5717658996582,133.9762420654297
158,4,31.06913948059082,241.1204376220703,63.19539451599121,136.4185028076172
158,1,9.423073768615723,185.25131225585938,44.552409172058105,112.6826171875
159,1,8.05462646484375,185.18260192871094,44.968570709228516,117.70283508300781
159,4,33.68211364746094,239.90574645996094,57.84600830078125,137.75013732910156
160,1,7.309950828552246,184.59437561035156,44.21036624908447,114.63240051269531
160,4,32.010398864746094,239.00083923339844,54.44109344482422,131.71693420410156
161,1,6.448265552520752,184.10292053222656,42.27247953414917,113.18867492675781
161,4,27.295629501342773,236.53512573242188,56.72513771057129,127.69927978515625
162,4,25.201011657714844,234.30784606933594,59.26921081542969,129.6776885986328
162,1,5.971100330352783,183.1340789794922,41.19194746017456,109.55986022949219
163,4,21.2794189453125,233.01675415039062,60.59919738769531,127.65707397460938
163,1,6.173541069030762,181.81431579589844,39.3533411026001,108.00779724121094
164,4,20.01947784423828,232.23316955566406,59.49864196777344,128.39991760253906
164,1,5.154062271118164,180.8999481201172,38.65970802307129,105.58247375488281
165,4,18.739368438720703,231.94573974609375,55.608158111572266,124.74346923828125
165,1,4.435604572296143,179.23684692382812,38.74415159225464,106.75579833984375
166,4,16.076040267944336,230.54177856445312,56.93520545959473,125.35256958007812
166,1,3.2309670448303223,178.92137145996094,38.48496389389038,106.53584289550781
167,4,16.2545108795166,229.20997619628906,53.250356674194336,124.96681213378906
167,1,2.275822639465332,178.48924255371094,38.52357769012451,109.26234436035156
168,4,9.019569396972656,227.39344787597656,55.74231719970703,120.49504089355469
168,1,0.4610348343849182,180.69459533691406,38.375631272792816,100.31919860839844
169,4,10.14882755279541,224.40748596191406,51.9458646774292,122.16893005371094
169,1,0.4530218839645386,180.66055297851562,36.75741970539093,100.11026000976562
170,4,8.72214412689209,224.58633422851562,49.47577381134033,122.72808837890625
170,1,0.1699235439300537,180.88943481445312,35.20184922218323,96.83474731445312
171,4,6.4962921142578125,222.00466918945312,49.057594299316406,123.1829833984375
171,1,0.17513667047023773,180.5719451904297,33.70824421942234,91.93403625488281
172,4,5.464179039001465,220.08062744140625,46.697171211242676,123.9110107421875
172,1,0.23830266296863556,180.14381408691406,30.930398508906364,68.46833801269531
173,4,3.0061864852905273,218.87191772460938,47.00147724151611,123.82443237304688
173,1,0.1534346491098404,179.537353515625,29.566518887877464,66.40118408203125
174,4,1.2988615036010742,217.7032012939453,47.737019538879395,121.50917053222656
174,1,0.07613822817802429,177.58738708496094,27.853278428316116,69.68049621582031
175,4,0.6336318850517273,216.7402801513672,45.84293442964554,120.39955139160156
175,1,0.0,177.3235626220703,26.495424270629883,62.112152099609375
176,4,0.36947277188301086,216.10499572753906,42.90594455599785,118.80134582519531
176,1,0.0,176.17138671875,25.155820846557617,63.74946594238281
177,4,0.16404075920581818,213.4911651611328,41.11496238410473,120.20292663574219
177,1,0.0,176.11917114257812,23.789342880249023,59.64826965332031
178,4,0.17923115193843842,212.6332550048828,37.683001056313515,119.76744079589844
178,1,0.0,175.64556884765625,22.996417999267578,55.05717468261719
179,4,0.2741146981716156,210.96791076660156,36.30165281891823,117.01808166503906
179,1,0.0,175.5853729248047,23.057058334350586,53.394012451171875
180,4,0.09295238554477692,209.4090118408203,32.45531879365444,116.57615661621094
180,1,0.023170175030827522,175.6989288330078,22.77978735975921,52.04527282714844
181,4,0.0,206.6351318359375,29.385887145996094,116.66397094726562
181,1,0.01924661546945572,176.58155822753906,22.610752545297146,51.71363830566406
182,4,0.0,203.35372924804688,26.31692123413086,113.33169555664062
182,1,0.0,177.2877197265625,21.909597396850586,50.81697082519531
183,4,0.029907574877142906,177.83494567871094,25.02857173420489,130.1758270263672
184,4,0.0,177.97633361816406,24.792823791503906,127.74757385253906
184,1,0.0,177.1009979248047,22.200428009033203,55.17364501953125
185,4,0.0,178.3458709716797,24.085277557373047,127.96995544433594
185,1,0.07393218576908112,176.2152557373047,20.695557102560997,52.72969055175781
186,4,0.0,176.38186645507812,22.45119857788086,128.05743408203125
187,4,0.0,175.12440490722656,21.477840423583984,124.57249450683594
188,4,0.0,183.42984008789062,21.872617721557617,142.184326171875
189,4,0.049085311591625214,180.37806701660156,20.460504837334156,133.4773712158203
190,4,0.0013565362896770239,187.11830139160156,15.319901054957882,88.88380432128906
191,4,0.0,185.45068359375,14.734684944152832,111.16497802734375
192,5,49.19385528564453,126.41387939453125,19.462478637695312,48.93916320800781
192,4,0.04815671965479851,187.77923583984375,13.856308002024889,86.81643676757812
193,4,0.10486911982297897,188.70896911621094,12.934098966419697,87.30473327636719
193,5,52.5194091796875,126.47710418701172,17.62152099609375,48.057395935058594
194,4,0.004513496533036232,188.72637939453125,12.26737237535417,85.92813110351562
195,4,0.0,187.9418487548828,11.955292701721191,86.00520324707031
195,5,56.51030731201172,127.5833511352539,14.071334838867188,43.431175231933594
196,4,0.0,188.3310546875,11.231675148010254,85.08349609375
196,5,56.269588470458984,127.2086181640625,15.046321868896484,44.26188659667969
197,5,57.10327911376953,127.85415649414062,14.908279418945312,47.66754150390625
198,5,57.86901092529297,127.34453582763672,15.298187255859375,53.10041046142578
203,5,59.56598663330078,131.2974395751953,14.336982727050781,45.704681396484375
204,5,59.82935333251953,131.0762176513672,13.264129638671875,42.88465881347656
205,5,59.965091705322266,129.9901885986328,13.911357879638672,44.95539855957031
221,1,0.0,139.2562713623047,10.57003402709961,55.215179443359375
222,1,0.0,139.38043212890625,10.641009330749512,54.497039794921875
223,1,0.0,140.33456420898438,10.723855972290039,54.32929992675781
224,1,0.0,139.85400390625,11.017960548400879,55.93382263183594
225,1,0.0,139.82101440429688,11.874563217163086,55.428985595703125
226,1,0.0,139.92596435546875,13.079461097717285,55.65193176269531
227,1,0.0,140.06651306152344,13.811299324035645,55.62846374511719
228,1,0.0,139.58425903320312,15.116827011108398,55.68077087402344
229,1,0.004898709245026112,140.26121520996094,15.067225771956146,55.78053283691406
230,1,0.029081663116812706,139.82870483398438,15.587320009246469,57.08821105957031
231,1,0.09897102415561676,139.48329162597656,15.923560485243797,56.515228271484375
231,6,321.0679931640625,131.23681640625,17.252716064453125,42.09197998046875
232,1,0.07580467313528061,138.64479064941406,17.141680754721165,57.607421875
232,6,319.8099060058594,129.63739013671875,17.896392822265625,42.270782470703125
233,1,0.1389719396829605,137.40252685546875,18.292868956923485,58.45721435546875
233,6,319.73736572265625,131.15823364257812,17.130767822265625,42.28141784667969
234,1,0.24463380873203278,136.3164520263672,17.64335523545742,59.669830322265625
234,6,319.01593017578125,131.07737731933594,15.774505615234375,41.91618347167969
235,1,0.5905575752258301,135.37168884277344,18.71282720565796,60.8438720703125
236,1,0.9608128666877747,135.4020233154297,21.145823180675507,60.973724365234375
237,1,1.6159695386886597,136.3826446533203,21.94094955921173,60.12434387207031
238,1,2.4636547565460205,136.8330841064453,24.102307081222534,60.176666259765625
239,1,4.007462024688721,136.52359008789062,24.086373805999756,60.79603576660156
240,1,5.72198486328125,139.06153869628906,22.687524795532227,58.82341003417969
241,1,6.567531108856201,139.0426788330078,21.881887912750244,59.100006103515625
242,1,7.439790725708008,139.17068481445312,21.538938522338867,58.994781494140625
243,1,8.132184028625488,138.2755126953125,20.331135749816895,59.61811828613281
244,1,8.103049278259277,137.38336181640625,20.621161460876465,60.5546875
245,1,9.162304878234863,137.61468505859375,20.292363166809082,60.44581604003906
246,1,10.174033164978027,138.14891052246094,20.87655735015869,60.2786865234375
247,1,11.159564971923828,136.2763671875,21.508277893066406,62.22166442871094
248,1,12.142099380493164,137.6177215576172,21.938783645629883,61.60411071777344
249,1,13.179963111877441,137.13723754882812,21.065436363220215,62.14387512207031
250,1,14.209369659423828,137.3194122314453,20.80046844482422,62.29689025878906
251,1,15.016250610351562,137.74745178222656,21.536659240722656,61.92759704589844
252,1,16.287628173828125,137.83319091796875,21.545307159423828,62.41545104980469
253,1,17.02273178100586,137.95382690429688,21.01312255859375,62.78114318847656
254,1,18.41824722290039,138.11082458496094,18.99884796142578,62.43412780761719
255,1,19.345739364624023,138.43789672851562,18.860464096069336,62.154022216796875
256,1,20.140840530395508,137.95831298828125,19.41408348083496,62.80863952636719
257,1,20.51445770263672,137.4888916015625,19.48690414428711,63.67301940917969
258,1,21.767410278320312,136.85040283203125,19.251319885253906,63.77214050292969
259,1,23.024391174316406,136.82130432128906,19.355525970458984,64.0450439453125
260,1,23.396907806396484,136.95462036132812,20.645431518554688,64.20339965820312
261,1,24.59324836730957,137.1563720703125,23.482797622680664,64.01026916503906
262,1,25.457416534423828,137.3588409423828,24.253368377685547,64.1431884765625
263,1,26.980798721313477,138.4977569580078,26.121488571166992,63.28318786621094
264,1,28.731613159179688,138.76412963867188,26.749099731445312,64.36430358886719
