0,1,353.0168762207031,216.01063537597656,93.0306396484375,203.62611389160156
0,2,565.5259399414062,212.75918579101562,44.88214111328125,155.01849365234375
0,3,811.6395263671875,236.7891845703125,43.92852783203125,166.87893676757812
0,4,674.3956298828125,236.79515075683594,36.01275634765625,67.86869812011719
1,1,348.80206298828125,213.37818908691406,89.48611450195312,202.21543884277344
1,2,554.9740600585938,213.9923553466797,51.1292724609375,152.7447052001953
1,3,812.2091674804688,234.83470153808594,43.30303955078125,168.52671813964844
2,1,344.9546203613281,210.66293334960938,81.04397583007812,202.77578735351562
2,2,538.6995239257812,213.8629913330078,66.09063720703125,152.35874938964844
2,3,812.5501708984375,233.40078735351562,42.79412841796875,169.11282348632812
3,1,337.4609375,212.22396850585938,77.42327880859375,198.66073608398438
3,3,804.7060546875,232.26808166503906,49.72802734375,169.4604034423828
3,2,527.2315063476562,213.08998107910156,77.99127197265625,153.3390350341797
4,1,332.9502868652344,213.4076690673828,75.53497314453125,197.6145477294922
4,2,520.5691528320312,214.257080078125,83.43756103515625,151.62667846679688
4,3,793.8110961914062,232.79844665527344,59.62750244140625,168.0800323486328
5,1,328.9422607421875,210.5336151123047,74.19564819335938,199.25978088378906
5,3,778.5607299804688,231.5957794189453,67.62554931640625,169.6974639892578
5,2,519.0934448242188,213.28173828125,84.1368408203125,151.00955200195312
6,1,325.6810607910156,209.119140625,73.02304077148438,200.80987548828125
6,2,518.196044921875,212.81394958496094,83.6427001953125,149.7566680908203
6,3,769.2366943359375,232.14695739746094,75.6126708984375,169.12693786621094
6,4,662.64013671875,173.86566162109375,26.31121826171875,92.026123046875
7,2,518.1691284179688,213.18260192871094,78.61553955078125,148.98240661621094
7,1,322.4466552734375,209.63909912109375,72.51730346679688,200.06161499023438
7,3,762.9417724609375,231.84042358398438,77.02301025390625,169.78460693359375
8,1,319.786376953125,211.81137084960938,72.56729125976562,198.70327758789062
8,2,518.2693481445312,210.24453735351562,71.5626220703125,150.6201171875
8,3,762.8831176757812,232.12046813964844,75.723388671875,168.78248596191406
9,1,318.246337890625,212.3878631591797,72.17706298828125,197.5044403076172
9,2,518.9540405273438,209.3686981201172,62.21173095703125,147.34815979003906
9,3,763.0782470703125,231.5994873046875,71.79302978515625,167.59127807617188
10,1,315.5907897949219,212.59185791015625,74.03414916992188,196.90426635742188
10,2,519.241943359375,208.40609741210938,50.46527099609375,145.43609619140625
10,3,762.09912109375,230.73545837402344,66.14501953125,168.1001434326172
11,1,313.6620178222656,213.31881713867188,75.93618774414062,195.43179321289062
11,2,521.070068359375,206.3439483642578,36.551025390625,144.7288360595703
11,3,760.60205078125,229.81967163085938,62.39276123046875,166.9664306640625
12,1,311.6490478515625,212.02471923828125,74.73373413085938,195.45199584960938
12,2,518.942626953125,204.55459594726562,33.9329833984375,145.70578002929688
12,3,758.02294921875,228.40475463867188,62.39801025390625,166.51950073242188
13,1,310.7516784667969,207.15830993652344,70.31109619140625,199.3379669189453
13,2,511.3523254394531,205.1107635498047,38.095306396484375,149.08018493652344
13,3,755.7950439453125,227.38861083984375,64.40936279296875,165.83822631835938
14,2,501.4891357421875,205.27740478515625,44.8402099609375,147.9456787109375
14,1,310.5966491699219,206.0517578125,61.393890380859375,198.03985595703125
14,3,754.7573852539062,226.7799072265625,63.44915771484375,165.03634643554688
15,2,491.90228271484375,206.19728088378906,59.1513671875,146.9302215576172
15,1,307.6961975097656,205.8452911376953,57.176025390625,197.24156188964844
15,3,744.786865234375,226.25045776367188,71.541748046875,164.20458984375
16,2,485.2866516113281,206.3876190185547,67.99533081054688,145.5930633544922
16,1,302.89215087890625,203.21632385253906,55.584564208984375,196.1371612548828
16,3,734.33544921875,226.0545196533203,78.3389892578125,163.9451141357422
17,2,482.4541320800781,206.39248657226562,67.90237426757812,145.44989013671875
17,1,300.8902893066406,200.43927001953125,52.916534423828125,193.1024169921875
17,3,726.9492797851562,226.2145538330078,83.529052734375,163.8008575439453
18,2,479.62384033203125,204.6544952392578,65.209228515625,146.88279724121094
18,1,297.1074523925781,200.30015563964844,54.06964111328125,189.4999237060547
18,3,724.81201171875,226.18453979492188,84.416748046875,163.681396484375
19,2,478.46966552734375,203.6121826171875,61.2115478515625,147.12765502929688
19,1,292.48291015625,200.05908203125,56.22064208984375,187.18911743164062
19,3,724.7543334960938,226.8179473876953,82.49383544921875,163.55921936035156
20,2,478.56103515625,201.6531219482422,54.42034912109375,146.91685485839844
20,1,286.18023681640625,199.71560668945312,59.40869140625,185.68170166015625
20,3,725.2073974609375,227.05345153808594,78.67401123046875,164.3188934326172
21,2,478.07537841796875,200.17984008789062,46.5517578125,144.0311279296875
21,1,275.1082763671875,199.65834045410156,67.54684448242188,186.4752655029297
21,3,725.009521484375,227.2881622314453,75.9879150390625,164.3003692626953
22,1,265.1167297363281,199.02322387695312,73.83779907226562,187.5994873046875
22,2,478.8186340332031,198.62725830078125,36.902618408203125,140.15643310546875
22,3,724.294677734375,227.39146423339844,74.26995849609375,164.03269958496094
23,3,724.22607421875,226.66018676757812,71.95953369140625,165.06219482421875
23,1,258.6702880859375,201.74172973632812,77.91537475585938,184.3021240234375
23,2,473.134033203125,198.22463989257812,38.583770751953125,139.52618408203125
24,3,724.2691040039062,225.78236389160156,69.07867431640625,166.40260314941406
24,1,256.8753356933594,200.28855895996094,78.89324951171875,185.09483337402344
24,2,469.4011535644531,196.72120666503906,37.698638916015625,139.92396545410156
25,3,724.0211181640625,225.32630920410156,68.459228515625,167.06285095214844
25,1,257.6670227050781,201.44911193847656,77.88949584960938,182.22117614746094
25,2,463.8868103027344,197.72564697265625,40.064605712890625,137.8984375
26,3,723.7030029296875,225.48019409179688,68.7418212890625,168.53167724609375
26,2,456.2419738769531,195.59837341308594,44.60308837890625,139.37083435058594
26,1,256.9393615722656,200.00808715820312,77.39773559570312,181.00726318359375
26,5,598.6285400390625,188.05613708496094,43.82855224609375,66.88299560546875
27,3,723.714599609375,225.77120971679688,68.21099853515625,169.9395751953125
27,2,443.883544921875,196.90223693847656,55.096282958984375,137.55723571777344
27,1,252.80784606933594,199.75770568847656,79.07499694824219,180.37208557128906
27,5,598.8231201171875,195.78884887695312,38.421142578125,59.04481506347656
28,3,723.3807983398438,225.83950805664062,67.855224609375,170.54672241210938
28,2,433.8934631347656,193.4372100830078,64.25527954101562,141.10191345214844
28,1,248.20188903808594,199.4021453857422,80.02696228027344,179.8390655517578
29,3,723.30517578125,225.8009796142578,67.05718994140625,171.9132843017578
29,2,428.24371337890625,192.46600341796875,69.40869140625,141.83084106445312
29,1,243.1690673828125,197.6180419921875,82.13433837890625,179.12689208984375
29,6,367.2659912109375,149.48135375976562,19.26556396484375,85.5926513671875
30,3,723.8328857421875,226.47340393066406,65.12359619140625,172.3721466064453
30,1,240.46258544921875,195.96029663085938,78.50704956054688,176.55862426757812
30,2,427.6827087402344,192.25564575195312,69.82464599609375,141.59475708007812
30,6,368.0008239746094,151.12351989746094,19.031951904296875,84.15910339355469
31,3,724.3614501953125,227.0711669921875,63.8311767578125,173.44805908203125
31,1,239.83238220214844,194.8628387451172,71.54173278808594,174.6173553466797
31,2,428.1377868652344,194.62501525878906,69.26568603515625,138.10865783691406
31,6,368.326904296875,152.12364196777344,18.71832275390625,84.19200134277344
31,7,822.3056030273438,419.9838562011719,33.29217529296875,59.154571533203125
32,3,723.9508056640625,227.2470703125,63.36212158203125,173.89633178710938
32,1,234.41966247558594,194.07278442382812,68.56880187988281,173.79248046875
32,2,427.9217834472656,196.89312744140625,67.1845703125,134.924560546875
32,6,368.0820007324219,152.82135009765625,18.654632568359375,84.084228515625
32,7,808.808837890625,420.6242370605469,46.6832275390625,58.13421630859375
33,1,231.7296905517578,193.36183166503906,65.86976623535156,174.97438049316406
33,3,723.8094482421875,227.29464721679688,63.33154296875,174.23468017578125
33,2,428.0700378417969,195.6540069580078,64.39175415039062,134.06666564941406
33,6,367.2713317871094,153.17657470703125,18.443450927734375,83.32939147949219
33,7,791.1372680664062,419.3830871582031,62.80291748046875,59.225860595703125
34,1,228.64877319335938,192.8870391845703,66.53076171875,175.2954559326172
34,3,724.1713256835938,227.85243225097656,62.68927001953125,173.93882751464844
34,2,427.909423828125,195.35440063476562,57.361785888671875,130.00350952148438
34,6,366.8562316894531,152.4544219970703,18.7457275390625,83.55575561523438
34,7,775.6364135742188,417.3887634277344,64.98040771484375,61.453094482421875
35,1,225.99395751953125,191.9213104248047,68.912353515625,176.7052764892578
35,3,723.9436645507812,228.26809692382812,61.93035888671875,173.60134887695312
35,2,427.88092041015625,192.3816375732422,51.5491943359375,131.5462188720703
35,6,365.0466003417969,151.20252990722656,20.2978515625,86.1246337890625
35,7,765.7569580078125,414.9515686035156,61.0869140625,63.655487060546875
35,8,717.6270751953125,458.79852294921875,46.6378173828125,19.915557861328125
36,1,222.94056701660156,192.52687072753906,71.39866638183594,175.61570739746094
36,3,724.262939453125,229.1199951171875,60.76727294921875,172.8128662109375
36,2,428.32525634765625,190.4067840576172,43.650146484375,132.55262756347656
36,6,362.7554016113281,151.15206909179688,23.136199951171875,86.25283813476562
36,7,701.7054443359375,411.04736328125,114.07147216796875,67.87747192382812
36,8,701.5504150390625,455.38134765625,50.54547119140625,23.59490966796875
37,1,221.25375366210938,192.77772521972656,73.48992919921875,175.2549285888672
37,3,724.435791015625,230.4951934814453,60.7315673828125,171.43043518066406
37,2,423.7284240722656,190.6162872314453,39.650054931640625,132.1534881591797
37,6,363.2850341796875,150.84860229492188,21.848663330078125,86.54835510253906
37,7,684.054443359375,406.306884765625,122.294189453125,72.65560913085938
38,1,217.06602478027344,192.6919708251953,76.54914855957031,175.04151916503906
38,3,724.2999877929688,231.83413696289062,61.03094482421875,170.10061645507812
38,2,416.4651794433594,189.32958984375,45.770050048828125,131.47470092773438
38,6,362.640869140625,150.9635772705078,21.895172119140625,85.77484130859375
38,7,729.4561767578125,401.30865478515625,67.61822509765625,77.28128051757812
39,1,213.42405700683594,192.8593292236328,77.33799743652344,174.59278869628906
39,3,723.8095703125,232.67471313476562,62.3526611328125,168.49014282226562
39,2,410.83233642578125,188.70437622070312,53.265777587890625,133.01611328125
39,6,361.39373779296875,150.80905151367188,23.914337158203125,87.38429260253906
39,7,717.0859985351562,394.2075500488281,72.81768798828125,84.35580444335938
39,8,651.2889404296875,443.4861755371094,60.90264892578125,35.3555908203125
40,1,211.4092559814453,194.28768920898438,75.42115783691406,171.64498901367188
40,2,404.6358337402344,189.71322631835938,59.4676513671875,132.24749755859375
40,3,722.9744873046875,233.16555786132812,63.73516845703125,159.00778198242188
40,6,359.0865173339844,151.18582153320312,26.509521484375,88.61717224121094
40,7,705.908935546875,391.46307373046875,75.36224365234375,87.26901245117188
40,8,639.76513671875,438.6785583496094,60.0906982421875,40.371307373046875
41,1,209.2313690185547,192.68934631347656,75.61750793457031,171.57347106933594
41,2,399.553466796875,190.69857788085938,64.2769775390625,131.04214477539062
41,3,721.8572387695312,233.43133544921875,65.185791015625,164.37628173828125
41,6,360.6004943847656,152.98037719726562,25.86572265625,90.12760925292969
41,7,693.9047241210938,387.61865234375,77.63494873046875,91.06961059570312
41,8,626.629638671875,434.7373962402344,60.19683837890625,44.28240966796875
42,1,207.37417602539062,191.84738159179688,73.65817260742188,171.54754638671875
42,2,397.33746337890625,190.95579528808594,65.93258666992188,130.8361053466797
42,3,720.9318237304688,233.4824676513672,66.55255126953125,167.3300018310547
42,6,360.6535949707031,153.578125,25.823760986328125,89.9306640625
42,7,679.9337768554688,385.9472351074219,80.344970703125,92.708984375
42,8,615.4231567382812,430.2536315917969,58.591796875,48.50299072265625
43,1,205.02322387695312,190.3758544921875,71.9537353515625,171.613037109375
43,2,394.6129455566406,191.61630249023438,67.36471557617188,129.7786865234375
43,3,718.7213745117188,233.49783325195312,68.565185546875,168.43515014648438
43,6,359.4156494140625,154.01536560058594,26.567779541015625,90.58575439453125
43,7,665.8916625976562,386.49090576171875,83.033203125,92.01165771484375
43,8,603.7582397460938,426.08770751953125,58.070068359375,52.56732177734375
44,1,203.14346313476562,189.2042999267578,67.1136474609375,169.73545837402344
44,2,393.69976806640625,191.30467224121094,64.62222290039062,129.88111877441406
44,3,717.41845703125,233.3968048095703,70.090576171875,169.7358856201172
44,6,357.2085266113281,154.6759033203125,28.99322509765625,88.79499816894531
44,7,654.4774169921875,385.4456787109375,82.4521484375,92.93304443359375
44,8,592.3010864257812,422.0545959472656,57.73095703125,56.82757568359375
45,1,199.89210510253906,187.44940185546875,65.06178283691406,167.50387573242188
45,2,393.9233703613281,188.97158813476562,60.58343505859375,131.16720581054688
45,3,715.2926635742188,233.3749542236328,72.103515625,169.9799041748047
45,6,358.9090270996094,155.0894317626953,26.5570068359375,88.21379089355469
45,7,642.80859375,384.0060729980469,82.31182861328125,94.08877563476562
45,8,580.1090087890625,418.1213684082031,65.37066650390625,60.558837890625
46,1,198.64248657226562,186.02972412109375,63.58612060546875,165.6484375
46,3,713.4396362304688,233.35986328125,73.945556640625,169.9349365234375
46,2,395.8875427246094,188.38116455078125,54.145965576171875,127.10247802734375
46,6,359.8824768066406,154.48634338378906,24.97003173828125,88.82485961914062
46,7,631.1264038085938,381.0410461425781,83.89630126953125,97.25668334960938
46,8,569.7765502929688,414.7388000488281,67.23590087890625,64.0706787109375
47,3,711.3759765625,233.37786865234375,75.83526611328125,169.761474609375
47,1,196.0483856201172,185.19200134277344,61.90095520019531,163.4345245361328
47,2,398.01763916015625,188.03631591796875,47.436431884765625,124.71197509765625
47,6,359.14239501953125,153.73699951171875,24.87176513671875,88.360107421875
47,7,620.5676879882812,377.13580322265625,82.93701171875,101.223876953125
47,8,557.9199829101562,410.87481689453125,70.34356689453125,67.8736572265625
48,3,706.1129760742188,233.51438903808594,80.9176025390625,169.1612091064453
48,1,191.6562957763672,185.25718688964844,60.0550537109375,161.49440002441406
48,2,398.92669677734375,186.58448791503906,39.262725830078125,125.08116149902344
48,6,356.2535705566406,154.0185546875,27.8212890625,80.60177612304688
48,7,596.4908447265625,369.14361572265625,86.16778564453125,108.94927978515625
48,8,536.1065063476562,403.45526123046875,74.43524169921875,74.6400146484375
49,3,703.18603515625,233.3291778564453,83.8699951171875,169.3983612060547
49,1,188.69203186035156,186.40701293945312,60.425994873046875,160.50650024414062
49,2,397.54107666015625,186.0575408935547,38.801971435546875,124.08750915527344
49,6,355.999755859375,153.77182006835938,28.2706298828125,88.39707946777344
49,7,588.4459228515625,364.802978515625,84.480224609375,112.96072387695312
49,8,525.4776000976562,399.0532531738281,74.29876708984375,78.81192016601562
50,3,700.8688354492188,233.11126708984375,85.83966064453125,169.46035766601562
50,1,185.07232666015625,186.63916015625,62.05253601074219,160.08383178710938
50,2,395.5431213378906,183.40835571289062,39.618377685546875,126.44818115234375
50,6,355.4462890625,153.90548706054688,28.97747802734375,91.64071655273438
50,7,579.4659423828125,360.80548095703125,86.35626220703125,117.5167236328125
50,8,513.7178344726562,395.7904052734375,75.9227294921875,82.48358154296875
51,3,698.0707397460938,232.83694458007812,88.5987548828125,169.62603759765625
51,2,393.5531921386719,183.9289093017578,39.141143798828125,125.82664489746094
51,1,181.85025024414062,187.6328582763672,64.65843200683594,158.9481658935547
51,6,355.4811706542969,153.7396697998047,28.494140625,93.9664306640625
51,7,571.6544189453125,355.7605285644531,86.92974853515625,122.16549682617188
51,8,504.43701171875,392.3043518066406,76.696044921875,85.8756103515625
52,3,697.7362060546875,232.45840454101562,88.54144287109375,170.05947875976562
52,1,178.89398193359375,187.508056640625,67.99601745605469,158.6016845703125
52,2,388.32904052734375,182.6676025390625,43.065643310546875,125.36279296875
52,6,355.135009765625,153.73765563964844,28.793548583984375,91.94790649414062
52,7,562.9550170898438,352.6542053222656,79.8564453125,125.10989379882812
52,8,493.5204772949219,389.3804626464844,76.28768920898438,88.86187744140625
53,3,696.7487182617188,232.3295135498047,89.040771484375,170.3377227783203
53,1,176.12860107421875,187.16244506835938,70.68173217773438,157.31900024414062
53,2,386.50439453125,182.26046752929688,43.5582275390625,125.9046630859375
53,6,354.7572021484375,154.74392700195312,30.14111328125,83.63626098632812
53,7,553.3038940429688,351.2529602050781,82.35162353515625,126.97525024414062
53,8,455.232421875,384.7209167480469,103.55780029296875,93.963134765625
54,3,695.4887084960938,231.7101287841797,89.7506103515625,171.17823791503906
54,2,385.9493103027344,184.52207946777344,42.3077392578125,123.93428039550781
54,1,173.21487426757812,186.72665405273438,71.96650695800781,156.42605590820312
54,6,353.6011657714844,154.79837036132812,31.2200927734375,102.10470581054688
54,7,543.5178833007812,350.5691223144531,91.20111083984375,127.07083129882812
54,8,445.4187927246094,382.6719970703125,107.89450073242188,95.67822265625
55,3,695.9478759765625,231.6009979248047,86.745849609375,171.5889129638672
55,1,168.9397430419922,185.98214721679688,73.77603149414062,155.87445068359375
55,2,387.345458984375,180.3629150390625,40.23406982421875,127.62762451171875
55,6,353.1800231933594,154.3880615234375,31.731597900390625,98.4781494140625
55,7,535.0525512695312,349.99200439453125,85.18408203125,127.93484497070312
55,8,436.83978271484375,379.9180603027344,107.12518310546875,98.5997314453125
56,3,695.9835815429688,230.6365966796875,84.8148193359375,173.14749145507812
56,1,166.95570373535156,185.2025146484375,74.28302001953125,154.59707641601562
56,2,386.1357727050781,182.90420532226562,39.029937744140625,124.466552734375
56,6,353.120361328125,154.9350128173828,30.493011474609375,100.7027587890625
56,7,524.9163208007812,350.0019226074219,89.7586669921875,127.30487060546875
56,8,432.0013427734375,376.7375183105469,106.229248046875,101.20516967773438
57,3,696.2830810546875,230.7674560546875,83.24713134765625,173.6627197265625
57,1,163.6938018798828,184.40921020507812,73.89756774902344,152.59771728515625
57,2,385.43505859375,181.6099853515625,38.051971435546875,123.53561401367188
57,6,352.2937927246094,156.8809356689453,31.8427734375,102.04478454589844
57,7,515.4003295898438,349.644287109375,74.38592529296875,128.03329467773438
57,8,423.06939697265625,373.76385498046875,104.4896240234375,104.05599975585938
58,3,696.1517333984375,231.49551391601562,81.74554443359375,173.86868286132812
58,1,161.7523956298828,182.82765197753906,70.72669982910156,151.33558654785156
58,2,383.2145080566406,182.1879425048828,38.6446533203125,119.94670104980469
58,6,351.70941162109375,157.12965393066406,33.54071044921875,101.54603576660156
58,7,504.7330017089844,349.0100402832031,84.87722778320312,128.44656372070312
58,8,414.7734375,370.9045104980469,103.15521240234375,107.074462890625
59,3,695.82861328125,232.22373962402344,80.42767333984375,173.6225128173828
59,1,158.41966247558594,181.90513610839844,67.33099365234375,151.59825134277344
59,2,381.232177734375,182.18002319335938,40.6578369140625,118.07208251953125
59,6,351.09112548828125,157.07115173339844,33.975799560546875,101.23109436035156
59,7,494.1089782714844,347.26556396484375,81.32058715820312,130.67474365234375
59,8,408.8428649902344,367.4991455078125,100.32540893554688,110.16879272460938
60,3,696.3636474609375,232.00753784179688,78.19952392578125,173.85079956054688
60,2,377.8379821777344,180.8649444580078,44.08917236328125,117.73890686035156
60,1,156.30726623535156,179.97125244140625,62.76806640625,153.0391845703125
60,6,350.9673156738281,156.8029327392578,33.02459716796875,99.93943786621094
60,7,483.8907165527344,344.3428039550781,88.57363891601562,133.03857421875
60,8,398.5670166015625,365.5040588378906,102.49282836914062,111.8973388671875
61,3,696.2315063476562,231.5990753173828,75.945068359375,174.88352966308594
61,2,375.0389099121094,180.5583038330078,47.881072998046875,116.70445251464844
61,1,153.8348388671875,177.0336151123047,61.453125,156.23036193847656
61,6,350.2935791015625,156.20225524902344,34.635833740234375,100.07151794433594
61,7,475.3380126953125,341.3336486816406,80.278076171875,136.69696044921875
61,8,393.9445495605469,362.4661865234375,98.95809936523438,115.14273071289062
62,3,696.19287109375,231.530517578125,73.18505859375,175.2840576171875
62,1,151.62466430664062,177.59161376953125,62.506622314453125,155.310791015625
62,2,372.4480285644531,178.11288452148438,50.78204345703125,119.11178588867188
62,6,349.19464111328125,156.57508850097656,36.103851318359375,94.35968017578125
62,7,465.1116027832031,336.8083801269531,88.13082885742188,140.93777465820312
62,8,385.15362548828125,359.8699035644531,100.38580322265625,117.72784423828125
63,1,149.28338623046875,178.6999969482422,62.41285705566406,154.00660705566406
63,3,696.4248046875,231.16229248046875,69.99505615234375,174.84820556640625
63,2,369.839111328125,178.05308532714844,53.005035400390625,118.85533142089844
63,6,344.2328796386719,156.09268188476562,41.61883544921875,95.005859375
63,7,455.2872009277344,333.00640869140625,80.81185913085938,144.7308349609375
63,8,378.4873962402344,357.1972351074219,99.60781860351562,120.44741821289062
64,1,146.92271423339844,178.35916137695312,65.9495849609375,154.38394165039062
64,3,696.4981689453125,231.26705932617188,67.4853515625,174.7677001953125
64,2,367.3985290527344,177.72642517089844,55.893096923828125,117.98805236816406
64,6,345.4103698730469,156.8972625732422,40.298248291015625,94.30790710449219
64,7,447.4157409667969,328.3257751464844,86.95761108398438,149.69338989257812
64,8,372.4465026855469,353.9192810058594,96.43267822265625,123.75784301757812
65,3,696.5414428710938,230.6850128173828,63.5103759765625,175.3578338623047
65,1,147.41329956054688,178.96719360351562,63.6334228515625,153.55413818359375
65,2,365.9378356933594,177.54586791992188,57.26007080078125,119.09786987304688
65,6,344.9129943847656,157.56361389160156,40.662567138671875,100.57133483886719
65,7,438.52801513671875,324.8690185546875,79.20697021484375,153.07125854492188
65,8,364.0323486328125,350.7395935058594,98.27410888671875,127.25411987304688
66,1,144.92320251464844,179.58645629882812,66.15943908691406,152.32809448242188
66,3,696.4066772460938,229.57281494140625,60.1148681640625,176.74349975585938
66,2,364.23138427734375,177.78768920898438,58.748626708984375,119.6669921875
66,6,344.5601501464844,159.40655517578125,40.079132080078125,96.14016723632812
66,7,431.5221862792969,322.34527587890625,80.26461791992188,154.936279296875
66,8,359.54583740234375,348.35308837890625,95.06146240234375,129.04632568359375
67,1,143.7676544189453,179.58706665039062,63.748809814453125,151.742919921875
67,3,694.90673828125,229.28848266601562,59.18255615234375,177.48800659179688
67,2,362.3458251953125,177.4417266845703,59.526580810546875,117.30329895019531
67,8,326.4552307128906,344.8037414550781,120.18212890625,132.12841796875
67,7,422.9990539550781,321.432861328125,80.8905029296875,156.46807861328125
68,1,142.60992431640625,179.33502197265625,64.04086303710938,151.33041381835938
68,3,691.1597290039062,230.42576599121094,59.69732666015625,176.2487030029297
68,2,362.0716247558594,177.5721435546875,59.140533447265625,117.590576171875
68,8,320.0533447265625,343.2268981933594,119.2357177734375,134.44415283203125
68,7,415.4975891113281,320.94464111328125,79.83822631835938,156.70407104492188
69,1,142.5301055908203,177.1720733642578,61.00611877441406,152.39366149902344
69,2,361.963134765625,177.67955017089844,58.3468017578125,119.12620544433594
69,3,689.2489624023438,229.88536071777344,58.61798095703125,177.21238708496094
69,7,407.89593505859375,320.3980407714844,85.20074462890625,156.809326171875
69,8,318.2180480957031,340.68084716796875,114.92556762695312,137.00778198242188
70,1,141.8636474609375,175.96775817871094,57.76698303222656,152.0854034423828
70,2,362.2552490234375,176.6875457763672,55.7646484375,120.45072937011719
70,3,685.2216796875,229.25448608398438,60.3006591796875,178.06863403320312
70,7,400.34454345703125,319.80438232421875,96.90704345703125,157.57916259765625
70,8,308.373291015625,338.1040344238281,116.47653198242188,139.25064086914062
71,1,141.28012084960938,174.0930633544922,54.98057556152344,151.58070373535156
71,3,681.5955810546875,229.18856811523438,61.38079833984375,178.16928100585938
71,2,362.70684814453125,177.1302032470703,54.1141357421875,117.78388977050781
71,7,392.1564636230469,319.7645568847656,103.47372436523438,156.80941772460938
71,8,299.6122131347656,335.3781433105469,117.85723876953125,142.25381469726562
72,1,141.37220764160156,172.4510040283203,48.68675231933594,148.18833923339844
72,3,679.2427978515625,230.1887969970703,58.6593017578125,175.7246856689453
72,2,364.444091796875,176.95428466796875,48.97808837890625,113.46603393554688
72,6,351.748779296875,163.27342224121094,30.748382568359375,99.94148254394531
72,7,378.63946533203125,313.96234130859375,100.31781005859375,163.18817138671875
72,8,288.17864990234375,330.345458984375,115.27609252929688,147.62527465820312
73,1,141.09535217285156,172.0320281982422,46.76203918457031,145.5541534423828
73,3,676.7831420898438,229.61849975585938,59.69818115234375,176.93099975585938
73,2,365.0790710449219,176.3151092529297,46.31036376953125,115.47190856933594
73,7,369.8371887207031,310.5080871582031,95.91558837890625,166.23983764648438
73,8,283.700927734375,328.72113037109375,111.15814208984375,149.9251708984375
73,6,351.32421875,163.41209411621094,32.021820068359375,98.73857116699219
74,3,676.7593994140625,229.17745971679688,58.05078125,177.68405151367188
74,1,140.28147888183594,172.7026824951172,45.51582336425781,144.0126495361328
74,2,365.4993591308594,175.7610321044922,43.457672119140625,114.02940368652344
74,7,363.1449890136719,307.68695068359375,84.07449340820312,169.35433959960938
74,6,352.17193603515625,162.41281127929688,31.136627197265625,97.94244384765625
74,8,278.7431640625,325.7222595214844,109.18582153320312,152.76730346679688
75,3,675.6195678710938,229.61541748046875,57.41888427734375,176.96282958984375
75,1,138.81246948242188,172.9171905517578,45.14216613769531,142.66099548339844
75,2,365.1752014160156,175.28543090820312,43.287353515625,113.43716430664062
75,7,357.8778991699219,302.95123291015625,77.949462890625,174.4041748046875
75,8,271.4836730957031,323.0662841796875,109.20458984375,155.20208740234375
75,6,350.87493896484375,162.82908630371094,32.74444580078125,95.80705261230469
76,3,670.3607177734375,228.70382690429688,60.71221923828125,176.82241821289062
76,1,135.14743041992188,173.98558044433594,46.337738037109375,140.99769592285156
76,2,364.2732238769531,174.79017639160156,43.523529052734375,112.97801208496094
76,7,349.67041015625,300.3450012207031,78.67535400390625,176.9349365234375
76,6,349.7872619628906,162.9617462158203,33.67816162109375,98.47474670410156
76,8,267.0878601074219,319.5999755859375,107.24774169921875,158.817138671875
77,3,666.5076293945312,227.75009155273438,61.75897216796875,176.84515380859375
77,1,131.28900146484375,174.32469177246094,49.11830139160156,140.9192657470703
77,2,361.6927185058594,173.94554138183594,45.6741943359375,113.56285095214844
77,7,345.43408203125,297.73406982421875,78.80157470703125,180.27310180664062
77,6,351.2451171875,163.20701599121094,32.42132568359375,98.55549621582031
77,8,262.26617431640625,318.5344543457031,105.49002075195312,159.35589599609375
78,3,663.781494140625,227.73065185546875,61.42706298828125,176.43637084960938
78,1,127.97950744628906,173.84732055664062,51.758270263671875,141.49127197265625
78,2,362.588134765625,173.8799285888672,45.363067626953125,113.03834533691406
78,7,338.75042724609375,296.3489685058594,74.97836303710938,180.6640625
78,6,351.6614074707031,163.39108276367188,32.481658935546875,97.20831298828125
78,8,256.8009948730469,316.8326416015625,104.47555541992188,161.03134155273438
79,3,662.0468139648438,226.85647583007812,59.20159912109375,176.0654296875
79,2,364.9012451171875,174.04246520996094,43.659759521484375,112.96174621582031
79,1,127.63267517089844,173.89599609375,52.246826171875,141.26763916015625
79,7,333.6268310546875,296.8699645996094,76.13336181640625,180.33755493164062
79,6,354.2994079589844,163.5402374267578,30.056671142578125,98.53422546386719
79,8,251.49899291992188,315.22393798828125,104.50619506835938,163.06683349609375
80,3,661.9864501953125,225.7404022216797,56.441650390625,176.17127990722656
80,2,367.38970947265625,173.859375,41.592864990234375,113.78204345703125
80,1,129.2021942138672,173.1588897705078,50.538970947265625,141.2087860107422
80,7,327.662841796875,296.7766418457031,78.28549194335938,180.18087768554688
80,8,247.02735900878906,311.4931640625,103.42494201660156,167.15396118164062
80,6,355.9824523925781,163.56146240234375,28.912506103515625,85.04505920410156
81,3,661.1301879882812,225.23500061035156,54.45703125,175.6163787841797
81,2,367.8282775878906,173.76296997070312,42.019500732421875,114.98342895507812
81,1,128.29513549804688,173.50856018066406,50.05513000488281,140.87181091308594
81,7,322.1199951171875,296.6283874511719,79.31765747070312,181.00555419921875
81,6,355.5264587402344,163.7823944091797,30.98968505859375,113.20704650878906
81,8,242.62506103515625,309.4759521484375,101.5416259765625,169.00418090820312
82,3,658.8113403320312,224.31089782714844,53.58380126953125,175.1044464111328
82,1,126.96600341796875,172.77883911132812,50.61566162109375,140.20526123046875
82,2,368.5201721191406,174.58729553222656,42.0921630859375,112.30146789550781
82,7,317.59783935546875,296.65545654296875,77.5889892578125,180.010498046875
82,6,356.1683349609375,162.2030029296875,30.989288330078125,101.55535888671875
82,8,237.8057403564453,306.81396484375,100.39549255371094,171.71670532226562
83,3,653.6533203125,222.76417541503906,56.19879150390625,173.1515350341797
83,1,125.42110443115234,171.73992919921875,50.52521514892578,139.48858642578125
83,2,368.69525146484375,175.0098114013672,43.41046142578125,109.93089294433594
83,6,356.9197998046875,162.09262084960938,31.463897705078125,102.00711059570312
83,7,309.4991149902344,296.01483154296875,80.85906982421875,180.47714233398438
83,8,232.53680419921875,304.51751708984375,100.07846069335938,173.78619384765625
84,1,122.31412506103516,171.9493408203125,52.157188415527344,137.82110595703125
84,3,650.1902465820312,222.2732696533203,55.8743896484375,169.78807067871094
84,2,369.7353820800781,175.61366271972656,43.925018310546875,108.74388122558594
84,7,303.6351623535156,295.168212890625,79.73678588867188,182.25518798828125
84,8,229.62451171875,301.9486083984375,97.32635498046875,176.53082275390625
84,6,360.3355407714844,164.12684631347656,27.916229248046875,67.735107421875
85,3,646.7816162109375,220.98846435546875,55.87908935546875,167.85165405273438
85,1,119.98575592041016,171.2454071044922,50.676368713378906,135.8272247314453
85,2,370.89263916015625,176.4076385498047,44.365020751953125,106.08763122558594
85,7,297.702392578125,292.72509765625,79.46328735351562,184.51754760742188
85,8,224.60589599609375,300.574951171875,96.70059204101562,177.4925537109375
85,6,362.07366943359375,165.90643310546875,26.884429931640625,100.65469360351562
86,3,642.4873657226562,219.6378173828125,55.055908203125,166.27178955078125
86,2,373.17547607421875,176.27926635742188,43.707763671875,106.01296997070312
86,1,117.85011291503906,171.2383575439453,47.13226318359375,133.6031951904297
86,7,290.1030578613281,290.2313232421875,81.36935424804688,186.87969970703125
86,8,220.2290802001953,298.70758056640625,95.25022888183594,179.12152099609375
86,6,366.25396728515625,164.85752868652344,23.757598876953125,70.37162780761719
87,3,639.3526611328125,218.1455841064453,52.08551025390625,166.4503631591797
87,7,282.8348083496094,287.3319091796875,80.296142578125,189.57757568359375
87,2,373.8573303222656,174.8594207763672,43.470306396484375,106.72740173339844
87,1,115.9642333984375,170.18109130859375,45.16685485839844,134.41427612304688
87,8,213.70008850097656,296.8233337402344,96.65547180175781,180.97988891601562
87,6,368.9348449707031,166.00552368164062,21.723846435546875,78.02403259277344
88,3,632.5599365234375,217.58514404296875,60.060791015625,166.31637573242188
88,2,377.1416015625,174.03677368164062,41.483001708984375,105.10714721679688
88,7,280.0436096191406,285.1103820800781,75.56005859375,192.98165893554688
88,1,114.08588409423828,169.4510955810547,42.147132873535156,134.91859436035156
88,8,211.3459930419922,294.21173095703125,93.52586364746094,184.14407348632812
88,9,705.4664916992188,216.07366943359375,50.863525390625,102.28463745117188
88,6,372.572021484375,177.09869384765625,18.686065673828125,62.050201416015625
89,3,621.8134155273438,218.35574340820312,68.01092529296875,164.22125244140625
89,2,380.9808654785156,172.8594970703125,38.573211669921875,103.74331665039062
89,7,276.02972412109375,281.07696533203125,73.852294921875,196.72103881835938
89,1,111.14726257324219,169.3072509765625,42.15089416503906,134.68218994140625
89,8,208.8990020751953,292.0496826171875,92.34352111816406,186.8360595703125
90,2,382.7533264160156,172.28424072265625,37.279205322265625,104.27447509765625
90,3,609.968017578125,217.741943359375,78.535888671875,164.16543579101562
90,1,108.2352066040039,170.03759765625,42.89472198486328,134.049560546875
90,7,272.0054626464844,279.1745300292969,71.24545288085938,198.4923095703125
90,8,203.2847900390625,290.2138366699219,93.47244262695312,189.6590576171875
91,1,107.53331756591797,170.2440643310547,42.49279022216797,134.10606384277344
91,3,604.5375366210938,217.38282775878906,81.90203857421875,163.27037048339844
91,7,267.57659912109375,277.6346435546875,69.502197265625,200.36318969726562
91,2,385.3575439453125,168.67098999023438,35.239349365234375,107.49847412109375
91,8,200.77566528320312,288.4107360839844,89.91925048828125,191.04226684570312
92,3,602.9754638671875,217.73634338378906,80.91632080078125,162.02809143066406
92,1,106.90000915527344,170.4982147216797,41.050262451171875,133.52244567871094
92,7,263.64129638671875,276.67181396484375,70.08837890625,200.91033935546875
92,2,384.1852722167969,166.0391845703125,38.068695068359375,109.07980346679688
92,8,196.58535766601562,286.6752014160156,88.62399291992188,192.70657348632812
93,7,260.9920349121094,275.6825256347656,71.59783935546875,201.7020263671875
93,3,602.5255126953125,217.24705505371094,78.38519287109375,163.04795837402344
93,2,383.872802734375,165.4720458984375,43.255859375,109.73660278320312
93,1,105.3015365600586,170.2717742919922,41.69628143310547,133.9356231689453
93,8,199.5594024658203,284.1392517089844,81.23478698730469,195.35330200195312
94,7,257.98065185546875,274.940185546875,76.72128295898438,203.11053466796875
94,2,382.98626708984375,167.65391540527344,51.660614013671875,107.15068054199219
94,3,602.2918090820312,216.4662628173828,76.27777099609375,162.74900817871094
94,1,103.8474349975586,170.44114685058594,42.808860778808594,133.58570861816406
94,8,191.4867401123047,282.6279602050781,84.08467102050781,195.28457641601562
95,7,254.69723510742188,274.0616455078125,76.53045654296875,203.4716796875
95,3,602.1581420898438,215.59365844726562,70.56549072265625,161.74685668945312
95,2,384.0267333984375,173.2446746826172,55.44757080078125,102.71522521972656
95,1,102.20948791503906,170.63475036621094,44.05499267578125,132.6166534423828
95,8,191.84307861328125,280.9245300292969,78.77767944335938,194.850830078125
96,7,246.9876708984375,270.6803894042969,88.94046020507812,206.4373779296875
96,1,99.32189178466797,168.1526641845703,40.925270080566406,133.37269592285156
96,3,603.0387573242188,213.211669921875,55.23968505859375,161.09515380859375
96,2,388.4937438964844,173.06410217285156,51.404998779296875,99.94160461425781
96,8,182.4426727294922,277.6824951171875,79.14643859863281,200.360595703125
96,9,693.4285888671875,240.38943481445312,34.64324951171875,73.22598266601562
97,7,242.21986389160156,268.552490234375,87.96742248535156,208.93533325195312
97,3,601.271728515625,211.49249267578125,48.53350830078125,162.51080322265625
97,1,98.58611297607422,167.46456909179688,40.694618225097656,132.18472290039062
97,2,387.24664306640625,174.5465850830078,52.964324951171875,100.28901672363281
97,8,180.64111328125,275.9314270019531,76.84686279296875,204.06857299804688
98,7,238.37644958496094,266.68646240234375,86.80400085449219,211.03128051757812
98,1,97.57805633544922,166.37228393554688,41.024864196777344,131.44146728515625
98,2,396.1139221191406,173.61203002929688,44.545745849609375,97.6214599609375
98,3,598.0149536132812,211.21432495117188,42.68634033203125,162.49691772460938
98,8,178.80075073242188,274.1077575683594,73.67366027832031,205.89224243164062
99,7,236.32728576660156,263.330810546875,78.49388122558594,214.40289306640625
99,1,97.21341705322266,165.74029541015625,40.40845489501953,128.57073974609375
99,2,397.2643737792969,171.49134826660156,43.4251708984375,99.76646423339844
99,3,590.850830078125,211.32257080078125,46.50653076171875,162.59457397460938
99,8,174.83087158203125,272.9416198730469,72.94775390625,206.8043212890625
100,7,232.13470458984375,261.1768798828125,71.84451293945312,216.79226684570312
100,2,400.86798095703125,170.24270629882812,40.125885009765625,100.30422973632812
100,3,585.3137817382812,211.2646942138672,49.04437255859375,162.7315216064453
100,1,96.44387817382812,164.60438537597656,38.10420227050781,127.44255065917969
100,8,171.17088317871094,271.9209289550781,71.02967834472656,204.09365844726562
101,7,228.37510681152344,258.5859375,68.02009582519531,214.80673217773438
101,3,576.3130493164062,211.21875,53.89312744140625,162.39871215820312
101,1,95.28516387939453,164.4373016357422,36.225181579589844,126.23738098144531
101,2,407.5963439941406,167.9228515625,37.22918701171875,102.2647705078125
101,8,166.65780639648438,270.7559814453125,72.90257263183594,201.221923828125
102,7,225.05809020996094,255.90313720703125,69.24089050292969,211.2896728515625
102,3,567.2413330078125,211.3101806640625,62.01580810546875,162.11505126953125
102,1,93.43124389648438,165.31809997558594,37.128082275390625,124.68254089355469
102,2,413.516845703125,167.6802978515625,35.68798828125,102.18572998046875
102,8,162.74185180664062,269.3879089355469,72.82284545898438,200.34564208984375
103,7,221.07289123535156,255.52235412597656,70.93302917480469,210.08653259277344
103,3,561.7990112304688,210.56829833984375,66.7354736328125,162.45208740234375
103,1,91.13899993896484,165.84815979003906,38.361244201660156,124.78636169433594
103,2,416.808837890625,167.6056671142578,37.34722900390625,102.45997619628906
103,8,159.0902099609375,267.91436767578125,70.03462219238281,199.43942260742188
104,7,217.44467163085938,255.6077117919922,72.69369506835938,209.33583068847656
104,3,559.25927734375,210.79087829589844,67.96307373046875,161.15614318847656
104,1,86.6158676147461,165.51678466796875,41.071189880371094,124.50149536132812
104,2,417.9968566894531,169.3336181640625,36.677337646484375,100.30642700195312
104,8,155.03770446777344,267.02587890625,71.13951110839844,199.285400390625
105,7,214.08377075195312,255.5957489013672,74.89151000976562,208.88478088378906
105,3,558.3050537109375,210.4026641845703,65.86187744140625,160.5634307861328
105,1,83.2488784790039,166.46112060546875,43.74695587158203,124.23187255859375
105,2,418.9172058105469,168.8430633544922,35.480255126953125,99.38163757324219
105,8,151.3699188232422,265.6384582519531,69.04481506347656,193.53668212890625
106,7,210.4681854248047,255.8715057373047,78.30326843261719,208.76536560058594
106,3,555.395751953125,209.12075805664062,64.09893798828125,161.45465087890625
106,1,82.65961456298828,166.5478515625,44.117523193359375,124.11822509765625
106,2,419.5428466796875,167.83322143554688,34.899017333984375,101.00259399414062
106,8,146.0535125732422,264.70257568359375,70.69668579101562,184.89385986328125
107,7,206.52980041503906,256.29290771484375,81.63127136230469,207.5338134765625
107,1,83.4637451171875,166.6161651611328,42.782020568847656,123.16908264160156
107,3,553.5221557617188,207.61349487304688,57.75958251953125,161.0521240234375
107,2,421.07489013671875,168.50341796875,33.5032958984375,101.02322387695312
107,8,142.78671264648438,263.1115417480469,71.48674011230469,188.510498046875
108,7,203.06521606445312,254.73931884765625,84.9107666015625,207.03176879882812
108,1,83.4795913696289,167.3408660888672,41.629669189453125,120.71910095214844
108,3,553.067138671875,205.8506317138672,52.2335205078125,160.9731903076172
108,2,422.6977844238281,169.7425537109375,31.27801513671875,99.91058349609375
108,8,137.6356658935547,261.49468994140625,70.32968139648438,189.12158203125
109,7,199.94859313964844,253.6869659423828,85.41603088378906,205.60374450683594
109,1,80.76322937011719,167.24928283691406,43.75608825683594,120.14616394042969
109,3,549.9349365234375,205.6792755126953,50.83892822265625,157.0393524169922
109,8,135.71299743652344,260.35748291015625,69.19981384277344,177.01608276367188
109,2,424.44122314453125,169.83047485351562,29.68035888671875,99.73345947265625
110,7,195.6557159423828,252.02301025390625,86.91941833496094,204.35055541992188
110,1,77.969970703125,165.54586791992188,46.36479949951172,120.64956665039062
110,3,546.5963745117188,204.5908966064453,47.5277099609375,156.2071075439453
110,2,426.1370544433594,169.89352416992188,27.89581298828125,98.77044677734375
110,8,133.00338745117188,259.2732238769531,67.39291381835938,181.26553344726562
111,7,192.8728790283203,250.19949340820312,84.96916198730469,202.080078125
111,1,76.23169708251953,164.14501953125,45.99907684326172,121.12841796875
111,3,543.2750854492188,204.2147674560547,46.1337890625,155.05540466308594
111,2,428.4382019042969,169.80975341796875,25.748992919921875,97.90744018554688
111,8,126.56265258789062,257.7454528808594,69.71293640136719,174.05032348632812
112,7,189.9761505126953,248.51942443847656,81.97029113769531,197.53904724121094
112,1,74.11394500732422,162.64273071289062,45.67341613769531,120.0009765625
112,3,537.7479858398438,204.49000549316406,46.5035400390625,153.56715393066406
112,2,431.02386474609375,167.79693603515625,23.49847412109375,98.78582763671875
112,8,123.58012390136719,257.0551452636719,68.85943603515625,174.7762451171875
113,7,185.3626251220703,246.93792724609375,80.27873229980469,191.39132690429688
113,3,522.60498046875,203.58062744140625,60.81610107421875,153.02783203125
113,1,72.53377532958984,161.56105041503906,43.50861358642578,120.17729187011719
113,8,118.02716064453125,255.15528869628906,70.32099914550781,175.38645935058594
113,2,434.0342102050781,167.23976135253906,20.522674560546875,96.99226379394531
114,3,511.5213317871094,203.40966796875,71.34341430664062,153.40927124023438
114,7,181.9330291748047,244.5694122314453,75.79920959472656,190.50230407714844
114,1,69.57062530517578,160.7858123779297,42.442649841308594,120.93266296386719
114,2,436.32659912109375,166.41098022460938,18.033233642578125,96.16973876953125
114,8,118.49214935302734,254.13467407226562,65.6124038696289,171.10723876953125
115,3,505.7375183105469,204.2698516845703,76.41500854492188,152.03855895996094
115,7,178.2278289794922,242.33450317382812,71.07737731933594,192.8865966796875
115,1,67.53104400634766,159.8203582763672,41.09654235839844,122.39158630371094
115,8,114.9864730834961,252.94566345214844,64.6860580444336,166.79246520996094
115,2,438.6081848144531,169.94796752929688,15.44232177734375,88.99810791015625
116,7,174.63058471679688,240.70440673828125,68.7156982421875,194.30059814453125
116,3,504.77166748046875,204.93162536621094,76.07586669921875,150.4671173095703
116,1,65.9136734008789,161.59022521972656,37.58091735839844,120.13642883300781
116,8,111.73048400878906,251.5355682373047,62.562408447265625,161.67396545410156
117,7,172.07949829101562,240.68736267089844,70.70848083496094,194.91603088378906
117,3,504.8783264160156,205.01332092285156,73.67092895507812,149.9267120361328
117,1,64.96785736083984,161.03016662597656,36.25920104980469,121.40397644042969
117,8,105.88565826416016,250.5290985107422,65.05554962158203,161.74281311035156
117,2,443.2498779296875,180.34738159179688,12.79827880859375,76.20364379882812
118,7,169.00857543945312,240.34315490722656,73.32351684570312,194.98146057128906
118,3,504.1955871582031,203.97933959960938,70.20266723632812,150.05938720703125
118,1,64.3283920288086,161.58139038085938,35.72705078125,120.5140380859375
118,8,103.83483123779297,249.95860290527344,64.62548065185547,159.8323211669922
119,7,164.40797424316406,240.19114685058594,84.21871948242188,194.7002716064453
119,3,504.857666015625,202.21641540527344,61.6038818359375,150.4626922607422
119,1,63.74265670776367,162.205322265625,35.438106536865234,119.81719970703125
119,8,100.17916870117188,248.46713256835938,63.630279541015625,160.08489990234375
120,7,159.44581604003906,240.71353149414062,89.611083984375,191.70083618164062
120,3,502.2998046875,197.92364501953125,51.29229736328125,152.40341186523438
120,1,61.44088363647461,164.09628295898438,37.05656814575195,118.25308227539062
120,8,94.32178497314453,246.68116760253906,62.18572235107422,155.1395721435547
120,10,647.6473388671875,152.28634643554688,33.17864990234375,68.04965209960938
121,7,157.8517608642578,239.6953125,86.92282104492188,192.20095825195312
121,3,496.98291015625,198.32687377929688,48.554443359375,151.57254028320312
121,1,59.923927307128906,163.37583923339844,38.221588134765625,117.94779968261719
121,8,90.94772338867188,245.53810119628906,62.29310607910156,155.9849090576172
121,10,617.4120483398438,152.8787384033203,63.295166015625,102.18972778320312
122,7,154.962158203125,238.30685424804688,84.91224670410156,192.25686645507812
122,3,490.98175048828125,198.4365997314453,51.3646240234375,151.25856018066406
122,1,58.139801025390625,163.13046264648438,38.211204528808594,113.88296508789062
122,8,86.00708770751953,244.89662170410156,63.18488311767578,151.0115203857422
122,10,646.3602905273438,153.41146850585938,34.212890625,64.67593383789062
123,7,152.42636108398438,235.9710693359375,82.67866516113281,191.747314453125
123,3,485.65869140625,197.8662109375,54.28271484375,151.77459716796875
123,1,56.88151550292969,162.40737915039062,34.43391418457031,111.91293334960938
123,8,81.22013092041016,243.40069580078125,64.16252899169922,149.51043701171875
124,7,151.2767333984375,233.7863006591797,77.98861694335938,188.8868865966797
124,3,480.2262878417969,198.65090942382812,56.679901123046875,150.90142822265625
124,1,55.80109786987305,160.57310485839844,33.45875930786133,114.53736877441406
124,8,78.87340545654297,242.438232421875,63.49512481689453,148.96450805664062
125,7,148.38385009765625,232.72528076171875,69.63038635253906,183.3751220703125
125,3,474.8800354003906,198.64419555664062,58.327789306640625,151.11489868164062
125,1,55.37783432006836,158.8182373046875,34.12253952026367,116.76821899414062
125,8,74.08609008789062,241.55917358398438,64.53901672363281,148.1622314453125
126,7,146.19833374023438,230.79409790039062,62.82414245605469,181.18582153320312
126,3,469.0560607910156,198.1929168701172,60.855438232421875,151.3467559814453
126,1,53.82819366455078,159.7132110595703,34.71306610107422,115.54212951660156
126,8,68.17251586914062,240.99562072753906,66.88642883300781,145.4499969482422
127,7,143.58584594726562,230.67929077148438,61.04161071777344,179.20184326171875
127,3,465.0557861328125,198.85203552246094,61.98040771484375,150.4266815185547
127,1,52.20389175415039,157.32252502441406,33.911685943603516,117.60835266113281
127,8,64.70165252685547,240.150146484375,66.95430755615234,147.54525756835938
128,7,141.71578979492188,229.9954833984375,59.89476013183594,177.34173583984375
128,3,462.315673828125,198.4686737060547,61.95269775390625,150.10154724121094
128,1,50.9826774597168,156.6536102294922,33.28328323364258,117.60551452636719
128,8,66.18226623535156,239.6595458984375,62.21356201171875,144.62100219726562
129,7,139.53143310546875,228.94161987304688,60.01094055175781,178.26846313476562
129,3,459.5641174316406,197.32269287109375,60.854095458984375,150.40017700195312
129,1,49.02975845336914,156.94313049316406,33.79684829711914,115.03837585449219
129,8,59.038936614990234,238.53204345703125,65.22709274291992,146.2626953125
130,7,136.26219177246094,229.1079559326172,62.20948791503906,178.15489196777344
130,3,458.0816955566406,195.84225463867188,58.067352294921875,151.03668212890625
130,1,46.47015380859375,157.28453063964844,35.14643096923828,113.20375061035156
130,8,53.65256881713867,237.8363037109375,67.3332405090332,147.11001586914062
131,7,133.61288452148438,229.62989807128906,64.61128234863281,177.49095153808594
131,3,456.31219482421875,194.77764892578125,55.583221435546875,147.38427734375
131,1,42.104278564453125,158.38314819335938,38.462425231933594,111.29025268554688
131,8,52.728179931640625,238.16444396972656,65.25927734375,145.3698272705078
132,7,129.42596435546875,229.5659637451172,68.66004943847656,176.8053741455078
132,3,454.8726806640625,193.38668823242188,52.704986572265625,146.53839111328125
132,1,39.051048278808594,159.06192016601562,40.056800842285156,107.8721923828125
132,8,53.880615234375,237.14646911621094,60.102760314941406,148.39927673339844
133,7,127.37975311279297,229.5434112548828,70.38420867919922,176.7607879638672
133,3,453.28643798828125,192.86355590820312,51.646331787109375,144.67282104492188
133,1,38.270877838134766,161.2122802734375,37.46907424926758,104.3316650390625
133,8,51.78660583496094,236.5159454345703,58.583457946777344,150.70286560058594
133,6,369.81121826171875,148.5396728515625,16.90228271484375,84.13368225097656
134,7,124.3215560913086,229.08070373535156,73.28351593017578,175.1726531982422
134,3,451.7030334472656,191.72938537597656,48.66021728515625,145.2852020263672
134,1,40.59500503540039,160.26463317871094,33.918643951416016,105.67649841308594
134,8,49.05719757080078,236.06227111816406,58.469566345214844,146.47523498535156
134,6,369.4563903808594,147.59825134277344,16.661529541015625,85.57359313964844
135,7,121.06771087646484,228.9049072265625,73.42418670654297,173.17437744140625
135,3,449.6186218261719,193.07757568359375,47.6728515625,142.41845703125
135,1,40.699119567871094,159.00502014160156,32.42241668701172,106.05158996582031
135,8,46.71576690673828,234.6835479736328,57.59416198730469,145.3633270263672
135,6,368.6441345214844,147.0518035888672,17.4501953125,87.52723693847656
136,7,117.02757263183594,227.5924072265625,75.12661743164062,172.8695068359375
136,3,443.1732482910156,191.23953247070312,52.75555419921875,143.48480224609375
136,1,39.738059997558594,159.414794921875,31.2919921875,104.13504028320312
136,6,367.6513366699219,147.04257202148438,18.411529541015625,87.3421630859375
136,8,42.561317443847656,233.64425659179688,58.691375732421875,145.82113647460938
137,7,113.37913513183594,226.00921630859375,74.46195983886719,169.5799560546875
137,3,433.8949279785156,192.50148010253906,59.160308837890625,142.45948791503906
137,1,38.92866897583008,159.14730834960938,28.975040435791016,99.00814819335938
137,8,41.324771881103516,232.3293914794922,57.046504974365234,144.52195739746094
137,6,366.3511962890625,146.58631896972656,19.89276123046875,89.44499206542969
138,7,111.25920104980469,224.5214385986328,70.99703979492188,165.90370178222656
138,3,429.4630432128906,191.2613983154297,61.93218994140625,143.04090881347656
138,1,37.015323638916016,160.05123901367188,29.154193878173828,76.14590454101562
138,8,39.23377227783203,231.18360900878906,55.70771026611328,145.6092071533203
138,6,365.232666015625,147.0605926513672,21.677490234375,89.57962036132812
139,7,108.02552032470703,222.7264862060547,68.3239517211914,164.6348114013672
139,3,428.4073181152344,191.8487091064453,60.48846435546875,141.0990753173828
139,6,364.54180908203125,148.44235229492188,21.27777099609375,88.62815856933594
139,1,34.994449615478516,159.58868408203125,30.361125946044922,77.22879028320312
139,8,37.000831604003906,230.44821166992188,54.69096374511719,145.14694213867188
140,7,104.9329605102539,220.64906311035156,63.88660430908203,166.4822235107422
140,3,427.0816345214844,191.60385131835938,60.387603759765625,140.94448852539062
140,6,364.014892578125,148.65110778808594,21.630950927734375,88.4644775390625
140,1,32.58552551269531,156.5187225341797,34.847694396972656,93.92782592773438
140,8,34.4770622253418,230.503662109375,53.90531539916992,144.10882568359375
141,7,101.51470184326172,219.1508331298828,59.35674285888672,167.6999969482422
141,3,426.9794006347656,191.71238708496094,57.578125,139.1681671142578
141,6,363.6663818359375,148.6472930908203,22.10369873046875,87.77604675292969
141,1,31.132299423217773,155.23008728027344,34.24947547912598,96.718017578125
141,8,32.267757415771484,228.96080017089844,53.08561325073242,142.6928253173828
142,7,97.92461395263672,218.82395935058594,60.249427795410156,167.79298400878906
142,3,426.91253662109375,190.440185546875,53.20904541015625,138.7493896484375
142,1,29.136211395263672,154.5696563720703,34.921321868896484,94.98020935058594
142,8,26.07915496826172,228.85543823242188,56.554298400878906,142.83349609375
142,6,362.6398620605469,148.79701232910156,22.83172607421875,88.19259643554688
143,7,95.63693237304688,218.6312713623047,62.26313781738281,167.3428192138672
143,3,425.40081787109375,189.00559997558594,49.57421875,138.05918884277344
143,1,27.249141693115234,154.87762451171875,35.47959899902344,94.293212890625
143,8,17.003713607788086,228.1348114013672,62.87485694885254,147.34458923339844
143,6,361.7799377441406,149.34722900390625,24.48138427734375,87.72462463378906
144,7,89.6241226196289,219.2916717529297,70.30162811279297,166.7709197998047
144,3,416.7534484863281,186.89727783203125,49.95648193359375,139.05804443359375
144,8,18.540803909301758,225.87155151367188,56.562238693237305,143.83187866210938
144,6,362.0844421386719,148.32872009277344,23.71563720703125,88.97726440429688
144,1,24.70566749572754,157.12998962402344,35.653860092163086,77.36093139648438
145,7,87.18124389648438,220.1592254638672,72.77024841308594,164.98838806152344
145,3,414.0807800292969,185.8701629638672,50.54058837890625,139.7116241455078
145,6,361.9144287109375,148.29820251464844,23.76519775390625,90.00617980957031
145,8,17.13521957397461,224.97537231445312,55.53641128540039,142.807861328125
145,1,24.030607223510742,157.3016357421875,35.45049858093262,78.37179565429688
145,11,595.3468627929688,147.27928161621094,20.0189208984375,90.32313537597656
146,7,84.80777740478516,219.59776306152344,72.89594268798828,164.6278839111328
146,3,411.141357421875,185.1068878173828,50.96630859375,140.2855682373047
146,8,15.236839294433594,223.03073120117188,54.56481170654297,144.06497192382812
146,6,362.5660705566406,148.16238403320312,22.563720703125,90.2520751953125
146,1,23.853456497192383,157.39137268066406,34.98504066467285,79.90420532226562
146,11,583.3807983398438,146.75836181640625,31.994384765625,91.19261169433594
147,7,82.4879150390625,218.48191833496094,72.136962890625,165.21800231933594
147,3,407.707763671875,184.775146484375,51.7647705078125,140.72970581054688
147,8,14.830743789672852,222.5730438232422,52.356008529663086,143.09828186035156
147,6,362.6228942871094,148.48141479492188,22.434814453125,91.19400024414062
147,1,23.267162322998047,157.40609741210938,34.66300582885742,82.68138122558594
147,11,582.8986206054688,146.1150360107422,32.08587646484375,90.70643615722656
148,7,80.2233657836914,217.4326629638672,68.17980194091797,164.9415740966797
148,3,404.8069152832031,184.86419677734375,53.197967529296875,140.95748901367188
148,8,13.342612266540527,221.7813720703125,51.33548069000244,143.930419921875
148,6,362.0865173339844,148.9820098876953,22.71661376953125,92.14212036132812
148,1,23.025094985961914,157.35227966308594,33.89693260192871,81.2081298828125
149,7,77.86389923095703,215.62939453125,63.388267517089844,163.03530883789062
149,3,403.69921875,185.29945373535156,52.76153564453125,140.55015563964844
149,8,11.180863380432129,221.65818786621094,52.11793041229248,144.42454528808594
149,1,22.834516525268555,156.64439392089844,32.550214767456055,85.09175109863281
149,6,362.4559631347656,149.5299072265625,22.248504638671875,93.93043518066406
150,7,75.52617645263672,214.53598022460938,59.30042266845703,157.971923828125
150,3,402.0093078613281,185.4402313232422,53.223602294921875,140.23545837402344
150,1,22.228914260864258,155.53170776367188,33.35188102722168,88.82380676269531
150,8,10.302999496459961,220.785400390625,50.53358268737793,144.54409790039062
150,6,362.27362060546875,150.16195678710938,22.54736328125,94.45347595214844
151,7,73.61375427246094,213.19541931152344,54.57771301269531,157.9364471435547
151,3,400.2117614746094,185.02865600585938,53.755035400390625,139.647216796875
151,1,20.540531158447266,155.8486328125,35.79628372192383,87.9771728515625
151,8,9.560009956359863,220.12718200683594,49.14591121673584,143.4834442138672
151,6,362.4333801269531,150.390625,22.0594482421875,94.73904418945312
152,7,70.35181427001953,211.7970733642578,51.58051300048828,157.70899963378906
152,3,399.36602783203125,184.55162048339844,52.89215087890625,138.56959533691406
152,1,20.626338958740234,155.5757598876953,34.78944396972656,88.83587646484375
152,8,7.920439720153809,218.53720092773438,49.502408027648926,144.35409545898438
152,6,361.43463134765625,150.5474395751953,23.282257080078125,95.7080078125
153,7,68.6511459350586,210.9332275390625,51.08976745605469,157.75112915039062
153,3,399.5299987792969,184.0963134765625,51.383941650390625,135.81414794921875
153,1,19.389202117919922,155.41024780273438,34.51411819458008,86.33409118652344
153,8,5.604437351226807,218.8893585205078,50.971166133880615,140.12403869628906
153,6,360.27056884765625,151.16310119628906,24.307159423828125,92.2777099609375
154,7,65.29537963867188,211.4905548095703,53.03978729248047,156.2356414794922
154,3,399.4776306152344,183.13177490234375,50.052398681640625,133.63265991210938
154,1,18.072324752807617,154.7435760498047,34.591413497924805,86.71455383300781
154,8,5.159590244293213,218.66921997070312,50.0482382774353,138.76858520507812
154,6,360.1232604980469,151.58522033691406,24.461517333984375,92.10060119628906
155,7,62.95011901855469,211.7039794921875,54.94134521484375,155.7598876953125
155,3,399.23919677734375,181.23977661132812,49.218780517578125,135.09457397460938
155,1,17.389972686767578,153.36703491210938,33.67081832885742,87.5390625
155,8,3.8456239700317383,216.87384033203125,50.14675426483154,141.37109375
155,6,360.607177734375,151.71705627441406,24.163421630859375,90.91180419921875
156,7,61.184967041015625,212.22576904296875,55.98143005371094,154.86221313476562
156,3,398.7981872558594,179.34156799316406,49.452239990234375,133.4706573486328
156,1,17.535898208618164,153.6282958984375,32.38796043395996,86.70660400390625
156,8,2.5755131244659424,215.33009338378906,49.295660734176636,143.57289123535156
156,6,360.1929626464844,151.70706176757812,24.926788330078125,91.9554443359375
157,7,58.082271575927734,212.51148986816406,59.13029861450195,154.0016632080078
157,3,398.5304260253906,178.67471313476562,49.190765380859375,133.69000244140625
157,1,16.261953353881836,153.91775512695312,31.830549240112305,87.076171875
157,8,1.2813661098480225,215.91221618652344,48.280805826187134,143.62745666503906
157,6,360.0279846191406,151.27783203125,25.3822021484375,94.95904541015625
158,7,56.2608642578125,211.89505004882812,59.87835693359375,153.80096435546875
158,3,398.1727294921875,178.9924774169922,48.983978271484375,132.4248809814453
158,6,360.5276184082031,151.3554229736328,24.713714599609375,95.59408569335938
158,1,15.089398384094238,154.5093994140625,32.285155296325684,90.82135009765625
158,8,0.45219406485557556,215.58013916015625,46.84354415535927,141.979248046875
159,7,53.39348220825195,212.0029296875,62.159122467041016,151.99066162109375
159,3,397.1006164550781,178.26882934570312,49.38458251953125,133.42388916015625
159,1,13.831371307373047,154.71669006347656,32.98340606689453,101.31813049316406
159,6,361.45703125,151.69004821777344,23.9447021484375,95.94461059570312
159,8,0.24269434809684753,215.28236389160156,46.495914965867996,142.45152282714844
159,12,318.1646728515625,127.40576934814453,20.295166015625,82.4641342163086
160,7,49.8532600402832,211.3096466064453,63.70228958129883,152.01307678222656
160,3,396.079833984375,178.18446350097656,49.04046630859375,133.22544860839844
160,1,13.759018898010254,155.92343139648438,31.840201377868652,91.12442016601562
160,8,0.15820516645908356,214.9075469970703,45.24899087846279,138.1514129638672
160,6,360.90301513671875,152.94131469726562,24.3819580078125,98.23245239257812
161,7,48.02375030517578,210.0766143798828,63.37548065185547,150.46913146972656
161,3,395.28814697265625,178.69895935058594,49.07843017578125,131.93202209472656
161,1,12.774242401123047,154.10707092285156,34.97139358520508,104.60939025878906
161,8,0.13207191228866577,213.78814697265625,43.27394539117813,137.58413696289062
161,6,360.3719177246094,153.84942626953125,25.237060546875,98.72732543945312
162,7,45.052677154541016,208.56834411621094,63.07437515258789,147.97703552246094
162,3,393.9816589355469,178.75184631347656,49.109375,131.4272918701172
162,1,11.801251411437988,153.71827697753906,36.08267879486084,104.39912414550781
162,6,358.59765625,154.71412658691406,27.56341552734375,98.85279846191406
162,8,0.1416180431842804,213.2278289794922,41.938708037137985,136.52394104003906
163,7,43.030094146728516,207.15859985351562,60.3016471862793,146.64727783203125
163,3,393.169921875,178.04000854492188,49.044708251953125,131.52743530273438
163,1,11.125199317932129,153.00131225585938,34.73359203338623,105.26919555664062
163,8,0.2247322052717209,212.13034057617188,39.63894195854664,137.66336059570312
163,6,359.1093444824219,155.6055450439453,27.259490966796875,97.53636169433594
164,7,40.53229904174805,205.20004272460938,56.42959976196289,148.44293212890625
164,3,392.4904479980469,177.91334533691406,48.790985107421875,130.74818420410156
164,1,9.997305870056152,152.12515258789062,34.27651309967041,103.70878601074219
164,8,0.24824677407741547,211.31907653808594,38.645639792084694,133.6911163330078
164,6,358.5753479003906,155.61566162109375,28.049530029296875,98.25302124023438
165,7,39.94941329956055,204.0585479736328,50.83383560180664,149.78858947753906
165,3,392.2241516113281,177.05128479003906,48.99957275390625,130.2166290283203
165,1,8.616557121276855,152.62950134277344,34.37415409088135,101.75691223144531
165,8,0.12332171201705933,211.3343963623047,38.10972958803177,137.19102478027344
165,6,358.5892639160156,156.15846252441406,28.633392333984375,98.37834167480469
166,7,37.05485153198242,202.3504638671875,50.31886672973633,151.309326171875
166,3,391.78765869140625,176.05030822753906,49.327911376953125,128.1330108642578
166,1,8.06227970123291,153.33126831054688,31.883708000183105,94.63801574707031
166,8,0.06002943962812424,210.7128143310547,37.71077210456133,137.5311737060547
166,6,359.48602294921875,158.18869018554688,27.356781005859375,97.49346923828125
167,7,35.60080337524414,203.3864288330078,50.84873580932617,149.0283660888672
167,3,392.1629638671875,175.65997314453125,49.111328125,125.51275634765625
167,1,7.043841361999512,152.046630859375,31.25614643096924,94.31718444824219
167,8,0.10903438925743103,209.5376739501953,37.79187121987343,125.70875549316406
167,6,362.45452880859375,155.9446563720703,24.022674560546875,98.25021362304688
168,7,33.67081832885742,205.25576782226562,56.21609115600586,146.90206909179688
168,3,394.92620849609375,173.6990509033203,47.229400634765625,126.33680725097656
168,1,3.9690771102905273,150.48574829101562,32.1764612197876,93.4949951171875
168,6,364.9449157714844,154.91592407226562,22.9732666015625,99.7991943359375
168,8,0.06634081155061722,209.21694946289062,33.01032315939665,123.52438354492188
169,7,31.86076545715332,205.2376251220703,60.793996810913086,146.2750701904297
169,3,395.8887939453125,174.43605041503906,47.808929443359375,124.72633361816406
169,1,1.5241944789886475,151.15670776367188,33.502424478530884,90.55963134765625
169,6,365.2530517578125,154.34754943847656,22.468017578125,100.27584838867188
169,8,0.0,208.86436462402344,30.290340423583984,120.14701843261719
169,2,427.8560791015625,169.9255828857422,24.947021484375,62.56053161621094
170,7,30.620941162109375,204.7543487548828,63.119873046875,145.8874969482422
170,3,397.9930419921875,176.0106964111328,46.5096435546875,123.38075256347656
170,1,0.9939373731613159,150.99842834472656,32.92366135120392,90.44276428222656
170,6,365.5171203613281,156.76638793945312,22.31365966796875,98.33732604980469
170,8,0.0,208.7256622314453,28.324966430664062,120.94895935058594
171,7,29.568201065063477,203.33897399902344,63.00765037536621,146.3275909423828
171,3,398.65277099609375,176.35736083984375,46.679779052734375,122.29180908203125
171,1,1.0205999612808228,151.06695556640625,31.891745924949646,99.0821533203125
171,6,365.9691467285156,169.3668212890625,20.87042236328125,86.18309020996094
171,8,0.0,207.4022979736328,27.525421142578125,120.65174865722656
171,2,429.16363525390625,151.6544647216797,24.735107421875,77.92909240722656
172,7,28.180891036987305,202.24227905273438,62.52610969543457,146.2578125
172,3,399.7430419921875,175.22593688964844,47.954345703125,122.84223937988281
172,1,0.7379875779151917,150.5441131591797,31.09272187948227,99.83824157714844
172,6,366.92529296875,171.167236328125,19.29193115234375,84.00515747070312
172,8,0.0,206.57521057128906,25.51410675048828,121.46873474121094
172,2,430.0649719238281,152.1336669921875,23.756072998046875,77.22161865234375
173,7,27.195043563842773,200.9813690185547,61.01756477355957,146.41783142089844
173,3,400.23687744140625,175.4251708984375,48.552032470703125,122.23818969726562
173,1,0.6209772825241089,150.30018615722656,31.34807789325714,99.15884399414062
173,8,0.0,206.5150604248047,24.486209869384766,121.33805847167969
173,2,430.3269958496094,152.70933532714844,23.671722412109375,80.21858215332031
173,6,367.7588806152344,170.46307373046875,18.6392822265625,84.77542114257812
174,3,400.6654968261719,175.4619903564453,49.15582275390625,121.55079650878906
174,7,24.934513092041016,200.0883331298828,59.9581413269043,144.1789093017578
174,1,0.6296432614326477,150.7570343017578,31.204724490642548,95.40104675292969
174,8,0.0,205.97817993164062,23.750560760498047,120.59603881835938
174,6,368.43927001953125,171.60775756835938,17.2745361328125,83.85466003417969
174,2,430.5209045410156,152.10435485839844,23.142333984375,75.86488342285156
175,3,402.0341796875,175.60374450683594,48.46258544921875,120.15937805175781
175,7,24.320085525512695,199.17652893066406,56.04535484313965,141.5065460205078
175,1,0.2285817712545395,169.72943115234375,27.55584205687046,79.37391662597656
175,8,0.0,205.3159637451172,22.390409469604492,120.21470642089844
175,2,429.67071533203125,151.43223571777344,23.913055419921875,69.00909423828125
175,6,369.1001892089844,176.51084899902344,16.77490234375,78.59690856933594
176,7,23.720308303833008,198.0605010986328,49.1887264251709,138.8797149658203
176,3,403.5108947753906,176.12850952148438,46.94189453125,117.77670288085938
176,1,0.2743889391422272,152.54002380371094,29.351515144109726,70.81686401367188
176,2,429.556640625,150.48226928710938,23.987091064453125,64.41703796386719
176,8,0.018338430672883987,205.1646270751953,26.017468225210905,117.26612854003906
177,3,405.46697998046875,175.88336181640625,45.204559326171875,113.79598999023438
177,7,22.120492935180664,195.86277770996094,46.66479301452637,140.4108123779297
177,1,0.0,149.98477172851562,29.766908645629883,93.62088012695312
177,8,0.07912936806678772,201.13858032226562,23.19189915060997,149.8546142578125
177,2,427.4654846191406,149.64366149902344,26.116424560546875,55.05992126464844
178,7,21.63976287841797,195.43310546875,44.431724548339844,139.20611572265625
178,3,406.98565673828125,174.96238708496094,44.0206298828125,113.28883361816406
178,1,0.0,150.46630859375,28.889495849609375,93.61814880371094
178,8,0.05883170664310455,203.8522491455078,21.682411655783653,143.44773864746094
178,2,425.33197021484375,150.09140014648438,27.480865478515625,51.25848388671875
179,7,19.707080841064453,195.79188537597656,45.0479621887207,138.8549346923828
179,3,408.2738952636719,173.0626678466797,43.620513916015625,114.75837707519531
179,1,0.0,150.22616577148438,28.21889305114746,96.83956909179688
179,8,0.0,210.8778839111328,16.86610984802246,82.98802185058594
179,2,422.847900390625,151.3902130126953,28.119354248046875,45.99006652832031
180,7,18.724130630493164,196.19178771972656,44.8067684173584,138.8356475830078
180,3,409.6473693847656,169.96810913085938,42.91461181640625,118.20291137695312
180,1,0.0,149.73873901367188,27.974668502807617,96.94468688964844
180,13,0.0,205.10740661621094,16.884681701660156,112.77485656738281
180,8,0.0,216.2428436279297,14.83358383178711,67.48075866699219
180,2,422.5447082519531,151.07200622558594,24.785064697265625,39.271484375
181,7,18.143451690673828,197.24330139160156,44.57244110107422,137.80104064941406
181,3,411.412353515625,170.18804931640625,42.08404541015625,118.036376953125
181,1,0.0,148.9923858642578,26.485898971557617,96.93283081054688
181,13,0.11371689289808273,212.52841186523438,13.813076205551624,99.6824951171875
181,2,419.8672180175781,152.09095764160156,21.07135009765625,35.55621337890625
182,7,17.25557518005371,197.38919067382812,45.81872367858887,136.48019409179688
182,3,412.88092041015625,169.26226806640625,40.36932373046875,118.09860229492188
182,1,0.0,149.70814514160156,25.50390625,94.26596069335938
182,13,0.0,213.4132843017578,13.91517448425293,81.39811706542969
182,2,418.2364501953125,153.14425659179688,17.158203125,37.20936584472656
183,7,15.262781143188477,197.28012084960938,47.00089454650879,136.44668579101562
183,3,413.9690246582031,169.22317504882812,39.756317138671875,117.060546875
183,1,0.0,149.7315673828125,25.025651931762695,92.86355590820312
183,2,416.5771484375,153.70416259765625,17.310028076171875,37.60658264160156
184,7,14.743098258972168,197.76885986328125,46.77290058135986,133.83132934570312
184,3,413.9847412109375,170.0506591796875,40.65472412109375,115.89321899414062
184,1,0.0,149.8877716064453,24.91672706604004,92.34567260742188
184,2,411.1029052734375,153.59832763671875,23.453857421875,43.885040283203125
185,7,13.557615280151367,196.24554443359375,47.87469291687012,133.9456787109375
185,3,415.6475830078125,170.39169311523438,39.19427490234375,115.34234619140625
185,1,0.0,150.16183471679688,23.581388473510742,93.25688171386719
185,2,408.0633544921875,154.28170776367188,25.93267822265625,73.80030822753906
186,7,10.736777305603027,195.63665771484375,49.992329597473145,132.82015991210938
186,3,416.6961364746094,170.53231811523438,39.236419677734375,114.15985107421875
186,1,0.0,149.9349365234375,22.83949851989746,93.25479125976562
186,2,404.3636779785156,154.9706573486328,28.235443115234375,80.76033020019531
187,7,10.248112678527832,194.2229461669922,51.36854839324951,129.3500213623047
187,3,416.8635559082031,172.552978515625,38.961639404296875,107.52529907226562
187,1,0.0,150.24632263183594,21.469911575317383,90.61448669433594
187,2,404.06494140625,154.8660125732422,23.593353271484375,81.458251953125
188,7,9.503381729125977,193.12469482421875,49.32524299621582,127.93887329101562
188,3,419.5934753417969,170.52566528320312,36.863037109375,111.1917724609375
188,1,0.0,151.0709991455078,20.468421936035156,88.37782287597656
188,2,401.7560119628906,154.4166259765625,25.20660400390625,79.21675109863281
189,7,9.384886741638184,191.83551025390625,46.26236057281494,128.61013793945312
189,3,421.508544921875,168.9677734375,34.95123291015625,112.34176635742188
189,1,0.0,153.55528259277344,19.375171661376953,86.05389404296875
189,2,398.4727783203125,154.0414581298828,25.372589111328125,78.46176147460938
190,7,5.744751930236816,190.9554443359375,46.46065044403076,130.06045532226562
190,3,422.494140625,168.8612823486328,34.45025634765625,108.93098449707031
190,2,397.0770263671875,154.00570678710938,24.50457763671875,78.59844970703125
190,1,0.018287409096956253,156.56687927246094,18.21440912410617,79.880126953125
191,7,3.404874086380005,190.5756378173828,46.74999117851257,130.2986602783203
191,3,423.7669982910156,167.69219970703125,33.39422607421875,108.04864501953125
191,2,396.3551330566406,153.3484649658203,23.65435791015625,79.25483703613281
191,1,0.023431021720170975,159.7700653076172,16.603167336434126,60.604461669921875
192,7,2.3795597553253174,191.39027404785156,51.34744906425476,129.6568145751953
192,3,426.2108154296875,166.9801788330078,29.79046630859375,107.28605651855469
192,2,396.5386657714844,153.61868286132812,20.6016845703125,79.87142944335938
192,1,0.0253641027957201,158.29095458984375,14.391694841906428,57.20625305175781
193,7,1.5265376567840576,191.5299072265625,53.533360719680786,129.06344604492188
193,3,427.96954345703125,166.24302673339844,29.181976318359375,108.27030944824219
193,2,396.1868591308594,154.44708251953125,20.3897705078125,78.28782653808594
193,1,0.0,156.93482971191406,14.160174369812012,58.50138854980469
194,7,1.1704707145690918,191.1737823486328,54.62872362136841,128.6818084716797
194,3,429.2539367675781,166.00521850585938,27.290191650390625,108.28057861328125
194,2,396.0281982421875,154.74269104003906,20.037200927734375,78.2200927734375
194,1,0.0,155.0523681640625,13.024566650390625,61.05824279785156
195,7,1.1916701793670654,191.26089477539062,54.309027910232544,128.13800048828125
195,3,430.1133117675781,166.4429473876953,26.7906494140625,108.06565856933594
195,2,396.15789794921875,155.04833984375,18.992950439453125,78.41436767578125
195,1,0.0,155.68260192871094,12.477840423583984,60.83796691894531
196,7,1.1225206851959229,191.3862762451172,52.990134954452515,127.66618347167969
196,3,431.5828552246094,168.7551727294922,24.831817626953125,105.73512268066406
196,2,396.11273193359375,155.91934204101562,17.43133544921875,77.38185119628906
196,1,0.0,159.75209045410156,11.016220092773438,57.958465576171875
197,7,0.9375725388526917,190.69131469726562,50.348815858364105,127.38259887695312
197,2,396.3617248535156,157.1168212890625,15.86328125,77.33917236328125
197,3,433.1283264160156,172.412841796875,21.980316162109375,101.79315185546875
197,1,0.008882538415491581,160.93496704101562,10.396287902258337,55.98988342285156
198,7,0.9734891653060913,189.4851531982422,48.03495275974274,127.30729675292969
198,2,396.5177307128906,159.6753387451172,14.540740966796875,73.7325439453125
198,3,434.8115234375,173.9927520751953,21.7481689453125,99.72627258300781
199,7,0.8914082050323486,188.93751525878906,46.381998777389526,125.69587707519531
199,3,435.8675537109375,177.47119140625,21.647125244140625,95.11990356445312
200,7,0.7410935163497925,187.80514526367188,43.886489033699036,124.38705444335938
200,3,436.9533386230469,181.3520050048828,19.663055419921875,90.42149353027344
201,7,0.43196016550064087,186.3885498046875,38.802323281764984,124.06253051757812
201,3,440.1200256347656,180.45193481445312,16.34796142578125,91.3056640625
202,7,0.45785871148109436,185.228271484375,34.54143938422203,123.16098022460938
202,3,442.60845947265625,183.17913818359375,14.31109619140625,87.85311889648438
203,7,0.39641597867012024,185.43003845214844,33.35692951083183,121.35090637207031
203,3,444.9339599609375,180.68324279785156,13.68310546875,88.45927429199219
204,7,0.23779118061065674,185.59532165527344,32.62238109111786,119.57038879394531
205,7,0.21339266002178192,185.9139862060547,31.966313913464546,119.25062561035156
206,7,0.21684809029102325,186.75234985351562,31.695343300700188,117.64920043945312
207,7,0.2526065707206726,187.16293334960938,31.250300228595734,116.68463134765625
208,7,0.1731506586074829,187.3998260498047,31.612293601036072,115.95487976074219
209,7,0.0900275781750679,187.01744079589844,31.558364145457745,115.95603942871094
210,7,0.038587622344493866,186.80938720703125,31.38183779269457,115.90740966796875
211,7,0.013583219610154629,186.47860717773438,30.286755525507033,114.44635009765625
212,7,0.0,183.84471130371094,29.339250564575195,115.44297790527344
213,7,0.0,183.88865661621094,26.894622802734375,114.47322082519531
214,7,0.0,182.14175415039062,24.60906982421875,114.80252075195312
215,7,0.05903133004903793,179.51828002929688,21.038436092436314,116.80029296875
216,7,0.006817758549004793,189.19342041015625,16.57285028649494,107.4783935546875
217,7,0.0,192.18617248535156,17.326473236083984,105.13294982910156
218,7,0.0,194.3961181640625,21.774490356445312,102.3719482421875
219,7,0.12327834218740463,193.64991760253906,21.91148690134287,102.56044006347656
220,7,0.10850249230861664,194.92453002929688,21.401629343628883,100.76376342773438
221,7,0.011290437541902065,196.06141662597656,20.039332502521574,98.56776428222656
222,7,0.0246842410415411,194.9246368408203,18.557385155931115,98.63172912597656
223,7,0.06500085443258286,198.47035217285156,16.80051390081644,94.47291564941406
224,7,0.0,198.07313537597656,15.783856391906738,88.76380920410156
