10,1,669.1813354492188,229.82672119140625,39.8819580078125,37.215179443359375
58,2,71.18212127685547,117.10651397705078,17.06597900390625,48.42096710205078
61,3,430.2030334472656,136.96115112304688,24.53271484375,87.51878356933594
62,3,430.142578125,137.49290466308594,24.40594482421875,86.90739440917969
67,3,429.7262268066406,135.2707977294922,24.2301025390625,87.69136047363281
68,3,429.94390869140625,135.23159790039062,24.020477294921875,86.35401916503906
69,3,428.56024169921875,134.51547241210938,25.261322021484375,87.65457153320312
70,3,430.0487365722656,134.93118286132812,23.858734130859375,85.49444580078125
71,3,429.0905456542969,135.407470703125,24.658050537109375,80.5216064453125
72,3,429.2921142578125,134.69337463378906,24.828460693359375,78.18769836425781
73,3,428.36444091796875,135.4019012451172,25.68499755859375,79.52020263671875
74,3,428.1907653808594,135.23388671875,25.892669677734375,78.24562072753906
75,3,429.46185302734375,135.49717712402344,24.438690185546875,79.86358642578125
76,3,429.49810791015625,135.1490020751953,24.2724609375,78.00076293945312
77,3,429.6646423339844,135.4263916015625,24.05279541015625,79.95169067382812
78,3,429.5059509277344,135.85812377929688,24.0997314453125,78.6937255859375
79,3,429.4781494140625,136.32374572753906,24.15924072265625,78.45918273925781
80,3,429.2381286621094,136.36407470703125,24.387359619140625,77.99758911132812
81,3,428.87176513671875,135.76893615722656,24.597381591796875,76.86456298828125
82,3,429.2696533203125,135.41363525390625,23.861114501953125,75.23100280761719
83,3,428.3791809082031,136.31759643554688,24.63525390625,73.99053955078125
84,3,428.3473815917969,135.6187744140625,25.46270751953125,82.02642822265625
85,3,430.4991760253906,134.85513305664062,23.944549560546875,85.77253723144531
87,3,428.25872802734375,135.47776794433594,26.83392333984375,99.72845458984375
88,3,428.1360778808594,134.33047485351562,26.9154052734375,102.63496398925781
89,3,425.8607482910156,135.3168487548828,29.50018310546875,101.79685974121094
90,3,419.4132080078125,141.0481414794922,34.9820556640625,95.73468017578125
91,3,417.0038146972656,142.00393676757812,37.809600830078125,93.80058288574219
92,3,414.63739013671875,148.13111877441406,39.129791259765625,89.01803588867188
92,4,437.6329345703125,133.10556030273438,17.569305419921875,84.29069519042969
93,3,413.7021179199219,148.02755737304688,39.620330810546875,88.47578430175781
93,4,435.90216064453125,134.1968994140625,19.093597412109375,86.45022583007812
94,3,413.2876892089844,150.7660369873047,39.65985107421875,85.84776306152344
95,3,411.01171875,148.0555419921875,40.32940673828125,88.78224182128906
95,4,433.3111877441406,135.0130157470703,21.343414306640625,90.51469421386719
97,3,407.6807861328125,145.61199951171875,40.91693115234375,89.24298095703125
98,3,406.3672790527344,146.69078063964844,36.915618896484375,89.39065551757812
99,3,404.2926025390625,147.6085968017578,29.5244140625,88.48442077636719
100,3,401.6661071777344,145.77938842773438,29.40142822265625,89.50740051269531
101,3,397.7896728515625,144.07305908203125,29.4796142578125,94.61964416503906
101,4,427.67987060546875,142.09579467773438,25.32147216796875,70.9219970703125
102,3,398.33795166015625,145.55963134765625,25.3763427734375,93.297607421875
103,3,397.3632507324219,146.75753784179688,24.2301025390625,90.30235290527344
104,3,396.7262878417969,146.1932373046875,23.76739501953125,90.66276550292969
108,3,395.4253234863281,153.6525115966797,20.445770263671875,82.02122497558594
175,3,395.7618713378906,153.1226806640625,22.058441162109375,93.33145141601562
176,3,395.0743713378906,151.6041717529297,23.92962646484375,97.69783020019531
177,3,395.3942565917969,151.8502960205078,31.756256103515625,102.33549499511719
178,3,395.6670837402344,154.33383178710938,35.447845458984375,100.02143859863281
179,3,395.2506408691406,154.8003692626953,36.40850830078125,100.21952819824219
180,3,395.4265441894531,155.8984375,36.479278564453125,99.41191101074219
181,3,396.7936096191406,156.56292724609375,35.5791015625,100.31112670898438
182,3,399.5165710449219,156.59573364257812,32.096160888671875,99.41482543945312
183,3,398.7540588378906,156.14356994628906,34.05865478515625,99.44268798828125
184,3,400.09552001953125,156.39303588867188,35.18438720703125,99.54196166992188
185,3,400.83087158203125,155.97023010253906,36.216766357421875,101.07106018066406
186,3,401.0926513671875,155.70018005371094,38.344146728515625,100.94007873535156
187,3,400.2946472167969,155.92926025390625,40.795074462890625,99.23606872558594
188,3,401.1886291503906,156.82791137695312,42.456329345703125,101.50765991210938
189,3,400.7158203125,157.84181213378906,44.073333740234375,101.90638732910156
190,3,401.43975830078125,157.69432067871094,44.545166015625,105.54237365722656
191,3,402.1986083984375,158.4915771484375,44.47833251953125,106.00860595703125
192,3,402.2249450683594,158.9298553466797,45.510528564453125,106.55696105957031
193,3,402.6910705566406,158.8634490966797,44.93017578125,107.30110168457031
194,3,403.5608215332031,160.3031463623047,44.18353271484375,107.15425109863281
195,3,404.142333984375,159.9709014892578,42.950531005859375,107.15678405761719
196,3,403.6033020019531,160.81399536132812,42.3916015625,106.74395751953125
197,3,404.0984191894531,161.0993194580078,41.005523681640625,106.51515197753906
198,3,403.8583068847656,161.73011779785156,40.2353515625,105.74229431152344
199,3,403.6722412109375,160.99755859375,39.780181884765625,106.39218139648438
200,3,403.157958984375,160.7220916748047,40.461578369140625,106.44627380371094
201,3,402.587158203125,161.24508666992188,40.945037841796875,106.73388671875
202,3,402.5355224609375,161.24188232421875,41.095794677734375,107.25143432617188
203,3,402.1346130371094,161.7368621826172,41.82757568359375,108.30241394042969
204,3,401.5929870605469,161.03602600097656,42.311737060546875,110.58479309082031
205,3,401.3572692871094,161.8936004638672,42.508880615234375,111.95771789550781
206,3,400.0519104003906,162.88645935058594,43.485504150390625,112.36824035644531
207,3,399.6817626953125,163.88514709472656,44.178466796875,112.07450866699219
208,3,399.513916015625,163.39405822753906,44.14068603515625,111.65849304199219
209,3,399.4641418457031,164.14768981933594,44.036285400390625,111.43312072753906
210,3,399.0075988769531,164.0723419189453,44.067718505859375,112.18882751464844
211,3,399.1355285644531,163.84982299804688,43.697418212890625,111.45877075195312
212,3,398.9265441894531,162.69981384277344,43.147186279296875,113.02516174316406
213,3,398.25927734375,162.67276000976562,42.735107421875,114.04098510742188
214,3,397.1528015136719,162.7904052734375,41.41571044921875,113.83950805664062
215,3,396.3209228515625,163.6139678955078,39.904266357421875,114.02076721191406
216,3,395.1392822265625,164.264892578125,39.484588623046875,114.615234375
217,3,392.6597900390625,164.22750854492188,40.74615478515625,114.6947021484375
218,3,385.08966064453125,165.6605224609375,47.899383544921875,113.71966552734375
219,3,382.3171081542969,166.23779296875,50.72857666015625,114.38442993164062
220,3,379.1206359863281,167.148193359375,54.25787353515625,114.18792724609375
221,3,379.24737548828125,169.63079833984375,53.50604248046875,111.8731689453125
222,3,378.68109130859375,167.631591796875,54.02215576171875,114.27362060546875
223,3,377.3616027832031,169.06455993652344,53.527191162109375,113.56993103027344
223,5,368.4716491699219,162.26756286621094,19.646148681640625,97.46418762207031
224,3,376.54986572265625,170.15682983398438,51.804046630859375,113.75836181640625
225,3,373.9252014160156,169.48193359375,50.63568115234375,114.23651123046875
226,3,371.5457458496094,169.3786163330078,47.664276123046875,114.66133117675781
227,3,367.26531982421875,169.48013305664062,46.403045654296875,114.228515625
228,3,362.1444396972656,168.9241943359375,40.492431640625,114.9249267578125
229,3,357.3367614746094,170.1577911376953,43.674652099609375,116.12071228027344
230,3,351.6448974609375,170.0400848388672,45.952789306640625,119.82585144042969
231,3,349.31201171875,171.7809295654297,47.175201416015625,118.02583312988281
232,3,345.0809326171875,171.44781494140625,53.099609375,117.50521850585938
233,3,342.2841796875,171.07859802246094,55.51434326171875,117.66944885253906
234,3,340.02703857421875,171.24978637695312,57.285064697265625,118.18325805664062
235,3,339.1924133300781,171.68666076660156,56.73419189453125,117.99046325683594
236,3,337.6395568847656,171.0782470703125,56.060394287109375,117.65390014648438
237,3,337.491455078125,170.95957946777344,50.26666259765625,118.78218078613281
238,3,336.4148864746094,171.07254028320312,47.229095458984375,118.83297729492188
239,3,334.8571472167969,170.5230712890625,42.791778564453125,119.41287231445312
240,3,332.416748046875,170.9298095703125,38.168182373046875,118.58154296875
241,3,329.50762939453125,170.90240478515625,32.810821533203125,118.37606811523438
242,3,325.8014221191406,170.8721160888672,31.7987060546875,118.77897644042969
243,3,321.34466552734375,171.1144256591797,34.67950439453125,118.58003234863281
244,3,314.35986328125,169.36099243164062,41.970062255859375,120.74380493164062
245,3,305.5611877441406,171.7218475341797,52.40777587890625,118.32075500488281
246,3,299.3366394042969,172.08370971679688,58.375457763671875,117.92898559570312
247,3,296.0342102050781,172.27999877929688,62.0494384765625,117.97775268554688
248,3,293.316162109375,172.01080322265625,64.068359375,118.55181884765625
249,3,292.52215576171875,171.718017578125,63.78900146484375,118.6051025390625
250,3,291.84625244140625,171.52442932128906,59.387451171875,118.66484069824219
251,3,291.9481201171875,171.247802734375,52.287384033203125,118.45077514648438
252,3,290.8553161621094,171.84974670410156,45.31341552734375,113.91258239746094
253,3,289.3393249511719,170.35574340820312,42.405548095703125,117.47592163085938
254,3,283.4720458984375,169.17861938476562,30.687103271484375,118.2952880859375
255,3,279.01263427734375,168.59124755859375,32.71429443359375,120.19876098632812
256,3,274.42510986328125,168.75177001953125,36.4814453125,118.86441040039062
257,3,265.4378356933594,169.8793487548828,44.5821533203125,117.26817321777344
258,3,255.79537963867188,170.59031677246094,55.000518798828125,116.06050109863281
259,3,251.13043212890625,171.0454559326172,60.67437744140625,115.16419982910156
260,3,247.9436492919922,170.79006958007812,63.92390441894531,115.467529296875
261,3,245.87210083007812,171.27560424804688,65.24993896484375,114.59121704101562
262,3,246.21292114257812,171.10179138183594,63.242340087890625,114.39048767089844
263,3,247.8628692626953,170.91177368164062,57.65065002441406,114.44094848632812
264,3,245.88438415527344,170.4576416015625,55.01249694824219,114.3656005859375
265,3,243.7938232421875,169.74050903320312,49.460235595703125,114.22183227539062
266,3,241.9925537109375,168.72607421875,44.0281982421875,115.2261962890625
267,3,240.156982421875,169.79673767089844,39.1591796875,114.55406188964844
268,3,235.645263671875,168.3623809814453,34.659698486328125,114.83403015136719
269,3,231.36351013183594,168.22030639648438,35.78712463378906,115.42733764648438
270,3,226.1015167236328,168.67584228515625,38.49873352050781,115.45166015625
271,3,222.9524383544922,168.85740661621094,40.72172546386719,115.38984680175781
272,3,219.10626220703125,169.9430389404297,44.29949951171875,113.77098083496094
273,3,215.80181884765625,169.10153198242188,46.870819091796875,114.98675537109375
274,3,212.82492065429688,169.70333862304688,50.467132568359375,114.92233276367188
275,3,210.5442657470703,169.55203247070312,52.05683898925781,115.53305053710938
276,3,208.19053649902344,168.7187957763672,51.39936828613281,115.32374572753906
277,3,207.85923767089844,169.24755859375,47.01063537597656,112.5335693359375
278,3,207.17852783203125,168.5643768310547,36.55104064941406,110.50785827636719
279,3,205.7288818359375,167.47479248046875,31.508529663085938,110.63714599609375
280,3,202.5307159423828,166.758056640625,30.959121704101562,113.3946533203125
281,3,199.56582641601562,166.61001586914062,31.904037475585938,113.22781372070312
282,3,196.5617218017578,166.1060333251953,33.102142333984375,113.02500915527344
283,3,192.89151000976562,166.7467803955078,35.30448913574219,110.60450744628906
284,3,186.2369842529297,166.5597381591797,42.282440185546875,111.37480163574219
285,3,181.07489013671875,167.1971893310547,47.60069274902344,110.34678649902344
286,3,179.01463317871094,167.4716796875,50.803131103515625,110.4595947265625
287,3,178.74493408203125,167.26016235351562,50.516876220703125,109.45297241210938
288,3,180.2577667236328,166.92608642578125,48.10968017578125,110.29571533203125
289,3,179.5797576904297,167.3166961669922,45.44218444824219,108.17036437988281
290,3,175.9193115234375,166.24896240234375,46.17146301269531,108.92822265625
291,3,172.9552764892578,166.035888671875,45.94432067871094,107.91207885742188
292,3,169.1879425048828,166.59230041503906,45.821136474609375,106.26618957519531
293,3,167.24803161621094,165.91580200195312,42.30503845214844,106.02493286132812
294,3,163.46864318847656,165.49118041992188,43.25624084472656,106.02081298828125
295,3,163.05320739746094,165.14422607421875,42.365997314453125,106.20736694335938
296,3,162.5728302001953,165.40232849121094,44.26011657714844,106.85646057128906
297,3,162.4676971435547,165.85919189453125,45.82008361816406,106.47451782226562
298,3,161.5684814453125,166.00057983398438,45.44154357910156,106.239990234375
299,3,160.13079833984375,165.89964294433594,46.29505920410156,106.09336853027344
300,3,159.1056365966797,165.67080688476562,45.136566162109375,107.76339721679688
301,3,159.23667907714844,166.0013427734375,42.37303161621094,106.29638671875
302,3,158.58065795898438,165.2091064453125,40.55400085449219,99.47412109375
303,3,158.53807067871094,164.52688598632812,39.76617431640625,102.02426147460938
304,3,157.6425323486328,163.78933715820312,37.78569030761719,103.43264770507812
305,3,156.87060546875,162.78932189941406,36.15434265136719,103.31181335449219
306,3,156.13388061523438,161.93751525878906,35.135406494140625,102.53785705566406
307,3,155.22213745117188,161.68991088867188,34.90577697753906,102.05560302734375
308,3,154.33261108398438,161.04934692382812,34.28729248046875,101.57781982421875
309,3,153.25045776367188,161.24554443359375,33.41728210449219,100.75564575195312
310,3,152.4945526123047,161.1850128173828,33.353057861328125,99.89857482910156
311,3,150.8873748779297,161.6038818359375,34.12762451171875,99.96771240234375
312,3,149.92552185058594,161.67852783203125,34.169525146484375,100.98574829101562
313,3,147.41702270507812,161.97828674316406,35.88490295410156,99.70686340332031
314,3,146.47576904296875,162.09439086914062,36.78752136230469,99.30929565429688
315,3,145.2803955078125,161.40658569335938,37.350372314453125,99.2935791015625
316,3,144.08189392089844,160.96559143066406,37.92877197265625,98.94654846191406
317,3,143.8872833251953,160.39659118652344,36.44364929199219,97.20509338378906
318,3,143.130615234375,160.1297149658203,35.19573974609375,95.556396484375
319,3,142.6769256591797,159.21958923339844,33.93266296386719,96.19700622558594
320,3,141.58114624023438,158.08261108398438,34.20716857910156,96.69923400878906
321,3,140.22320556640625,158.03749084472656,35.03874206542969,96.4610595703125
322,3,137.99269104003906,157.94375610351562,36.77879333496094,96.50579833984375
323,3,134.0144805908203,158.20420837402344,40.53721618652344,96.66204833984375
324,3,133.56448364257812,158.94200134277344,41.38031005859375,97.01812744140625
325,3,135.29949951171875,158.76339721679688,40.01332092285156,97.50210571289062
326,3,134.4821319580078,159.1749725341797,39.92913818359375,96.06590270996094
327,3,134.42247009277344,159.19247436523438,38.560882568359375,95.60337829589844
328,3,134.99623107910156,158.95140075683594,37.489532470703125,94.74041748046875
329,3,132.87644958496094,158.16734313964844,38.63446044921875,94.30461120605469
330,3,132.92962646484375,157.3162384033203,37.787322998046875,91.84175109863281
331,3,131.93637084960938,156.85354614257812,37.57136535644531,90.91166687011719
332,3,131.6901397705078,156.2303009033203,36.26708984375,91.38406372070312
333,3,131.32424926757812,156.01011657714844,35.1075439453125,89.98704528808594
334,3,131.24705505371094,155.83193969726562,33.44404602050781,90.50898742675781
335,3,131.0686492919922,155.9872283935547,33.10137939453125,89.81025695800781
336,3,131.49026489257812,156.42967224121094,32.394012451171875,89.09201049804688
337,3,130.05404663085938,156.688720703125,33.04164123535156,89.2724609375
338,3,129.0963592529297,157.12759399414062,33.26008605957031,88.96121215820312
339,3,129.40948486328125,157.30870056152344,32.990570068359375,89.03277587890625
340,3,129.11468505859375,156.78733825683594,32.43902587890625,88.99311828613281
341,3,127.45289611816406,156.82029724121094,34.17436218261719,88.52210998535156
342,3,127.36071014404297,156.23599243164062,33.566993713378906,87.46299743652344
343,3,126.7229232788086,155.77362060546875,33.30571746826172,85.91053771972656
344,3,125.40617370605469,155.15077209472656,32.03398132324219,85.55441284179688
345,3,124.37255096435547,154.60386657714844,32.59131622314453,85.4967041015625
346,3,122.65167236328125,153.5251922607422,32.98567199707031,85.9281005859375
347,3,121.96769714355469,152.9561004638672,34.222137451171875,86.02667236328125
348,3,120.22128295898438,153.00161743164062,35.367279052734375,86.29214477539062
349,3,120.0840835571289,152.87916564941406,35.525306701660156,85.71212768554688
350,3,119.32157897949219,153.61505126953125,35.627166748046875,86.88522338867188
351,3,118.65852355957031,153.66758728027344,36.26298522949219,86.54798889160156
352,3,118.45659637451172,153.5758514404297,36.53894805908203,86.48789978027344
353,3,118.7623519897461,153.33084106445312,36.235252380371094,86.53956604003906
354,3,118.49356842041016,153.0695343017578,35.815879821777344,85.67140197753906
355,3,118.69010925292969,153.23028564453125,34.167236328125,84.6217041015625
356,3,119.43134307861328,152.07005310058594,33.176780700683594,84.63285827636719
357,3,118.67080688476562,151.3475341796875,33.1771240234375,83.60955810546875
358,3,118.18740844726562,150.58302307128906,31.773956298828125,83.41326904296875
359,3,117.83172607421875,149.98849487304688,32.35981750488281,83.08551025390625
360,3,118.93919372558594,148.79034423828125,26.947540283203125,83.45811462402344
361,3,118.33610534667969,148.93714904785156,27.850845336914062,83.19329833984375
362,3,117.35479736328125,148.79969787597656,27.718963623046875,82.26426696777344
363,3,116.39115142822266,149.1787109375,28.060218811035156,82.23927307128906
364,3,116.30572509765625,149.39442443847656,26.999282836914062,81.86250305175781
365,3,113.59942626953125,149.3545379638672,29.897415161132812,82.02726745605469
366,3,112.31989288330078,148.98477172851562,30.64942169189453,81.37753295898438
367,3,112.10071563720703,149.1011505126953,31.20575714111328,81.09341430664062
368,3,111.09169006347656,147.99575805664062,32.810516357421875,81.90841674804688
369,3,109.00397491455078,147.02511596679688,31.01215362548828,81.41459655761719
370,3,107.0655288696289,146.8494415283203,31.213539123535156,80.35275268554688
371,3,106.20213317871094,146.31381225585938,30.008895874023438,80.11677551269531
372,3,103.46504974365234,145.1979522705078,32.103126525878906,81.64366149902344
373,3,103.46338653564453,144.97784423828125,30.83440399169922,82.21783447265625
374,3,101.21028137207031,145.57435607910156,33.09770202636719,81.7357177734375
375,3,100.349609375,145.765625,33.02592468261719,81.25541687011719
376,3,99.1446762084961,145.34182739257812,33.55152130126953,81.93702697753906
377,3,98.91486358642578,145.51193237304688,32.719688415527344,81.87489318847656
378,3,98.67096710205078,145.75634765625,32.550559997558594,81.10321044921875
379,3,98.28591918945312,145.64036560058594,31.93450927734375,80.94111633300781
380,3,97.98652648925781,145.33839416503906,32.59095764160156,80.94856262207031
381,3,98.35383605957031,145.5107879638672,29.94317626953125,78.04595947265625
382,3,98.31260681152344,144.86083984375,29.141929626464844,77.90921020507812
383,3,98.04972076416016,143.84019470214844,28.07068634033203,79.02908325195312
384,3,97.52996063232422,143.69778442382812,26.158851623535156,78.73483276367188
385,3,96.84022521972656,143.14959716796875,25.341522216796875,79.46327209472656
386,3,97.0011978149414,143.2420196533203,24.158836364746094,78.59672546386719
387,3,96.42637634277344,143.20188903808594,25.091758728027344,78.2381591796875
388,3,95.6146240234375,143.3453826904297,26.123397827148438,78.25898742675781
389,3,93.68351745605469,143.88417053222656,27.195526123046875,77.50917053222656
389,6,24.48143768310547,119.30867004394531,17.808544158935547,55.16734313964844
390,3,92.41358184814453,144.4853515625,28.509140014648438,77.04634094238281
390,6,24.171672821044922,119.9794921875,18.351360321044922,54.268646240234375
391,3,93.08389282226562,144.7357940673828,28.1201171875,76.67816162109375
391,6,24.793556213378906,120.0546875,18.58510971069336,53.896728515625
392,3,92.33466339111328,144.92941284179688,29.05998992919922,76.09214782714844
393,3,90.78533172607422,144.09231567382812,29.8922119140625,76.60197448730469
394,3,88.86381530761719,143.4544677734375,30.77264404296875,77.4390869140625
395,3,87.37122344970703,143.13201904296875,29.905479431152344,77.41957092285156
396,3,86.33704376220703,142.7945098876953,27.416282653808594,76.30337524414062
396,6,27.94623374938965,118.64601135253906,19.004114151000977,55.34867858886719
397,3,85.12210083007812,142.7350616455078,25.091224670410156,75.94943237304688
397,6,25.61574363708496,117.71710968017578,19.596845626831055,56.72893524169922
398,3,81.43592834472656,142.1585693359375,26.41009521484375,75.94105529785156
398,6,26.204614639282227,118.88540649414062,18.70448875427246,56.30525207519531
399,3,80.19054412841797,142.0153045654297,26.185707092285156,76.01174926757812
399,6,26.296606063842773,119.11542510986328,18.928197860717773,56.398277282714844
400,3,79.39470672607422,142.2247772216797,27.915390014648438,75.89471435546875
401,3,78.50115203857422,142.02410888671875,27.665145874023438,75.90567016601562
402,3,77.09581756591797,142.8530731201172,28.40129852294922,75.54275512695312
403,3,76.19306945800781,142.8828582763672,28.9949951171875,75.19523620605469
404,3,74.99699401855469,144.0118408203125,29.415985107421875,73.36935424804688
405,3,73.2007827758789,144.66421508789062,30.429962158203125,73.19911193847656
406,3,73.34326934814453,144.31832885742188,28.829246520996094,72.88078308105469
407,3,73.48512268066406,143.37034606933594,27.054092407226562,72.43766784667969
408,3,74.38607788085938,142.8172149658203,24.393699645996094,72.34431457519531
409,3,74.49600982666016,142.78749084472656,23.062156677246094,71.22854614257812
410,3,74.0074234008789,141.69387817382812,22.520423889160156,73.12496948242188
411,3,73.42390441894531,141.42398071289062,22.330459594726562,73.27168273925781
412,3,72.45880889892578,141.70791625976562,21.897705078125,72.820556640625
413,3,72.10364532470703,141.32334899902344,22.413352966308594,72.93522644042969
414,3,71.39778900146484,141.3278045654297,22.625961303710938,72.60942077636719
415,3,69.62030792236328,141.35809326171875,25.062088012695312,72.878662109375
416,3,67.26133728027344,142.3834228515625,26.77393341064453,71.19131469726562
417,3,67.20732116699219,142.74205017089844,26.86109161376953,70.62857055664062
418,3,66.96281433105469,143.0375213623047,26.617843627929688,70.4051513671875
419,3,64.74168395996094,141.7599334716797,28.599746704101562,71.6295166015625
420,3,62.49734115600586,140.86956787109375,29.25729751586914,72.39712524414062
421,3,62.5958251953125,141.16795349121094,26.583404541015625,71.92642211914062
422,3,60.61737060546875,140.54660034179688,25.245323181152344,71.66647338867188
423,3,59.80686950683594,139.93768310546875,22.83184051513672,71.74981689453125
424,3,58.68888854980469,138.99119567871094,22.787918090820312,72.32781982421875
425,3,57.036136627197266,139.1146240234375,24.09250259399414,72.91069030761719
426,3,52.30446243286133,138.96397399902344,28.290103912353516,72.19245910644531
427,3,51.586639404296875,140.5425262451172,28.10388946533203,69.83853149414062
427,7,431.4117431640625,437.9000549316406,43.13421630859375,40.88763427734375
428,3,50.71953201293945,140.32205200195312,27.78603744506836,70.51701354980469
429,3,49.10220718383789,140.90298461914062,27.625492095947266,69.79592895507812
430,3,48.238121032714844,141.20660400390625,29.009788513183594,68.8900146484375
430,7,398.1456298828125,410.65435791015625,92.4647216796875,68.39227294921875
431,3,47.92880630493164,140.83746337890625,29.225757598876953,69.32005310058594
431,7,391.77496337890625,402.2262268066406,98.63204956054688,76.78427124023438
432,3,47.82906723022461,139.90631103515625,26.961170196533203,69.79519653320312
432,7,388.6939392089844,394.751708984375,99.73077392578125,83.65655517578125
433,3,47.98861312866211,139.483642578125,25.614032745361328,70.06083679199219
433,7,387.56201171875,390.2463073730469,99.7042236328125,88.38153076171875
434,3,47.558040618896484,139.64840698242188,25.766277313232422,68.31965637207031
434,7,385.3382263183594,386.1938171386719,97.50469970703125,93.1146240234375
435,3,47.4445686340332,139.0329132080078,25.065563201904297,68.89471435546875
435,7,383.0398864746094,382.6292419433594,99.002685546875,96.53094482421875
436,3,47.34366989135742,139.1247100830078,23.513545989990234,69.30488586425781
436,7,379.3985900878906,378.9604187011719,104.25970458984375,100.09796142578125
437,3,47.72307586669922,138.55496215820312,22.416526794433594,69.98716735839844
437,7,373.32574462890625,375.0122375488281,109.88589477539062,103.7430419921875
438,3,47.18049621582031,138.55117797851562,21.52661895751953,70.0328369140625
438,7,369.9203796386719,370.8260498046875,113.92129516601562,107.4271240234375
439,3,46.510498046875,138.62948608398438,21.27691650390625,69.61392211914062
439,7,367.4393310546875,364.8132629394531,117.2718505859375,113.33755493164062
440,3,46.54549026489258,138.16879272460938,21.132091522216797,70.04115295410156
440,7,367.852783203125,358.51568603515625,116.773193359375,119.29034423828125
441,3,46.5717887878418,137.52455139160156,21.518184661865234,70.41619873046875
441,7,368.9666748046875,351.5090637207031,113.55108642578125,126.39846801757812
442,3,46.505859375,139.22140502929688,20.60327911376953,68.73960876464844
442,7,371.6632385253906,345.052490234375,105.09628295898438,132.70556640625
443,3,46.03574752807617,138.98995971679688,20.904430389404297,68.75375366210938
443,7,375.2763671875,340.2460021972656,92.99545288085938,137.4915771484375
444,3,45.244136810302734,138.04673767089844,21.162586212158203,69.61172485351562
444,7,376.18511962890625,336.4652404785156,87.97091674804688,141.75100708007812
445,3,44.62649917602539,138.15870666503906,21.163402557373047,69.20394897460938
445,7,376.0014343261719,334.5238342285156,85.27828979492188,143.20785522460938
446,3,42.74782943725586,137.3142547607422,22.008769989013672,68.96096801757812
446,7,372.53515625,330.16986083984375,82.6392822265625,147.18731689453125
447,3,42.39179611206055,138.1081085205078,22.040119171142578,67.66600036621094
447,7,370.1908264160156,326.8140869140625,82.41864013671875,150.72027587890625
448,3,41.43169021606445,138.00718688964844,22.54598617553711,67.53755187988281
448,7,368.09320068359375,322.6587219238281,81.51223754882812,155.33572387695312
449,3,40.718441009521484,137.82752990722656,22.874675750732422,67.50762939453125
449,7,366.9722595214844,318.4394836425781,80.96807861328125,158.5054931640625
450,3,39.233585357666016,137.1556396484375,24.03510284423828,67.89105224609375
450,7,365.8056640625,313.1517639160156,79.9619140625,163.73159790039062
451,3,38.12995529174805,137.10223388671875,24.64581298828125,67.50401306152344
451,7,364.973876953125,306.40203857421875,78.94467163085938,170.51397705078125
452,3,37.907203674316406,137.2028350830078,24.511138916015625,67.812744140625
452,7,364.0569152832031,301.9652099609375,78.89163208007812,175.44924926757812
453,3,37.92193603515625,137.55316162109375,25.042308807373047,67.21200561523438
453,7,362.8440856933594,298.7749328613281,79.7403564453125,178.59979248046875
454,3,37.157867431640625,137.85130310058594,24.749481201171875,66.87255859375
454,7,362.688232421875,296.4692077636719,82.56558227539062,180.93817138671875
455,3,37.16353988647461,138.0394744873047,24.1737060546875,66.88491821289062
455,7,362.1299133300781,294.6297302246094,84.24093627929688,183.33380126953125
456,7,361.2777099609375,293.41107177734375,87.70742797851562,184.92056274414062
456,3,36.844913482666016,137.73712158203125,27.017894744873047,67.63739013671875
457,3,36.931392669677734,137.52883911132812,25.91550064086914,67.90538024902344
457,7,361.2879638671875,292.013427734375,89.10009765625,186.14779663085938
458,7,360.98822021484375,289.72076416015625,89.8831787109375,187.75778198242188
458,3,37.26619338989258,137.32899475097656,24.56005096435547,67.20228576660156
459,7,362.0313415527344,285.7572021484375,88.87265014648438,191.93283081054688
459,3,37.675411224365234,137.29747009277344,23.138103485107422,66.14491271972656
460,7,362.33660888671875,282.8161926269531,87.55465698242188,195.53591918945312
460,3,38.001163482666016,136.97915649414062,23.32907485961914,65.24691772460938
461,7,364.2707824707031,279.2139892578125,84.2593994140625,198.84759521484375
461,3,37.71461486816406,136.93370056152344,23.052013397216797,64.39132690429688
461,8,435.06146240234375,157.68800354003906,20.261199951171875,83.57763671875
462,7,366.39764404296875,275.1650085449219,80.29718017578125,201.9906005859375
462,3,37.92020034790039,136.20225524902344,23.02777099609375,64.6376953125
463,7,367.04864501953125,271.4042663574219,77.08102416992188,203.67767333984375
463,3,37.370941162109375,135.8259735107422,24.551082611083984,65.67543029785156
463,8,434.5428771972656,157.79470825195312,20.5745849609375,86.46479797363281
464,7,368.60699462890625,268.75225830078125,70.88235473632812,206.2130126953125
464,3,37.27444839477539,135.68145751953125,24.464988708496094,65.48777770996094
464,8,433.85955810546875,157.0943603515625,21.0994873046875,92.01945495605469
465,7,369.3718566894531,266.98626708984375,68.1917724609375,207.97293090820312
465,3,37.31246566772461,135.60414123535156,24.259132385253906,65.31976318359375
465,8,433.6733703613281,158.28994750976562,21.39837646484375,90.37002563476562
466,7,369.3677062988281,265.50482177734375,67.51998901367188,209.58743286132812
466,3,37.24588394165039,136.0166473388672,24.21221160888672,64.58949279785156
466,8,432.5709228515625,158.07469177246094,22.60302734375,91.38111877441406
467,7,369.6930236816406,264.4062194824219,67.2586669921875,208.94171142578125
467,3,37.184627532958984,136.1211395263672,23.360763549804688,64.03990173339844
467,8,432.7123718261719,160.0449981689453,22.334716796875,92.96180725097656
468,7,371.5560302734375,263.6394958496094,64.50335693359375,204.44161987304688
468,3,37.28607177734375,136.04859924316406,22.552024841308594,63.54304504394531
468,8,431.8294982910156,158.84878540039062,23.06707763671875,94.55633544921875
469,7,371.1289367675781,262.1611022949219,64.26947021484375,204.20675659179688
469,3,36.63368225097656,136.19004821777344,22.807811737060547,63.35514831542969
469,8,431.2703552246094,159.36573791503906,23.580780029296875,96.99244689941406
470,7,370.2118835449219,256.816162109375,63.757781982421875,198.68359375
470,3,36.03504943847656,136.47119140625,22.12961196899414,63.34504699707031
470,8,428.9696960449219,161.90602111816406,25.668731689453125,94.58183288574219
471,7,370.1585388183594,254.26976013183594,63.770111083984375,190.1653289794922
471,3,35.886505126953125,136.38082885742188,21.980323791503906,63.018280029296875
471,8,427.3772888183594,159.888671875,27.481597900390625,96.7568359375
472,7,369.994140625,251.44195556640625,65.52557373046875,183.43585205078125
472,3,35.52113342285156,136.03208923339844,21.89068603515625,62.79481506347656
472,8,425.44482421875,162.29989624023438,28.29998779296875,94.75381469726562
473,7,369.673828125,247.64442443847656,67.37484741210938,185.21058654785156
473,8,425.42169189453125,162.9727783203125,28.394775390625,94.51678466796875
473,3,35.04253005981445,135.845703125,21.89356231689453,62.228973388671875
474,7,369.5329284667969,245.25730895996094,69.23016357421875,187.6720733642578
474,8,424.3055114746094,163.66497802734375,29.34954833984375,93.96145629882812
474,3,34.821044921875,135.68099975585938,21.576107025146484,62.00941467285156
475,7,370.12103271484375,244.258056640625,70.34161376953125,188.07952880859375
475,3,34.7147216796875,135.2263641357422,21.216693878173828,62.132080078125
475,8,423.2546081542969,161.1894989013672,30.43914794921875,96.30589294433594
476,7,369.9560852050781,243.9331512451172,72.17413330078125,188.73841857910156
476,8,422.20831298828125,159.00660705566406,31.76995849609375,98.23902893066406
476,3,34.47480010986328,135.0421600341797,21.122833251953125,62.100799560546875
477,7,370.1781005859375,243.86366271972656,74.01800537109375,188.79368591308594
477,8,420.4739685058594,159.568603515625,33.70428466796875,98.55767822265625
477,3,34.029205322265625,134.96922302246094,21.534320831298828,62.285980224609375
478,7,371.69293212890625,243.90333557128906,74.00897216796875,186.6016387939453
478,8,419.875,160.2191619873047,34.081512451171875,98.86573791503906
478,3,34.182518005371094,135.0481414794922,21.050762176513672,62.043304443359375
479,7,373.2427673339844,242.55267333984375,73.95059204101562,183.15042114257812
479,8,418.4776916503906,161.01715087890625,35.317230224609375,98.2557373046875
479,3,33.62429428100586,135.06619262695312,21.480857849121094,62.11653137207031
480,7,374.201171875,240.1026153564453,74.54373168945312,182.75962829589844
480,8,418.6062927246094,161.63577270507812,35.28924560546875,101.11410522460938
480,3,33.991798400878906,135.3933563232422,20.534168243408203,61.57835388183594
481,7,376.1357116699219,238.18797302246094,72.14767456054688,178.7588348388672
481,8,417.76715087890625,160.31947326660156,36.0623779296875,102.83586120605469
481,3,33.981346130371094,135.52923583984375,20.343456268310547,62.012176513671875
482,7,377.6886291503906,235.07054138183594,70.50103759765625,174.3939666748047
482,8,416.7199401855469,160.93772888183594,37.309173583984375,103.50373840332031
482,3,33.45939636230469,135.39772033691406,21.004459381103516,61.999420166015625
483,7,379.8974609375,230.99395751953125,67.06201171875,169.19000244140625
483,8,416.4773254394531,162.3470001220703,37.1881103515625,97.49198913574219
483,3,33.39265060424805,135.42930603027344,20.794219970703125,62.16157531738281
484,7,382.8162841796875,228.56549072265625,62.39752197265625,168.98580932617188
484,8,415.73974609375,162.12413024902344,38.315338134765625,97.03617858886719
484,3,32.46961212158203,135.33535766601562,21.66754913330078,61.87528991699219
485,7,384.27874755859375,226.60964965820312,58.91864013671875,169.69119262695312
485,3,31.74965476989746,135.081298828125,21.795175552368164,61.88584899902344
485,8,415.3459167480469,165.35140991210938,38.427490234375,93.59750366210938
486,7,385.3868408203125,225.0421905517578,56.7508544921875,171.2552032470703
486,3,31.36539077758789,134.46435546875,21.720806121826172,62.35267639160156
486,8,414.1673889160156,165.4703369140625,39.048248291015625,92.46176147460938
487,7,387.2403869628906,224.740234375,53.394622802734375,171.13076782226562
487,8,413.7284240722656,164.6763153076172,39.485504150390625,92.75666809082031
487,3,30.83167266845703,133.92413330078125,21.411853790283203,62.29057312011719
488,7,387.4619445800781,224.5753936767578,52.618194580078125,170.89024353027344
488,8,412.8792724609375,163.6128692626953,39.935028076171875,93.39622497558594
488,3,30.406492233276367,134.19700622558594,21.063302993774414,60.87425231933594
489,7,387.22149658203125,224.70074462890625,52.594024658203125,170.02798461914062
489,8,412.9085388183594,165.7471160888672,38.909149169921875,90.07504272460938
489,3,29.973379135131836,133.52987670898438,20.933591842651367,61.76109313964844
490,7,386.5374450683594,224.3485107421875,52.789947509765625,169.24642944335938
490,3,30.188629150390625,132.5552215576172,20.014381408691406,62.76728820800781
490,8,412.4329528808594,164.09921264648438,39.658538818359375,91.67259216308594
491,7,385.4893493652344,223.1162109375,53.352081298828125,168.76943969726562
491,3,29.5571346282959,132.7684326171875,20.3635311126709,62.630889892578125
491,8,412.00775146484375,164.6988067626953,38.385772705078125,91.31605529785156
492,7,385.30096435546875,222.2744903564453,52.888397216796875,168.10850524902344
492,3,29.286685943603516,132.535400390625,20.068927764892578,62.41046142578125
492,8,410.29791259765625,165.9109344482422,39.551513671875,89.45545959472656
493,7,383.62677001953125,219.41087341308594,54.754058837890625,164.54823303222656
493,3,28.81999397277832,132.75094604492188,20.719572067260742,62.26890563964844
493,8,408.3471984863281,168.04360961914062,40.81842041015625,86.39268493652344
494,7,383.0147399902344,215.9268798828125,57.117584228515625,153.781982421875
494,3,27.564367294311523,133.50997924804688,22.08011817932129,61.04078674316406
495,7,383.5794677734375,213.7810516357422,59.13702392578125,154.80250549316406
495,3,26.850738525390625,134.14463806152344,23.0318603515625,59.99986267089844
496,7,383.779296875,211.9572296142578,61.293731689453125,156.6282501220703
496,3,26.31477165222168,134.0647735595703,23.298341751098633,60.36643981933594
496,9,619.1284790039062,226.25482177734375,15.51251220703125,37.80279541015625
496,6,63.46207046508789,129.12109375,23.544437408447266,35.84754943847656
497,7,384.1127014160156,212.6498260498047,61.625579833984375,155.77223205566406
497,3,25.82923126220703,133.79766845703125,22.80422592163086,59.924530029296875
497,9,615.0748291015625,225.66677856445312,20.68597412109375,40.451171875
497,6,63.459781646728516,128.45143127441406,23.85336685180664,36.64495849609375
498,7,385.77386474609375,211.91204833984375,61.061248779296875,155.92758178710938
498,3,24.9005184173584,133.8634033203125,23.516706466674805,59.94670104980469
498,6,63.367122650146484,127.56497192382812,23.783451080322266,37.91075134277344
498,9,610.8001708984375,225.04071044921875,24.68408203125,40.27349853515625
499,7,386.57574462890625,213.29910278320312,60.765533447265625,153.64239501953125
499,3,24.181509017944336,134.18106079101562,23.439416885375977,58.865997314453125
499,6,63.562198638916016,126.81629943847656,23.977787017822266,40.18611145019531
499,9,606.6837768554688,223.96522521972656,27.95196533203125,39.01976013183594
500,7,387.9396057128906,213.97740173339844,59.847015380859375,152.6588897705078
500,3,23.523571014404297,133.0351104736328,20.049846649169922,59.6109619140625
500,8,396.6719665527344,175.9113311767578,36.362640380859375,56.67097473144531
500,9,603.9869995117188,192.4662628173828,31.49053955078125,70.15516662597656
501,7,388.7018737792969,213.2510528564453,59.610504150390625,152.26063537597656
501,3,22.523584365844727,133.54653930664062,20.135419845581055,58.69841003417969
501,9,600.6116943359375,177.74911499023438,34.763671875,84.91897583007812
502,7,389.280029296875,212.1314239501953,58.373504638671875,151.7473907470703
502,3,20.612987518310547,131.8038787841797,21.46442413330078,60.662811279296875
502,9,598.6135864257812,224.47433471679688,31.80535888671875,41.884063720703125
503,7,391.2359619140625,210.18368530273438,56.2589111328125,151.57290649414062
503,3,19.313880920410156,132.57681274414062,20.857379913330078,59.59977722167969
503,9,598.537109375,183.1675262451172,32.72259521484375,82.02153015136719
504,7,395.0296325683594,207.43508911132812,52.523895263671875,149.8294677734375
504,3,18.40016746520996,132.0662841796875,20.561220169067383,60.07450866699219
505,7,396.4317626953125,206.59854125976562,50.70269775390625,141.14215087890625
505,3,17.851634979248047,131.65081787109375,20.59484100341797,60.469329833984375
505,8,384.5992126464844,173.94903564453125,37.25225830078125,98.28396606445312
506,7,397.5931396484375,203.2278289794922,47.202880859375,143.0817413330078
506,3,17.22014045715332,131.30938720703125,20.978731155395508,60.45875549316406
506,8,378.9408264160156,170.9464569091797,37.043548583984375,103.53489685058594
507,7,397.7380676269531,201.69212341308594,45.1497802734375,142.82762145996094
507,3,17.50126075744629,131.47909545898438,20.531328201293945,60.44938659667969
507,8,375.107177734375,170.46566772460938,40.5693359375,108.21392822265625
508,7,399.595947265625,201.3585968017578,42.956268310546875,142.47987365722656
508,3,15.798176765441895,131.4813232421875,21.260870933532715,60.12229919433594
508,8,374.983642578125,172.01223754882812,39.766845703125,109.9141845703125
509,7,399.935546875,198.94061279296875,42.74603271484375,145.62051391601562
509,3,15.737458229064941,132.0284423828125,20.4397611618042,59.58636474609375
509,8,373.78900146484375,173.6486053466797,38.390655517578125,107.64707946777344
510,7,399.78179931640625,199.6990203857422,43.260345458984375,144.2580108642578
510,8,366.35662841796875,173.43553161621094,41.050567626953125,110.18363952636719
510,3,15.579596519470215,132.02796936035156,18.676533699035645,59.31446838378906
511,7,399.5521240234375,199.95657348632812,43.039825439453125,143.57565307617188
511,8,363.14715576171875,173.04989624023438,41.823333740234375,110.40695190429688
511,3,15.068713188171387,131.931396484375,18.884285926818848,59.73475646972656
512,7,399.6214294433594,199.8643035888672,42.699981689453125,143.3323516845703
512,8,360.7267761230469,172.22117614746094,44.219879150390625,111.19364929199219
512,3,14.54525089263916,131.76922607421875,19.159064292907715,60.09037780761719
513,7,398.4194030761719,199.03363037109375,43.400238037109375,142.28280639648438
513,3,13.043598175048828,132.65386962890625,19.88760757446289,58.813873291015625
513,8,357.0297546386719,172.92172241210938,45.339141845703125,110.75857543945312
514,7,397.2678527832031,195.7610626220703,43.768829345703125,144.17420959472656
514,3,12.494853019714355,132.34033203125,19.655144691467285,58.32896423339844
514,8,352.1336669921875,172.98585510253906,45.5186767578125,111.16523742675781
515,7,396.5149841308594,196.78965759277344,44.048614501953125,139.4947967529297
515,3,11.943158149719238,132.22296142578125,19.91467571258545,58.316497802734375
515,8,355.23089599609375,174.0348358154297,38.26348876953125,110.31562805175781
516,7,397.0267028808594,194.7628631591797,43.218780517578125,138.3660430908203
516,3,10.981459617614746,131.54505920410156,19.139365196228027,59.20356750488281
516,8,353.7502746582031,173.4462432861328,37.90521240234375,110.87059020996094
517,7,396.8299255371094,193.27578735351562,43.641326904296875,134.62640380859375
517,3,9.984804153442383,131.52085876464844,18.830718994140625,59.2510986328125
517,8,353.71331787109375,173.13682556152344,37.088348388671875,111.86878967285156
517,6,58.07224655151367,131.439208984375,15.276798248291016,53.643646240234375
518,7,396.9445495605469,192.0782470703125,44.698974609375,132.98239135742188
518,3,8.790092468261719,132.69972229003906,18.984329223632812,57.98951721191406
518,8,345.8669738769531,172.3562469482422,37.688446044921875,112.80961608886719
518,6,57.3883171081543,131.6917266845703,15.35739517211914,51.6578369140625
518,10,352.8947448730469,151.6342010498047,16.37835693359375,34.070892333984375
519,7,397.2455139160156,191.9966278076172,45.92864990234375,133.26319885253906
519,3,7.443727493286133,132.2580108642578,18.961597442626953,57.891357421875
519,8,343.77557373046875,172.33480834960938,37.620208740234375,112.9210205078125
519,6,57.02638244628906,132.9018096923828,15.577690124511719,51.91316223144531
520,7,396.5902404785156,191.7374267578125,46.855438232421875,133.45803833007812
520,3,6.167209625244141,132.1732177734375,20.468631744384766,57.84422302246094
520,8,340.2464294433594,172.86184692382812,39.39111328125,111.37167358398438
520,6,56.953826904296875,132.8833770751953,15.882080078125,53.09046936035156
521,7,396.7149963378906,191.70993041992188,48.269744873046875,133.05819702148438
521,3,4.635939121246338,132.2420196533203,22.84554433822632,58.187042236328125
521,8,332.5924377441406,172.25962829589844,46.291168212890625,111.59794616699219
521,6,56.74760055541992,132.63803100585938,16.105274200439453,54.76448059082031
522,7,397.521484375,192.0940399169922,49.1680908203125,132.4258575439453
522,3,3.689662456512451,132.4633026123047,24.249586582183838,57.79878234863281
522,8,322.9969482421875,174.26499938964844,55.0186767578125,110.88374328613281
522,6,56.81201171875,131.8920135498047,15.976615905761719,55.63902282714844
523,7,397.8419189453125,192.31935119628906,49.644317626953125,131.6571807861328
523,3,4.366384506225586,132.72573852539062,23.294832229614258,57.46492004394531
523,8,319.0921936035156,173.96046447753906,58.059326171875,111.23387145996094
523,6,56.790645599365234,132.5592041015625,15.810230255126953,54.7791748046875
524,7,398.859375,192.4023895263672,47.81854248046875,129.76585388183594
524,3,3.540069818496704,132.48191833496094,23.703933477401733,57.647064208984375
524,8,318.1948547363281,173.56576538085938,59.300872802734375,112.89517211914062
524,6,57.03400802612305,132.7366943359375,15.577899932861328,54.403411865234375
525,7,399.736328125,191.98342895507812,46.155731201171875,128.48379516601562
525,3,1.354370355606079,132.3457489013672,24.834001302719116,57.83586120605469
525,8,316.4397277832031,174.8827362060547,61.05462646484375,110.48588562011719
525,10,363.9125061035156,154.8733367919922,17.16082763671875,84.93055725097656
525,6,57.049861907958984,132.64952087402344,15.494388580322266,54.701019287109375
526,7,399.77117919921875,190.9247283935547,45.620880126953125,124.45906066894531
526,8,317.27264404296875,173.7826385498047,57.7081298828125,111.81861877441406
526,3,0.7861328721046448,132.9019317626953,23.453273713588715,57.40571594238281
526,10,365.7958984375,156.69564819335938,16.914276123046875,81.244873046875
526,6,57.10123062133789,133.2583465576172,15.27767562866211,53.552520751953125
527,7,400.0271301269531,189.35169982910156,45.5616455078125,124.46049499511719
527,3,0.3549985885620117,133.02513122558594,20.37778949737549,57.152191162109375
527,8,318.0876770019531,173.7673797607422,51.89111328125,112.19651794433594
527,10,365.14752197265625,161.50192260742188,20.01971435546875,80.54098510742188
527,6,57.216365814208984,132.47463989257812,15.00009536743164,50.7755126953125
528,7,400.1424255371094,187.8007354736328,45.053985595703125,122.08918762207031
528,3,0.12097024917602539,131.99093627929688,17.856536388397217,57.55120849609375
528,8,317.1138610839844,174.9681854248047,47.254669189453125,110.59477233886719
528,10,360.90557861328125,155.34622192382812,24.331268310546875,86.2435302734375
528,6,57.59805679321289,132.56588745117188,14.70816421508789,54.438385009765625
529,7,400.2989807128906,185.77561950683594,44.79571533203125,122.03498840332031
529,3,0.08590758591890335,131.37747192382812,17.28485047072172,58.133575439453125
529,8,317.1085510253906,174.19793701171875,40.753570556640625,111.08456420898438
529,10,364.4421081542969,156.0419464111328,21.003021240234375,92.21437072753906
530,7,400.2818298339844,185.6528778076172,45.00732421875,122.17872619628906
530,8,316.16217041015625,172.7610626220703,35.55352783203125,112.05531311035156
530,3,0.0,131.3509521484375,15.476621627807617,57.67485046386719
530,10,364.5260314941406,156.79615783691406,21.489471435546875,89.84764099121094
531,8,312.1529846191406,173.03097534179688,35.52001953125,111.80093383789062
531,7,400.1568603515625,185.2159881591797,45.24462890625,122.58329772949219
531,3,0.0,132.00973510742188,14.93982219696045,57.42845153808594
531,10,364.8175048828125,157.37127685546875,22.149261474609375,89.65565490722656
531,6,56.03143310546875,129.66542053222656,16.15605926513672,59.209075927734375
532,8,309.3065490722656,171.75831604003906,37.0438232421875,113.94700622558594
532,7,400.4165954589844,185.16392517089844,45.516448974609375,122.31455993652344
532,10,364.7236022949219,158.3617706298828,21.094207763671875,93.9664306640625
532,3,0.09800799190998077,134.72299194335938,13.562226459383965,54.481353759765625
532,6,55.663429260253906,130.08665466308594,16.463836669921875,58.48052978515625
533,8,305.9735412597656,171.72669982910156,37.06036376953125,115.19175720214844
533,7,400.25885009765625,185.26966857910156,45.787109375,121.64756774902344
533,3,0.0,134.3330841064453,13.596824645996094,55.07893371582031
533,6,55.6245002746582,131.4282989501953,16.749980926513672,56.18690490722656
534,8,301.3150939941406,171.7825164794922,38.547454833984375,113.72419738769531
534,7,400.380859375,185.23655700683594,46.26947021484375,121.07106018066406
534,3,0.0,134.89552307128906,13.18124771118164,54.7755126953125
534,6,55.03183364868164,130.99285888671875,17.176883697509766,56.16021728515625
535,8,291.6277160644531,171.4165496826172,46.268035888671875,113.49510192871094
535,7,399.73272705078125,184.8069610595703,46.72344970703125,120.74269104003906
535,3,0.14018306136131287,136.16697692871094,11.97761383652687,53.36643981933594
535,6,54.44866943359375,131.7873992919922,18.233139038085938,55.74339294433594
536,8,285.94696044921875,170.9284210205078,51.52734375,113.27830505371094
536,7,399.51434326171875,184.33145141601562,47.205108642578125,120.3284912109375
536,3,0.07452212274074554,136.82855224609375,11.915220156311989,53.15650939941406
536,6,54.416046142578125,131.69216918945312,18.102386474609375,55.56596374511719
537,8,282.35955810546875,173.42205810546875,53.68267822265625,110.54434204101562
537,7,399.152587890625,183.35926818847656,47.830078125,120.24085998535156
537,6,53.93559646606445,131.440673828125,18.869098663330078,56.472137451171875
537,3,0.04218591749668121,136.85475158691406,11.481737956404686,53.16600036621094
538,8,281.6015625,172.83251953125,53.429107666015625,111.01968383789062
538,7,399.3770751953125,182.61517333984375,47.854736328125,115.42831420898438
538,6,53.582332611083984,131.85769653320312,19.312076568603516,55.61662292480469
539,8,281.8810729980469,172.83872985839844,52.438629150390625,111.95497131347656
539,7,399.4108581542969,180.89569091796875,48.02850341796875,111.28094482421875
539,6,52.84547424316406,132.1042938232422,19.293556213378906,54.927978515625
540,8,281.3257141113281,172.21954345703125,51.90692138671875,111.34500122070312
540,7,399.06597900390625,179.60479736328125,48.737518310546875,111.79318237304688
541,8,281.6183166503906,171.28878784179688,48.847564697265625,112.2183837890625
541,7,399.9189758300781,175.40545654296875,49.0487060546875,116.23153686523438
542,8,279.7834167480469,171.7125701904297,41.8309326171875,110.32310485839844
542,7,402.9971008300781,173.9851837158203,49.64349365234375,118.06303405761719
543,8,277.4766845703125,171.86141967773438,39.090789794921875,110.29257202148438
543,7,404.7646484375,175.959228515625,48.538818359375,115.88848876953125
544,8,275.1336975097656,170.23153686523438,38.4210205078125,110.5484619140625
544,7,405.8435974121094,176.82498168945312,48.1575927734375,114.59140014648438
545,8,271.66259765625,170.70411682128906,37.370452880859375,109.11866760253906
545,7,407.9797058105469,176.9134521484375,46.1761474609375,113.83837890625
546,8,269.0998229980469,170.1835174560547,38.81927490234375,109.56044006347656
546,7,409.2462158203125,174.4959716796875,44.9683837890625,115.45407104492188
547,8,266.6851501464844,170.41700744628906,40.0909423828125,109.82115173339844
547,7,410.6543273925781,174.5775146484375,44.5001220703125,113.53533935546875
548,8,263.9764709472656,169.4893341064453,41.65826416015625,110.78608703613281
548,7,412.3045654296875,173.8529052734375,43.1185302734375,111.6871337890625
549,8,261.9971923828125,169.6652374267578,40.108001708984375,110.48094177246094
549,7,414.9037780761719,174.32696533203125,40.101226806640625,109.4530029296875
550,8,259.8460388183594,170.373046875,39.776702880859375,110.63519287109375
550,7,416.2041320800781,173.5175323486328,39.554443359375,106.30668640136719
551,8,258.08135986328125,170.22552490234375,40.008819580078125,111.3326416015625
551,7,418.0917663574219,170.4079132080078,37.95989990234375,106.64253234863281
552,8,256.7469787597656,170.18458557128906,40.150177001953125,111.46253967285156
552,7,418.73431396484375,170.4671173095703,37.86077880859375,104.81303405761719
553,8,255.4949951171875,169.79408264160156,39.55902099609375,110.73695373535156
553,7,419.3899230957031,170.1605224609375,36.520172119140625,105.2476806640625
554,8,253.6388702392578,169.3656768798828,38.62577819824219,109.00154113769531
554,7,422.30584716796875,169.37033081054688,33.680145263671875,106.9312744140625
555,8,252.8788604736328,168.81101989746094,35.40693664550781,107.11506652832031
555,7,424.8411560058594,169.85879516601562,31.305511474609375,106.33224487304688
556,8,251.67410278320312,169.1470489501953,35.875640869140625,105.86759948730469
556,7,426.9433898925781,169.44410705566406,29.84051513671875,106.48133850097656
557,8,249.8456268310547,167.8831024169922,35.86323547363281,106.62129211425781
557,7,426.8276672363281,172.1819305419922,29.788848876953125,102.80549621582031
558,8,249.4619903564453,167.4480438232422,35.34306335449219,107.25993347167969
558,7,428.55694580078125,174.29763793945312,27.386016845703125,100.22659301757812
559,8,247.61648559570312,166.38133239746094,35.27203369140625,107.77909851074219
559,7,429.8348083496094,176.10191345214844,26.10174560546875,97.82469177246094
560,8,246.28466796875,166.6019744873047,34.27264404296875,108.44447326660156
560,7,432.23785400390625,172.1664276123047,23.545989990234375,100.82142639160156
561,8,243.7873992919922,165.98355102539062,35.47767639160156,107.98321533203125
561,7,433.50921630859375,174.98753356933594,22.2720947265625,96.71214294433594
562,8,240.84095764160156,165.862060546875,37.44923400878906,107.46621704101562
562,7,434.20556640625,174.22889709472656,21.84832763671875,95.27607727050781
563,8,236.79225158691406,166.31724548339844,40.13410949707031,106.68354797363281
563,7,436.26177978515625,174.21311950683594,19.97857666015625,91.52748107910156
564,8,234.4362030029297,167.12057495117188,40.93376159667969,105.41690063476562
564,7,437.8462219238281,171.40492248535156,18.325653076171875,90.66932678222656
565,8,234.7009735107422,167.3200225830078,38.72438049316406,105.32316589355469
565,7,438.8569030761719,171.8217010498047,17.192047119140625,88.73689270019531
566,8,235.69566345214844,166.33811950683594,36.38587951660156,106.06294250488281
566,7,440.8179016113281,171.43707275390625,14.988128662109375,86.96664428710938
567,8,233.5293426513672,166.4342803955078,36.24510192871094,104.59745788574219
567,7,442.32147216796875,170.5309600830078,14.972259521484375,85.43325805664062
568,8,231.00625610351562,166.021728515625,38.3692626953125,104.01968383789062
568,7,444.2905578613281,169.7010040283203,13.24725341796875,86.68321228027344
569,8,229.09423828125,164.8463134765625,38.18206787109375,104.91787719726562
570,8,226.0172882080078,165.07484436035156,39.17658996582031,103.15476989746094
571,8,224.61070251464844,164.7853240966797,38.17536926269531,102.88984680175781
572,8,223.51980590820312,163.1788330078125,37.92254638671875,104.78878784179688
573,8,222.30340576171875,163.32647705078125,38.574493408203125,103.66632080078125
574,8,220.9358673095703,163.3824005126953,39.35661315917969,104.11479187011719
575,8,220.09580993652344,163.57199096679688,38.09254455566406,103.3995361328125
576,8,220.12681579589844,163.48196411132812,35.79493713378906,104.17459106445312
577,8,219.70130920410156,163.2521209716797,36.20381164550781,103.95832824707031
578,8,219.35586547851562,163.3250274658203,35.42613220214844,104.10188293457031
579,8,218.86294555664062,162.69093322753906,34.700592041015625,105.14463806152344
580,8,218.47732543945312,163.07432556152344,33.26268005371094,104.09666442871094
581,8,217.61428833007812,162.24114990234375,33.75141906738281,103.37384033203125
582,8,217.3004608154297,161.3005828857422,33.748809814453125,103.55567932128906
583,8,216.7164306640625,160.8184814453125,33.389495849609375,101.12237548828125
584,8,216.0420379638672,160.23660278320312,32.98626708984375,100.22134399414062
585,8,215.16261291503906,159.8763427734375,32.729644775390625,99.95785522460938
586,8,214.6295623779297,159.50143432617188,31.8284912109375,100.23831176757812
587,8,214.10231018066406,160.4781951904297,31.244796752929688,99.34538269042969
588,8,213.18603515625,159.7726593017578,31.165908813476562,99.41142272949219
589,8,210.62936401367188,160.81922912597656,33.224395751953125,97.79200744628906
590,8,207.5308837890625,160.66259765625,34.139068603515625,98.2020263671875
591,8,207.0418701171875,161.35813903808594,33.97148132324219,97.47721862792969
592,8,205.3428955078125,159.81527709960938,35.72869873046875,97.77371215820312
593,8,203.9949493408203,158.3437042236328,35.93168640136719,98.79927062988281
594,8,202.55828857421875,159.502197265625,35.73448181152344,97.35391235351562
595,8,200.517822265625,157.64376831054688,35.72682189941406,97.1495361328125
596,8,199.26651000976562,156.16839599609375,35.55731201171875,97.1617431640625
597,8,197.3797149658203,155.75271606445312,35.44465637207031,97.75216674804688
598,8,195.61990356445312,157.0543975830078,35.21055603027344,96.99272155761719
599,8,194.4700164794922,154.92343139648438,35.12513732910156,99.20338439941406
600,8,193.28134155273438,155.97930908203125,33.85929870605469,98.65097045898438
601,8,193.02389526367188,156.23451232910156,32.8092041015625,98.20118713378906
602,8,192.82498168945312,156.45816040039062,31.952606201171875,98.22418212890625
603,8,191.39295959472656,156.79376220703125,32.351898193359375,97.63485717773438
604,8,191.06275939941406,157.17237854003906,32.257720947265625,96.00151062011719
605,8,190.25515747070312,157.61166381835938,32.0906982421875,95.25405883789062
606,8,189.6156768798828,157.4549560546875,31.620529174804688,94.77267456054688
607,8,188.5629425048828,157.14956665039062,32.41902160644531,92.99609375
608,8,187.49497985839844,156.79531860351562,30.875518798828125,94.03501892089844
609,8,186.5440216064453,156.9853973388672,31.096511840820312,93.43814086914062
610,8,185.41969299316406,157.0084228515625,31.006500244140625,91.55683898925781
611,8,184.6129150390625,156.7424774169922,30.670654296875,91.3248291015625
612,8,183.1549530029297,156.64012145996094,31.518814086914062,92.04354858398438
613,8,182.23626708984375,156.80096435546875,31.956817626953125,90.91078186035156
614,8,177.3170166015625,156.9910888671875,33.36553955078125,90.23860168457031
615,8,175.02099609375,156.72096252441406,34.17103576660156,90.50961303710938
616,8,175.13812255859375,156.82322692871094,32.99189758300781,90.50918579101562
617,8,175.16238403320312,155.94107055664062,32.430511474609375,90.90266418457031
618,8,173.87908935546875,156.49850463867188,32.66133117675781,89.03976440429688
619,8,171.85574340820312,156.6640625,33.13932800292969,88.42994689941406
620,8,169.8605194091797,156.94053649902344,33.25349426269531,87.48013305664062
621,8,168.57882690429688,155.10089111328125,31.433456420898438,87.93270874023438
622,8,167.03330993652344,155.21749877929688,31.670440673828125,87.64785766601562
623,8,165.43734741210938,155.05616760253906,31.427215576171875,86.48942565917969
624,8,163.61688232421875,153.98780822753906,31.649993896484375,88.77880859375
625,8,162.07887268066406,154.00265502929688,31.888626098632812,89.74745178222656
626,8,161.20639038085938,154.18157958984375,32.824188232421875,88.23770141601562
627,8,160.1488800048828,154.69090270996094,32.82691955566406,87.45384216308594
628,8,158.9167938232422,154.97299194335938,33.216796875,85.79290771484375
629,8,158.2110595703125,156.21693420410156,32.58213806152344,84.61929321289062
630,8,157.91119384765625,154.2142333984375,31.779571533203125,88.29296875
631,8,157.7286376953125,153.24822998046875,30.806838989257812,87.27780151367188
632,8,156.4578399658203,154.74769592285156,31.307403564453125,84.17756652832031
633,8,155.63954162597656,154.11183166503906,31.189926147460938,84.51425170898438
634,8,153.9964599609375,153.68698120117188,31.260360717773438,84.48622131347656
635,8,153.82281494140625,153.21893310546875,30.858551025390625,84.60270690917969
636,8,151.6446990966797,152.4912109375,30.982437133789062,85.28935241699219
637,8,150.2213134765625,151.90855407714844,30.515304565429688,85.83184814453125
638,8,147.7618865966797,152.88563537597656,29.704269409179688,84.61968994140625
639,8,145.511474609375,153.84971618652344,31.127655029296875,83.0321044921875
640,8,143.4176025390625,154.92745971679688,32.285430908203125,82.32991027832031
641,8,143.52149963378906,155.73326110839844,31.778762817382812,81.755126953125
642,8,142.34791564941406,155.07244873046875,32.69349670410156,81.35530090332031
643,8,141.3376007080078,154.4295654296875,32.80537414550781,81.20631408691406
644,8,139.29843139648438,152.6641387939453,33.19624328613281,82.83210754394531
645,8,137.58985900878906,153.64739990234375,32.27357482910156,81.7730712890625
646,8,135.2938995361328,154.7315216064453,31.0186767578125,79.82972717285156
647,8,133.89703369140625,153.64382934570312,31.168914794921875,80.13188171386719
648,8,134.48361206054688,153.46034240722656,28.392532348632812,80.13534545898438
649,8,132.99180603027344,153.75120544433594,28.81915283203125,79.72264099121094
650,8,131.68502807617188,153.45655822753906,29.616409301757812,79.92555236816406
651,8,130.56158447265625,153.51943969726562,30.008392333984375,79.95118713378906
652,8,129.7411346435547,154.38406372070312,28.576217651367188,76.52935791015625
653,8,128.79052734375,154.4271240234375,27.833389282226562,75.90518188476562
654,8,127.980224609375,154.02964782714844,27.848846435546875,76.79765319824219
655,8,127.04969024658203,153.56866455078125,27.67931365966797,78.00489807128906
656,8,125.78971099853516,153.10325622558594,28.43675994873047,77.572509765625
657,8,125.95391082763672,153.64955139160156,27.66155242919922,75.18183898925781
658,8,124.13170623779297,153.06692504882812,27.880470275878906,76.32844543457031
659,8,123.1340103149414,151.87754821777344,28.10852813720703,76.69911193847656
660,8,122.0828628540039,151.92605590820312,27.800880432128906,76.75625610351562
661,8,121.02046966552734,151.94635009765625,27.653236389160156,77.10914611816406
662,8,118.5037841796875,152.9778594970703,26.835220336914062,75.58177185058594
663,8,115.91435241699219,152.51736450195312,28.715179443359375,75.82589721679688
664,8,114.07589721679688,151.86546325683594,30.036178588867188,76.07199096679688
665,8,113.35264587402344,151.35610961914062,30.319427490234375,76.82310485839844
666,8,111.39285278320312,152.6404266357422,31.349929809570312,75.08755493164062
667,8,110.73444366455078,152.36968994140625,31.571617126464844,75.20014953613281
668,8,109.49449157714844,151.98243713378906,31.28973388671875,73.54898071289062
669,8,106.30664825439453,151.87643432617188,27.424583435058594,72.35107421875
670,8,104.66999816894531,152.0365447998047,29.10015869140625,72.39341735839844
671,8,104.60194396972656,151.4473114013672,27.6329345703125,72.26864624023438
672,8,103.6327896118164,150.51565551757812,26.72467803955078,72.85963439941406
673,8,103.32850646972656,150.17031860351562,25.523223876953125,74.40249633789062
674,8,102.78182220458984,149.9622344970703,24.87860870361328,74.61416625976562
675,8,102.35957336425781,149.67259216308594,23.56700897216797,74.44657897949219
676,8,101.41387176513672,148.48204040527344,23.465003967285156,75.28189086914062
677,8,100.7979965209961,149.13706970214844,22.905014038085938,74.21481323242188
678,8,99.77490997314453,150.39797973632812,23.44249725341797,73.15744018554688
679,8,98.88826751708984,150.06739807128906,23.633056640625,73.44515991210938
680,8,97.48697662353516,149.83999633789062,23.6234130859375,73.025634765625
681,8,96.4825439453125,148.81040954589844,23.458961486816406,74.56028747558594
682,8,96.24202728271484,148.08950805664062,21.992034912109375,74.32916259765625
683,8,95.2658920288086,148.11074829101562,22.150856018066406,73.6661376953125
684,8,93.83502197265625,146.75865173339844,21.85486602783203,75.2452392578125
685,8,92.45823669433594,146.2666015625,21.862091064453125,74.53204345703125
686,8,89.79850006103516,146.3285369873047,23.187713623046875,75.44520568847656
687,8,88.59275817871094,146.5994873046875,23.83313751220703,74.73939514160156
688,8,83.7362060546875,146.7522735595703,27.65966033935547,74.319091796875
689,8,82.12226104736328,146.0567626953125,28.014808654785156,74.59114074707031
690,8,82.53666687011719,145.7891082763672,26.945785522460938,75.20555114746094
691,8,82.99845886230469,146.67269897460938,26.950721740722656,74.5146484375
692,8,81.73163604736328,147.13076782226562,26.565582275390625,73.36911010742188
693,8,80.18972778320312,146.17303466796875,26.1934814453125,73.94471740722656
694,8,79.4481430053711,146.1370849609375,25.15229034423828,73.47744750976562
695,8,78.8707046508789,145.993896484375,22.983367919921875,73.39628601074219
696,8,77.1390380859375,145.781005859375,23.638755798339844,73.551025390625
697,8,75.89305114746094,145.2826385498047,24.334701538085938,73.768798828125
698,8,74.0946273803711,144.35052490234375,25.563926696777344,75.2025146484375
699,8,73.12901306152344,143.46954345703125,25.79241943359375,76.01419067382812
700,8,72.5299301147461,143.61488342285156,26.197784423828125,75.400390625
701,8,72.30988311767578,143.91470336914062,25.59093475341797,74.68653869628906
702,8,71.5871353149414,143.9506378173828,25.015060424804688,74.60713195800781
703,8,71.26698303222656,145.8427276611328,24.312286376953125,72.8455810546875
704,8,70.81627655029297,145.41116333007812,24.011390686035156,73.02360534667969
705,8,70.15593719482422,145.49111938476562,23.72046661376953,72.64060974121094
706,8,69.19776153564453,144.09454345703125,22.612533569335938,73.98454284667969
707,8,68.91615295410156,145.22947692871094,21.453155517578125,72.17231750488281
708,8,68.41868591308594,144.67681884765625,21.48011016845703,71.45500183105469
709,8,67.53384399414062,144.67356872558594,21.870262145996094,71.11538696289062
710,8,65.95840454101562,143.04945373535156,22.821815490722656,72.55545043945312
711,8,65.62628936767578,144.25369262695312,22.28382110595703,71.19747924804688
712,8,64.72818756103516,144.8693389892578,22.548805236816406,70.26031494140625
713,8,63.819366455078125,145.10336303710938,22.4461669921875,69.87156677246094
714,8,62.54746627807617,145.43972778320312,23.032917022705078,69.56253051757812
715,8,61.82477569580078,145.46556091308594,23.622024536132812,69.91311645507812
716,8,60.92483901977539,145.33517456054688,24.352947235107422,69.79817199707031
717,8,59.882713317871094,145.1492156982422,25.039474487304688,69.58726501464844
718,8,59.218875885009766,145.01727294921875,24.598392486572266,69.60305786132812
719,8,58.180912017822266,145.19912719726562,24.167476654052734,68.88893127441406
720,8,56.86043167114258,145.1975860595703,22.837596893310547,68.36747741699219
721,8,56.12983322143555,144.26510620117188,22.846492767333984,69.14134216308594
