0,1,28.26823616027832,156.82394409179688,28.696760177612305,86.09573364257812
0,2,6.440280437469482,159.5699005126953,28.350067615509033,86.50489807128906
0,3,800.9276123046875,318.6025695800781,54.81610107421875,136.75857543945312
1,1,26.69563865661621,156.4283447265625,28.104551315307617,85.67315673828125
1,2,6.213201522827148,159.32656860351562,28.812562942504883,85.91682434082031
1,3,802.3212890625,343.89227294921875,53.3883056640625,111.23095703125
2,1,26.70592498779297,156.76937866210938,26.881580352783203,84.78184509277344
2,2,4.240731239318848,159.28016662597656,29.647536277770996,85.67216491699219
2,3,804.3479614257812,386.3830871582031,50.8233642578125,67.94259643554688
3,1,25.426084518432617,155.7593231201172,30.294828414916992,85.6129150390625
3,2,2.2774465084075928,158.7726593017578,31.09018349647522,86.28990173339844
3,3,809.5707397460938,402.9154968261719,45.63336181640625,52.018585205078125
4,2,1.6326905488967896,158.02352905273438,29.28437602519989,87.3829345703125
4,1,24.874418258666992,156.3268585205078,30.278512954711914,85.19648742675781
4,3,815.644287109375,410.6719970703125,39.97137451171875,43.9991455078125
5,2,1.0042603015899658,157.90174865722656,28.85664439201355,87.48568725585938
5,1,24.18313980102539,156.23739624023438,30.792407989501953,84.98873901367188
6,2,0.9599506258964539,157.74940490722656,28.868275463581085,87.83686828613281
6,1,23.68058967590332,155.9694366455078,29.21659278869629,85.04930114746094
7,2,0.8156896233558655,158.32167053222656,29.04779189825058,87.56748962402344
7,1,23.550912857055664,155.68341064453125,29.19536018371582,85.54576110839844
8,1,23.85005760192871,156.54708862304688,29.338281631469727,84.61940002441406
8,2,0.7900155782699585,158.2303924560547,29.178873658180237,87.24742126464844
9,2,0.6672602295875549,158.59849548339844,28.125161111354828,87.15208435058594
9,1,23.993833541870117,156.37989807128906,27.800100326538086,84.84214782714844
10,1,23.9412784576416,157.394287109375,27.055936813354492,84.3741455078125
10,2,0.6297134160995483,158.9447784423828,27.492330193519592,86.7220458984375
11,1,23.7549991607666,157.6300811767578,25.89701271057129,83.88568115234375
11,2,0.6307185888290405,158.7538299560547,28.044240593910217,85.59930419921875
12,1,23.718202590942383,156.8787078857422,25.98124885559082,83.65971374511719
12,2,0.5375531315803528,158.01278686523438,27.037371337413788,86.26528930664062
13,1,23.513708114624023,156.4954071044922,26.10199546813965,83.88433837890625
13,2,0.5605829954147339,157.62783813476562,26.940839886665344,85.24140930175781
14,1,23.111255645751953,155.1055145263672,25.66293716430664,81.96388244628906
14,2,0.5530012249946594,156.98338317871094,27.107383906841278,83.41966247558594
15,1,22.855907440185547,154.65443420410156,24.679325103759766,82.13359069824219
15,2,0.9379985928535461,156.33290100097656,26.75874251127243,82.69564819335938
16,1,22.540372848510742,153.6175079345703,24.607423782348633,82.54034423828125
16,2,0.8762547969818115,155.75341796875,27.33029007911682,83.13169860839844
17,1,22.075645446777344,154.39002990722656,24.576488494873047,81.54513549804688
17,2,0.7553043365478516,155.27975463867188,26.043668746948242,83.33149719238281
18,1,21.71013069152832,153.84547424316406,24.995588302612305,81.78872680664062
18,2,0.7555466890335083,155.45037841796875,26.731717944145203,83.22265625
19,1,21.246187210083008,153.35154724121094,25.241456985473633,82.58233642578125
19,2,0.8627966046333313,155.11927795410156,25.988763988018036,83.07891845703125
20,1,20.01251220703125,153.14007568359375,26.130252838134766,82.96928405761719
20,2,0.9839205741882324,155.57044982910156,25.68911600112915,82.27931213378906
21,1,19.67873191833496,153.01548767089844,26.084043502807617,83.2640380859375
21,2,0.9238923788070679,155.2843780517578,25.298317551612854,82.98097229003906
22,1,19.399812698364258,153.71334838867188,26.11857032775879,82.54740905761719
22,2,1.2814809083938599,155.49691772460938,25.08614146709442,82.404052734375
23,1,19.04932975769043,153.91929626464844,26.094526290893555,82.04098510742188
23,2,1.37673819065094,156.17422485351562,24.587741255760193,81.66305541992188
24,1,18.531892776489258,153.33274841308594,26.64576530456543,82.38719177246094
24,2,1.335861086845398,155.5917510986328,24.291257977485657,82.57940673828125
25,1,17.955875396728516,152.87550354003906,27.339649200439453,82.28752136230469
25,2,1.4965215921401978,155.7339324951172,25.45230805873871,81.2259521484375
26,1,16.64229965209961,152.2454071044922,27.93360137939453,81.62033081054688
26,2,1.038227915763855,153.78895568847656,26.224944233894348,83.44770812988281
27,1,16.44013214111328,151.9087677001953,27.192501068115234,80.17498779296875
27,2,0.7162409424781799,153.90951538085938,25.933733880519867,82.52153015136719
28,1,15.517852783203125,151.68821716308594,27.80926513671875,79.87347412109375
28,2,0.1196698397397995,153.68963623046875,25.518036916851997,82.3385009765625
29,1,14.94113540649414,151.20364379882812,27.053546905517578,80.0985107421875
29,2,0.0,153.2836151123047,23.643762588500977,81.80633544921875
30,1,14.055920600891113,151.3058319091797,26.39039897918701,80.28594970703125
30,2,0.09130439162254333,152.82373046875,22.948311239480972,82.05366516113281
31,1,13.583730697631836,151.1868438720703,30.96061897277832,80.11085510253906
31,2,0.1711302101612091,152.6011199951172,22.59944435954094,82.41621398925781
32,1,12.912710189819336,151.22935485839844,33.61653709411621,79.83811950683594
32,2,0.07544688880443573,152.45118713378906,22.573215678334236,82.29168701171875
33,1,13.455875396728516,151.315673828125,33.70351791381836,78.95259094238281
33,2,0.07655023038387299,152.2340850830078,21.802539125084877,82.662353515625
34,1,13.781306266784668,151.2300262451172,34.80612659454346,80.01689147949219
34,2,0.0,152.0443115234375,20.05150604248047,83.30459594726562
35,1,13.468050003051758,151.26124572753906,34.85112190246582,79.55270385742188
35,2,0.0,152.22645568847656,19.519180297851562,83.24369812011719
36,1,14.029316902160645,151.6585693359375,33.1790075302124,77.47700500488281
36,2,0.0,152.51504516601562,19.28291130065918,82.15251159667969
37,1,14.045304298400879,151.30221557617188,32.86682415008545,79.24874877929688
37,2,0.0,152.68605041503906,19.1227970123291,81.82394409179688
38,1,14.873866081237793,150.95046997070312,25.362984657287598,79.10984802246094
38,2,0.06879303604364395,152.18919372558594,19.277385018765926,81.70672607421875
39,1,15.00729751586914,150.6842803955078,26.054107666015625,77.64985656738281
39,2,0.0812920480966568,151.94918823242188,19.004683598876,80.94844055175781
40,1,15.251053810119629,150.29995727539062,25.361292839050293,77.23463439941406
40,2,0.0,151.9640350341797,19.426258087158203,78.70188903808594
41,1,15.630653381347656,150.07777404785156,24.007373809814453,77.52876281738281
41,2,0.0,151.7448272705078,19.952007293701172,78.53739929199219
42,1,15.487077713012695,149.9884490966797,24.200735092163086,77.06968688964844
42,2,0.0,151.31398010253906,19.783485412597656,78.5601806640625
43,1,15.54078197479248,149.8387451171875,24.039448738098145,76.8900146484375
43,2,0.0,150.91651916503906,19.208528518676758,78.28416442871094
44,1,15.66521167755127,149.91616821289062,23.74943447113037,76.64164733886719
44,2,0.0,150.81785583496094,19.070316314697266,78.74143981933594
45,1,15.993749618530273,149.84259033203125,23.494489669799805,76.70925903320312
45,2,0.0,150.60406494140625,19.26167106628418,79.09500122070312
46,1,15.721793174743652,149.62269592285156,23.82846164703369,76.71041870117188
46,2,0.0,150.5350341796875,19.329566955566406,79.07426452636719
47,1,15.650480270385742,149.61080932617188,23.98142433166504,76.866943359375
47,2,0.0,150.55043029785156,19.466928482055664,78.73426818847656
48,1,15.137782096862793,149.6724395751953,23.695672035217285,76.59281921386719
48,2,0.05800196900963783,150.22593688964844,19.615158583968878,78.80654907226562
49,1,15.353264808654785,149.68014526367188,23.397231101989746,76.50869750976562
49,2,0.0,150.88514709472656,19.328720092773438,78.1611328125
50,1,15.050169944763184,149.06797790527344,23.322773933410645,76.79559326171875
50,2,0.03192547708749771,150.45361328125,19.33963366597891,77.74786376953125
51,1,14.606348991394043,148.57533264160156,23.709450721740723,76.37191772460938
51,2,0.016951920464634895,150.20013427734375,19.099367735907435,76.39860534667969
52,1,13.744683265686035,147.63589477539062,24.929648399353027,76.54269409179688
52,2,0.002045327564701438,149.39666748046875,18.884806936839595,76.758544921875
53,1,13.427654266357422,147.8920135498047,25.313461303710938,75.49221801757812
53,2,0.0,148.7150115966797,18.831626892089844,76.93544006347656
54,1,13.379373550415039,147.10214233398438,26.034204483032227,75.52543640136719
54,2,0.0,148.84771728515625,19.299833297729492,75.79600524902344
55,1,13.550654411315918,146.94834899902344,26.092297554016113,75.43687438964844
55,2,0.0,148.49085998535156,19.04655647277832,75.31912231445312
56,1,13.045920372009277,146.55007934570312,27.372109413146973,75.51631164550781
56,2,0.0,148.17294311523438,18.826566696166992,75.73330688476562
57,1,12.867288589477539,146.1476593017578,28.0739688873291,75.68048095703125
57,2,0.0,148.19003295898438,18.78839111328125,75.88905334472656
58,1,12.943655967712402,146.9094696044922,28.1040620803833,74.83163452148438
58,2,0.0,148.22003173828125,19.320037841796875,76.01203918457031
59,1,12.730950355529785,146.5911407470703,28.713507652282715,75.53010559082031
59,2,0.0,147.8162841796875,18.97641372680664,76.090087890625
60,1,12.165457725524902,146.7190399169922,28.01933765411377,75.54704284667969
60,2,0.0,147.7261199951172,19.006946563720703,76.02644348144531
61,1,11.968329429626465,146.69944763183594,27.335251808166504,75.19723510742188
61,2,0.0,147.94009399414062,19.29224967956543,76.35832214355469
62,1,12.11583137512207,147.06082153320312,27.006147384643555,75.1378173828125
62,2,0.0,148.3976593017578,18.344873428344727,74.89060974121094
63,1,12.504337310791016,146.49208068847656,26.629714965820312,75.02761840820312
63,2,0.0,148.62351989746094,18.20154571533203,74.42056274414062
64,1,12.544710159301758,146.25880432128906,26.134302139282227,74.2596435546875
64,2,0.0,148.3468780517578,18.514890670776367,74.92262268066406
65,1,12.892946243286133,146.41358947753906,23.84044075012207,74.60220336914062
65,2,0.0,147.64871215820312,18.65365982055664,75.00788879394531
66,1,12.856183052062988,146.2020263671875,23.23116970062256,72.23933410644531
66,2,0.017018886283040047,146.90061950683594,19.157404331490397,75.17274475097656
67,1,12.520532608032227,145.8848419189453,22.611364364624023,72.54966735839844
67,2,0.0935416892170906,146.89645385742188,19.22260134667158,74.53260803222656
68,1,12.57816219329834,145.87210083007812,21.531746864318848,72.41371154785156
68,2,0.14479349553585052,146.62545776367188,19.877345100045204,73.34403991699219
69,1,12.67431640625,146.1721649169922,21.258663177490234,71.82937622070312
69,2,0.10201892256736755,146.6138916015625,19.564622312784195,73.14456176757812
70,1,12.557493209838867,146.2498321533203,21.0461368560791,71.65078735351562
70,2,0.08006561547517776,146.39768981933594,19.233759991824627,73.29090881347656
71,1,12.607625007629395,146.41590881347656,21.42515468597412,71.4052734375
71,2,0.11157717555761337,146.4194793701172,18.41933713108301,73.50724792480469
72,1,12.392936706542969,146.58840942382812,21.392879486083984,70.89414978027344
72,2,0.0,146.2402801513672,18.128982543945312,73.21347045898438
73,1,12.186081886291504,146.30364990234375,21.340678215026855,71.58355712890625
73,2,0.06776941567659378,146.80038452148438,17.933537118136883,72.68246459960938
74,1,12.086743354797363,146.2711181640625,20.98969554901123,71.4766845703125
74,2,0.0,146.5995330810547,17.40101432800293,72.43492126464844
75,1,11.74786376953125,146.40090942382812,21.07886505126953,70.83853149414062
75,2,0.0,146.3376922607422,17.60486602783203,72.15740966796875
76,1,11.462213516235352,146.74481201171875,20.964372634887695,70.45236206054688
76,2,0.0,146.5645294189453,17.32741928100586,72.00108337402344
77,1,11.098514556884766,146.580810546875,21.12366485595703,70.44984436035156
77,2,0.0,146.3989715576172,17.370277404785156,72.30081176757812
78,1,10.067065238952637,146.266357421875,22.05892276763916,70.34765625
78,2,0.0,145.52244567871094,17.6446475982666,72.57260131835938
79,1,9.666624069213867,145.905517578125,22.232751846313477,70.03135681152344
79,2,0.0,145.5771942138672,17.14704132080078,71.78840637207031
80,1,8.74506950378418,145.29269409179688,22.764368057250977,69.62995910644531
80,2,0.0,145.27195739746094,17.02987289428711,71.36782836914062
81,1,8.368841171264648,144.28700256347656,22.32695960998535,70.63525390625
81,2,0.0,144.4173583984375,15.995559692382812,71.89617919921875
82,1,8.59088134765625,143.05381774902344,21.086246490478516,71.4976806640625
82,2,0.0,144.74778747558594,17.15714454650879,71.71165466308594
83,1,8.51685905456543,142.69557189941406,21.345172882080078,72.03462219238281
83,2,0.0,143.9055633544922,17.262601852416992,70.88665771484375
84,1,7.7913079261779785,142.32656860351562,23.423280239105225,72.43350219726562
85,1,7.254321098327637,141.76852416992188,25.542752265930176,72.80390930175781
86,1,7.007309913635254,143.0990447998047,28.531588554382324,71.14468383789062
86,2,0.0,144.31143188476562,15.167940139770508,70.71492004394531
87,1,6.609981060028076,143.7348175048828,28.95830202102661,70.31556701660156
87,2,0.0,144.94403076171875,15.009594917297363,69.9462890625
88,1,6.523334503173828,143.35093688964844,29.37732696533203,70.80718994140625
88,2,0.0,145.08200073242188,14.170243263244629,69.9034423828125
89,1,7.093944549560547,142.7566680908203,28.513179779052734,70.7293701171875
89,2,0.0,144.39088439941406,15.98965072631836,70.70146179199219
90,1,7.495566368103027,142.62777709960938,27.11900043487549,70.835693359375
91,1,7.358320713043213,142.16236877441406,22.00670576095581,70.72239685058594
91,2,0.0,143.46424865722656,16.399723052978516,71.71575927734375
92,1,6.869751930236816,141.57949829101562,22.041584968566895,70.59916687011719
93,1,7.259860515594482,141.4585418701172,21.90619134902954,70.26856994628906
93,2,0.0,144.62460327148438,14.617496490478516,69.10897827148438
94,1,7.460189342498779,141.49281311035156,21.30491304397583,69.93348693847656
94,2,0.0,144.9740447998047,14.235538482666016,67.94499206542969
95,1,7.789276599884033,141.2291717529297,20.84237051010132,69.64883422851562
95,2,0.0,144.34982299804688,14.248587608337402,68.29643249511719
96,1,7.344799995422363,141.18577575683594,21.248866081237793,69.44204711914062
96,2,0.0,144.35382080078125,14.672301292419434,68.14727783203125
97,1,7.473094463348389,141.1913604736328,21.255215167999268,69.07113647460938
97,2,0.0,143.9218292236328,14.72511100769043,68.10658264160156
98,1,7.543835639953613,141.34783935546875,20.990565299987793,69.16999816894531
98,2,0.0,143.60321044921875,14.404973983764648,68.62962341308594
99,1,7.519874095916748,141.1629638671875,20.972328662872314,69.40150451660156
99,2,0.0,143.24807739257812,14.169835090637207,68.83938598632812
100,1,7.49039888381958,141.1522979736328,21.037217617034912,69.5255126953125
100,2,0.0,142.96530151367188,14.052532196044922,69.07583618164062
101,1,7.082655429840088,141.08087158203125,21.13514471054077,69.25689697265625
101,2,0.0,143.57376098632812,14.230809211730957,68.59022521972656
102,1,6.52011775970459,140.618408203125,21.6411714553833,69.76083374023438
102,2,0.0,143.12513732910156,14.650675773620605,68.75642395019531
103,1,5.963995456695557,140.8057861328125,21.903899669647217,69.44351196289062
103,2,0.0,144.0910186767578,14.664020538330078,67.35015869140625
104,1,5.909500598907471,140.7982940673828,21.811240673065186,68.61668395996094
105,1,5.471002101898193,140.79258728027344,22.36768388748169,67.36729431152344
105,2,0.0,144.73681640625,14.692755699157715,66.66123962402344
106,1,5.438919544219971,140.51339721679688,22.052859783172607,66.78144836425781
106,2,0.0,144.0359344482422,14.824112892150879,66.60818481445312
107,1,5.042610168457031,140.07247924804688,21.35839080810547,66.96328735351562
108,1,0.8818390965461731,140.8291015625,19.001787841320038,67.47343444824219
108,2,0.0,144.76438903808594,13.302456855773926,63.17201232910156
109,1,4.963332176208496,139.2935791015625,22.754523277282715,67.15904235839844
109,2,0.0,145.07107543945312,13.22792911529541,62.745758056640625
110,1,4.352316856384277,138.82423400878906,23.93519687652588,67.96049499511719
110,2,0.0,145.32077026367188,12.589744567871094,62.10566711425781
111,1,4.18539571762085,138.84759521484375,23.30930757522583,67.53211975097656
111,2,0.0,144.38717651367188,12.31192398071289,62.73155212402344
112,1,3.6818766593933105,138.9799041748047,25.68245553970337,67.825439453125
112,2,0.0,144.15174865722656,12.446208953857422,63.11778259277344
113,1,3.5430495738983154,139.21868896484375,25.021876573562622,67.64395141601562
113,2,0.0,144.2213897705078,12.392483711242676,62.8675537109375
114,1,3.133327007293701,139.12583923339844,24.920715808868408,67.2841796875
114,2,0.0,144.34193420410156,12.552160263061523,62.44450378417969
115,1,2.7020838260650635,139.210693359375,24.624349355697632,67.63815307617188
115,2,0.0,143.51022338867188,13.218255996704102,63.685028076171875
116,1,2.571995258331299,139.2305145263672,23.87756109237671,67.22845458984375
116,2,0.0,143.8761444091797,13.00124740600586,63.52836608886719
117,1,2.4683616161346436,139.1639862060547,22.232985734939575,66.57389831542969
117,2,0.0,143.5528564453125,12.927140235900879,63.87284851074219
118,1,2.698322057723999,138.92282104492188,21.265344858169556,66.63932800292969
118,2,0.0,143.2215576171875,13.462327003479004,63.96174621582031
119,1,1.6767489910125732,139.0389404296875,22.356148958206177,65.57783508300781
119,2,0.0,142.8653564453125,14.038436889648438,63.61582946777344
120,1,1.6331638097763062,138.8242645263672,21.916127800941467,64.95541381835938
121,1,1.6911650896072388,138.81591796875,21.793593287467957,65.43911743164062
122,1,0.8870267271995544,139.23135375976562,21.837224066257477,65.32196044921875
123,1,0.5890588164329529,139.2921142578125,21.217476904392242,65.58232116699219
124,1,0.413754403591156,139.12771606445312,21.602238714694977,65.83576965332031
125,1,0.1616644263267517,139.1674041748047,21.483507692813873,66.756591796875
126,1,0.12149258702993393,139.41268920898438,21.0802858248353,66.51022338867188
127,1,0.1459025889635086,139.45314025878906,20.66003231704235,65.81387329101562
128,1,0.10682834684848785,139.1393585205078,20.85022769868374,66.03298950195312
129,1,0.28448358178138733,139.4183807373047,20.565064758062363,64.97737121582031
130,1,0.27196478843688965,139.3809356689453,20.167970895767212,64.5596923828125
131,1,0.20451298356056213,139.71456909179688,20.346619218587875,63.52693176269531
132,1,0.1293601095676422,139.30470275878906,20.02921685576439,62.980438232421875
133,1,0.08454467356204987,139.10940551757812,19.290125355124474,63.031707763671875
134,1,0.13100683689117432,139.09254455566406,18.4706529378891,62.70768737792969
135,1,0.12290333211421967,139.27366638183594,18.7310261875391,62.42790222167969
136,1,0.13774359226226807,139.28933715820312,18.429686903953552,62.36659240722656
137,1,0.11462699621915817,139.51251220703125,18.805560000240803,61.91474914550781
138,1,0.08550706505775452,139.8220672607422,18.19898161292076,61.34332275390625
139,1,0.07485758513212204,140.15306091308594,18.274398930370808,60.83473205566406
140,1,0.07729578018188477,140.06228637695312,18.522399425506592,60.63670349121094
141,1,0.11372199654579163,140.25961303710938,18.016906589269638,60.39698791503906
142,1,0.1339711844921112,140.456787109375,17.592820197343826,59.862091064453125
143,1,0.12238865345716476,140.19129943847656,17.578315921127796,59.849456787109375
144,1,0.11442864686250687,139.62884521484375,17.06753432005644,59.657073974609375
145,1,0.10776905715465546,139.15939331054688,16.739879563450813,59.089935302734375
146,1,0.09565270692110062,138.55490112304688,16.654585711658,59.37274169921875
147,1,0.07270894199609756,138.74256896972656,16.396252773702145,59.13795471191406
148,1,0.08011217415332794,138.8736114501953,16.390457436442375,58.98271179199219
149,1,0.0692911297082901,138.54782104492188,16.417643532156944,59.1490478515625
150,1,0.08471112698316574,138.32699584960938,16.229144997894764,59.27638244628906
151,1,0.0751490443944931,138.26193237304688,16.175451770424843,59.31919860839844
152,1,0.061910223215818405,137.962158203125,16.266357827931643,59.57368469238281
153,1,0.03981468826532364,137.5631866455078,16.144604943692684,60.00856018066406
154,1,0.022727562114596367,138.28941345214844,15.809569763019681,59.058197021484375
155,1,0.007715738378465176,138.1581573486328,15.889888250268996,59.13047790527344
156,1,0.0,138.54898071289062,15.500110626220703,58.589385986328125
157,1,0.0,138.54928588867188,15.3991060256958,58.29533386230469
158,1,0.0,137.55198669433594,15.112125396728516,58.2711181640625
159,1,0.0,137.94248962402344,14.80252456665039,57.54168701171875
160,1,0.0,137.69296264648438,14.705419540405273,57.97845458984375
161,1,0.0,137.78384399414062,14.100407600402832,57.6610107421875
162,1,0.0,137.40345764160156,13.965785026550293,58.194732666015625
163,1,0.0,137.578857421875,13.655593872070312,58.532073974609375
164,1,0.0,137.54928588867188,13.31063461303711,58.18096923828125
165,1,0.0,137.3979034423828,13.044445037841797,58.09580993652344
166,1,0.0,137.38607788085938,13.091739654541016,58.10423278808594
167,1,0.0,137.43080139160156,12.569252967834473,58.340667724609375
168,1,0.0,137.986328125,12.21603775024414,57.43556213378906
169,1,0.0,136.87969970703125,12.135978698730469,58.59712219238281
170,1,0.0,136.7279815673828,12.110379219055176,58.663238525390625
171,1,0.0,136.675048828125,11.92935562133789,58.28132629394531
172,1,0.0,136.95323181152344,11.790608406066895,56.904571533203125
173,1,0.0,136.3038787841797,11.452194213867188,57.06044006347656
175,1,0.041324928402900696,137.3320770263672,11.066751167178154,55.78224182128906
176,1,0.0,137.77882385253906,11.340176582336426,55.64653015136719
177,1,0.0,138.1656036376953,11.420830726623535,55.40403747558594
178,1,0.0,138.53778076171875,11.40003490447998,55.26313781738281
230,4,59.39010238647461,128.38845825195312,14.054485321044922,47.90263366699219
232,4,58.71371078491211,133.3832244873047,14.407230377197266,43.40875244140625
233,4,58.44661331176758,131.5344696044922,14.230693817138672,45.45353698730469
327,5,440.0845642089844,154.00437927246094,15.471527099609375,72.45010375976562
328,5,439.6404113769531,156.63653564453125,15.699554443359375,68.17401123046875
329,5,439.0897521972656,158.2689666748047,16.901702880859375,70.33636474609375
330,5,437.9955749511719,155.8203582763672,18.964752197265625,72.77305603027344
331,5,437.6724853515625,155.17396545410156,16.881866455078125,55.00172424316406
332,5,435.2511291503906,154.12353515625,19.99713134765625,95.98049926757812
333,5,435.5611877441406,158.34738159179688,19.852935791015625,93.95625305175781
334,5,435.54901123046875,157.46250915527344,20.2264404296875,95.61444091796875
335,5,435.6098327636719,147.851318359375,20.689300537109375,108.42529296875
336,5,433.6794128417969,146.80691528320312,22.70623779296875,110.6444091796875
337,5,432.4656066894531,150.17835998535156,24.524566650390625,109.02210998535156
338,5,432.5330810546875,151.25314331054688,24.7266845703125,108.8349609375
339,5,432.4432373046875,151.71075439453125,24.81884765625,109.33486938476562
340,5,432.2583312988281,149.06820678710938,23.875152587890625,112.93765258789062
341,5,432.1380310058594,149.72866821289062,22.043792724609375,112.30419921875
342,5,431.45318603515625,150.21600341796875,22.63592529296875,112.36502075195312
343,5,429.6463623046875,150.21499633789062,24.409454345703125,112.013427734375
344,5,427.2625732421875,149.77865600585938,26.722259521484375,112.31869506835938
345,5,425.7284240722656,148.59320068359375,29.232666015625,113.067626953125
346,5,427.1569519042969,148.36700439453125,27.541290283203125,113.89813232421875
347,5,422.619140625,148.57395935058594,32.282379150390625,113.64170837402344
348,5,418.90887451171875,146.03646850585938,36.414642333984375,116.6839599609375
349,5,416.86798095703125,146.8349151611328,37.076690673828125,123.75550842285156
350,5,412.5407409667969,146.297607421875,40.600921630859375,137.68460083007812
351,5,412.1514892578125,157.94261169433594,41.50946044921875,125.80830383300781
352,5,409.28973388671875,161.80105590820312,44.8291015625,125.11734008789062
353,5,409.19964599609375,165.9611053466797,44.78240966796875,122.75053405761719
353,6,410.7326965332031,147.10031127929688,33.3221435546875,80.52745056152344
354,5,409.6891174316406,153.76034545898438,43.85400390625,135.80441284179688
354,6,410.8597717285156,147.02642822265625,36.303436279296875,87.0
355,5,409.7535400390625,170.26976013183594,44.10321044921875,120.70338439941406
355,6,410.750244140625,146.29000854492188,41.70062255859375,89.26687622070312
356,5,409.8447265625,171.32115173339844,42.454193115234375,120.32469177246094
356,6,410.0288391113281,145.81153869628906,38.218841552734375,81.21475219726562
357,5,408.2044677734375,170.3041534423828,42.1640625,121.40568542480469
357,6,408.8656311035156,147.26150512695312,39.04473876953125,79.26336669921875
358,5,408.10614013671875,169.49884033203125,39.351837158203125,121.83343505859375
358,6,408.5674743652344,147.966064453125,34.9979248046875,72.77073669433594
359,5,407.8883361816406,168.91552734375,37.318084716796875,121.94503784179688
360,5,407.6604919433594,149.58160400390625,35.522369384765625,141.33074951171875
361,5,407.235595703125,168.62576293945312,34.348541259765625,121.86257934570312
361,6,415.6801452636719,150.8961639404297,25.15887451171875,44.545257568359375
362,5,406.9926452636719,170.8280029296875,33.089508056640625,120.685546875
363,5,406.636962890625,171.69766235351562,33.245269775390625,120.08944702148438
364,5,399.03521728515625,169.8128204345703,41.137908935546875,122.46369934082031
365,5,393.05596923828125,171.7285919189453,46.37933349609375,121.40638732910156
365,6,405.58404541015625,155.1275634765625,26.500762939453125,41.74871826171875
366,5,388.73919677734375,175.11636352539062,50.07080078125,117.99688720703125
366,7,357.10455322265625,153.70362854003906,28.37249755859375,103.28761291503906
366,6,403.97955322265625,155.73902893066406,26.605682373046875,43.70542907714844
367,5,385.1595764160156,175.8138885498047,53.595123291015625,119.96815490722656
367,7,354.58978271484375,153.3881072998047,30.218902587890625,104.21977233886719
367,6,401.47412109375,157.64747619628906,27.284942626953125,41.95924377441406
368,5,385.6835632324219,174.81686401367188,53.08837890625,121.5279541015625
368,7,353.4743347167969,154.14581298828125,32.252655029296875,104.35910034179688
368,6,398.9677734375,157.51585388183594,27.4144287109375,43.02879333496094
369,5,384.9214782714844,174.6275177001953,54.53009033203125,121.41218566894531
369,7,354.267822265625,154.26910400390625,31.664215087890625,105.619873046875
369,6,396.08807373046875,157.69847106933594,28.59942626953125,45.24043273925781
370,5,384.67529296875,177.04127502441406,52.1575927734375,119.58253479003906
370,7,353.7855224609375,154.1152801513672,32.0423583984375,104.97343444824219
370,6,392.8125,157.59054565429688,28.764251708984375,46.098297119140625
371,5,383.3651428222656,174.51953125,51.032989501953125,122.94821166992188
371,7,355.281005859375,160.27719116210938,30.821136474609375,97.62918090820312
371,6,389.5171813964844,158.5677947998047,28.92547607421875,46.50299072265625
372,5,381.12164306640625,176.37042236328125,34.004791259765625,119.5545654296875
372,7,354.4170227050781,159.9148406982422,26.988800048828125,98.94410705566406
372,6,385.88958740234375,157.4878692626953,30.509429931640625,53.73457336425781
373,5,378.6156311035156,175.6964874267578,40.5057373046875,120.48191833496094
373,7,352.7814025878906,152.9656982421875,25.804840087890625,105.04330444335938
373,6,383.79150390625,156.08792114257812,30.485504150390625,54.90019226074219
374,5,368.4710998535156,173.75704956054688,44.3612060546875,122.738525390625
374,7,349.7415466308594,151.51454162597656,22.923858642578125,97.35411071777344
374,6,378.3022766113281,157.2051239013672,30.82952880859375,51.65693664550781
375,5,364.655029296875,173.89801025390625,43.645477294921875,123.90640258789062
375,6,375.51593017578125,157.01104736328125,31.8343505859375,58.32710266113281
376,5,359.4417724609375,173.24667358398438,45.050567626953125,128.52163696289062
376,6,374.4908752441406,156.210205078125,31.08905029296875,58.99555969238281
377,5,355.1809387207031,173.25425720214844,49.614532470703125,129.9116973876953
377,6,375.5096435546875,156.0214385986328,26.880462646484375,60.540618896484375
377,7,365.7984313964844,149.01516723632812,14.250213623046875,31.117843627929688
378,5,351.3763122558594,176.34629821777344,53.531280517578125,127.39915466308594
378,6,371.3310852050781,156.57843017578125,27.704071044921875,62.9935302734375
379,5,350.144287109375,175.56219482421875,52.739410400390625,125.52395629882812
379,6,369.4031677246094,156.03775024414062,27.922210693359375,77.5655517578125
380,5,343.24664306640625,176.62493896484375,60.55078125,125.64898681640625
380,6,365.37872314453125,155.7118377685547,29.16473388671875,81.15553283691406
381,5,339.0826416015625,178.1690673828125,63.48797607421875,125.0845947265625
381,6,365.7243957519531,156.88133239746094,36.363128662109375,123.86174011230469
382,5,336.3908996582031,177.27342224121094,64.43521118164062,125.76136779785156
382,6,362.6655578613281,157.38552856445312,40.861572265625,121.18844604492188
382,7,352.117919921875,150.57896423339844,14.9027099609375,31.010299682617188
383,5,335.3533630371094,177.7977294921875,62.752716064453125,126.40951538085938
383,6,360.8807678222656,158.08230590820312,39.3272705078125,118.64837646484375
383,7,348.509033203125,150.73431396484375,16.86077880859375,28.861587524414062
384,5,334.299072265625,177.290771484375,60.7469482421875,127.44009399414062
384,6,355.26885986328125,158.65440368652344,46.523681640625,121.23060607910156
385,5,334.4523620605469,176.08828735351562,54.365264892578125,128.56759643554688
385,6,349.91290283203125,159.04058837890625,49.242828369140625,120.86184692382812
386,6,347.2047119140625,158.4812774658203,50.620330810546875,121.87217712402344
386,5,334.86920166015625,176.2879180908203,53.31427001953125,128.9192657470703
387,5,332.979248046875,176.63694763183594,39.815521240234375,128.2133026123047
387,6,345.1898498535156,158.49609375,41.890411376953125,118.49490356445312
388,5,326.5711669921875,175.34767150878906,35.56622314453125,129.6487274169922
388,6,342.3951721191406,157.95501708984375,43.67413330078125,122.81787109375
389,5,321.6458740234375,173.6189727783203,47.29217529296875,132.34373474121094
389,6,339.673828125,157.6109619140625,39.970733642578125,125.17691040039062
390,5,316.86944580078125,174.8137664794922,40.131317138671875,129.93934631347656
390,6,336.77679443359375,157.28781127929688,37.103302001953125,128.26766967773438
391,5,310.8923645019531,171.08216857910156,49.50469970703125,130.53074645996094
391,6,332.5376892089844,156.8979949951172,33.576751708984375,139.41786193847656
392,5,303.7041015625,173.2078399658203,45.591583251953125,130.1373748779297
392,6,330.6330871582031,158.03756713867188,31.82257080078125,140.42239379882812
393,5,294.7708740234375,175.28953552246094,59.167633056640625,129.0722198486328
393,6,327.6197204589844,157.93112182617188,32.66973876953125,130.95706176757812
394,5,288.2066955566406,176.16990661621094,65.61505126953125,127.97383117675781
394,6,322.8499755859375,157.3917999267578,36.182525634765625,129.0889129638672
395,5,287.0455017089844,176.8096923828125,65.29327392578125,127.09091186523438
395,6,321.01226806640625,156.92703247070312,36.434295654296875,129.95718383789062
396,5,283.5185852050781,175.94073486328125,67.72494506835938,128.8231201171875
396,6,318.8204650878906,161.50819396972656,36.8726806640625,124.01698303222656
397,5,283.9089660644531,175.55833435058594,63.66802978515625,128.61936950683594
397,6,315.06256103515625,158.8785858154297,39.52545166015625,126.66310119628906
398,5,282.656005859375,175.8035430908203,53.45892333984375,128.73887634277344
398,6,308.4851379394531,163.16082763671875,45.262908935546875,121.03890991210938
399,5,281.5131530761719,174.65243530273438,46.408294677734375,128.95199584960938
399,6,302.67510986328125,162.6447296142578,52.617279052734375,122.67857360839844
400,5,280.71435546875,174.24371337890625,33.940643310546875,126.44033813476562
400,6,288.5895690917969,160.5584716796875,66.20474243164062,133.9415283203125
401,5,276.0140075683594,174.15283203125,33.88818359375,126.61181640625
401,6,299.6838684082031,159.6885986328125,51.30438232421875,126.76473999023438
402,5,271.51153564453125,173.02870178222656,34.897064208984375,130.0194854736328
402,6,296.80145263671875,158.4060821533203,49.00775146484375,129.28770446777344
403,5,267.5331115722656,172.4581298828125,37.130218505859375,128.67147827148438
403,6,295.0347595214844,157.8713836669922,44.47174072265625,127.24766540527344
404,5,258.25384521484375,172.94752502441406,44.251129150390625,127.85292053222656
404,6,293.0218811035156,156.77357482910156,39.308990478515625,129.21669006347656
405,5,246.8457489013672,175.39755249023438,57.08219909667969,126.05902099609375
405,6,289.7073974609375,157.05979919433594,35.544586181640625,126.92961120605469
406,5,239.17471313476562,175.27734375,64.47964477539062,125.14312744140625
406,6,286.7437744140625,155.09725952148438,30.4449462890625,127.48602294921875
407,5,234.3160400390625,175.2532958984375,69.27700805664062,124.79611206054688
407,6,285.2765197753906,155.2140350341797,29.0352783203125,127.17219543457031
408,6,283.2366027832031,155.63552856445312,30.273956298828125,125.82244873046875
408,5,232.40316772460938,175.84629821777344,70.66607666015625,122.90339660644531
409,5,231.3905029296875,175.8702850341797,70.210693359375,122.34107971191406
409,6,279.12451171875,156.64666748046875,30.908721923828125,125.84933471679688
410,5,232.3316650390625,176.10964965820312,66.9288330078125,122.0048828125
410,6,276.36297607421875,156.3341064453125,32.91204833984375,127.840576171875
411,6,261.98651123046875,157.540283203125,46.154205322265625,126.74972534179688
411,5,232.7024383544922,175.1739044189453,61.79902648925781,124.40394592285156
412,6,257.21881103515625,159.69656372070312,51.48760986328125,124.17337036132812
412,5,230.46084594726562,174.9091796875,56.88507080078125,123.9429931640625
413,6,253.39495849609375,159.93882751464844,54.783966064453125,123.60081481933594
413,5,228.05429077148438,175.79995727539062,50.398468017578125,120.89407348632812
414,6,253.03070068359375,158.88914489746094,55.46649169921875,125.38902282714844
414,5,225.6782684326172,172.30255126953125,46.31788635253906,125.07867431640625
415,6,251.80953979492188,158.45237731933594,55.262451171875,124.51737976074219
415,5,222.1216583251953,171.91403198242188,38.48753356933594,124.68435668945312
416,6,248.24757385253906,158.82321166992188,57.28111267089844,124.03094482421875
416,5,218.15054321289062,171.74362182617188,39.287628173828125,124.93475341796875
417,6,248.09349060058594,157.34906005859375,53.32435607910156,124.99667358398438
417,5,214.71372985839844,171.76699829101562,39.0433349609375,126.08963012695312
418,5,211.684814453125,171.91766357421875,40.74066162109375,125.78594970703125
418,6,246.98728942871094,158.37327575683594,48.83613586425781,123.79637145996094
419,5,208.27294921875,175.27020263671875,42.962371826171875,121.977294921875
419,6,246.06344604492188,157.2078399658203,45.094268798828125,122.84327697753906
420,5,202.72030639648438,173.52859497070312,47.38410949707031,124.70864868164062
420,6,244.21495056152344,155.0020751953125,41.19490051269531,123.490966796875
421,5,199.14671325683594,173.04489135742188,50.64753723144531,124.81381225585938
421,6,240.80348205566406,157.115478515625,38.93223571777344,121.90133666992188
422,6,232.28982543945312,155.31900024414062,36.396087646484375,125.9521484375
422,5,195.2526092529297,174.22703552246094,51.06733703613281,121.72758483886719
423,6,228.80105590820312,154.9600830078125,38.982269287109375,126.7794189453125
423,5,194.09478759765625,173.2748565673828,51.23750305175781,122.96824645996094
424,6,223.61863708496094,160.82656860351562,43.38783264160156,118.774169921875
424,5,191.86505126953125,173.1068572998047,47.943389892578125,123.63972473144531
425,6,222.50323486328125,158.79934692382812,43.521026611328125,121.1302490234375
425,5,189.3684539794922,172.42877197265625,44.78208923339844,121.34890747070312
426,6,217.88900756835938,158.4946746826172,47.876068115234375,121.83491516113281
426,5,186.28038024902344,171.20277404785156,42.071624755859375,118.56819152832031
427,6,216.1103515625,158.29493713378906,49.8199462890625,122.44844055175781
427,5,184.72743225097656,170.07693481445312,36.81263732910156,120.49472045898438
428,6,213.33132934570312,158.86245727539062,53.64794921875,122.0789794921875
428,5,181.34100341796875,168.86830139160156,35.56330871582031,120.54627990722656
429,6,211.88047790527344,158.4185791015625,53.29399108886719,122.31375122070312
429,5,178.85797119140625,168.29586791992188,36.418670654296875,120.17507934570312
430,6,209.48483276367188,157.16897583007812,53.66314697265625,122.0570068359375
430,5,174.52053833007812,169.3900909423828,39.114166259765625,118.79740905761719
431,6,206.93548583984375,156.04428100585938,53.252227783203125,122.78533935546875
431,5,169.41366577148438,169.00335693359375,43.405242919921875,118.96987915039062
432,6,204.09671020507812,154.98419189453125,51.20787048339844,120.33956909179688
432,5,160.260009765625,169.52059936523438,51.610565185546875,117.985107421875
433,6,201.3756103515625,154.5871124267578,50.90704345703125,120.28724670410156
433,5,153.61825561523438,171.29502868652344,58.05921936035156,116.50703430175781
434,6,200.14064025878906,152.74362182617188,43.648834228515625,120.86727905273438
434,5,150.93910217285156,171.6485137939453,60.52421569824219,116.70234680175781
435,6,199.7720947265625,151.4444122314453,41.209686279296875,121.69517517089844
435,5,150.15025329589844,171.63104248046875,61.95439147949219,115.65097045898438
436,6,199.7500762939453,154.20098876953125,39.47723388671875,117.63250732421875
436,5,150.2698516845703,171.2359161376953,60.27845764160156,116.30915832519531
437,6,200.8309783935547,153.96994018554688,37.314697265625,118.03018188476562
437,5,151.57562255859375,172.2779998779297,55.65821838378906,114.22044372558594
438,6,200.20213317871094,152.284912109375,36.03800964355469,118.94790649414062
438,5,149.8453369140625,171.2687530517578,52.79606628417969,115.37855529785156
439,6,196.2620849609375,153.4497833251953,39.00080871582031,116.76512145996094
439,5,146.7593994140625,172.1174774169922,49.548828125,112.99525451660156
440,6,189.54405212402344,154.100830078125,46.3446044921875,116.02743530273438
440,5,143.82595825195312,170.6181640625,45.13172912597656,114.1336669921875
441,6,184.91441345214844,155.35226440429688,50.25331115722656,115.10711669921875
441,5,142.35867309570312,170.81732177734375,40.70587158203125,114.08529663085938
442,6,182.9253692626953,155.97454833984375,51.68951416015625,114.20303344726562
442,5,138.6548309326172,171.4624481201172,38.0382080078125,113.68870544433594
443,6,183.75958251953125,156.1346893310547,50.58769226074219,114.59703063964844
443,5,134.28253173828125,168.82904052734375,40.51484680175781,116.0054931640625
444,6,184.49749755859375,155.40065002441406,47.477294921875,114.58918762207031
444,5,130.4386444091797,169.9435272216797,42.89787292480469,114.49766540527344
445,6,184.7902069091797,153.62864685058594,45.088134765625,115.25321960449219
445,5,127.79421997070312,171.56735229492188,44.190673828125,112.65045166015625
446,6,183.44415283203125,153.7594451904297,43.034820556640625,113.33366394042969
446,5,121.95702362060547,172.72772216796875,46.16259002685547,110.4058837890625
447,6,181.7441864013672,152.164794921875,39.56932067871094,113.26055908203125
447,5,120.22467041015625,171.58363342285156,46.47149658203125,113.23170471191406
448,6,179.6986541748047,151.3402557373047,37.22285461425781,113.95933532714844
448,5,117.77537536621094,170.9817352294922,47.735260009765625,112.02555847167969
449,5,115.01953887939453,170.49708557128906,47.64281463623047,113.75617980957031
449,6,177.88973999023438,150.8096466064453,31.637420654296875,114.03392028808594
450,5,113.39794158935547,172.01779174804688,47.48200225830078,111.01797485351562
450,6,174.96800231933594,151.65122985839844,31.296707153320312,113.53999328613281
451,6,171.56556701660156,151.95379638671875,33.54844665527344,112.66180419921875
451,5,114.01316833496094,168.4827880859375,41.69352722167969,107.989501953125
452,6,166.79989624023438,151.60060119628906,37.13835144042969,112.99900817871094
452,5,113.34085845947266,167.9081573486328,38.027427673339844,108.08296203613281
453,6,162.50765991210938,152.76531982421875,39.69514465332031,111.97491455078125
453,5,112.83013916015625,167.6863555908203,35.44305419921875,108.79997253417969
454,6,158.50558471679688,154.27664184570312,41.919586181640625,110.30838012695312
454,5,112.25521087646484,166.81219482421875,33.383644104003906,110.51617431640625
455,6,156.71043395996094,153.6970977783203,42.819793701171875,112.16123962402344
455,5,110.16808319091797,166.14198303222656,33.518455505371094,110.28562927246094
456,6,151.82275390625,153.5396270751953,47.76991271972656,112.31428527832031
456,5,108.88074493408203,165.35305786132812,33.168251037597656,110.94790649414062
457,6,151.23326110839844,153.39442443847656,48.45451354980469,112.97218322753906
457,5,106.05384063720703,166.61070251464844,34.836021423339844,109.34288024902344
458,6,150.01438903808594,152.88067626953125,48.51502990722656,112.64849853515625
458,5,103.76100158691406,167.0861358642578,36.759765625,108.55931091308594
459,6,148.8665008544922,152.23008728027344,48.88426208496094,112.83021545410156
459,5,100.130859375,167.35621643066406,39.60345458984375,108.88746643066406
460,6,149.50502014160156,151.9766387939453,45.03352355957031,111.46635437011719
460,5,97.28595733642578,166.90499877929688,42.35083770751953,108.76687622070312
461,5,96.50247955322266,167.0977325439453,42.81060028076172,108.23619079589844
461,6,149.90518188476562,151.42137145996094,42.427581787109375,108.82804870605469
462,5,95.24466705322266,166.52914428710938,44.16197967529297,108.91244506835938
462,6,150.16354370117188,151.086669921875,37.82606506347656,104.46768188476562
463,5,93.71733856201172,166.75709533691406,44.012245178222656,108.49110412597656
463,6,149.9919891357422,150.70968627929688,36.1734619140625,106.21749877929688
464,5,91.4610595703125,165.9673309326172,43.779815673828125,108.47639465332031
464,6,148.91737365722656,150.4392547607422,35.8759765625,107.51002502441406
464,7,320.7310485839844,132.51763916015625,18.47320556640625,92.37364196777344
465,5,88.24911499023438,165.3074188232422,44.14207458496094,107.89787292480469
465,6,149.10711669921875,150.30343627929688,34.07478332519531,107.18453979492188
465,7,320.1277160644531,132.52276611328125,19.52288818359375,92.86775207519531
466,5,85.44619750976562,166.12132263183594,42.89118957519531,105.20802307128906
466,6,149.55052185058594,150.2158966064453,31.505203247070312,106.81877136230469
466,7,320.3605041503906,131.17660522460938,19.03546142578125,93.77676391601562
467,6,149.14002990722656,149.80831909179688,30.564559936523438,106.5123291015625
467,5,84.10870361328125,166.41636657714844,39.34388732910156,103.97328186035156
467,7,319.6286926269531,131.16697692871094,19.37127685546875,92.71539306640625
468,5,80.74485778808594,165.8213348388672,40.76582336425781,104.29371643066406
468,6,147.3091583251953,149.62796020507812,31.510574340820312,106.40167236328125
469,5,79.31620788574219,165.25047302246094,38.37200164794922,104.02803039550781
469,6,143.1509246826172,149.96099853515625,34.13006591796875,105.22579956054688
470,6,138.8522186279297,149.50791931152344,37.739898681640625,106.91462707519531
470,5,74.45507049560547,163.413330078125,40.57025146484375,107.1990966796875
471,6,139.98545837402344,149.79107666015625,36.53822326660156,106.376220703125
471,5,72.37549591064453,165.02407836914062,44.275978088378906,105.75369262695312
471,7,318.4035339355469,134.5768280029297,20.5833740234375,86.99313354492188
472,5,71.35799407958984,164.6095733642578,42.67753601074219,105.30732727050781
472,6,138.50326538085938,148.90719604492188,37.51741027832031,106.77407836914062
473,5,70.33653259277344,164.64401245117188,43.55506134033203,105.33352661132812
473,6,137.5023193359375,148.47811889648438,37.823974609375,107.13189697265625
474,5,68.9603271484375,165.26922607421875,41.89061737060547,104.82003784179688
474,6,135.47886657714844,150.39910888671875,37.53077697753906,102.84378051757812
475,5,67.5514144897461,166.39695739746094,42.349525451660156,102.88685607910156
475,6,133.98648071289062,150.11715698242188,35.962158203125,101.95478820800781
476,5,66.32435607910156,164.6321258544922,42.081703186035156,104.42024230957031
476,6,131.5605010986328,148.2117919921875,34.62843322753906,103.00852966308594
477,5,65.84100341796875,164.2613067626953,39.334144592285156,104.24803161621094
477,6,130.6974334716797,146.61851501464844,32.088714599609375,104.5299072265625
478,6,127.47929382324219,147.9205780029297,32.48658752441406,102.414794921875
478,5,65.17166137695312,165.1714324951172,38.48081970214844,99.52253723144531
479,5,64.58356475830078,163.1842498779297,38.062477111816406,101.17707824707031
479,6,126.05831146240234,147.76490783691406,30.758628845214844,102.717041015625
480,6,125.34224700927734,147.55157470703125,29.89299774169922,101.46836853027344
480,5,65.39369201660156,161.35450744628906,35.20088195800781,101.93989562988281
481,5,64.98426818847656,160.15185546875,34.06311798095703,103.055419921875
481,6,118.9825668334961,147.29364013671875,35.66376495361328,101.75447082519531
482,5,64.15191650390625,160.32131958007812,33.57044982910156,102.20303344726562
482,6,118.42317962646484,148.5582733154297,35.561607360839844,100.60945129394531
483,5,63.368621826171875,160.22935485839844,33.63203430175781,100.02507019042969
483,6,117.34406280517578,149.94448852539062,35.773353576660156,99.84912109375
484,5,63.06007385253906,160.3023681640625,33.209136962890625,98.68655395507812
484,6,115.8921127319336,150.28482055664062,36.13538360595703,99.74139404296875
485,5,62.94402313232422,161.05032348632812,32.871238708496094,98.67678833007812
485,6,114.40869903564453,149.92822265625,36.970054626464844,100.23890686035156
486,5,61.5039176940918,161.9334716796875,33.998104095458984,99.09603881835938
486,6,113.81421661376953,149.54443359375,37.38288116455078,101.91316223144531
487,5,59.859222412109375,162.043212890625,35.46619415283203,99.68206787109375
487,6,110.62738800048828,149.7459716796875,40.05585479736328,101.33224487304688
488,5,57.59447479248047,162.49891662597656,37.97081756591797,98.12254333496094
488,6,111.12071228027344,148.65737915039062,37.30169677734375,101.62277221679688
489,6,110.70252990722656,148.29248046875,34.46775817871094,101.74876403808594
489,5,55.93452835083008,163.00344848632812,38.77090835571289,97.07513427734375
490,5,54.101932525634766,162.9449005126953,38.73515701293945,96.86463928222656
490,6,111.00880432128906,146.4369354248047,30.30194091796875,100.98419189453125
491,5,52.11211395263672,161.2279815673828,38.58064270019531,97.26408386230469
491,6,110.64820098876953,145.98663330078125,28.554481506347656,99.82070922851562
492,5,51.10505676269531,160.98822021484375,38.32038116455078,96.36077880859375
492,6,110.2436752319336,145.2336883544922,27.71332550048828,100.57319641113281
493,6,105.30925750732422,145.26292419433594,31.14476776123047,100.02140808105469
493,5,48.56004333496094,160.4171142578125,38.93455505371094,96.251708984375
494,6,102.4716796875,144.9507598876953,30.749313354492188,100.41891479492188
494,5,46.42453384399414,158.22381591796875,38.20852279663086,97.43815612792969
495,6,102.41897583007812,145.51138305664062,30.190567016601562,99.10153198242188
495,5,45.89543151855469,158.11363220214844,36.839874267578125,96.49270629882812
496,5,44.53067398071289,158.50119018554688,36.32510757446289,95.6104736328125
496,6,100.6165771484375,145.4951934814453,30.866302490234375,97.58116149902344
497,6,97.50479125976562,146.15911865234375,32.96672058105469,96.61277770996094
497,5,43.519412994384766,158.67721557617188,35.86482620239258,95.72648620605469
498,6,95.17890167236328,147.60614013671875,34.68482208251953,95.41790771484375
498,5,41.85482406616211,158.76422119140625,37.09267807006836,96.09538269042969
499,5,40.165809631347656,158.8577423095703,37.75189971923828,96.36044311523438
499,6,94.7708511352539,148.1210479736328,35.116798400878906,94.94671630859375
500,6,95.9477310180664,147.9169921875,35.70745086669922,96.4202880859375
500,5,39.20450973510742,159.22508239746094,39.09658432006836,94.80258178710938
501,6,94.3319091796875,147.479736328125,35.52386474609375,95.26863098144531
501,5,38.82246398925781,159.3069610595703,38.30565643310547,94.06416320800781
501,8,373.7480773925781,130.0731658935547,12.175323486328125,49.246978759765625
502,6,94.11034393310547,147.8110809326172,33.05469512939453,94.51397705078125
502,5,38.48402404785156,159.32916259765625,36.83550262451172,93.70706176757812
502,8,372.98779296875,129.4831085205078,12.812042236328125,49.71611022949219
503,6,92.6977310180664,147.7744598388672,32.96337127685547,93.38442993164062
503,5,37.203922271728516,159.08987426757812,36.801456451416016,93.73332214355469
503,8,372.0059814453125,129.59767150878906,13.571563720703125,49.51835632324219
504,6,90.81910705566406,145.39712524414062,31.506378173828125,94.92361450195312
504,5,35.60158157348633,158.28347778320312,37.690853118896484,93.34580993652344
504,8,370.23675537109375,129.72650146484375,14.798858642578125,49.16888427734375
505,6,89.55257415771484,146.5367889404297,28.38420867919922,92.94609069824219
505,5,35.69261169433594,157.99099731445312,36.068603515625,92.31962585449219
505,8,369.39935302734375,129.22996520996094,14.9625244140625,49.7388916015625
506,6,87.21403503417969,145.5800323486328,27.097457885742188,94.97703552246094
506,5,35.69575881958008,156.5516815185547,33.457401275634766,92.44509887695312
506,8,367.67022705078125,128.58860778808594,16.539825439453125,50.57102966308594
507,6,84.91828918457031,146.95626831054688,28.26251983642578,93.22695922851562
507,5,36.500572204589844,156.46963500976562,30.132736206054688,92.11982727050781
507,8,366.1570129394531,128.52810668945312,17.81854248046875,51.05891418457031
508,6,82.39924621582031,146.56192016601562,29.243370056152344,93.72393798828125
508,5,35.122276306152344,155.86407470703125,31.01268768310547,92.19059753417969
508,8,364.50225830078125,128.9201202392578,19.50616455078125,49.54994201660156
509,6,79.60052490234375,146.77911376953125,30.313995361328125,93.49305725097656
509,5,34.12782287597656,156.35902404785156,31.4144287109375,92.25137329101562
509,8,363.6985168457031,128.82749938964844,20.081024169921875,51.87666320800781
510,6,76.04798889160156,145.99786376953125,32.476707458496094,94.3656005859375
510,5,32.78730392456055,156.63990783691406,31.803478240966797,91.06401062011719
510,8,362.08941650390625,128.63494873046875,21.52227783203125,51.60865783691406
511,6,74.32347869873047,146.22528076171875,33.333953857421875,94.1710205078125
511,5,32.30006790161133,157.01132202148438,31.63890838623047,89.9912109375
511,8,361.22344970703125,128.87205505371094,21.16864013671875,52.396331787109375
512,6,72.57949829101562,145.85296630859375,34.38414001464844,94.75752258300781
512,5,32.34154510498047,157.46078491210938,31.07961654663086,90.06687927246094
512,8,359.29083251953125,129.7562255859375,21.76080322265625,51.35530090332031
513,6,71.98997497558594,145.279296875,34.985809326171875,95.80059814453125
513,5,31.464513778686523,158.34603881835938,31.58902931213379,88.85081481933594
513,8,359.0284729003906,129.88308715820312,21.267120361328125,51.12187194824219
514,6,70.0909423828125,145.42135620117188,36.764305114746094,95.53260803222656
514,5,30.679729461669922,158.8335723876953,31.732288360595703,88.36997985839844
514,8,358.2677917480469,129.50767517089844,21.150177001953125,51.785308837890625
515,5,28.389352798461914,158.86239624023438,33.62851905822754,86.89620971679688
515,6,68.98382568359375,144.9330291748047,36.71501159667969,95.37260437011719
515,8,358.37017822265625,129.6436767578125,19.8397216796875,51.65411376953125
516,6,67.75019836425781,144.7402801513672,36.417877197265625,94.76266479492188
516,5,26.654067993164062,157.28163146972656,36.08977127075195,88.44831848144531
516,8,357.54559326171875,129.54574584960938,19.5504150390625,49.07304382324219
517,5,24.563222885131836,157.4281768798828,36.11423683166504,87.98835754394531
517,6,67.50288391113281,144.64151000976562,34.61708068847656,91.53944396972656
517,8,357.3094177246094,130.11883544921875,19.488525390625,32.26145935058594
518,6,67.57866668701172,143.5208740234375,31.41010284423828,92.17117309570312
518,5,22.525787353515625,156.7901611328125,35.409454345703125,86.5035400390625
518,8,356.7363586425781,130.42080688476562,17.713470458984375,32.23944091796875
519,5,20.974164962768555,155.2081298828125,35.15915107727051,87.64091491699219
519,6,68.05229949951172,143.32273864746094,29.568389892578125,91.7672119140625
519,8,355.8979797363281,130.76950073242188,17.330413818359375,31.297927856445312
520,6,67.14570617675781,143.28407287597656,29.44165802001953,91.510498046875
520,5,19.271100997924805,153.92501831054688,35.00234031677246,88.51332092285156
520,8,355.2499084472656,131.4095001220703,17.467193603515625,30.69195556640625
521,6,67.06376647949219,142.52926635742188,29.090797424316406,91.36578369140625
521,5,17.43641471862793,153.69906616210938,35.28124809265137,88.6312255859375
522,6,67.19036102294922,142.51858520507812,27.669448852539062,91.90570068359375
522,5,17.090923309326172,152.80677795410156,34.10267639160156,89.54695129394531
523,6,66.65471649169922,141.8546905517578,27.2265625,92.15740966796875
523,5,16.351512908935547,153.89938354492188,33.997161865234375,88.22137451171875
524,6,66.58158111572266,143.41323852539062,26.153213500976562,89.78157043457031
524,5,15.557038307189941,154.58724975585938,34.32359600067139,87.44387817382812
525,6,65.03524780273438,144.29212951660156,26.94654083251953,88.25949096679688
525,5,14.936410903930664,155.68789672851562,34.35268592834473,86.20809936523438
526,6,62.83967590332031,142.5847625732422,28.797828674316406,90.21125793457031
526,5,13.152573585510254,156.03155517578125,35.704134941101074,85.777099609375
527,6,62.45685577392578,143.61720275878906,29.244361877441406,90.29090881347656
527,5,12.444931030273438,156.38258361816406,34.95095443725586,85.564208984375
528,6,62.63311004638672,144.6396484375,29.797340393066406,88.44227600097656
528,5,12.537641525268555,156.60882568359375,33.92726707458496,83.53553771972656
529,6,61.93749237060547,144.4665069580078,28.810081481933594,87.88514709472656
529,5,11.839879989624023,155.64816284179688,31.85792350769043,84.50157165527344
530,6,61.1295166015625,143.5224151611328,29.027236938476562,89.06710815429688
530,5,11.158132553100586,155.2783966064453,30.364229202270508,83.84544372558594
531,6,58.61262130737305,142.91360473632812,28.460277557373047,88.16668701171875
531,5,11.766356468200684,155.1138916015625,27.390263557434082,83.80570983886719
532,6,57.395668029785156,142.1993408203125,26.80023193359375,87.56193542480469
532,5,11.479284286499023,153.49549865722656,27.500043869018555,84.99363708496094
533,6,56.87792205810547,142.07481384277344,26.265029907226562,87.16831970214844
533,5,11.711319923400879,152.52264404296875,26.151267051696777,85.16468811035156
534,6,56.112518310546875,141.65618896484375,25.19001007080078,87.01844787597656
534,5,11.882674217224121,152.0179443359375,25.920838356018066,85.34693908691406
535,5,11.239102363586426,151.98712158203125,25.846083641052246,85.18669128417969
535,6,54.29879379272461,140.77723693847656,25.455341339111328,87.866455078125
536,6,52.238121032714844,139.63694763183594,26.439437866210938,89.01042175292969
536,5,10.963743209838867,152.22019958496094,25.0438289642334,84.35600280761719
537,6,49.548118591308594,139.69004821777344,28.256629943847656,88.79035949707031
537,5,10.102317810058594,153.0283660888672,25.447708129882812,83.41952514648438
538,6,48.2346076965332,141.08963012695312,28.03103256225586,87.36380004882812
538,5,8.80919075012207,152.87020874023438,25.999319076538086,83.29301452636719
539,5,6.764278888702393,153.10055541992188,27.732985973358154,83.18255615234375
539,6,45.17689514160156,142.28823852539062,30.77294921875,86.10903930664062
540,5,6.712303161621094,153.56114196777344,27.716018676757812,83.06546020507812
540,6,42.966609954833984,143.50851440429688,32.8824577331543,85.23567199707031
541,6,42.896934509277344,143.5024871826172,32.08451843261719,85.92898559570312
541,5,5.831662178039551,153.93617248535156,28.226366996765137,82.57736206054688
542,6,40.17108917236328,142.9540557861328,33.452857971191406,86.73399353027344
542,5,3.0339407920837402,153.35328674316406,29.54659128189087,82.06053161621094
543,6,40.43270492553711,142.58078002929688,31.968143463134766,85.63185119628906
543,5,1.928470253944397,152.8060760498047,30.486053824424744,82.35250854492188
544,6,40.98640060424805,141.517333984375,30.36904525756836,85.46376037597656
544,5,0.8575809001922607,152.7198944091797,30.505889177322388,81.12762451171875
545,5,0.33745288848876953,152.50244140625,28.343491554260254,80.5611572265625
545,6,41.57634735107422,140.64688110351562,28.720077514648438,84.02348327636719
546,5,0.630041241645813,151.62193298339844,26.281572222709656,81.175537109375
546,6,42.705989837646484,140.24452209472656,26.52041244506836,83.93777465820312
547,5,0.2831965386867523,151.02378845214844,25.206940561532974,81.57061767578125
547,6,43.25069808959961,139.6386260986328,25.235660552978516,85.04884338378906
548,5,0.15424844622612,151.16653442382812,24.297653943300247,81.735595703125
548,6,42.526371002197266,139.60450744628906,24.370723724365234,84.96978759765625
549,6,42.09585952758789,139.7184600830078,23.380565643310547,84.60679626464844
549,5,0.0,151.40020751953125,22.892440795898438,81.12504577636719
549,9,802.2088012695312,464.17694091796875,42.4306640625,14.75616455078125
550,6,41.45103454589844,139.46829223632812,23.381675720214844,84.92929077148438
550,5,0.0,151.89706420898438,22.210622787475586,80.78915405273438
550,9,787.2076416015625,462.3526916503906,44.6405029296875,16.809051513671875
551,6,40.95175552368164,139.49671936035156,23.339794158935547,84.51219177246094
551,5,0.0,152.01600646972656,20.949567794799805,80.6298828125
551,9,771.6658935546875,460.5948486328125,46.00433349609375,18.44110107421875
552,6,39.951744079589844,139.6608428955078,23.94647979736328,83.91526794433594
552,5,0.0,152.234619140625,20.640573501586914,80.22587585449219
552,9,760.3292236328125,461.0894775390625,43.6279296875,17.821136474609375
553,6,38.7876091003418,139.86241149902344,24.614482879638672,82.96549987792969
553,5,0.0,152.98428344726562,19.563627243041992,78.78536987304688
553,9,737.4722900390625,457.9617004394531,54.094482421875,20.816070556640625
554,6,37.371246337890625,140.36764526367188,25.70956039428711,82.74839782714844
554,5,0.0,152.77711486816406,18.570430755615234,78.06211853027344
554,9,734.2163696289062,457.27703857421875,46.733154296875,21.98309326171875
555,6,36.54035568237305,140.61782836914062,26.618629455566406,82.72142028808594
555,5,0.003327244659885764,153.2926483154297,17.7687026320491,76.81991577148438
555,9,718.7218627929688,452.9553527832031,51.7071533203125,26.294952392578125
556,6,36.56000518798828,140.78912353515625,26.712017059326172,82.98503112792969
556,5,0.0022321941796690226,152.55023193359375,17.19650399661623,77.27900695800781
556,9,703.4160766601562,447.882568359375,53.00445556640625,31.1884765625
557,6,35.08720397949219,140.62355041503906,27.794452667236328,83.1214599609375
557,5,0.0,152.50502014160156,16.814619064331055,76.31333923339844
557,9,690.226318359375,442.22998046875,51.79461669921875,36.12261962890625
558,6,33.872745513916016,140.51751708984375,26.998172760009766,82.29739379882812
558,5,0.0,151.82708740234375,16.791637420654297,75.69119262695312
558,9,678.8431396484375,436.5050964355469,50.8677978515625,42.3070068359375
559,6,33.0489387512207,140.27305603027344,25.732711791992188,81.24252319335938
559,5,0.0,153.04409790039062,15.906102180480957,73.61106872558594
559,9,664.0946044921875,431.89813232421875,52.28692626953125,46.52423095703125
560,6,32.25257873535156,139.7318572998047,25.572311401367188,81.264892578125
560,5,0.0,153.33216857910156,15.775339126586914,72.7222900390625
560,9,646.5916748046875,428.3195495605469,55.71728515625,50.385650634765625
561,6,31.06821632385254,139.56756591796875,25.502389907836914,80.28364562988281
561,5,0.0,153.2368927001953,14.740915298461914,73.92454528808594
561,9,630.8402099609375,425.9582214355469,58.393798828125,52.260650634765625
562,6,29.29071807861328,139.34996032714844,24.906612396240234,79.92890930175781
562,5,0.0,153.27334594726562,14.613365173339844,73.46720886230469
562,9,618.806396484375,425.1875305175781,56.5552978515625,52.970184326171875
563,6,27.71567726135254,138.66757202148438,25.112321853637695,80.40821838378906
563,5,0.0,152.46923828125,14.112594604492188,74.09536743164062
563,9,605.3004150390625,423.9988708496094,56.7967529296875,54.158966064453125
564,6,26.154998779296875,138.1610870361328,25.58331298828125,80.62899780273438
564,5,0.0,152.2597198486328,12.978590965270996,74.07292175292969
564,9,591.2283325195312,422.5761413574219,57.34222412109375,55.9876708984375
565,6,23.168176651000977,137.96133422851562,27.22593879699707,81.40126037597656
565,5,0.0,152.93539428710938,12.516389846801758,73.50625610351562
565,9,573.8250732421875,419.682373046875,61.857177734375,58.79937744140625
566,6,19.674856185913086,138.5487060546875,28.906145095825195,80.312744140625
566,5,0.0,153.0662078857422,12.2954683303833,74.71366882324219
566,9,539.8572387695312,412.38006591796875,72.63671875,66.09548950195312
