36,1,671.8067016601562,227.07586669921875,47.25933837890625,44.811859130859375
40,1,674.1146850585938,224.90328979492188,45.74749755859375,45.2969970703125
41,1,673.2369384765625,224.5861358642578,45.6588134765625,43.82542419433594
42,1,674.7531127929688,226.3120880126953,45.1531982421875,44.00236511230469
43,1,674.5750122070312,226.06561279296875,45.517333984375,43.99542236328125
46,1,675.6159057617188,226.49838256835938,43.5072021484375,44.78863525390625
47,1,675.8087158203125,227.5259246826172,43.97442626953125,42.51609802246094
49,1,675.2224731445312,226.78065490722656,44.2457275390625,43.33555603027344
51,1,676.1566772460938,228.05873107910156,42.8887939453125,41.75651550292969
52,1,676.1644287109375,227.473388671875,41.91619873046875,40.739532470703125
54,1,676.3560791015625,227.7470245361328,42.93048095703125,42.29194641113281
55,1,676.2943115234375,226.69956970214844,41.96893310546875,42.76536560058594
107,1,673.8231811523438,226.4249725341797,45.55499267578125,40.82627868652344
119,1,674.87744140625,223.85406494140625,47.5240478515625,44.350982666015625
311,1,668.037353515625,223.98178100585938,52.55340576171875,46.73260498046875
348,1,672.1544799804688,228.3004608154297,40.089599609375,40.81462097167969
349,1,672.293701171875,226.9140625,44.1748046875,42.980255126953125
353,1,670.9461669921875,226.21527099609375,41.59283447265625,42.1690673828125
357,1,671.2123413085938,225.713134765625,47.812744140625,43.50128173828125
364,1,671.7639770507812,226.1772003173828,51.14508056640625,42.93211364746094
365,1,671.624755859375,226.79014587402344,50.1287841796875,40.39872741699219
367,1,672.1107177734375,228.58294677734375,41.07208251953125,38.69061279296875
374,2,437.86834716796875,142.73008728027344,16.470489501953125,76.97080993652344
375,2,437.7250671386719,142.76153564453125,16.522735595703125,76.59317016601562
376,2,436.3182678222656,142.94227600097656,18.187744140625,76.20774841308594
376,1,671.6600341796875,224.82174682617188,48.47296142578125,47.095550537109375
377,2,436.16156005859375,142.9273223876953,18.302154541015625,76.04031372070312
378,2,435.6997985839844,142.8043975830078,18.865081787109375,76.39889526367188
379,2,434.1608581542969,142.8656005859375,20.18658447265625,76.22709655761719
380,2,434.3907775878906,142.65911865234375,20.02618408203125,76.78367614746094
380,1,671.4658813476562,224.69332885742188,45.10321044921875,45.3883056640625
381,2,434.6243896484375,142.0634307861328,19.511871337890625,77.14013671875
382,2,435.2650451660156,142.47776794433594,19.077911376953125,77.10421752929688
383,2,434.5766296386719,142.2295684814453,19.59344482421875,77.52708435058594
384,2,435.2143859863281,141.7255859375,18.7147216796875,77.7015380859375
385,2,435.43072509765625,142.02911376953125,18.6060791015625,77.44357299804688
386,2,434.6142578125,142.0550537109375,19.432220458984375,77.2559814453125
387,2,434.2530822753906,142.2108612060547,19.803619384765625,77.15657043457031
388,2,433.9421691894531,142.43418884277344,20.05181884765625,76.91867065429688
389,2,434.7076416015625,142.65963745117188,19.48583984375,76.63078308105469
390,2,434.7027282714844,142.70452880859375,19.614410400390625,76.90629577636719
391,2,434.5929870605469,142.94215393066406,19.67767333984375,76.531005859375
392,2,434.9168701171875,142.43991088867188,19.3419189453125,76.85275268554688
393,2,434.691650390625,142.81988525390625,19.645111083984375,76.17828369140625
394,2,434.5604553222656,142.8436737060547,19.758026123046875,76.34648132324219
395,2,435.24566650390625,142.8270721435547,19.133331298828125,76.36380004882812
396,2,432.83209228515625,143.25979614257812,21.521820068359375,76.0025634765625
397,2,433.3114929199219,143.72918701171875,21.05657958984375,76.15666198730469
398,2,433.526611328125,143.73678588867188,20.753692626953125,76.16481018066406
399,2,433.1394958496094,143.67608642578125,21.0941162109375,75.59593200683594
400,2,434.0809326171875,143.48672485351562,20.178680419921875,75.85275268554688
401,2,434.9781494140625,144.4755859375,19.283050537109375,74.81095886230469
402,2,435.0628356933594,143.85836791992188,19.574981689453125,75.9151611328125
403,2,433.7726135253906,143.72406005859375,20.79156494140625,75.69761657714844
404,2,434.7945556640625,143.6519775390625,19.727142333984375,76.0198974609375
405,2,434.5807189941406,143.76708984375,19.807220458984375,75.99758911132812
406,2,435.01409912109375,143.8440704345703,19.36248779296875,75.70256042480469
407,2,434.9182434082031,143.742919921875,19.389251708984375,75.95480346679688
408,2,434.4099426269531,144.2412872314453,19.551300048828125,75.32373046875
409,2,434.6770935058594,144.12086486816406,19.351043701171875,75.60372924804688
410,2,435.424560546875,144.27545166015625,18.6844482421875,75.55763244628906
411,2,435.5664978027344,144.36456298828125,18.3563232421875,75.00138854980469
412,2,436.5656433105469,144.8380584716797,17.72808837890625,75.14544677734375
413,2,437.4193420410156,144.78466796875,16.535491943359375,74.30020141601562
414,2,437.2716979980469,143.77218627929688,16.738037109375,75.78158569335938
415,2,436.8372497558594,144.82530212402344,17.081390380859375,74.82432556152344
416,2,436.5839538574219,145.79058837890625,17.26568603515625,73.60693359375
417,2,436.9460754394531,145.9069061279297,17.145050048828125,73.6270751953125
418,2,437.42816162109375,145.7893829345703,16.638671875,73.80511474609375
419,2,437.87261962890625,148.0588836669922,15.592864990234375,71.83181762695312
421,2,436.505126953125,149.94171142578125,17.267913818359375,71.88128662109375
428,2,435.8470153808594,146.58216857910156,18.416351318359375,74.98390197753906
429,2,435.89666748046875,145.23680114746094,18.5,77.05792236328125
430,2,435.3689880371094,144.7974395751953,19.2969970703125,77.56163024902344
431,2,436.06402587890625,144.43397521972656,18.50311279296875,77.66793823242188
432,2,436.13275146484375,144.31201171875,18.189300537109375,76.24533081054688
433,2,436.848388671875,144.65139770507812,17.830291748046875,76.07461547851562
434,2,437.939697265625,144.84796142578125,16.32232666015625,76.22636413574219
435,2,437.31854248046875,144.27821350097656,17.414093017578125,76.93473815917969
592,3,824.47802734375,382.415771484375,31.12774658203125,96.02130126953125
593,3,815.6895751953125,323.7886657714844,39.78216552734375,153.24972534179688
594,3,805.8521118164062,316.32989501953125,49.699951171875,162.46142578125
595,3,794.0277709960938,315.39129638671875,61.73809814453125,163.63320922851562
596,3,786.265625,314.6961975097656,69.448974609375,163.98471069335938
597,3,782.1867065429688,314.2214660644531,73.529541015625,163.98849487304688
598,3,776.7867431640625,313.2056884765625,78.353759765625,164.7664794921875
599,3,774.47119140625,310.9366149902344,74.8363037109375,166.66494750976562
600,3,772.6895141601562,308.9363708496094,69.41412353515625,168.85305786132812
600,4,824.6597290039062,395.194091796875,31.049072265625,66.95663452148438
601,3,772.3883666992188,306.9852294921875,63.882568359375,171.22296142578125
601,4,815.4869384765625,380.35931396484375,40.3697509765625,80.37350463867188
602,3,763.6375122070312,303.7058410644531,66.78521728515625,174.75479125976562
602,4,810.5372924804688,373.50982666015625,44.86309814453125,87.06463623046875
603,3,753.6312866210938,302.7510681152344,71.16522216796875,175.27435302734375
603,4,808.5186157226562,327.0824279785156,47.08648681640625,134.43624877929688
604,3,744.7677001953125,299.8727722167969,74.6063232421875,178.17388916015625
604,4,808.2730102539062,283.5190734863281,47.4453125,178.7967529296875
605,4,807.435546875,271.93963623046875,48.308349609375,191.95697021484375
605,3,734.7407836914062,297.7812805175781,80.07415771484375,179.45162963867188
606,4,807.1837768554688,269.67279052734375,48.464599609375,200.49432373046875
606,3,724.3012084960938,297.36767578125,85.36505126953125,181.31332397460938
607,3,715.894775390625,295.946044921875,88.19342041015625,182.433349609375
607,4,806.067626953125,267.8823547363281,49.4202880859375,197.62313842773438
608,4,802.7257080078125,266.4676208496094,52.31072998046875,196.807373046875
608,3,707.9345092773438,295.80657958984375,89.14544677734375,181.95635986328125
609,4,774.796630859375,265.30718994140625,78.9312744140625,194.35955810546875
609,3,697.3959350585938,294.21435546875,89.201416015625,182.59201049804688
610,4,764.66552734375,265.18212890625,85.03070068359375,195.08993530273438
610,3,693.2535400390625,289.92364501953125,91.87261962890625,187.876953125
611,4,753.5570678710938,265.4947509765625,89.70538330078125,195.4063720703125
611,3,694.509033203125,287.1405944824219,88.8978271484375,191.6492919921875
612,4,744.863525390625,267.28936767578125,95.17901611328125,193.21658325195312
612,3,694.5811767578125,285.5827331542969,81.00823974609375,192.66351318359375
613,4,739.3533935546875,266.20184326171875,97.95654296875,192.86666870117188
613,3,693.9124755859375,283.32000732421875,74.4012451171875,194.33221435546875
614,4,735.15625,265.26458740234375,98.23553466796875,192.52578735351562
614,3,694.254150390625,281.4695739746094,69.32977294921875,196.76522827148438
615,4,735.1600341796875,264.255859375,90.98614501953125,190.33694458007812
615,3,692.396484375,278.91314697265625,66.38092041015625,197.73464965820312
616,4,733.860107421875,262.6148986816406,86.7554931640625,190.1220703125
616,3,686.9592895507812,276.52398681640625,68.83587646484375,197.53228759765625
617,3,680.6057739257812,276.2588806152344,70.89447021484375,198.31674194335938
617,4,733.5528564453125,260.85565185546875,78.7880859375,186.99737548828125
618,3,666.5364990234375,275.97314453125,81.02349853515625,197.575439453125
618,4,732.8533935546875,259.91021728515625,68.618408203125,185.63397216796875
619,3,648.8773193359375,275.9100036621094,93.71795654296875,197.5927734375
619,4,733.1455078125,257.2289123535156,61.51434326171875,185.62518310546875
620,3,638.7481079101562,275.9376525878906,100.70355224609375,197.74322509765625
620,4,733.4181518554688,256.14898681640625,60.51776123046875,186.754150390625
621,3,632.4326171875,275.3254089355469,102.76141357421875,197.84725952148438
621,4,730.6860961914062,256.5402526855469,55.01446533203125,186.60150146484375
622,3,628.69580078125,275.4140930175781,100.04827880859375,196.71707153320312
622,4,718.06298828125,254.96958923339844,62.294189453125,187.36146545410156
622,5,371.8285827636719,136.8681640625,14.2412109375,69.03399658203125
623,4,708.2741088867188,254.93670654296875,65.34454345703125,186.29342651367188
623,3,626.624755859375,273.5254211425781,97.49169921875,195.1741943359375
623,5,371.5298767089844,140.1138153076172,14.463836669921875,66.61473083496094
624,3,625.7677001953125,273.0072326660156,94.44482421875,194.25164794921875
624,4,700.9816284179688,254.91720581054688,74.8936767578125,187.48193359375
624,5,369.5166320800781,138.0898895263672,15.8416748046875,66.48612976074219
625,4,693.052978515625,254.93235778808594,82.75909423828125,187.65992736816406
625,3,626.3142700195312,272.32708740234375,91.4146728515625,192.845703125
625,5,369.0453186035156,137.8875732421875,16.18658447265625,69.01374816894531
626,4,684.9486083984375,253.60528564453125,85.18072509765625,188.27413940429688
626,3,625.3167114257812,270.9075927734375,84.5997314453125,191.53567504882812
626,5,368.74969482421875,139.37457275390625,15.98992919921875,67.55282592773438
627,4,678.2803344726562,251.47280883789062,87.0279541015625,190.32608032226562
627,3,625.3567504882812,268.2159118652344,76.18768310546875,188.07339477539062
627,5,368.4170227050781,138.4095458984375,16.9598388671875,69.43466186523438
628,4,672.152587890625,250.8632354736328,87.1832275390625,190.6575164794922
628,3,624.8447875976562,265.7552185058594,67.0196533203125,186.60205078125
628,5,368.31988525390625,136.9998321533203,16.8331298828125,70.87742614746094
629,4,670.4662475585938,249.51405334472656,83.60662841796875,189.79856872558594
629,3,625.3441772460938,263.773193359375,59.91064453125,187.9481201171875
629,5,368.0488586425781,138.08859252929688,17.036224365234375,69.966064453125
630,4,670.6346435546875,247.406982421875,75.58953857421875,189.1146240234375
630,3,623.6884155273438,262.6181640625,56.78936767578125,188.41287231445312
630,5,367.7126770019531,137.24514770507812,17.316253662109375,71.30609130859375
631,4,669.380615234375,246.5243377685547,67.79791259765625,184.1006622314453
631,3,619.125732421875,261.8438415527344,56.41973876953125,189.57275390625
631,5,367.8057556152344,134.95054626464844,17.732330322265625,73.52923583984375
632,4,670.2490234375,244.63229370117188,60.38995361328125,184.32760620117188
632,3,613.3604736328125,261.3148498535156,58.2401123046875,190.611083984375
632,5,367.8403625488281,134.3781280517578,17.3282470703125,74.2015380859375
633,4,666.774658203125,241.95947265625,55.90496826171875,178.36544799804688
633,3,594.6337280273438,262.3010559082031,69.3360595703125,189.26229858398438
633,5,368.3153991699219,139.93359375,16.113677978515625,70.70127868652344
634,4,658.0219116210938,241.05108642578125,58.33892822265625,178.10928344726562
634,3,588.1585693359375,261.3443603515625,70.81304931640625,189.12933349609375
634,5,367.83990478515625,140.97216796875,17.060577392578125,70.45599365234375
635,4,646.2554321289062,241.08151245117188,67.97344970703125,178.18069458007812
635,3,585.1863403320312,261.1679992675781,70.8236083984375,188.34130859375
635,5,367.6619873046875,143.7718048095703,17.42626953125,66.77452087402344
636,4,639.0375366210938,241.62477111816406,70.22509765625,177.4474639892578
636,3,583.64990234375,260.455078125,70.32879638671875,187.6884765625
636,5,366.3323974609375,137.62152099609375,18.908782958984375,73.78927612304688
637,4,630.301025390625,241.84613037109375,75.18804931640625,177.30136108398438
637,3,583.4827270507812,258.2594909667969,68.8369140625,188.47012329101562
637,5,365.7410888671875,139.01547241210938,18.08636474609375,72.42918395996094
638,4,622.9320068359375,241.5199737548828,79.68853759765625,176.9452362060547
638,3,583.19091796875,257.0189208984375,64.7713623046875,186.81842041015625
638,5,365.6588439941406,141.50051879882812,17.5125732421875,69.7606201171875
639,4,618.56005859375,241.80419921875,78.3121337890625,176.40234375
639,3,580.4071044921875,254.52651977539062,61.08697509765625,185.83224487304688
639,5,366.0886535644531,140.9494171142578,17.429290771484375,71.08047485351562
640,4,611.6820678710938,241.55081176757812,83.36651611328125,175.56405639648438
640,3,577.3981323242188,253.67190551757812,58.47955322265625,182.27813720703125
640,5,365.65374755859375,141.7398223876953,18.138214111328125,70.45500183105469
641,4,611.007568359375,239.68084716796875,80.689453125,176.04898071289062
641,3,571.2514038085938,251.17630004882812,60.522216796875,179.99838256835938
641,5,365.26092529296875,140.54617309570312,18.170928955078125,71.45338439941406
642,4,608.7282104492188,240.197998046875,76.9305419921875,173.88717651367188
642,3,567.2950439453125,249.84071350097656,59.953857421875,175.23670959472656
642,5,363.1536865234375,140.37680053710938,20.494171142578125,71.7880859375
643,3,564.7447509765625,248.7395477294922,63.990478515625,176.36244201660156
643,4,608.1624145507812,239.41404724121094,70.10052490234375,173.8520965576172
643,5,362.8826904296875,145.12326049804688,20.1810302734375,66.73466491699219
644,3,560.6813354492188,248.4474639892578,59.096435546875,176.28099060058594
644,4,607.2777099609375,237.20907592773438,62.3890380859375,169.85296630859375
644,5,361.9649353027344,145.38626098632812,20.986602783203125,66.5106201171875
645,4,607.3607788085938,237.62533569335938,52.6614990234375,167.01016235351562
645,3,549.4468994140625,248.55921936035156,65.95654296875,176.4720001220703
645,5,359.17535400390625,144.74473571777344,24.644317626953125,67.86497497558594
646,4,607.78857421875,235.54171752929688,53.20159912109375,169.21343994140625
646,3,536.888427734375,247.8769989013672,76.3739013671875,175.89613342285156
646,5,358.3614501953125,145.22216796875,24.781707763671875,67.75053405761719
647,3,526.1615600585938,248.81387329101562,83.17144775390625,175.10464477539062
647,4,605.7692260742188,232.01292419433594,40.74505615234375,172.0864715576172
647,5,356.9356384277344,145.86473083496094,24.6737060546875,67.865966796875
648,4,602.6830444335938,229.9535675048828,45.57745361328125,174.10902404785156
648,3,521.626708984375,248.24925231933594,86.4505615234375,173.58238220214844
648,5,355.6238098144531,145.06886291503906,25.71478271484375,69.850341796875
649,3,520.3238525390625,248.87693786621094,86.806884765625,171.1424102783203
649,4,597.9779663085938,230.5862274169922,45.27764892578125,173.63121032714844
649,5,355.327880859375,144.85348510742188,26.206146240234375,71.73347473144531
650,4,591.0446166992188,231.93386840820312,53.371826171875,172.347900390625
650,3,520.0304565429688,248.46435546875,86.41888427734375,169.67678833007812
650,5,355.2180480957031,145.97579956054688,25.83477783203125,70.53022766113281
651,4,580.458251953125,231.00201416015625,68.87384033203125,173.5640869140625
651,3,519.1311645507812,247.6615447998047,82.962646484375,169.28761291503906
651,5,353.5013427734375,146.03857421875,26.76544189453125,70.41203308105469
651,6,837.1580200195312,405.27410888671875,18.34552001953125,19.0489501953125
652,4,574.4314575195312,229.7606964111328,69.42669677734375,175.00599670410156
652,3,517.7070922851562,246.46641540527344,77.70526123046875,167.6742706298828
652,5,353.12872314453125,145.68392944335938,27.66168212890625,71.75581359863281
652,6,833.35888671875,400.6546630859375,22.0648193359375,21.2222900390625
653,4,569.8244018554688,228.73329162597656,64.08062744140625,174.3508758544922
653,3,517.5745239257812,244.36654663085938,69.4188232421875,166.78433227539062
653,5,352.4712219238281,147.1475372314453,28.32196044921875,70.19084167480469
653,6,831.7019653320312,393.60888671875,23.74127197265625,27.580780029296875
654,4,563.635498046875,227.74496459960938,67.67340087890625,173.56369018554688
654,3,514.9571533203125,241.6040802001953,61.23822021484375,167.35789489746094
654,5,351.70208740234375,146.74795532226562,26.892364501953125,70.55534362792969
654,6,831.3565673828125,391.5942077636719,24.382568359375,28.831512451171875
655,4,564.0720825195312,226.70814514160156,62.49224853515625,173.0227508544922
655,3,512.2776489257812,239.62164306640625,56.49456787109375,168.88821411132812
655,5,350.85858154296875,145.73924255371094,23.76617431640625,71.4686279296875
655,6,830.5878295898438,390.78436279296875,25.1995849609375,29.629669189453125
656,4,563.8629760742188,224.87867736816406,59.64471435546875,173.78611755371094
656,3,506.7349548339844,238.00277709960938,53.717559814453125,170.20443725585938
656,5,350.4024963378906,146.28436279296875,21.218109130859375,70.91586303710938
656,6,829.6026611328125,390.79925537109375,25.8719482421875,29.388427734375
657,4,561.9953002929688,223.10569763183594,50.581298828125,169.3040313720703
657,3,498.95538330078125,236.43551635742188,53.2303466796875,172.82452392578125
657,5,349.72479248046875,146.23667907714844,21.250701904296875,70.95668029785156
657,6,829.1654663085938,386.50469970703125,26.33447265625,33.270904541015625
658,4,560.227783203125,221.445556640625,47.6077880859375,164.30178833007812
658,3,495.1097412109375,236.43898010253906,53.6380615234375,171.72105407714844
658,5,349.9068603515625,145.6075897216797,21.11248779296875,72.2705078125
658,6,828.9813232421875,383.94482421875,26.60028076171875,35.78472900390625
658,7,829.9953002929688,285.71990966796875,25.6494140625,135.78524780273438
659,4,554.9774169921875,221.44500732421875,51.9140625,162.30258178710938
659,3,489.8543395996094,236.42620849609375,55.457916259765625,171.22756958007812
659,5,349.1938171386719,145.74468994140625,21.521636962890625,72.65150451660156
659,7,831.2213745117188,286.5926513671875,24.46832275390625,134.583740234375
659,6,828.7378540039062,369.2593078613281,26.81011962890625,51.178466796875
660,4,550.5384521484375,220.48269653320312,52.97637939453125,162.22732543945312
660,3,484.9552307128906,236.87081909179688,58.591888427734375,169.63638305664062
660,5,349.9654541015625,147.45657348632812,20.665374755859375,72.85787963867188
660,7,827.6185913085938,284.4649658203125,28.14971923828125,136.81512451171875
661,4,542.2207641601562,220.44235229492188,58.1341552734375,161.41064453125
661,3,482.08599853515625,236.9884033203125,60.44122314453125,168.8931884765625
661,5,349.48541259765625,148.14675903320312,21.264251708984375,70.85501098632812
661,7,832.070556640625,284.5558776855469,23.6439208984375,137.18829345703125
662,4,533.6446533203125,220.28175354003906,64.54595947265625,160.9488067626953
662,3,480.0939636230469,235.97052001953125,61.162445068359375,168.37606811523438
662,7,832.0737915039062,284.619140625,23.6219482421875,136.99993896484375
662,6,828.203857421875,341.5640869140625,27.23797607421875,79.51202392578125
663,4,524.5509643554688,221.1537322998047,68.85357666015625,160.2224578857422
663,3,476.63787841796875,234.9202117919922,60.79339599609375,168.5778350830078
663,5,349.04534912109375,146.62155151367188,21.40875244140625,72.56121826171875
663,7,830.7802734375,283.70904541015625,24.998291015625,138.00503540039062
664,4,519.2484741210938,220.26113891601562,66.38629150390625,160.61929321289062
664,3,473.7379455566406,232.85169982910156,59.334808349609375,168.1199493408203
664,7,830.2783813476562,284.0668029785156,25.663818359375,136.82925415039062
665,4,515.4060668945312,219.6212921142578,69.370361328125,160.40174865722656
665,3,471.11297607421875,231.38433837890625,56.33380126953125,167.05593872070312
665,7,829.12353515625,284.9059143066406,26.7393798828125,136.238037109375
666,4,514.2079467773438,219.7328338623047,67.959716796875,160.30845642089844
666,3,467.0316467285156,228.65292358398438,56.629791259765625,166.30426025390625
666,7,828.8892211914062,284.95367431640625,26.90069580078125,136.358154296875
667,4,513.131103515625,218.59190368652344,66.712890625,159.9907989501953
667,3,463.1739501953125,227.63198852539062,57.9378662109375,160.52667236328125
667,7,828.1906127929688,284.83416748046875,27.55084228515625,136.78182983398438
668,4,513.3989868164062,217.53855895996094,63.943115234375,160.32896423339844
668,3,460.694580078125,226.3059539794922,53.82501220703125,160.6806182861328
668,7,819.3032836914062,286.1125183105469,36.387939453125,134.09066772460938
669,4,513.8904418945312,216.02406311035156,59.294921875,159.56297302246094
669,3,457.5469665527344,225.64369201660156,52.907989501953125,159.5642852783203
669,7,810.4883422851562,273.7327575683594,44.9766845703125,147.11557006835938
670,4,512.0851440429688,213.89060974121094,54.25439453125,157.31996154785156
670,3,453.95208740234375,225.8365478515625,52.4910888671875,158.66909790039062
670,7,804.0191650390625,259.5814514160156,51.5135498046875,161.80218505859375
671,4,510.7995910644531,212.4952850341797,50.396087646484375,154.0691680908203
671,3,446.7637634277344,226.0154266357422,58.028289794921875,157.9994659423828
671,7,798.356689453125,258.7018127441406,57.1229248046875,161.20468139648438
672,4,510.1310729980469,211.49179077148438,46.045684814453125,154.2894287109375
672,3,435.4656677246094,225.96412658691406,66.770263671875,157.49143981933594
672,7,793.00146484375,257.3196105957031,62.5294189453125,162.00161743164062
673,4,508.1720886230469,210.2750244140625,44.477142333984375,155.48477172851562
673,3,430.5027770996094,226.42788696289062,70.293701171875,157.05267333984375
673,7,790.7157592773438,255.46192932128906,64.84967041015625,164.16749572753906
674,7,789.165771484375,254.06375122070312,66.375244140625,166.44046020507812
674,4,504.5164489746094,209.84075927734375,50.089691162109375,155.76922607421875
674,3,430.6863708496094,226.45111083984375,69.96356201171875,156.42910766601562
675,4,500.7675476074219,209.39268493652344,54.500762939453125,155.8022003173828
675,7,788.6323852539062,254.369140625,66.903564453125,166.03311157226562
675,3,430.68914794921875,226.08538818359375,69.00250244140625,155.54840087890625
676,4,498.4544677734375,210.11886596679688,61.39019775390625,155.0018310546875
676,7,788.5453491210938,254.2852325439453,66.9630126953125,166.1273956298828
676,3,430.29547119140625,224.26882934570312,66.8316650390625,154.71359252929688
677,4,494.5205383300781,210.2944793701172,65.29373168945312,155.04942321777344
677,7,787.6994018554688,254.1468505859375,67.7752685546875,166.34844970703125
677,3,428.18914794921875,222.65908813476562,64.57901000976562,155.83355712890625
678,4,489.74835205078125,211.36070251464844,68.46563720703125,153.9174346923828
678,7,786.1797485351562,253.5893096923828,69.23638916015625,166.51646423339844
678,3,424.8052673339844,222.46307373046875,61.892913818359375,152.74722290039062
679,7,785.6004638671875,253.07476806640625,69.8017578125,167.06124877929688
679,4,486.7384948730469,209.46542358398438,67.95205688476562,155.60794067382812
679,3,420.6310729980469,222.01539611816406,60.861175537109375,150.52659606933594
680,7,786.4534912109375,252.2478790283203,68.97821044921875,168.28407287597656
680,4,486.240234375,209.8740692138672,65.00848388671875,154.2606964111328
680,3,417.2557067871094,221.51124572753906,59.717620849609375,149.6742706298828
681,7,787.115966796875,251.2513427734375,67.6785888671875,168.98043823242188
681,4,483.5956726074219,205.42312622070312,56.987213134765625,155.92507934570312
681,3,412.5482482910156,220.6113739013672,55.93475341796875,150.3874969482422
682,7,787.2321166992188,251.2515411376953,66.4541015625,168.91395568847656
682,4,481.2994079589844,204.95449829101562,47.432525634765625,154.08203125
682,3,409.8751220703125,221.21192932128906,53.888336181640625,149.75379943847656
683,7,786.9778442382812,251.34169006347656,63.776123046875,167.3790740966797
683,4,479.6219787597656,203.8820037841797,44.556243896484375,152.5492706298828
683,3,407.5290832519531,220.4728546142578,55.13348388671875,150.9342498779297
683,5,367.8891296386719,146.00083923339844,17.78900146484375,83.68827819824219
684,7,786.4166870117188,251.5990447998047,60.586181640625,166.7376251220703
684,4,476.0683288574219,203.44871520996094,45.773468017578125,148.2545928955078
684,3,404.97344970703125,218.78338623046875,56.529144287109375,152.1199951171875
685,7,786.2415771484375,251.25140380859375,58.9422607421875,167.5279541015625
685,4,473.5101013183594,203.09164428710938,46.040618896484375,146.80239868164062
685,3,402.0087890625,218.42059326171875,55.585601806640625,151.65740966796875
686,7,786.8236083984375,250.8588409423828,57.30743408203125,168.4553680419922
686,4,471.2225341796875,202.59530639648438,45.19287109375,145.39126586914062
686,3,399.2589111328125,218.54812622070312,54.06378173828125,150.17843627929688
686,5,367.2837829589844,146.87527465820312,17.6431884765625,83.43496704101562
687,7,786.6051025390625,250.33412170410156,57.600830078125,170.5926055908203
687,4,466.6781005859375,202.0960693359375,48.307861328125,144.50399780273438
687,3,397.0082702636719,218.3992462158203,53.051422119140625,149.6518096923828
688,7,785.4059448242188,249.4306640625,56.57696533203125,172.084716796875
688,4,463.8171081542969,200.8498992919922,48.382843017578125,146.15577697753906
688,3,394.562744140625,215.83424377441406,54.3502197265625,151.3295440673828
688,5,366.19415283203125,147.04286193847656,18.544189453125,82.84031677246094
689,7,784.4347534179688,249.534912109375,55.330078125,171.49429321289062
689,4,456.7697448730469,200.6116943359375,53.901885986328125,146.78982543945312
689,3,393.30950927734375,214.4497833251953,53.021484375,150.1090850830078
689,5,365.1275939941406,145.9702911376953,19.846832275390625,84.43144226074219
690,7,777.3208618164062,249.44476318359375,60.99664306640625,170.48080444335938
690,3,391.68621826171875,213.29148864746094,51.40069580078125,146.1121063232422
690,4,449.6398620605469,201.04563903808594,57.17486572265625,146.89405822753906
690,5,364.8323669433594,146.4225311279297,19.966278076171875,83.19757080078125
691,7,768.9898071289062,248.6927947998047,66.85394287109375,170.5859832763672
691,3,389.5699157714844,212.0638427734375,48.8822021484375,141.97396850585938
691,4,443.88995361328125,203.094970703125,60.704559326171875,144.84011840820312
691,5,364.17669677734375,147.39712524414062,20.507568359375,83.63395690917969
692,7,763.2169799804688,249.34417724609375,71.3397216796875,169.17938232421875
692,3,388.9562072753906,211.4373016357422,46.79119873046875,142.29237365722656
692,5,363.4668273925781,147.46572875976562,21.56427001953125,84.22247314453125
692,4,440.98040771484375,203.36370849609375,60.65765380859375,144.43194580078125
693,7,757.6773071289062,249.199951171875,74.0452880859375,168.01852416992188
693,3,386.89300537109375,210.9881134033203,47.307952880859375,140.7118682861328
693,4,439.21917724609375,200.06239318847656,60.012481689453125,147.28916931152344
693,5,362.8635559082031,147.77207946777344,21.866790771484375,83.33346557617188
694,7,754.2652587890625,249.71058654785156,75.990966796875,166.47190856933594
694,3,385.3689270019531,210.78822326660156,46.4677734375,140.2771759033203
694,4,439.1830139160156,191.62937927246094,57.920928955078125,154.16627502441406
694,5,361.766357421875,148.05442810058594,23.75140380859375,83.64176940917969
695,7,752.68798828125,249.32899475097656,75.18817138671875,167.0194549560547
695,3,383.6690673828125,210.9674835205078,45.995086669921875,140.2232208251953
695,4,439.63134765625,201.06434631347656,55.069122314453125,142.48301696777344
695,5,360.3154602050781,148.2083282470703,25.4075927734375,83.2137451171875
696,7,751.4595336914062,249.288330078125,73.699462890625,166.98654174804688
696,3,379.0232849121094,211.1639862060547,48.429656982421875,140.5522918701172
696,4,439.645263671875,195.84202575683594,53.337554931640625,146.5331573486328
696,5,358.1473388671875,148.3109588623047,27.390655517578125,85.0430908203125
697,7,750.9539184570312,249.02207946777344,72.10858154296875,167.00233459472656
697,3,376.2978515625,210.19955444335938,49.078033447265625,141.517333984375
697,4,438.71783447265625,196.07215881347656,50.71722412109375,143.7328338623047
697,5,356.6182556152344,147.9444580078125,27.571258544921875,84.48051452636719
698,7,751.0377197265625,249.15802001953125,71.0357666015625,167.03152465820312
698,3,375.4813232421875,210.08338928222656,48.902435302734375,140.5809783935547
698,4,437.32684326171875,198.0855255126953,46.0140380859375,138.1039581298828
698,5,355.7461242675781,147.7061309814453,27.69140625,84.80091857910156
699,7,750.7550048828125,249.38961791992188,69.285888671875,166.9046630859375
699,3,374.74774169921875,210.26058959960938,48.9927978515625,138.88409423828125
699,4,434.430908203125,195.8092041015625,45.22503662109375,139.70391845703125
699,5,354.9225158691406,148.02178955078125,27.549774169921875,85.48143005371094
700,7,750.6490478515625,249.12551879882812,67.6280517578125,167.14971923828125
700,3,373.6279296875,210.59060668945312,48.01177978515625,136.09185791015625
700,4,433.2041015625,195.84939575195312,43.89227294921875,138.96221923828125
700,5,354.0305480957031,147.39869689941406,28.004150390625,85.19419860839844
701,7,750.3194580078125,248.8804931640625,66.0535888671875,166.9927978515625
701,3,372.64154052734375,209.25755310058594,48.25433349609375,136.1671905517578
701,4,431.45745849609375,195.72010803222656,44.882904052734375,138.76356506347656
701,5,354.16290283203125,147.64796447753906,28.379608154296875,84.68998718261719
702,7,750.4602661132812,248.92864990234375,64.189208984375,166.59567260742188
702,3,370.9759826660156,209.91558837890625,46.309478759765625,133.45681762695312
702,5,353.6256408691406,147.361083984375,28.836151123046875,85.015869140625
702,4,429.73974609375,198.43971252441406,47.43170166015625,136.10023498535156
703,7,750.1879272460938,249.28167724609375,63.3551025390625,166.25027465820312
703,4,428.1486511230469,195.28102111816406,50.04791259765625,139.38328552246094
703,3,369.438232421875,206.46145629882812,45.486114501953125,133.17434692382812
703,5,353.1396484375,146.2139434814453,30.29302978515625,86.93754577636719
704,7,750.425048828125,250.04376220703125,61.75537109375,165.8333740234375
704,4,425.7256774902344,193.52078247070312,52.351898193359375,141.15737915039062
704,3,367.10009765625,204.30426025390625,44.87188720703125,133.7633056640625
704,5,353.1263122558594,147.61441040039062,30.720123291015625,82.83578491210938
705,4,422.12646484375,193.24252319335938,52.94757080078125,140.91342163085938
705,7,749.8382568359375,249.9040985107422,58.513671875,166.68089294433594
705,3,364.1854248046875,203.67283630371094,45.7764892578125,133.1564483642578
705,5,352.680908203125,148.50962829589844,29.95391845703125,83.38383483886719
705,8,0.04951835796236992,138.51129150390625,10.89347766712308,51.01719665527344
706,4,420.4375305175781,192.68240356445312,52.931915283203125,141.95172119140625
706,7,750.187255859375,250.13345336914062,56.83154296875,166.27377319335938
706,3,362.2214660644531,203.9144744873047,46.067596435546875,132.01429748535156
706,5,352.6776123046875,149.29132080078125,29.86199951171875,83.08358764648438
706,8,0.0,138.46044921875,10.850310325622559,51.127899169921875
707,7,750.2396850585938,249.39617919921875,54.20318603515625,167.11465454101562
707,4,418.9837951660156,192.33470153808594,51.019683837890625,141.44895935058594
707,3,360.3981018066406,201.86805725097656,47.48974609375,134.4905548095703
707,5,352.69891357421875,149.0646514892578,28.525970458984375,81.7100830078125
707,8,0.0,138.6543731689453,10.761506080627441,50.22979736328125
708,7,750.2882690429688,248.91217041015625,52.04461669921875,167.07354736328125
708,4,417.1434631347656,192.0947723388672,48.691314697265625,140.18089294433594
708,3,358.83343505859375,201.236328125,48.505523681640625,135.284912109375
708,8,0.020709021016955376,138.9372100830078,11.590090768411756,49.90214538574219
708,5,352.7298889160156,149.1310577392578,27.088958740234375,82.613525390625
708,9,53.79584884643555,131.04476928710938,14.73764419555664,55.38697814941406
709,4,415.57196044921875,192.0100860595703,47.039520263671875,139.9416046142578
709,7,749.4132690429688,248.8986358642578,51.97412109375,167.38063049316406
709,3,358.1271667480469,202.3415985107422,48.582733154296875,133.82972717285156
709,5,352.5101318359375,150.08807373046875,26.676605224609375,81.89328002929688
709,8,0.04342574253678322,138.8202362060547,12.339770134538412,50.015289306640625
709,9,53.614463806152344,131.243896484375,15.575820922851562,55.53431701660156
710,4,412.852294921875,191.49853515625,43.872039794921875,139.27609252929688
710,7,742.1051025390625,248.93455505371094,58.7801513671875,167.00990295410156
710,3,358.2040100097656,201.887451171875,47.70574951171875,134.03311157226562
710,5,351.8963623046875,150.39834594726562,26.8140869140625,82.17547607421875
710,8,0.0,139.02818298339844,14.444559097290039,50.834686279296875
710,9,53.858680725097656,130.6749267578125,16.959144592285156,57.20579528808594
711,4,411.39190673828125,189.88131713867188,41.251708984375,137.39373779296875
711,7,734.189697265625,248.4163360595703,65.15411376953125,167.7941436767578
711,3,358.1838684082031,201.57069396972656,46.4669189453125,133.61231994628906
711,5,351.9107666015625,150.65591430664062,26.584197998046875,82.83003234863281
711,8,0.0,139.464111328125,15.708720207214355,50.77928161621094
712,4,410.5672607421875,189.27764892578125,40.678314208984375,136.96942138671875
712,7,728.638916015625,248.27114868164062,69.7711181640625,167.74404907226562
712,3,358.5551452636719,200.66493225097656,45.80657958984375,132.4105987548828
712,8,0.04060233384370804,138.99847412109375,16.8642705604434,50.723358154296875
712,5,351.85919189453125,150.36172485351562,26.108001708984375,83.05183410644531
712,9,54.22731018066406,129.5669708251953,17.378822326660156,57.78736877441406
713,4,407.9117431640625,188.17689514160156,42.150177001953125,135.15843200683594
713,7,723.9495849609375,248.47390747070312,73.3553466796875,167.78237915039062
713,3,359.2243347167969,199.30694580078125,44.5582275390625,131.21981811523438
713,8,0.04736141860485077,138.95428466796875,17.697887375950813,50.510894775390625
713,5,351.6274108886719,149.95864868164062,25.484100341796875,82.07293701171875
713,9,54.250030517578125,130.56427001953125,16.708641052246094,56.414886474609375
714,7,719.3626098632812,248.29937744140625,75.885009765625,168.22891235351562
714,4,407.0764465332031,187.44189453125,42.402618408203125,135.13912963867188
714,8,0.07871545851230621,139.67007446289062,19.030878886580467,49.54594421386719
714,3,359.2664794921875,199.4193878173828,43.1915283203125,129.30543518066406
714,5,351.5233459472656,150.17376708984375,24.78472900390625,81.90385437011719
715,7,717.3605346679688,247.8418731689453,75.9893798828125,168.38841247558594
715,4,405.68585205078125,187.38218688964844,42.88531494140625,134.05491638183594
715,8,0.022662509232759476,138.8402862548828,19.41874374076724,50.87419128417969
715,3,358.9428405761719,198.63758850097656,43.0032958984375,125.63911437988281
715,5,351.3489685058594,149.95835876464844,24.8521728515625,82.34495544433594
715,9,55.2318229675293,132.3199005126953,17.109569549560547,54.12339782714844
716,7,715.229248046875,247.45057678222656,76.2391357421875,168.7256317138672
716,8,0.01815921813249588,138.1097412109375,18.408077888190746,52.36018371582031
716,4,403.5811767578125,187.54759216308594,43.27838134765625,134.08653259277344
716,3,358.5213623046875,198.164306640625,43.550384521484375,122.45516967773438
716,5,351.2828369140625,149.63975524902344,24.447906494140625,82.139892578125
717,7,714.581298828125,247.07803344726562,75.29052734375,169.046875
717,4,401.5781555175781,186.5362548828125,43.329986572265625,135.51480102539062
717,3,358.42950439453125,197.47596740722656,43.263031005859375,122.48365783691406
717,8,0.07233201712369919,136.5614471435547,18.577219374477863,54.1917724609375
717,5,351.15655517578125,149.8777313232422,25.025146484375,80.8917236328125
717,9,56.88534164428711,132.37271118164062,16.471126556396484,53.33990478515625
718,7,713.7963256835938,246.86514282226562,76.1864013671875,169.6759033203125
718,4,400.0370178222656,187.61866760253906,44.2088623046875,134.49220275878906
718,3,357.8377380371094,195.885498046875,43.585968017578125,122.89019775390625
718,8,0.07299593836069107,135.3028106689453,19.150947771966457,55.45318603515625
718,5,350.8251037597656,149.69764709472656,24.965576171875,82.51313781738281
719,7,713.4560546875,246.68951416015625,73.01165771484375,169.9862060546875
719,8,0.11376472562551498,135.21202087402344,19.27001480013132,55.67193603515625
719,4,399.6332702636719,188.55760192871094,44.280609130859375,133.1625213623047
719,3,357.91748046875,196.4154815673828,43.10736083984375,122.10340881347656
719,5,350.8684997558594,148.45838928222656,25.0877685546875,87.39065551757812
720,7,713.1494140625,246.8091583251953,69.1593017578125,169.96119689941406
720,8,0.21483592689037323,134.9353790283203,19.47052402794361,55.80509948730469
720,4,399.82513427734375,188.2781524658203,40.365997314453125,133.7420196533203
720,3,357.6548767089844,195.56126403808594,43.1402587890625,121.43629455566406
720,5,350.1524353027344,149.3283233642578,25.05194091796875,79.95547485351562
721,7,712.7688598632812,245.87030029296875,68.55865478515625,171.11514282226562
721,8,0.20436884462833405,134.49346923828125,19.467166647315025,56.15168762207031
721,4,400.0448303222656,189.69337463378906,38.271484375,131.5420684814453
721,3,357.52740478515625,194.8866424560547,42.578094482421875,123.96858215332031
721,5,350.29388427734375,150.06690979003906,25.071746826171875,76.92385864257812
722,7,712.472900390625,245.10691833496094,68.2169189453125,171.8566131591797
722,8,0.8145888447761536,134.0883026123047,18.821227729320526,56.462677001953125
722,4,399.24981689453125,188.9867706298828,37.65997314453125,130.5108184814453
722,3,356.95489501953125,194.5172576904297,43.177398681640625,124.14457702636719
722,5,349.4769287109375,150.05508422851562,25.72906494140625,78.02822875976562
723,7,712.1101684570312,244.37245178222656,67.59893798828125,172.4302520751953
723,8,1.382779836654663,134.1559295654297,18.631780862808228,56.3458251953125
723,4,398.77703857421875,187.3758087158203,36.4591064453125,130.73387145996094
723,3,356.50811767578125,193.43338012695312,43.354522705078125,124.30227661132812
723,5,349.92901611328125,150.26718139648438,25.50189208984375,78.03544616699219
724,7,712.0106201171875,243.670654296875,65.85150146484375,172.76669311523438
724,8,1.4746218919754028,133.99427795410156,19.179720759391785,57.01472473144531
724,4,398.0890197753906,186.0308837890625,36.68792724609375,128.5616455078125
724,3,356.7663879394531,193.7539825439453,42.2012939453125,122.29142761230469
724,5,350.34625244140625,150.52699279785156,25.1947021484375,77.50447082519531
