0,1,168.48092651367188,156.7379913330078,38.3741455078125,113.83146667480469
0,2,468.94366455078125,225.9005889892578,43.08648681640625,134.3987579345703
0,3,364.1153259277344,151.60665893554688,17.79986572265625,74.36630249023438
0,4,496.6790771484375,206.97557067871094,35.99481201171875,134.3626251220703
1,2,466.1803283691406,222.99099731445312,40.512054443359375,133.17767333984375
1,1,167.0297393798828,157.13455200195312,37.84004211425781,112.89413452148438
1,4,494.3105773925781,206.2751922607422,32.505462646484375,136.14598083496094
1,3,362.6609802246094,151.49530029296875,18.444183349609375,75.74855041503906
2,1,163.3123779296875,157.32838439941406,44.774932861328125,113.09663391113281
2,2,463.1911926269531,221.88925170898438,39.968780517578125,133.92001342773438
2,4,489.25628662109375,205.92762756347656,30.1383056640625,131.48008728027344
2,3,362.03436279296875,151.31480407714844,19.21160888671875,76.55906677246094
3,1,161.57342529296875,157.3289031982422,47.202178955078125,112.96049499511719
3,2,460.74102783203125,219.34950256347656,38.94580078125,137.9163055419922
3,3,359.5942077636719,151.17750549316406,20.851837158203125,76.05926513671875
3,4,487.5226135253906,206.78292846679688,28.518707275390625,133.00241088867188
4,1,158.92123413085938,158.49269104003906,50.03062438964844,111.68305969238281
4,2,448.21966552734375,220.52273559570312,46.58795166015625,133.80136108398438
4,3,351.7025146484375,150.662353515625,28.041229248046875,78.79791259765625
4,4,484.18255615234375,205.27928161621094,31.23541259765625,135.52903747558594
5,1,157.2635955810547,158.29896545410156,51.24798583984375,111.57536315917969
5,2,438.3718566894531,219.28009033203125,54.076904296875,135.761474609375
5,3,349.77606201171875,150.82379150390625,29.54437255859375,79.44242858886719
5,4,480.7857360839844,205.02572631835938,33.097076416015625,134.21893310546875
6,1,156.3618621826172,159.00791931152344,51.36595153808594,111.08592224121094
6,2,432.00213623046875,220.58811950683594,57.668243408203125,134.0631561279297
6,3,348.1018371582031,151.4252471923828,29.5311279296875,78.97389221191406
6,4,478.1283264160156,206.4217529296875,34.515472412109375,133.77413940429688
7,1,155.51998901367188,158.5774383544922,51.8681640625,110.38645935058594
7,2,428.69061279296875,220.80726623535156,59.081939697265625,133.0550994873047
7,3,347.818603515625,152.20614624023438,28.807830810546875,78.54290771484375
7,4,475.39642333984375,206.1615753173828,40.647216796875,133.1499481201172
8,1,153.49569702148438,159.46270751953125,51.32098388671875,108.001220703125
8,2,427.1858215332031,220.83311462402344,59.90093994140625,132.32643127441406
8,4,474.24554443359375,205.44313049316406,34.891571044921875,134.47618103027344
8,3,347.87725830078125,151.94937133789062,26.674468994140625,79.54190063476562
9,1,152.1462860107422,158.59423828125,50.331695556640625,107.56509399414062
9,2,426.4399108886719,218.7149658203125,61.27227783203125,134.37615966796875
9,3,347.8759765625,152.8782501220703,25.663299560546875,78.68522644042969
9,4,470.07684326171875,203.7387237548828,40.9609375,135.19444274902344
10,1,151.14447021484375,157.9817657470703,46.58274841308594,106.67243957519531
10,2,426.3983154296875,217.26461791992188,60.287841796875,134.66436767578125
10,3,348.51568603515625,153.22659301757812,24.9603271484375,77.71076965332031
10,4,467.22412109375,203.79193115234375,42.554534912109375,135.3642578125
11,1,150.4657745361328,156.92620849609375,42.92066955566406,105.18728637695312
11,2,426.2964782714844,217.08078002929688,57.655120849609375,133.21844482421875
11,3,348.8296813964844,153.0155792236328,23.296875,77.7794189453125
11,4,464.6330261230469,204.33999633789062,39.270538330078125,131.9659423828125
12,1,149.39859008789062,156.11557006835938,36.43980407714844,105.13870239257812
12,2,425.9101867675781,215.15245056152344,51.01373291015625,133.89784240722656
12,3,347.8270568847656,153.26568603515625,26.4752197265625,77.53108215332031
12,4,460.5726013183594,205.1846466064453,35.889892578125,133.9527130126953
12,5,371.7049560546875,154.43258666992188,15.36712646484375,64.84034729003906
13,2,426.9078369140625,214.653564453125,46.809173583984375,132.61102294921875
13,1,147.6399383544922,155.32359313964844,32.45732116699219,106.13777160644531
13,4,457.31793212890625,201.2848663330078,36.10858154296875,132.55848693847656
13,3,347.32891845703125,153.330322265625,24.109375,76.82644653320312
13,5,371.0304260253906,153.4727325439453,15.805999755859375,69.69004821777344
14,2,426.0874938964844,212.61753845214844,40.078155517578125,132.96360778808594
14,1,146.3891143798828,154.70640563964844,32.96795654296875,106.64909362792969
14,4,454.7865905761719,198.1369171142578,35.652099609375,133.64768981933594
14,3,347.7388000488281,153.9458770751953,21.374053955078125,77.09341430664062
14,5,369.6850891113281,153.15260314941406,16.860809326171875,71.81439208984375
15,1,144.696533203125,154.98043823242188,33.02388000488281,105.79095458984375
15,2,423.7863464355469,211.41917419433594,40.941497802734375,133.5170440673828
15,4,453.3173522949219,199.7510528564453,35.4119873046875,129.5805206298828
15,3,348.280517578125,154.1641845703125,19.90740966796875,77.94163513183594
15,5,369.1588439941406,153.1535186767578,17.22064208984375,74.32289123535156
16,1,143.93997192382812,155.42074584960938,32.249542236328125,105.24169921875
16,2,421.7244873046875,212.193359375,42.4324951171875,133.458984375
16,4,450.29071044921875,197.23934936523438,37.479156494140625,131.55569458007812
16,5,368.7940979003906,153.83982849121094,16.930267333984375,77.94993591308594
16,3,347.07403564453125,153.4735565185547,20.513397216796875,78.6661376953125
17,1,140.9356689453125,155.0786590576172,34.28022766113281,105.35823059082031
17,2,419.0749206542969,211.998046875,42.41363525390625,133.3699951171875
17,4,444.1278991699219,196.6887664794922,40.22967529296875,132.2480010986328
17,5,368.62066650390625,153.57272338867188,16.776397705078125,80.52462768554688
17,3,347.4156188964844,154.1217498779297,19.91448974609375,78.09080505371094
18,2,416.94952392578125,212.706298828125,42.2225341796875,133.12753295898438
18,1,136.41363525390625,155.60195922851562,38.06477355957031,104.77886962890625
18,4,447.23541259765625,201.10150146484375,35.24920654296875,127.91775512695312
18,3,347.157470703125,153.9398651123047,20.802764892578125,80.80952453613281
18,5,368.19384765625,153.5802001953125,17.717864990234375,79.920654296875
18,6,320.1231384277344,137.8085174560547,20.367950439453125,86.89663696289062
19,1,134.76486206054688,156.214111328125,39.428466796875,104.32296752929688
19,2,415.3678894042969,209.8973846435547,42.78582763671875,136.8258819580078
19,5,366.4068603515625,154.88980102539062,19.034820556640625,78.80781555175781
19,4,446.1575622558594,200.2974090576172,34.28485107421875,129.64903259277344
19,3,346.6319274902344,154.14610290527344,21.5928955078125,82.71896362304688
19,6,319.64501953125,137.1597900390625,20.769134521484375,85.21560668945312
20,1,132.6665802001953,156.34117126464844,41.44728088378906,104.23231506347656
20,2,412.3077087402344,210.73818969726562,42.473541259765625,135.48074340820312
20,4,445.3774108886719,202.3694610595703,32.580078125,126.75578308105469
20,3,345.1862487792969,154.59576416015625,22.744293212890625,81.74278259277344
20,5,365.9223327636719,154.25941467285156,19.446380615234375,79.82159423828125
20,6,319.9316711425781,138.08319091796875,19.9560546875,82.72549438476562
21,1,132.0723114013672,156.33145141601562,41.64210510253906,103.3265380859375
21,2,410.4424743652344,210.87008666992188,43.790740966796875,135.22674560546875
21,4,440.4249572753906,200.3556671142578,36.352264404296875,127.97154235839844
21,3,343.3629455566406,155.30630493164062,23.461029052734375,82.22198486328125
21,5,365.7937927246094,156.25315856933594,19.6605224609375,78.24992370605469
21,6,319.9877624511719,137.73963928222656,19.61553955078125,80.34695434570312
22,2,409.1436462402344,209.47100830078125,43.6102294921875,136.08364868164062
22,1,131.53562927246094,155.47381591796875,42.20606994628906,103.27188110351562
22,4,436.9703674316406,199.63011169433594,37.754150390625,128.7667694091797
22,5,365.29241943359375,156.2771759033203,19.89532470703125,79.30288696289062
22,3,344.40545654296875,155.76637268066406,22.464691162109375,82.29364013671875
23,2,407.64813232421875,208.15847778320312,44.323394775390625,136.8883056640625
23,1,130.1139678955078,155.47982788085938,41.726318359375,101.85501098632812
23,4,434.6586608886719,197.34530639648438,39.382537841796875,130.2353515625
23,5,363.4044189453125,156.79315185546875,21.909149169921875,79.18830871582031
23,3,344.3095397949219,155.63418579101562,22.137725830078125,82.25140380859375
24,1,129.23960876464844,154.3419952392578,39.53230285644531,102.24107360839844
24,2,406.2516174316406,207.77923583984375,43.363861083984375,135.605224609375
24,4,433.3204345703125,196.00074768066406,38.248809814453125,130.46363830566406
24,5,362.45867919921875,156.2195281982422,22.539703369140625,81.07565307617188
24,3,343.87908935546875,155.27880859375,20.667816162109375,84.46406555175781
25,1,126.68528747558594,153.18177795410156,39.0216064453125,102.56350708007812
25,2,403.9035949707031,208.067626953125,43.310394287109375,124.5113525390625
25,4,432.3006591796875,197.47451782226562,34.74896240234375,127.11654663085938
25,5,361.1870422363281,156.4816131591797,23.800537109375,81.25917053222656
26,1,126.4262924194336,151.90679931640625,35.886085510253906,102.69606018066406
26,2,402.0721740722656,207.51211547851562,43.015350341796875,120.74114990234375
26,4,430.423828125,192.46107482910156,32.438140869140625,130.6352081298828
26,5,361.22650146484375,157.5211639404297,23.853271484375,80.78565979003906
27,1,124.8587417602539,152.31134033203125,34.04259490966797,101.98135375976562
27,2,400.58642578125,205.8507843017578,43.125244140625,122.44252014160156
27,4,427.43157958984375,196.16976928710938,32.361297607421875,125.39358520507812
27,5,360.70428466796875,157.66041564941406,24.67828369140625,80.04971313476562
28,1,120.67863464355469,152.50424194335938,39.769195556640625,102.25520324707031
28,2,397.8171691894531,204.90077209472656,39.645965576171875,123.17854309082031
28,4,424.7718811035156,195.75669860839844,31.004364013671875,126.53392028808594
28,5,361.46356201171875,157.1422882080078,24.347900390625,83.10884094238281
29,1,119.93365478515625,152.7947998046875,41.91374206542969,101.69841003417969
29,2,396.21807861328125,203.4042205810547,39.4600830078125,126.38813781738281
29,5,362.3454284667969,157.1968994140625,23.303314208984375,82.46536254882812
29,4,423.9184265136719,193.9171600341797,31.630859375,127.16322326660156
30,1,118.93859100341797,152.29519653320312,42.84497833251953,102.54469299316406
30,2,392.5274963378906,203.7092742919922,41.0975341796875,128.55958557128906
30,4,423.493408203125,195.50277709960938,33.285247802734375,125.67236328125
30,5,361.90985107421875,158.83526611328125,23.410491943359375,81.35302734375
31,1,118.21939086914062,153.58816528320312,44.22917175292969,100.84721374511719
31,2,388.04327392578125,203.06552124023438,44.660858154296875,128.05923461914062
31,4,421.7235107421875,194.46368408203125,36.18304443359375,126.50613403320312
31,5,361.7831726074219,159.0760955810547,23.651458740234375,80.487060546875
32,1,117.76313018798828,153.3441162109375,42.330726623535156,101.08958435058594
32,2,386.01885986328125,203.4423370361328,43.082366943359375,127.76725769042969
32,4,421.30120849609375,193.92076110839844,36.767974853515625,126.55982971191406
32,5,363.03662109375,160.11729431152344,22.092193603515625,79.71688842773438
33,1,116.75093841552734,153.49160766601562,42.403968811035156,100.22116088867188
33,2,385.4366149902344,201.54725646972656,41.97589111328125,128.5327606201172
33,4,419.9131774902344,193.38150024414062,38.618377685546875,127.2518310546875
33,5,362.6802062988281,158.9610595703125,23.107452392578125,81.13313293457031
34,1,114.87673950195312,153.97610473632812,45.803314208984375,98.39344787597656
34,2,384.69647216796875,200.5159454345703,40.20721435546875,129.6427764892578
34,4,417.9346923828125,192.9963836669922,39.8753662109375,126.98121643066406
34,5,363.4165344238281,158.43447875976562,22.4693603515625,81.62754821777344
35,1,113.81979370117188,153.7838592529297,44.285797119140625,97.89979553222656
35,2,383.7750549316406,201.86622619628906,40.18182373046875,124.72389221191406
35,4,416.6779479980469,191.6094970703125,40.0133056640625,127.95016479492188
35,5,363.90606689453125,158.85580444335938,22.02899169921875,83.97021484375
36,1,113.91170501708984,153.54641723632812,42.218162536621094,96.70353698730469
36,2,381.8594665527344,201.09837341308594,41.32086181640625,126.08396911621094
36,4,415.3576965332031,191.4887237548828,39.34124755859375,127.67231750488281
36,5,364.7120361328125,159.74392700195312,20.66448974609375,81.853515625
37,1,113.25405883789062,150.90426635742188,35.47575378417969,97.96612548828125
37,2,379.7249755859375,200.3859100341797,41.093109130859375,124.56825256347656
37,4,413.7884521484375,190.88279724121094,39.371978759765625,125.02299499511719
37,5,365.0756530761719,159.3924560546875,20.36871337890625,83.50514221191406
38,1,110.98136138916016,150.4093475341797,34.92780303955078,97.0936279296875
38,2,378.5704040527344,200.59361267089844,40.3714599609375,121.50703430175781
38,4,412.7789611816406,190.20602416992188,40.27886962890625,120.63449096679688
38,5,365.15814208984375,159.2423095703125,20.79754638671875,86.5814208984375
39,1,106.77556610107422,149.06631469726562,36.508277893066406,98.02217102050781
39,2,376.790771484375,199.72576904296875,40.949676513671875,121.2608642578125
39,4,413.0699768066406,189.66778564453125,37.618896484375,120.99435424804688
39,5,365.06732177734375,159.15272521972656,21.138702392578125,89.74977111816406
40,2,375.7516784667969,198.05206298828125,41.532470703125,122.44149780273438
40,1,104.59454345703125,148.93475341796875,37.3397216796875,97.55169677734375
40,4,412.0700988769531,188.2692413330078,37.878448486328125,118.23347473144531
40,3,339.91204833984375,157.5942840576172,20.2550048828125,84.20138549804688
40,5,365.1604919433594,158.97775268554688,21.222381591796875,89.15498352050781
41,1,105.62171936035156,149.2729034423828,35.762603759765625,96.37123107910156
41,2,374.6841125488281,196.7776641845703,45.1014404296875,123.48793029785156
41,4,410.93768310546875,189.44947814941406,38.376953125,118.08338928222656
41,3,339.7408447265625,157.4407196044922,22.039337158203125,93.28900146484375
41,5,366.17529296875,158.35459899902344,20.6239013671875,77.78256225585938
42,1,106.34719848632812,149.11485290527344,34.12672424316406,96.1156005859375
42,2,373.5961608886719,196.55865478515625,46.741485595703125,123.25869750976562
42,4,410.3302917480469,188.8134002685547,38.8055419921875,118.10002136230469
42,5,366.9122619628906,158.17532348632812,19.5279541015625,66.287109375
42,3,339.36767578125,157.9084930419922,21.8807373046875,90.38218688964844
43,1,105.42415618896484,149.98117065429688,34.222267150878906,95.57707214355469
43,2,373.01910400390625,197.0936737060547,47.342803955078125,121.35697937011719
43,3,339.53192138671875,158.11044311523438,22.353240966796875,88.67265319824219
43,4,409.583251953125,188.57952880859375,38.094573974609375,118.60931396484375
43,5,367.90380859375,158.65406799316406,18.35345458984375,65.18794250488281
44,1,104.76110076904297,149.98036193847656,34.093666076660156,95.32084655761719
44,2,372.0066223144531,196.97799682617188,48.409271240234375,121.80123901367188
44,3,339.42034912109375,158.12738037109375,22.901611328125,88.68771362304688
44,4,409.2812194824219,188.7288818359375,38.131256103515625,118.98587036132812
44,5,368.0013427734375,158.3780517578125,18.12359619140625,65.78402709960938
45,1,103.33618927001953,150.22756958007812,35.33287811279297,95.16847229003906
45,2,371.5031433105469,197.5143585205078,50.376007080078125,121.14811706542969
45,4,408.3095703125,188.1387939453125,39.141082763671875,120.01193237304688
45,3,339.1656494140625,158.11195373535156,23.9453125,89.32225036621094
45,5,368.36846923828125,158.35398864746094,17.834686279296875,65.85057067871094
46,1,103.24502563476562,150.50050354003906,34.945068359375,94.62788391113281
46,2,371.00128173828125,196.6041717529297,51.528717041015625,123.63694763183594
46,4,407.5097351074219,188.6949920654297,39.149200439453125,118.92835998535156
46,3,339.04315185546875,158.09278869628906,24.627288818359375,90.20053100585938
47,1,102.3143310546875,151.21568298339844,35.73902893066406,92.69583129882812
47,2,370.90264892578125,197.2252960205078,47.585418701171875,121.91206359863281
47,4,406.9549865722656,188.3258819580078,39.158935546875,120.13258361816406
47,3,339.8263244628906,159.35787963867188,25.320220947265625,88.75497436523438
47,5,368.44915771484375,159.77490234375,17.67950439453125,65.75605773925781
48,2,371.3943176269531,197.0986328125,43.67791748046875,121.193603515625
48,1,101.78761291503906,151.47885131835938,35.588470458984375,91.61296081542969
48,4,406.7436218261719,188.66189575195312,38.3843994140625,118.15875244140625
49,2,371.0166015625,196.37295532226562,42.6932373046875,120.26150512695312
49,1,99.94367980957031,150.2384490966797,37.00495910644531,92.69886779785156
49,4,407.0682373046875,188.4923553466797,37.1817626953125,117.54695129394531
49,3,348.36767578125,177.88043212890625,17.400726318359375,73.13066101074219
50,2,371.4758605957031,195.26707458496094,42.534149169921875,120.26313781738281
50,1,99.27226257324219,149.3844451904297,36.19007873535156,91.97624206542969
50,4,407.15985107421875,187.58242797851562,36.15582275390625,117.06399536132812
51,2,371.6260681152344,194.3299560546875,40.88031005859375,115.19558715820312
51,1,97.47972106933594,148.78282165527344,36.98870849609375,92.02517700195312
51,4,406.9159240722656,187.45748901367188,36.28857421875,115.8662109375
52,2,371.20068359375,192.65411376953125,40.0084228515625,114.3399658203125
52,1,95.85420227050781,146.19610595703125,31.345062255859375,93.11749267578125
52,4,406.8835754394531,186.80551147460938,37.95452880859375,110.57757568359375
52,3,349.27349853515625,181.63465881347656,20.53753662109375,71.30580139160156
53,2,370.9136657714844,191.71578979492188,39.303192138671875,115.40521240234375
53,1,94.48152923583984,145.87872314453125,28.553062438964844,93.67973327636719
53,4,407.3880615234375,186.44818115234375,38.60430908203125,110.06967163085938
53,3,348.424560546875,179.9010009765625,21.34295654296875,72.86482238769531
54,2,370.44720458984375,191.39678955078125,40.354949951171875,112.93890380859375
54,1,92.99089050292969,145.5853271484375,33.51074981689453,94.17485046386719
54,4,408.1463623046875,184.07789611816406,38.14019775390625,111.79386901855469
54,3,349.06988525390625,181.72235107421875,21.509979248046875,70.24238586425781
55,2,369.3787536621094,190.93777465820312,42.418792724609375,112.92080688476562
55,1,91.88327026367188,146.89808654785156,34.05854034423828,92.62739562988281
55,4,408.36181640625,184.68971252441406,38.471343994140625,110.90013122558594
55,3,349.79150390625,180.7930145263672,21.995513916015625,71.55841064453125
56,1,90.7138671875,147.05126953125,38.8624267578125,92.87321472167969
56,2,367.2548828125,190.6352081298828,44.122802734375,113.43272399902344
56,4,408.87127685546875,183.7568359375,38.247802734375,111.5869140625
56,3,349.9289855957031,183.02468872070312,21.3321533203125,71.65029907226562
57,1,89.04994201660156,147.55230712890625,40.209991455078125,92.22611999511719
57,2,367.3727111816406,190.9575653076172,43.8983154296875,113.01872253417969
57,4,409.8910827636719,184.8585968017578,37.990509033203125,110.63401794433594
57,3,348.98809814453125,180.08712768554688,23.259552001953125,76.59609985351562
58,2,366.6566162109375,190.02536010742188,44.36151123046875,113.9677734375
58,1,88.7646484375,147.29200744628906,37.9215087890625,91.79835510253906
58,4,410.7667236328125,186.09046936035156,38.618133544921875,109.06483459472656
58,3,347.8341979980469,179.9098663330078,24.76904296875,77.87336730957031
59,2,366.2156066894531,189.6251678466797,44.34075927734375,114.17573547363281
59,1,88.21977233886719,149.0027618408203,36.951438903808594,90.90951538085938
59,4,411.0123291015625,185.534912109375,39.557159423828125,109.85867309570312
59,3,346.565185546875,180.14202880859375,27.278350830078125,77.61990356445312
60,2,366.33154296875,189.7538299560547,45.040069580078125,113.81849670410156
60,1,88.33924102783203,149.2931365966797,34.96837615966797,89.64590454101562
60,4,412.09027099609375,184.60372924804688,39.253570556640625,109.11163330078125
60,3,347.68621826171875,179.84561157226562,27.154998779296875,78.58282470703125
61,2,366.69842529296875,189.71229553222656,44.607208251953125,113.12538146972656
61,1,88.03612518310547,149.43045043945312,33.90892028808594,88.90162658691406
61,4,412.1964111328125,184.57318115234375,40.475372314453125,109.49319458007812
61,3,345.9527893066406,180.6355743408203,30.042236328125,78.88737487792969
62,2,367.0145568847656,188.96006774902344,43.513885498046875,112.97953796386719
62,1,87.0274658203125,148.02613830566406,34.91712951660156,89.30082702636719
62,4,413.005126953125,184.6718292236328,40.795867919921875,109.55043029785156
62,3,346.12469482421875,180.37486267089844,30.89776611328125,79.34956359863281
63,2,368.0862731933594,188.7225799560547,42.27288818359375,111.90910339355469
63,1,86.1068344116211,147.53466796875,32.065879821777344,88.62432861328125
63,4,413.57574462890625,183.17918395996094,40.519866943359375,109.34550476074219
63,3,348.7105407714844,181.0103759765625,28.805389404296875,78.46945190429688
64,1,84.67509460449219,146.42523193359375,30.475852966308594,88.80490112304688
64,2,368.4493713378906,187.92620849609375,41.9619140625,111.56234741210938
64,4,414.63128662109375,183.70437622070312,39.684722900390625,107.94369506835938
64,3,348.9637756347656,181.20895385742188,28.838531494140625,79.07131958007812
65,2,367.5687561035156,187.19775390625,43.5267333984375,109.602294921875
65,1,83.47722625732422,145.36251831054688,29.469879150390625,89.22564697265625
65,4,416.2718811035156,183.28810119628906,38.238677978515625,105.35533142089844
65,3,351.2171630859375,181.800048828125,25.808502197265625,77.544677734375
66,2,369.545654296875,186.97023010253906,41.654266357421875,108.79682922363281
66,1,82.40083312988281,145.04931640625,29.80243682861328,88.94735717773438
66,4,420.23968505859375,183.42601013183594,34.142578125,104.31132507324219
66,3,350.4771423339844,180.50547790527344,26.97808837890625,79.17405700683594
67,2,370.4869689941406,185.6269073486328,41.35931396484375,108.15428161621094
67,1,81.55680847167969,144.9508819580078,29.31902313232422,88.64970397949219
67,4,421.6466064453125,182.77517700195312,33.29693603515625,105.01358032226562
68,2,371.5458068847656,184.45262145996094,40.525177001953125,107.76820373535156
68,1,80.65005493164062,144.00640869140625,28.63104248046875,88.95587158203125
68,4,424.3620300292969,182.60308837890625,30.14044189453125,105.47378540039062
69,2,372.2308044433594,184.2537384033203,40.25592041015625,108.26298522949219
69,1,79.65805053710938,144.46682739257812,28.88727569580078,88.10662841796875
69,4,425.3482666015625,182.40560913085938,28.970611572265625,105.6912841796875
69,3,354.52313232421875,179.49923706054688,25.2249755859375,82.40835571289062
70,2,372.9056091308594,184.24920654296875,40.3177490234375,106.9710693359375
70,1,79.24156951904297,144.56141662597656,28.674110412597656,87.85447692871094
70,3,355.9386901855469,172.5289764404297,25.12359619140625,91.33970642089844
70,4,426.7315979003906,179.002685546875,28.09796142578125,109.347412109375
71,2,373.6939392089844,183.67335510253906,40.9268798828125,109.22059631347656
71,3,356.8717346191406,166.88877868652344,25.702972412109375,96.31782531738281
71,1,78.23812866210938,144.8883514404297,29.2110595703125,86.52479553222656
71,4,428.0550231933594,182.30242919921875,27.179229736328125,106.36004638671875
72,2,375.42584228515625,184.38284301757812,40.6087646484375,107.9986572265625
72,1,76.53203582763672,145.85711669921875,30.39722442626953,86.47541809082031
72,3,357.725341796875,168.9993896484375,25.6114501953125,91.22463989257812
72,4,429.3474426269531,184.3893585205078,25.447296142578125,103.79280090332031
73,2,377.4436950683594,185.4445037841797,40.217742919921875,106.18946838378906
73,3,358.2183532714844,168.82806396484375,26.91009521484375,91.05624389648438
73,1,75.92922973632812,145.58660888671875,30.652481079101562,86.44230651855469
73,4,430.2621154785156,183.26454162597656,23.8984375,105.32984924316406
74,2,378.4821472167969,186.6023406982422,40.041351318359375,105.38658142089844
74,1,74.2985610961914,145.4418487548828,32.75202178955078,86.38377380371094
74,3,357.2472229003906,168.53346252441406,29.348907470703125,92.36106872558594
74,4,431.37542724609375,183.35263061523438,22.890960693359375,105.1103515625
75,2,379.86297607421875,185.68292236328125,40.642730712890625,106.18060302734375
75,1,73.13983154296875,145.12100219726562,32.764915466308594,86.61656188964844
75,3,358.94427490234375,168.73385620117188,28.021942138671875,92.50335693359375
75,4,432.38763427734375,186.7696990966797,21.813079833984375,101.64311218261719
76,2,381.3882751464844,187.4566650390625,39.61297607421875,101.09982299804688
76,1,69.6163558959961,144.11029052734375,34.573936462402344,86.14364624023438
76,3,358.9940490722656,167.3861846923828,30.235198974609375,94.40791320800781
76,4,433.6181945800781,185.69532775878906,21.305145263671875,102.53144836425781
77,1,68.2785415649414,144.22265625,34.641090393066406,85.34416198730469
77,2,382.4947509765625,185.09893798828125,39.6685791015625,100.611572265625
77,3,368.50628662109375,168.33944702148438,21.09918212890625,83.92730712890625
77,4,434.5948486328125,187.2617645263672,21.292633056640625,100.52333068847656
78,2,385.289306640625,183.15933227539062,37.777587890625,101.05300903320312
78,1,66.70117950439453,144.10232543945312,32.688880920410156,84.6473388671875
78,3,372.4855041503906,168.94932556152344,17.085205078125,73.94822692871094
78,4,436.4509582519531,189.5192108154297,20.11883544921875,98.69773864746094
79,1,65.78264617919922,142.74391174316406,29.640701293945312,86.31500244140625
79,2,387.0904235839844,181.01258850097656,37.245208740234375,101.80650329589844
79,3,374.03961181640625,169.2786102294922,17.522369384765625,83.95106506347656
79,4,438.3509521484375,187.98751831054688,17.353973388671875,88.5543212890625
80,1,64.80865478515625,142.08425903320312,28.985549926757812,86.94200134277344
80,2,389.4213562011719,180.78228759765625,35.457794189453125,101.31033325195312
80,4,439.7630615234375,189.72850036621094,16.39508056640625,87.20423889160156
81,2,390.6486511230469,180.30226135253906,36.216094970703125,101.80805969238281
81,1,63.80036163330078,142.59243774414062,28.648330688476562,86.00225830078125
81,4,440.64453125,190.03955078125,15.3511962890625,87.78955078125
82,2,391.1062316894531,180.08815002441406,36.31292724609375,101.90177917480469
82,1,62.21099853515625,142.30551147460938,31.013015747070312,86.1539306640625
82,4,441.4756774902344,189.93524169921875,14.583038330078125,85.72128295898438
83,1,61.005741119384766,142.36041259765625,34.83604049682617,86.3590087890625
83,2,391.9320068359375,179.66546630859375,37.59613037109375,102.357666015625
84,1,60.16544723510742,143.78407287597656,35.723506927490234,84.86746215820312
84,2,392.8214416503906,181.17047119140625,37.33349609375,100.60427856445312
85,1,58.575172424316406,144.35548400878906,37.510902404785156,84.04719543457031
85,2,392.7039489746094,180.5875701904297,38.37158203125,101.63005065917969
86,1,58.26924133300781,144.82046508789062,37.202880859375,83.38236999511719
86,2,392.55975341796875,180.4346160888672,39.233551025390625,101.54853820800781
87,1,57.64512634277344,145.11819458007812,36.121726989746094,82.64576721191406
87,2,393.8958740234375,180.04185485839844,38.408203125,101.49320983886719
88,1,57.5158805847168,144.47976684570312,32.0546989440918,82.08901977539062
88,2,393.861328125,179.76927185058594,39.136505126953125,101.52690124511719
89,1,57.053958892822266,144.04766845703125,29.05544662475586,81.81329345703125
89,2,393.4342956542969,180.4735870361328,40.323211669921875,100.66181945800781
90,2,394.8544006347656,179.83741760253906,39.41961669921875,101.41441345214844
90,1,56.817100524902344,143.217041015625,29.693130493164062,81.04092407226562
91,2,395.8741455078125,179.4287109375,39.020233154296875,101.90380859375
91,1,56.2538948059082,142.5533447265625,25.817707061767578,81.66523742675781
92,2,397.24786376953125,179.33285522460938,38.06494140625,101.4561767578125
92,1,55.24608612060547,141.94581604003906,26.438873291015625,81.03927612304688
93,2,402.7606201171875,179.39524841308594,34.6239013671875,99.80470275878906
93,1,54.209510803222656,141.5478057861328,26.361953735351562,81.97775268554688
94,2,404.99871826171875,177.9916229248047,33.145660400390625,100.27940368652344
94,1,52.82310104370117,141.34622192382812,26.677234649658203,82.0885009765625
95,2,406.99261474609375,177.0198974609375,32.31329345703125,98.19290161132812
95,1,51.92571258544922,141.56292724609375,26.10369873046875,81.9490966796875
96,2,409.4593200683594,175.87820434570312,30.30902099609375,95.53060913085938
96,1,51.312015533447266,142.03379821777344,26.427997589111328,80.99813842773438
97,2,410.771240234375,175.89833068847656,29.886962890625,95.44944763183594
97,1,50.291664123535156,142.21099853515625,26.79796600341797,80.61328125
98,2,411.8867492675781,175.47084045410156,29.588287353515625,97.37049865722656
98,1,48.790374755859375,142.16317749023438,27.666969299316406,80.57783508300781
99,2,413.34002685546875,174.74095153808594,29.257568359375,97.73881530761719
99,1,47.82514572143555,142.3091278076172,28.126575469970703,80.53866577148438
100,2,416.1970520019531,175.34591674804688,28.43609619140625,96.6163330078125
100,1,46.1629524230957,142.8706512451172,29.367321014404297,79.74009704589844
101,2,417.113037109375,175.43038940429688,28.191436767578125,96.44229125976562
101,1,45.60216522216797,142.42620849609375,29.567298889160156,79.90571594238281
102,2,418.0434875488281,175.44009399414062,28.762359619140625,95.94839477539062
102,1,43.565338134765625,142.10049438476562,30.442771911621094,79.49496459960938
103,2,419.15826416015625,175.43344116210938,29.49334716796875,95.7655029296875
103,1,42.146324157714844,140.91439819335938,30.3934326171875,79.95106506347656
104,2,419.22137451171875,175.84275817871094,30.9908447265625,95.86640930175781
104,1,40.88604736328125,140.25234985351562,29.410850524902344,80.38298034667969
105,2,419.4086608886719,176.0526580810547,31.825439453125,95.79399108886719
105,1,39.60354232788086,139.70892333984375,28.991031646728516,80.52833557128906
106,2,419.5093994140625,176.04025268554688,32.67291259765625,95.70211791992188
106,1,38.481536865234375,139.48263549804688,26.89653778076172,80.41127014160156
107,2,419.9106750488281,175.78492736816406,33.230133056640625,95.46067810058594
107,1,37.586368560791016,139.67994689941406,27.485950469970703,80.52302551269531
108,2,420.2570495605469,176.1376190185547,34.4429931640625,95.06449890136719
108,1,36.42594909667969,139.942626953125,28.9774169921875,79.85394287109375
109,2,421.6813049316406,175.61109924316406,33.95318603515625,94.46000671386719
109,1,35.38421630859375,139.89349365234375,30.604286193847656,80.17391967773438
110,2,424.1310729980469,174.5767822265625,32.048919677734375,94.51724243164062
110,1,33.99144744873047,139.90194702148438,32.04387664794922,80.71177673339844
111,1,33.31432342529297,139.5962677001953,30.95911407470703,80.06330871582031
111,2,427.0089111328125,172.9420928955078,28.767608642578125,95.23725891113281
112,1,33.485145568847656,140.29974365234375,30.155643463134766,79.41722106933594
112,2,430.3093566894531,172.99241638183594,25.76025390625,94.48789978027344
113,2,432.26593017578125,171.61709594726562,23.8636474609375,95.0792236328125
113,1,32.92088317871094,140.25498962402344,30.303115844726562,78.98136901855469
114,2,432.92083740234375,169.68675231933594,22.729248046875,95.44764709472656
114,1,32.179866790771484,140.3026885986328,31.1900634765625,79.45965576171875
115,1,31.704299926757812,140.22532653808594,30.645233154296875,78.94639587402344
115,2,432.8031311035156,169.0646514892578,24.056365966796875,96.85276794433594
116,1,31.283145904541016,141.15115356445312,29.381481170654297,76.63604736328125
116,2,432.5669860839844,170.3450469970703,24.708251953125,95.24696350097656
117,1,31.14690399169922,139.81410217285156,26.600936889648438,76.04808044433594
117,2,432.50927734375,170.9329376220703,25.184906005859375,94.54740905761719
118,1,31.036544799804688,139.14271545410156,24.94559097290039,76.27593994140625
118,2,432.8798828125,171.5568389892578,23.953216552734375,93.91105651855469
119,1,30.569429397583008,138.26661682128906,24.75810432434082,76.66703796386719
119,2,432.9920654296875,174.48081970214844,23.472442626953125,91.64100646972656
120,1,30.174545288085938,138.67300415039062,23.812454223632812,77.34426879882812
120,2,433.6902160644531,180.39971923828125,22.45928955078125,85.16632080078125
120,6,318.814697265625,133.9093780517578,17.61151123046875,39.11351013183594
121,1,28.644330978393555,138.35313415527344,24.679357528686523,77.47476196289062
121,2,435.20831298828125,182.7498321533203,20.047088623046875,82.67042541503906
121,6,318.87884521484375,133.72789001464844,17.918975830078125,39.42718505859375
122,1,28.65198516845703,138.5691680908203,23.77442169189453,76.80049133300781
122,2,436.47308349609375,182.45135498046875,18.5386962890625,82.71087646484375
122,6,319.055419921875,132.26675415039062,18.4769287109375,67.29962158203125
123,1,27.362768173217773,139.5004119873047,24.044523239135742,75.60935974121094
123,2,439.9318542480469,182.8400421142578,15.408447265625,80.21159362792969
123,6,319.2316589355469,133.297607421875,18.11419677734375,66.23101806640625
124,1,25.345426559448242,139.43362426757812,24.844633102416992,75.203125
124,6,320.7607421875,135.93064880371094,17.19287109375,35.94775390625
125,1,25.037330627441406,139.96194458007812,24.96856689453125,74.69850158691406
126,1,24.16932487487793,140.2506866455078,25.878976821899414,73.75688171386719
127,1,22.517210006713867,140.6503448486328,27.00773811340332,73.19046020507812
128,1,21.258960723876953,139.93792724609375,27.994853973388672,73.42201232910156
129,1,20.026464462280273,137.40267944335938,28.632646560668945,75.51950073242188
130,1,18.88518524169922,137.63662719726562,26.751720428466797,74.55644226074219
131,1,18.683713912963867,137.5342559814453,25.368684768676758,73.7691650390625
132,1,17.573204040527344,137.0415802001953,24.43917465209961,74.75845336914062
133,1,16.777772903442383,136.56134033203125,23.849966049194336,75.2447509765625
133,7,0.01329303439706564,192.0405731201172,10.95713257137686,66.61360168457031
134,1,15.496485710144043,136.70977783203125,23.51864719390869,75.34764099121094
134,7,0.029487283900380135,189.8748016357422,11.770174352452159,70.77061462402344
135,1,15.347627639770508,137.17742919921875,22.872465133666992,74.86825561523438
135,7,0.0,184.27984619140625,13.932450294494629,76.71408081054688
136,1,14.864739418029785,137.43130493164062,22.582907676696777,74.61553955078125
136,7,0.0,184.41464233398438,16.82198143005371,77.54153442382812
137,1,14.70556354522705,137.73202514648438,22.58314800262451,74.01606750488281
137,7,0.0,185.53579711914062,18.36548614501953,77.38299560546875
138,1,14.647903442382812,137.9685821533203,22.343639373779297,73.52767944335938
138,7,0.0,183.79759216308594,21.302576065063477,79.46656799316406
139,1,13.678220748901367,137.97901916503906,22.315168380737305,72.39344787597656
139,7,0.0,182.65292358398438,22.794309616088867,80.9541015625
140,1,13.115848541259766,137.8802490234375,21.88837432861328,72.48757934570312
140,7,0.045337773859500885,178.71607971191406,22.013244532048702,85.24827575683594
141,1,12.77804946899414,138.02828979492188,21.66333770751953,72.71501159667969
141,7,0.13845215737819672,176.55287170410156,22.385544195771217,87.44474792480469
142,7,0.011456895619630814,176.5524139404297,23.073141645640135,87.49302673339844
142,1,12.627373695373535,137.99200439453125,21.16467571258545,71.65274047851562
143,7,0.0,174.11549377441406,23.31002426147461,90.33692932128906
143,1,12.257136344909668,137.441650390625,21.213414192199707,71.53514099121094
144,7,0.0,173.20108032226562,24.190969467163086,91.88238525390625
144,1,11.79180908203125,136.355712890625,21.070716857910156,71.61555480957031
145,7,0.0,174.0814208984375,25.002304077148438,91.03704833984375
145,1,10.814309120178223,135.5367431640625,22.207865715026855,72.39105224609375
146,7,0.0,173.8220977783203,24.662328720092773,90.77302551269531
146,1,10.469305038452148,135.0516357421875,23.161943435668945,72.80250549316406
147,7,0.07551448792219162,173.02102661132812,23.548621483147144,92.70040893554688
147,1,10.169413566589355,134.6841278076172,23.22572422027588,73.64039611816406
148,7,0.044719137251377106,174.5892333984375,27.708973489701748,93.42120361328125
148,1,8.514636993408203,137.00242614746094,22.970491409301758,71.45907592773438
149,7,0.13352729380130768,175.28953552246094,29.214029774069786,93.77037048339844
149,1,8.147910118103027,137.45803833007812,23.403986930847168,70.64683532714844
150,7,0.07609741389751434,175.5888671875,29.03374870121479,94.62359619140625
150,1,6.914582252502441,140.03094482421875,24.622246742248535,69.36404418945312
151,7,0.07922758162021637,175.8134002685547,29.800147876143456,94.93901062011719
151,1,6.75351619720459,143.60206604003906,23.864636421203613,64.74545288085938
152,7,0.25402751564979553,175.76231384277344,31.737053722143173,95.41441345214844
152,1,5.704120635986328,143.0993194580078,21.67568588256836,53.1715087890625
153,7,0.4238184094429016,175.31280517578125,32.08486765623093,95.64593505859375
153,1,4.7839837074279785,138.67547607421875,20.089148998260498,50.21965026855469
154,7,0.46087539196014404,175.13818359375,32.370137333869934,94.6424560546875
154,1,2.9707212448120117,138.1080780029297,19.9271879196167,39.69380187988281
155,7,0.9732149243354797,174.69288635253906,32.374525249004364,96.09352111816406
155,1,2.5218653678894043,140.1688232421875,18.68374490737915,39.72447204589844
156,7,1.5914217233657837,174.57809448242188,32.71042001247406,96.16943359375
156,1,0.616753339767456,138.94100952148438,18.912896394729614,45.20933532714844
157,7,2.9005014896392822,175.52447509765625,32.46695303916931,94.90267944335938
157,1,0.22756198048591614,138.00607299804688,17.563751190900803,47.61943054199219
158,7,4.430871963500977,175.81748962402344,31.268999099731445,95.69673156738281
158,1,0.2645462453365326,136.7708740234375,17.531527668237686,47.871917724609375
159,7,6.1860527992248535,175.5303955078125,29.965260982513428,96.15682983398438
159,1,0.1260755956172943,136.38243103027344,16.813682705163956,47.740570068359375
160,7,7.691803932189941,176.33615112304688,29.040244102478027,95.38525390625
160,1,0.033134687691926956,136.13864135742188,17.473863374441862,53.13081359863281
161,7,8.6039400100708,175.6337127685547,29.84131908416748,96.42048645019531
161,1,0.0,135.41737365722656,16.743152618408203,54.87727355957031
162,7,8.635442733764648,175.83607482910156,32.982343673706055,95.62940979003906
162,1,0.0,136.1982421875,16.994464874267578,55.61399841308594
163,7,9.419683456420898,176.01612854003906,35.15953254699707,96.48616027832031
163,1,0.0,139.54237365722656,15.895331382751465,53.830902099609375
164,7,10.745699882507324,176.32249450683594,38.32608509063721,96.94560241699219
164,1,0.0,141.04055786132812,16.0531005859375,64.03584289550781
165,7,12.49819278717041,176.40550231933594,39.726168632507324,97.06459045410156
165,1,0.0,140.31448364257812,15.831473350524902,65.21749877929688
166,7,13.65157699584961,176.38714599609375,41.55295181274414,97.45578002929688
166,1,0.04356541484594345,140.48016357421875,14.81983981281519,63.937103271484375
167,7,15.161373138427734,177.40823364257812,41.521541595458984,96.44235229492188
167,1,0.021640803664922714,141.07373046875,14.360419247299433,63.77546691894531
168,7,17.27593994140625,176.9666748046875,39.42052459716797,97.31655883789062
168,1,0.0,137.73240661621094,13.766068458557129,68.05996704101562
169,7,17.82636070251465,176.82852172851562,38.95997428894043,98.62210083007812
169,1,0.0,140.15869140625,12.591231346130371,63.45457458496094
170,7,19.79923439025879,177.31199645996094,37.17751884460449,98.32249450683594
170,1,0.0,140.43006896972656,11.579729080200195,61.80708312988281
171,7,21.863601684570312,176.97618103027344,35.32820129394531,98.90849304199219
171,1,0.0,140.8105926513672,11.519085884094238,61.187744140625
172,7,24.606130599975586,175.62326049804688,32.25440788269043,100.63275146484375
172,1,0.0,141.60931396484375,10.165823936462402,61.15653991699219
173,7,25.3389949798584,175.4812469482422,31.710981369018555,100.74000549316406
174,7,25.49239158630371,175.89248657226562,32.59359550476074,100.4315185546875
175,7,26.07587242126465,175.83465576171875,34.17757225036621,101.01541137695312
176,7,26.237300872802734,176.68258666992188,36.19298553466797,100.92962646484375
177,7,26.013893127441406,176.4795684814453,37.359989166259766,102.73460388183594
178,7,26.889102935791016,175.43533325195312,35.486629486083984,105.3231201171875
179,7,29.48933982849121,176.80197143554688,35.88265419006348,103.96258544921875
180,7,31.60811424255371,178.14845275878906,37.71956825256348,102.36781311035156
181,7,32.62762451171875,179.28909301757812,39.319984436035156,101.59048461914062
182,7,34.15581130981445,179.94374084472656,38.95610427856445,101.17164611816406
183,7,36.59467315673828,180.17630004882812,37.99104309082031,101.51693725585938
184,7,39.721534729003906,179.787353515625,35.54254150390625,102.19345092773438
185,7,41.85053253173828,179.67816162109375,33.3123779296875,102.32492065429688
186,7,43.745933532714844,181.0600128173828,31.72772979736328,100.99629211425781
187,7,44.83246994018555,179.46099853515625,31.36789321899414,102.29852294921875
188,7,47.236507415771484,179.5425262451172,31.089069366455078,102.51741027832031
189,7,49.356536865234375,179.0306854248047,30.697532653808594,102.82325744628906
190,7,50.71463394165039,179.0851287841797,31.176143646240234,102.83247375488281
191,7,52.41030502319336,179.5205841064453,31.544620513916016,101.23936462402344
192,7,54.07865524291992,179.14637756347656,36.10123825073242,103.25874328613281
193,7,55.696964263916016,180.1891326904297,39.93208694458008,102.52317810058594
194,7,57.22855758666992,180.17601013183594,43.2301139831543,103.18083190917969
195,7,58.72734832763672,180.5920867919922,44.56300354003906,103.38282775878906
196,7,62.74982833862305,181.45314025878906,43.36691665649414,103.66365051269531
197,7,64.65686798095703,182.23316955566406,42.15824890136719,103.54887390136719
198,7,65.81025695800781,181.6934814453125,41.156105041503906,103.9517822265625
199,7,66.44927978515625,182.47520446777344,39.897552490234375,102.82164001464844
200,7,68.4898452758789,182.5049591064453,38.1317138671875,102.76808166503906
201,7,70.96044158935547,180.741943359375,35.33953094482422,104.60574340820312
202,7,73.1703872680664,181.51742553710938,33.36784362792969,104.2171630859375
203,7,75.06717681884766,181.150390625,31.612274169921875,104.96072387695312
204,7,74.47270965576172,179.45132446289062,33.648345947265625,107.6536865234375
205,7,72.47428131103516,180.3560791015625,37.39146423339844,107.95913696289062
206,7,72.2023696899414,180.52210998535156,39.317230224609375,109.36555480957031
207,7,73.47882843017578,182.30914306640625,40.12018585205078,109.32553100585938
208,7,75.3709487915039,183.42787170410156,42.29186248779297,108.38832092285156
209,7,75.80125427246094,183.67347717285156,45.92658233642578,108.95658874511719
210,7,79.25277709960938,183.431884765625,44.382164001464844,110.48379516601562
211,7,80.86833953857422,184.30813598632812,43.29011535644531,110.12420654296875
212,7,83.65795135498047,184.4203338623047,41.013328552246094,110.50260925292969
213,7,87.00669860839844,183.66842651367188,38.683197021484375,111.18218994140625
214,7,89.57279205322266,184.27870178222656,36.652313232421875,110.78804016113281
215,7,92.42523193359375,184.29498291015625,34.859519958496094,110.76034545898438
216,7,96.63750457763672,182.86477661132812,31.866615295410156,111.81622314453125
217,7,97.95198059082031,182.37295532226562,32.99198913574219,111.92282104492188
218,7,99.71382141113281,181.95773315429688,32.33235168457031,112.02713012695312
219,7,100.98513793945312,184.35150146484375,33.44354248046875,109.45712280273438
220,7,104.49356079101562,181.2641143798828,41.68377685546875,112.99449157714844
221,7,106.89596557617188,183.36236572265625,44.88130187988281,112.86224365234375
222,7,108.34576416015625,183.70018005371094,49.8616943359375,112.62123107910156
223,7,109.7793197631836,184.44317626953125,50.327842712402344,112.5928955078125
224,7,111.47880554199219,184.9994659423828,49.34178161621094,112.47172546386719
225,7,112.8789291381836,185.00381469726562,46.693824768066406,113.42105102539062
226,7,114.9190673828125,186.90322875976562,44.391815185546875,110.66024780273438
227,7,115.81194305419922,185.50437927246094,43.252525329589844,112.15336608886719
228,7,117.15377044677734,183.56671142578125,42.60710906982422,114.9139404296875
229,7,120.60641479492188,183.3282470703125,39.32977294921875,114.94589233398438
230,7,123.6942367553711,183.89111328125,37.06645965576172,114.50595092773438
231,7,127.15885925292969,182.9331817626953,35.398834228515625,115.77702331542969
232,7,127.9520263671875,183.0118408203125,35.40264892578125,115.99755859375
233,7,123.9766616821289,183.57176208496094,40.13971710205078,118.23973083496094
234,7,123.90872955322266,184.8190460205078,42.54383087158203,118.67161560058594
235,7,124.39508819580078,185.4761962890625,45.16315460205078,119.41134643554688
236,7,126.40931701660156,185.25650024414062,49.45152282714844,119.25204467773438
237,7,125.9434814453125,185.9008026123047,56.58183288574219,118.73695373535156
238,7,127.3066177368164,186.5922088623047,58.729713439941406,118.70912170410156
239,7,133.50689697265625,187.04737854003906,52.611785888671875,118.41496276855469
240,7,138.1610870361328,190.90838623046875,48.58807373046875,114.54208374023438
241,7,143.384033203125,188.2218780517578,43.89671325683594,117.08799743652344
242,7,146.64913940429688,188.8628387451172,40.962371826171875,117.17515563964844
243,7,149.21043395996094,188.0514678955078,37.973785400390625,118.49467468261719
244,7,158.9588165283203,185.44390869140625,32.141021728515625,120.7650146484375
245,7,161.6141357421875,187.99913024902344,31.939300537109375,118.32411193847656
246,7,163.40139770507812,187.6978759765625,33.16838073730469,117.903076171875
247,7,165.1501007080078,188.33897399902344,34.771881103515625,117.55107116699219
248,7,167.01966857910156,188.52919006347656,40.05987548828125,117.73960876464844
249,7,169.87924194335938,188.214599609375,46.27870178222656,118.24423217773438
250,7,171.57044982910156,188.6236572265625,51.1875,118.67459106445312
251,7,173.44216918945312,189.1547088623047,54.23115539550781,118.27879333496094
252,7,174.47714233398438,189.8383331298828,54.45726013183594,118.32716369628906
253,7,174.8373260498047,190.25076293945312,54.307769775390625,118.06625366210938
254,7,175.30035400390625,189.75286865234375,53.9967041015625,118.48638916015625
255,7,176.43809509277344,189.2837677001953,53.7080078125,119.02354431152344
256,7,178.1362762451172,189.06680297851562,52.39447021484375,119.138427734375
257,7,182.8466033935547,188.66006469726562,47.73399353027344,119.68417358398438
258,7,189.1475830078125,188.7872314453125,41.4935302734375,119.40603637695312
259,7,194.85482788085938,188.76910400390625,36.2882080078125,119.86611938476562
260,7,199.7654266357422,188.80862426757812,29.432708740234375,120.97003173828125
261,7,199.94813537597656,187.3603057861328,32.82051086425781,123.87480163574219
262,7,197.3314971923828,188.45008850097656,39.17036437988281,122.84223937988281
263,7,198.23760986328125,189.0728302001953,45.55888366699219,123.00559997558594
264,7,200.4933624267578,189.45645141601562,53.5794677734375,121.64190673828125
265,7,201.68797302246094,190.1970977783203,61.86174011230469,120.90245056152344
266,7,202.38201904296875,190.6229705810547,65.89102172851562,120.98927307128906
267,7,208.13482666015625,191.8455047607422,62.622894287109375,119.91398620605469
268,7,213.40274047851562,191.6060333251953,58.897705078125,121.08940124511719
269,7,215.69239807128906,192.2889404296875,56.76359558105469,120.60797119140625
270,7,217.91224670410156,191.1488800048828,54.01100158691406,121.48832702636719
271,7,222.44036865234375,190.42123413085938,49.8941650390625,122.9041748046875
272,7,230.888671875,190.73648071289062,41.45953369140625,122.52383422851562
273,7,237.33242797851562,189.75172424316406,34.4466552734375,123.39414978027344
274,7,244.5727996826172,189.700439453125,29.799057006835938,123.2071533203125
275,7,246.89732360839844,189.84738159179688,34.77033996582031,122.83285522460938
276,7,249.87313842773438,190.1053466796875,38.388885498046875,121.43365478515625
277,7,252.10182189941406,190.14389038085938,44.35456848144531,121.66384887695312
278,7,253.94418334960938,189.62208557128906,50.19805908203125,122.56050109863281
279,7,254.35943603515625,190.3406982421875,56.753021240234375,121.51202392578125
280,7,254.4244384765625,190.3668975830078,59.85693359375,122.03041076660156
281,7,254.24069213867188,190.79364013671875,60.432342529296875,121.19503784179688
282,7,253.8833770751953,189.5836639404297,61.12861633300781,122.81831359863281
283,7,254.5364990234375,189.3030242919922,61.266998291015625,122.75209045410156
284,7,257.69952392578125,188.47972106933594,59.65533447265625,123.15834045410156
285,7,261.3765869140625,187.6884307861328,55.689239501953125,124.34938049316406
286,7,267.3328552246094,187.18016052246094,49.642730712890625,123.83488464355469
287,7,275.7344055175781,186.83294677734375,40.37945556640625,123.43157958984375
288,7,283.2398986816406,185.95982360839844,33.131500244140625,124.00828552246094
289,7,290.4638671875,185.90293884277344,29.784210205078125,122.73020935058594
290,7,292.83673095703125,186.19949340820312,33.156768798828125,121.97088623046875
291,7,295.09600830078125,186.0205841064453,35.861053466796875,121.72462463378906
292,7,298.8005676269531,186.94711303710938,51.973846435546875,120.3382568359375
293,7,298.8990173339844,186.4743194580078,59.280059814453125,120.97825622558594
294,7,298.2869567871094,187.68373107910156,62.885009765625,119.41886901855469
295,7,298.24371337890625,187.6908416748047,63.798065185546875,118.58720397949219
296,7,299.1864929199219,188.4363250732422,62.7943115234375,116.73091125488281
297,7,301.433837890625,186.46966552734375,61.1195068359375,118.63302612304688
298,7,304.1410217285156,185.85116577148438,57.9407958984375,119.20199584960938
299,7,308.59722900390625,185.11065673828125,53.368316650390625,118.80563354492188
300,7,315.8919677734375,184.34251403808594,46.679962158203125,119.89823913574219
301,7,323.3755798339844,184.31704711914062,40.83685302734375,119.51171875
302,7,330.82958984375,183.77651977539062,37.2344970703125,119.66845703125
303,7,336.47161865234375,183.06922912597656,37.687042236328125,120.63697814941406
304,7,338.4638671875,183.41864013671875,41.70233154296875,119.66287231445312
305,7,340.8056945800781,182.58030700683594,42.5289306640625,121.29957580566406
306,7,342.2784423828125,181.8900909423828,45.85174560546875,121.97666931152344
307,7,343.1822509765625,182.18572998046875,49.44146728515625,121.64279174804688
308,7,344.2616271972656,182.90052795410156,50.948516845703125,121.17997741699219
309,7,344.8058776855469,182.4711151123047,53.70654296875,121.06269836425781
310,7,345.127197265625,182.61676025390625,54.578460693359375,121.19412231445312
311,7,346.26959228515625,182.0126495361328,53.72137451171875,121.25926208496094
312,7,348.6944274902344,181.69692993164062,51.694305419921875,120.13125610351562
313,7,351.5375061035156,180.7963104248047,48.50909423828125,120.21430969238281
314,7,355.54815673828125,179.4818115234375,44.9176025390625,120.23489379882812
315,7,365.31597900390625,178.54066467285156,35.189788818359375,118.57154846191406
316,7,374.14093017578125,176.2864532470703,30.520599365234375,118.76484680175781
317,7,377.4039001464844,178.6716766357422,29.243438720703125,116.05714416503906
318,7,378.18267822265625,176.46160888671875,34.594024658203125,117.29989624023438
318,8,355.26910400390625,180.26181030273438,24.380157470703125,79.80142211914062
319,7,379.5301818847656,177.50364685058594,41.579254150390625,116.17088317871094
319,8,356.249755859375,173.1906280517578,25.405670166015625,86.85078430175781
320,7,380.5823669433594,177.99061584472656,47.28533935546875,114.99473571777344
320,8,356.71533203125,163.93873596191406,28.154205322265625,95.82597351074219
321,7,381.92498779296875,181.28073120117188,50.807769775390625,111.9095458984375
321,8,356.87548828125,163.25828552246094,29.341094970703125,96.52690124511719
322,7,381.651123046875,179.86697387695312,54.6116943359375,113.30911254882812
322,8,355.4413146972656,163.1221160888672,33.05828857421875,96.39265441894531
323,7,382.9468688964844,179.7267608642578,53.73193359375,112.97331237792969
323,8,355.7981262207031,163.62545776367188,31.5689697265625,95.361572265625
324,7,383.9215393066406,179.32591247558594,53.11053466796875,112.43656921386719
324,8,355.0310974121094,163.54733276367188,31.97174072265625,95.67007446289062
325,7,386.3652038574219,180.60374450683594,50.41455078125,111.00102233886719
325,8,359.4716796875,164.32066345214844,27.55157470703125,94.72276306152344
326,7,389.87371826171875,179.98695373535156,46.167999267578125,110.45417785644531
327,7,394.0577392578125,177.60765075683594,43.258148193359375,111.27769470214844
328,7,398.6727600097656,175.1631622314453,40.93463134765625,111.71946716308594
329,7,404.2451171875,176.64202880859375,37.8677978515625,109.30221557617188
330,7,405.9476318359375,175.05455017089844,39.70574951171875,111.59346008300781
331,7,407.95977783203125,174.54664611816406,40.647369384765625,111.85508728027344
332,7,409.9099426269531,173.935302734375,43.19781494140625,112.41036987304688
333,7,412.5072937011719,174.09188842773438,41.379486083984375,112.67227172851562
334,7,414.7026672363281,174.20069885253906,39.64678955078125,112.70054626464844
335,7,417.0014953613281,175.830078125,37.197265625,110.72979736328125
336,7,419.22259521484375,175.34555053710938,34.89190673828125,111.36697387695312
337,7,420.4708251953125,175.99859619140625,34.212646484375,110.32595825195312
338,7,421.5585632324219,175.7401123046875,34.461700439453125,110.15762329101562
339,7,422.190673828125,176.41204833984375,34.881195068359375,109.08700561523438
340,7,424.20794677734375,172.0541534423828,31.218841552734375,112.92497253417969
341,7,426.99200439453125,171.1248321533203,28.029388427734375,113.50819396972656
342,7,431.8187561035156,171.33721923828125,23.20135498046875,109.61151123046875
343,7,437.2064514160156,169.54380798339844,17.2803955078125,108.57801818847656
344,7,439.9639892578125,171.89785766601562,15.416900634765625,103.9560546875
345,7,441.6842956542969,173.1531219482422,13.863525390625,101.36137390136719
346,7,443.86212158203125,174.0614471435547,13.10894775390625,102.48899841308594
347,7,445.1280517578125,179.6664581298828,12.615570068359375,94.05259704589844
588,7,443.0965881347656,160.13543701171875,34.667327880859375,101.16644287109375
589,7,440.75775146484375,168.74644470214844,15.46826171875,77.54255676269531
589,9,435.28082275390625,153.8699188232422,19.52777099609375,91.85566711425781
590,9,438.789306640625,158.6862335205078,17.897125244140625,90.28729248046875
591,9,436.7816467285156,151.8407745361328,18.567779541015625,98.5076904296875
592,9,435.9879150390625,151.4194793701172,19.128204345703125,99.99143981933594
593,9,437.45745849609375,153.0509796142578,17.621490478515625,99.60824584960938
594,9,438.01031494140625,153.62547302246094,16.931304931640625,109.59172058105469
595,9,434.534912109375,150.942138671875,20.3515625,122.85086059570312
596,9,434.0594482421875,150.98886108398438,20.704864501953125,124.59176635742188
597,9,431.9616394042969,151.55844116210938,22.9210205078125,125.83309936523438
598,9,429.7122802734375,152.01519775390625,25.46905517578125,127.50814819335938
599,9,426.8760986328125,152.3851318359375,28.08062744140625,127.922119140625
600,9,423.7695617675781,163.52755737304688,31.723602294921875,117.897705078125
601,9,422.98419189453125,166.079345703125,32.289642333984375,116.36965942382812
601,7,425.78717041015625,150.14447021484375,27.033599853515625,70.77986145019531
602,9,423.2213134765625,169.91033935546875,32.2191162109375,114.43545532226562
602,7,423.8883972167969,150.72210693359375,29.287017822265625,63.8492431640625
603,9,421.5240478515625,169.9389190673828,33.771209716796875,115.67399597167969
603,7,422.62640380859375,151.2253875732422,30.36175537109375,62.96063232421875
604,9,420.5563049316406,171.964111328125,33.91619873046875,115.08981323242188
604,7,422.9758605957031,152.7164764404297,29.8118896484375,56.87232971191406
605,9,420.11785888671875,170.6149139404297,34.884307861328125,116.09703063964844
605,7,436.163818359375,153.3589630126953,17.01025390625,37.18302917480469
606,9,420.112548828125,171.2224578857422,34.444854736328125,115.48554992675781
606,7,435.7006530761719,154.5113067626953,20.58642578125,89.015380859375
607,9,418.53790283203125,171.15147399902344,34.899169921875,116.26887512207031
607,7,435.2972106933594,153.17068481445312,19.482666015625,72.642822265625
608,9,414.6872863769531,170.35365295410156,37.42034912109375,116.73387145996094
608,7,433.9532775878906,155.541259765625,18.64752197265625,42.46690368652344
609,9,411.2875671386719,169.9781036376953,38.882110595703125,117.33421325683594
609,7,431.6174621582031,161.29074096679688,20.672149658203125,74.98208618164062
610,9,406.9254150390625,170.22010803222656,42.8250732421875,118.08345031738281
610,7,432.20513916015625,154.65408325195312,20.9639892578125,62.9664306640625
611,9,402.8043518066406,171.80418395996094,43.982818603515625,119.10755920410156
611,7,429.2792053222656,154.87632751464844,23.64959716796875,78.08621215820312
612,9,399.1497497558594,172.1084747314453,43.736907958984375,120.45176696777344
612,7,426.4910583496094,153.081787109375,27.4681396484375,111.00479125976562
613,9,396.17694091796875,171.51455688476562,45.69354248046875,121.30075073242188
613,7,425.12286376953125,152.70254516601562,28.437469482421875,111.004638671875
614,9,392.6902770996094,172.28472900390625,48.038970947265625,119.54156494140625
614,7,423.15283203125,153.93606567382812,30.619049072265625,108.62283325195312
615,9,391.2413635253906,173.05503845214844,48.98046875,119.68760681152344
615,7,421.5126953125,155.0465545654297,31.059417724609375,109.04594421386719
616,9,388.65814208984375,174.42739868164062,52.512969970703125,120.26425170898438
616,7,419.86932373046875,156.8863525390625,32.79095458984375,107.77337646484375
617,9,386.54168701171875,174.7587432861328,53.713470458984375,119.68553161621094
617,7,418.6258239746094,157.9939727783203,33.196685791015625,107.12831115722656
618,9,385.9072570800781,173.79811096191406,52.41314697265625,121.85066223144531
618,7,416.3103332519531,158.7718963623047,34.29205322265625,108.74668884277344
619,9,385.42144775390625,173.54248046875,48.889556884765625,121.54617309570312
619,7,413.3286437988281,158.1680145263672,35.28863525390625,110.83216857910156
619,8,364.2391052246094,158.3473663330078,24.179168701171875,101.34907531738281
620,9,385.0318298339844,172.97384643554688,44.68756103515625,123.07437133789062
620,7,411.5680236816406,158.721923828125,35.488006591796875,117.78225708007812
620,8,365.7208557128906,157.46885681152344,21.085205078125,96.64582824707031
621,9,387.3808898925781,173.2041473388672,36.982330322265625,121.44865417480469
621,7,409.96771240234375,159.60690307617188,39.677459716796875,110.39016723632812
621,8,366.0953063964844,156.79885864257812,20.2308349609375,96.65789794921875
622,9,388.10870361328125,172.59552001953125,31.052642822265625,123.53659057617188
622,7,407.6949462890625,160.3046417236328,39.96295166015625,110.04252624511719
622,8,363.0882873535156,154.10333251953125,20.27313232421875,101.21354675292969
623,9,384.35595703125,172.92054748535156,32.03167724609375,122.70884704589844
623,7,405.95928955078125,159.89462280273438,40.1826171875,111.91390991210938
624,9,380.28204345703125,172.94119262695312,31.689605712890625,123.76687622070312
624,7,404.05975341796875,158.323486328125,42.949493408203125,114.33053588867188
625,9,377.6256103515625,172.78736877441406,36.40582275390625,123.74491882324219
625,7,402.60638427734375,158.6702423095703,40.692047119140625,113.62876892089844
626,9,372.0171813964844,174.4019775390625,41.571258544921875,122.25897216796875
626,7,400.6395568847656,159.62042236328125,39.5045166015625,113.09210205078125
626,8,350.8895263671875,153.5901336669922,26.33758544921875,105.67527770996094
627,9,361.8168640136719,174.20469665527344,52.194610595703125,122.11283874511719
627,7,398.09661865234375,159.7420196533203,37.597015380859375,114.92594909667969
627,8,349.3157653808594,155.095703125,27.36962890625,103.52142333984375
628,9,349.54656982421875,174.6147918701172,65.07046508789062,122.35810852050781
628,7,392.6068420410156,160.63775634765625,38.0941162109375,117.79879760742188
629,9,348.4756774902344,175.1479034423828,65.01773071289062,121.86051940917969
629,7,389.265869140625,161.03167724609375,40.5023193359375,115.7783203125
630,9,347.6979064941406,175.20123291015625,64.13150024414062,122.71231079101562
630,7,386.5997314453125,161.5768280029297,41.976654052734375,117.11082458496094
631,7,384.3516540527344,162.01856994628906,45.27008056640625,117.18699645996094
631,9,347.58795166015625,174.13514709472656,62.67236328125,123.72886657714844
632,7,382.8304748535156,162.9544219970703,44.512603759765625,123.01734924316406
632,9,347.94683837890625,174.694580078125,54.364105224609375,123.10940551757812
633,7,380.3416442871094,164.20770263671875,48.08966064453125,117.03607177734375
633,9,347.6232604980469,174.03097534179688,49.56298828125,123.008056640625
634,7,378.0289306640625,164.52020263671875,49.466339111328125,124.1595458984375
634,9,347.9913330078125,174.32553100585938,44.707061767578125,122.538330078125
635,7,377.4840087890625,164.6888427734375,46.468017578125,118.27597045898438
635,9,346.7264099121094,174.5111846923828,37.63604736328125,123.24894714355469
636,7,373.0013122558594,164.6929931640625,45.821624755859375,119.61636352539062
636,9,344.4887390136719,174.51513671875,33.861328125,123.61276245117188
637,7,374.0258483886719,164.0615692138672,38.0499267578125,121.97578430175781
637,9,339.9154968261719,174.8134765625,29.7109375,124.30874633789062
638,9,334.9436950683594,175.1414031982422,33.61260986328125,124.45637512207031
638,7,374.2093200683594,163.37420654296875,31.44219970703125,122.34860229492188
639,9,328.2815246582031,175.01617431640625,40.6259765625,124.34048461914062
639,7,371.094482421875,161.57420349121094,30.804473876953125,123.27842712402344
640,9,319.1189880371094,175.69424438476562,49.847930908203125,123.91900634765625
640,7,367.7704162597656,163.24282836914062,33.24957275390625,122.33407592773438
641,9,313.700927734375,175.14373779296875,54.24395751953125,124.12088012695312
641,7,363.67303466796875,163.403076171875,36.776947021484375,121.31851196289062
642,9,307.9324645996094,177.06268310546875,60.4241943359375,121.6435546875
642,7,359.62030029296875,165.548828125,40.42901611328125,120.06539916992188
643,9,306.34759521484375,176.63299560546875,61.422149658203125,122.4495849609375
643,7,352.6954345703125,163.62147521972656,47.997589111328125,126.20915222167969
644,9,304.0612487792969,175.8590850830078,63.8507080078125,124.24113464355469
644,7,349.9169616699219,165.76416015625,50.7137451171875,123.9188232421875
645,9,303.6608581542969,176.04595947265625,63.552337646484375,124.04977416992188
645,7,346.5902099609375,164.60789489746094,52.9964599609375,125.02552795410156
646,9,302.6864318847656,175.69207763671875,61.303924560546875,124.34994506835938
646,7,343.7274169921875,165.20091247558594,54.732421875,122.85163879394531
647,9,302.8559265136719,175.2714385986328,55.8365478515625,123.99324035644531
647,7,340.078857421875,163.36280822753906,54.951202392578125,126.21839904785156
648,9,303.303466796875,175.2506561279297,47.843017578125,124.11524963378906
648,7,339.5162658691406,164.74557495117188,50.9307861328125,123.72238159179688
649,9,303.4443664550781,175.34996032714844,42.160491943359375,124.65065002441406
649,7,336.88238525390625,163.78004455566406,44.301849365234375,126.06309509277344
650,9,301.1402893066406,175.03810119628906,38.359130859375,125.05491638183594
650,7,334.5499572753906,163.5097198486328,38.5621337890625,123.42805480957031
651,7,331.19940185546875,163.75881958007812,33.288848876953125,123.36676025390625
651,9,298.57122802734375,175.5186004638672,33.170745849609375,122.14216613769531
652,7,322.2625427246094,163.63807678222656,36.28887939453125,123.85667419433594
652,9,290.24212646484375,175.2208251953125,33.089569091796875,124.03573608398438
653,7,318.2774353027344,165.5469512939453,40.058837890625,120.94065856933594
653,9,284.6723327636719,174.04478454589844,39.732513427734375,125.59465026855469
654,9,273.8417053222656,176.29110717773438,50.88116455078125,123.52554321289062
654,7,315.600341796875,165.9674072265625,42.272247314453125,120.34521484375
655,7,307.81597900390625,164.47483825683594,49.7900390625,130.74623107910156
655,9,265.49737548828125,177.1760711669922,55.754150390625,121.35783386230469
656,9,261.39215087890625,176.76226806640625,63.70428466796875,123.04763793945312
656,7,307.0870361328125,165.7315673828125,50.8995361328125,125.32492065429688
657,9,260.00250244140625,176.8656463623047,62.439849853515625,123.01222229003906
657,7,305.4857177734375,165.60260009765625,51.98052978515625,131.50912475585938
658,9,258.7478942871094,176.67080688476562,64.36764526367188,123.6534423828125
658,7,304.5586853027344,164.19427490234375,52.943939208984375,127.66909790039062
659,9,258.59075927734375,176.3560333251953,58.660125732421875,123.55796813964844
659,7,300.86090087890625,164.25352478027344,51.27044677734375,131.3175506591797
660,9,258.3431701660156,176.2730712890625,50.187103271484375,123.05032348632812
660,7,297.7506408691406,163.4541473388672,48.1031494140625,134.7262420654297
661,9,258.43182373046875,176.53582763671875,48.43072509765625,123.08367919921875
661,7,295.8135681152344,164.76919555664062,44.53070068359375,119.97576904296875
662,9,257.8251647949219,176.3113555908203,45.313079833984375,124.26554870605469
662,7,292.1650085449219,163.40187072753906,40.38079833984375,121.53181457519531
663,7,289.84332275390625,162.92489624023438,33.37823486328125,123.42800903320312
663,9,254.80093383789062,176.4029083251953,34.776275634765625,122.08256530761719
664,7,288.23883056640625,163.260009765625,29.228973388671875,124.64962768554688
664,9,250.6162567138672,176.31100463867188,30.912551879882812,124.79339599609375
665,9,246.77420043945312,175.9542694091797,31.456024169921875,124.71763610839844
665,7,285.72772216796875,164.14340209960938,29.596221923828125,122.01629638671875
666,9,240.6167755126953,176.27310180664062,37.99882507324219,125.01638793945312
666,7,280.9553527832031,163.28726196289062,33.591064453125,122.40109252929688
667,9,231.45347595214844,177.5509490966797,47.12727355957031,122.75303649902344
667,7,278.4205017089844,163.78948974609375,36.24066162109375,121.50506591796875
668,9,221.17628479003906,177.9049072265625,57.79103088378906,121.8209228515625
668,7,274.3640441894531,165.6083984375,39.527496337890625,119.16018676757812
669,9,214.97703552246094,178.36541748046875,64.33775329589844,121.21255493164062
669,7,271.72705078125,165.16310119628906,42.309906005859375,119.27323913574219
670,9,213.01939392089844,178.3936004638672,65.38545227050781,121.54563903808594
670,7,269.79522705078125,164.09780883789062,43.377655029296875,120.76303100585938
671,9,211.52786254882812,178.55624389648438,66.109375,121.19891357421875
671,7,269.0628356933594,165.55960083007812,42.169647216796875,120.474609375
672,9,209.62646484375,179.18804931640625,65.11676025390625,120.18783569335938
672,7,265.87652587890625,164.90113830566406,43.05230712890625,120.43833923339844
673,9,209.22166442871094,179.02301025390625,61.75721740722656,120.1859130859375
673,7,263.2421569824219,164.0940399169922,41.404083251953125,120.62031555175781
674,7,260.32122802734375,162.92691040039062,36.92840576171875,117.99649047851562
674,9,208.52413940429688,178.5432586669922,57.183502197265625,120.89546203613281
675,7,257.8127746582031,162.7891845703125,33.51092529296875,116.28778076171875
675,9,210.29188537597656,178.11154174804688,48.58900451660156,121.09844970703125
676,7,250.96206665039062,161.7374725341797,32.3262939453125,118.26402282714844
676,9,206.30755615234375,176.74070739746094,35.028717041015625,122.40632629394531
677,7,247.22640991210938,163.03599548339844,34.9234619140625,117.85298156738281
677,9,202.43954467773438,177.62078857421875,28.203704833984375,120.385498046875
678,7,243.52099609375,163.10562133789062,37.85845947265625,116.71987915039062
678,9,199.14512634277344,177.12721252441406,31.1502685546875,121.10453796386719
679,9,192.73362731933594,177.4589080810547,38.08348083496094,120.91465759277344
679,7,237.20120239257812,163.12828063964844,43.168914794921875,116.04780578613281
680,9,183.72393798828125,177.43017578125,48.389801025390625,122.41732788085938
680,7,232.56126403808594,163.50399780273438,47.94459533691406,115.418212890625
681,7,231.55747985839844,163.40475463867188,47.99363708496094,114.832763671875
681,9,176.391357421875,177.3655548095703,55.903656005859375,123.23582458496094
682,9,174.72299194335938,178.9271697998047,57.21343994140625,121.84605407714844
682,7,230.7255859375,164.0484619140625,49.3626708984375,114.82611083984375
683,9,173.43472290039062,178.51454162597656,56.70365905761719,122.41889953613281
683,7,228.01519775390625,165.05325317382812,51.50787353515625,113.67105102539062
684,9,171.81875610351562,178.4803009033203,57.01853942871094,121.73643493652344
684,7,226.716064453125,164.3433074951172,50.951690673828125,114.00584411621094
685,9,172.35977172851562,178.3760528564453,52.088623046875,122.07896423339844
685,7,226.64328002929688,164.19493103027344,46.7333984375,113.98445129394531
686,9,171.82408142089844,178.5052032470703,47.692657470703125,120.91053771972656
686,7,225.82286071777344,163.23521423339844,42.38905334472656,114.41096496582031
687,9,170.65286254882812,177.81024169921875,41.60670471191406,120.75881958007812
687,7,223.59498596191406,163.3870849609375,39.40977478027344,113.74139404296875
688,9,168.72349548339844,177.03738403320312,34.18446350097656,119.89840698242188
688,7,220.31031799316406,161.1525421142578,36.05891418457031,115.04832458496094
689,9,165.35183715820312,176.13302612304688,31.33880615234375,120.26211547851562
689,7,217.24403381347656,161.1396026611328,33.008758544921875,116.44136047363281
690,7,214.41929626464844,162.07484436035156,33.37251281738281,115.41200256347656
690,9,162.31402587890625,176.33592224121094,29.128936767578125,120.10475158691406
691,7,211.97120666503906,161.7528839111328,35.004364013671875,114.27146911621094
691,9,158.80258178710938,175.48928833007812,31.388519287109375,121.072509765625
692,9,155.09390258789062,176.7657928466797,34.477935791015625,119.40245056152344
692,7,208.2384490966797,162.0748291015625,38.33149719238281,114.65621948242188
693,9,147.7539825439453,176.8953399658203,41.996429443359375,118.82032775878906
693,7,204.275390625,162.42835998535156,42.696197509765625,114.65455627441406
694,7,202.1551513671875,163.59844970703125,44.77449035644531,112.48529052734375
694,9,139.41175842285156,177.97669982910156,50.319580078125,117.07817077636719
695,9,135.87278747558594,176.0226593017578,53.783355712890625,118.58680725097656
695,7,200.84390258789062,164.57955932617188,44.76678466796875,112.2657470703125
696,9,133.71035766601562,177.19943237304688,55.9749755859375,117.25592041015625
696,7,198.84042358398438,163.83450317382812,45.2823486328125,111.56097412109375
697,7,197.43109130859375,161.22305297851562,43.525726318359375,113.65689086914062
697,9,133.1803436279297,176.19122314453125,56.05818176269531,118.23248291015625
698,9,131.723876953125,177.8513641357422,56.09226989746094,116.33091735839844
698,7,197.5884552001953,161.73423767089844,39.03363037109375,112.49919128417969
699,7,195.0730743408203,160.6531219482422,36.14241027832031,112.39579772949219
699,9,130.74203491210938,177.32241821289062,54.281158447265625,116.64508056640625
700,9,130.45050048828125,176.92881774902344,44.995941162109375,116.03681945800781
700,7,190.58099365234375,160.90342712402344,29.514053344726562,110.32487487792969
701,7,187.50906372070312,159.5541534423828,30.447219848632812,112.05488586425781
701,9,128.5747528076172,176.68959045410156,41.688751220703125,115.35365295410156
702,7,184.41180419921875,159.10597229003906,32.99345397949219,112.48768615722656
702,9,126.08434295654297,175.81857299804688,37.537391662597656,116.01962280273438
703,7,181.47088623046875,159.76174926757812,36.34278869628906,111.39727783203125
703,9,123.66590881347656,175.55035400390625,32.50151062011719,115.98529052734375
704,7,173.46243286132812,160.2093505859375,43.77467346191406,110.51748657226562
704,9,120.41990661621094,175.41757202148438,32.069610595703125,117.59622192382812
705,7,168.31898498535156,161.0254669189453,48.61335754394531,109.53300476074219
705,9,117.79224395751953,176.02734375,34.161170959472656,116.43740844726562
706,7,167.01486206054688,160.70660400390625,49.599090576171875,110.15960693359375
706,9,115.63008117675781,176.6491241455078,40.601776123046875,115.31504821777344
707,9,112.12934875488281,176.45408630371094,44.02336120605469,115.37068176269531
707,7,167.77699279785156,160.72341918945312,47.659423828125,109.82510375976562
708,9,109.32194519042969,175.53570556640625,47.37986755371094,116.14028930664062
708,7,168.52467346191406,161.21066284179688,46.207977294921875,109.71627807617188
709,9,107.04817199707031,175.5418701171875,48.69056701660156,115.52114868164062
709,7,167.56768798828125,161.02304077148438,45.612060546875,108.94561767578125
710,9,104.7976303100586,176.41395568847656,47.878196716308594,113.37525939941406
710,7,165.99691772460938,160.33795166015625,42.36567687988281,108.90020751953125
711,9,102.439697265625,174.19715881347656,47.87530517578125,116.13545227050781
711,7,165.2252655029297,160.45993041992188,39.21131896972656,108.69830322265625
712,9,101.17699432373047,173.44833374023438,44.68450164794922,114.818603515625
712,7,161.6289825439453,160.8881378173828,37.587432861328125,106.96485900878906
713,9,99.20541381835938,172.3690948486328,42.4052734375,115.52403259277344
713,7,159.33802795410156,159.57017517089844,33.0328369140625,108.20790100097656
714,9,97.23262786865234,172.31454467773438,38.82317352294922,115.04092407226562
714,7,156.87916564941406,159.08346557617188,30.836761474609375,108.66799926757812
715,9,94.95217895507812,173.02044677734375,34.080535888671875,115.0682373046875
715,7,153.48422241210938,159.11080932617188,31.284423828125,109.30130004882812
716,9,92.76785278320312,172.48655700683594,29.954017639160156,114.90129089355469
716,7,147.95208740234375,159.78343200683594,35.70135498046875,108.54521179199219
717,7,146.47332763671875,160.37229919433594,36.14234924316406,107.84587097167969
717,9,91.2860336303711,173.7667236328125,29.67425537109375,112.82162475585938
718,7,143.1126708984375,160.04869079589844,39.364410400390625,108.05827331542969
718,9,87.0978775024414,173.50234985351562,33.63153076171875,112.77798461914062
719,7,141.42245483398438,159.96197509765625,40.94000244140625,108.0908203125
719,9,80.06153869628906,174.00347900390625,40.412872314453125,111.8116455078125
720,7,139.4213409423828,160.2621307373047,41.551300048828125,107.74549865722656
720,9,75.57292175292969,174.9049530029297,45.74151611328125,110.52278137207031
721,7,137.18417358398438,159.62705993652344,43.57475280761719,108.15959167480469
721,9,72.48932647705078,174.3257598876953,49.338356018066406,110.43244934082031
722,7,135.86184692382812,159.66778564453125,41.73426818847656,107.36245727539062
722,9,73.00633239746094,174.39016723632812,48.101654052734375,110.076171875
723,7,134.97793579101562,160.2100067138672,39.29176330566406,105.79884338378906
723,9,73.02752685546875,174.82118225097656,46.143394470214844,109.15467834472656
724,7,133.46893310546875,158.10630798339844,29.413528442382812,105.39213562011719
724,9,71.03871154785156,174.73817443847656,43.68775939941406,108.17268371582031
725,7,131.36529541015625,157.8737335205078,28.73260498046875,105.87568664550781
725,9,68.64224243164062,173.845703125,42.19194793701172,108.55740356445312
726,7,128.54200744628906,158.89967346191406,30.839981079101562,105.15223693847656
726,9,66.1271743774414,173.74179077148438,39.897705078125,107.81631469726562
727,7,126.16326141357422,158.9228057861328,32.039634704589844,104.79682922363281
727,9,63.16014862060547,173.76007080078125,38.558387756347656,107.56781005859375
728,7,123.78590393066406,158.8853759765625,34.43309020996094,104.29071044921875
728,9,60.683624267578125,172.7913818359375,36.1649169921875,108.70840454101562
729,7,116.18942260742188,158.6826171875,41.931060791015625,104.570556640625
729,9,58.299251556396484,171.6005859375,34.57002639770508,109.82620239257812
730,9,56.005550384521484,171.88894653320312,38.508243560791016,110.2581787109375
730,7,112.48240661621094,160.1555633544922,44.943756103515625,102.35380554199219
731,9,53.58171463012695,172.74603271484375,42.22578811645508,108.80636596679688
731,7,111.97834777832031,159.34764099121094,46.13104248046875,103.07466125488281
732,9,52.361122131347656,172.01849365234375,45.00689697265625,109.34732055664062
732,7,111.89856719970703,159.58062744140625,45.830543518066406,103.94140625
733,7,111.03941345214844,159.05055236816406,45.70951843261719,104.16520690917969
733,9,50.7507209777832,171.82997131347656,46.13252639770508,109.42274475097656
734,9,49.6947021484375,172.79498291015625,45.987098693847656,108.23162841796875
734,7,110.7325439453125,159.72828674316406,42.12666320800781,102.39668273925781
735,9,49.336509704589844,172.63916015625,45.13861083984375,108.06915283203125
735,7,109.179931640625,159.21115112304688,39.85003662109375,102.872802734375
736,9,48.487815856933594,172.18475341796875,44.187461853027344,108.01214599609375
736,7,106.64569091796875,159.57518005371094,36.336669921875,101.87574768066406
736,10,667.69873046875,231.82960510253906,38.00531005859375,35.81065368652344
737,9,47.565040588378906,171.5185546875,43.236351013183594,106.91015625
737,7,104.71996307373047,158.50119018554688,34.52722930908203,103.0523681640625
737,10,667.6171875,232.06277465820312,38.1572265625,36.2952880859375
738,9,45.81336212158203,169.5353240966797,42.37487030029297,109.20112609863281
738,7,102.22602081298828,157.41851806640625,32.253562927246094,103.45193481445312
739,9,44.588626861572266,168.77944946289062,39.8553352355957,106.89669799804688
739,7,99.21897888183594,157.4361114501953,30.539321899414062,103.29981994628906
740,9,43.7864990234375,169.1458282470703,36.11395263671875,107.19999694824219
740,7,96.23577880859375,156.55532836914062,32.24609375,104.461669921875
741,9,42.16764450073242,167.56556701660156,33.50327682495117,106.92036437988281
741,7,92.68252563476562,157.57586669921875,34.390953063964844,102.95938110351562
741,10,667.48974609375,230.8877716064453,38.4259033203125,37.07081604003906
742,9,40.800594329833984,167.8966522216797,31.42605972290039,106.02140808105469
742,7,90.28446197509766,159.18753051757812,36.54637145996094,100.80810546875
743,7,87.54113006591797,159.7635498046875,38.830604553222656,99.94540405273438
743,9,39.49539566040039,169.4493865966797,31.902645111083984,104.25022888183594
744,7,85.7682113647461,159.3230438232422,40.355499267578125,99.96891784667969
744,9,37.82210922241211,169.7793731689453,33.892398834228516,103.08222961425781
745,7,83.36296844482422,159.8793182373047,41.056549072265625,99.65159606933594
745,9,34.68638229370117,169.633544921875,36.35239791870117,103.447509765625
746,7,82.67698669433594,158.38072204589844,40.417625427246094,101.59242248535156
746,9,32.69424057006836,170.04039001464844,38.65729904174805,103.37217712402344
747,9,32.301483154296875,170.5230712890625,38.66883087158203,102.69882202148438
747,7,82.1545639038086,158.63650512695312,38.434959411621094,100.48291015625
748,7,80.88922119140625,156.8966827392578,29.973976135253906,100.19389343261719
748,9,30.699050903320312,168.91647338867188,38.98243713378906,102.95660400390625
749,9,29.066499710083008,169.52407836914062,39.546918869018555,101.83489990234375
749,7,79.55939483642578,156.40830993652344,29.09136199951172,100.03938293457031
750,9,27.370161056518555,169.58761596679688,39.23813056945801,101.11865234375
750,7,78.24702453613281,156.2638702392578,28.097862243652344,100.34602355957031
750,11,319.1588439941406,132.7442169189453,19.04302978515625,81.25871276855469
751,9,25.385337829589844,169.19656372070312,37.78950881958008,100.5474853515625
751,7,76.83872985839844,156.9405975341797,28.01800537109375,98.9676513671875
751,11,318.9170227050781,132.8188018798828,18.944091796875,81.21482849121094
752,9,23.343387603759766,168.3950958251953,36.22846984863281,101.01893615722656
752,7,75.11186981201172,156.92100524902344,28.856948852539062,99.24137878417969
753,9,21.6160888671875,167.6764373779297,34.63944625854492,101.54948425292969
753,7,71.48477172851562,157.35418701171875,32.525047302246094,97.97898864746094
754,9,20.017911911010742,167.3986358642578,33.157846450805664,101.76573181152344
754,7,66.90277862548828,156.9770050048828,36.8419189453125,98.0888671875
755,9,17.752206802368164,167.2594757080078,35.006269454956055,101.61201477050781
755,7,64.71009826660156,156.885009765625,39.630767822265625,98.064697265625
755,11,318.9449768066406,132.83924865722656,19.06365966796875,80.47021484375
756,9,16.64162254333496,167.73052978515625,38.271005630493164,101.218994140625
756,7,64.2956771850586,157.84771728515625,40.275733947753906,97.30964660644531
757,9,15.12382984161377,167.03054809570312,40.0285062789917,101.90298461914062
757,7,64.65953826904297,157.4770050048828,39.23301696777344,97.94587707519531
758,9,13.900788307189941,166.7522430419922,40.934481620788574,102.76664733886719
758,7,63.228736877441406,157.0966339111328,38.74971008300781,98.21653747558594
759,9,12.649107933044434,167.99661254882812,41.481804847717285,100.1424560546875
759,7,61.99319839477539,156.9852294921875,37.41701126098633,97.75767517089844
760,9,10.945444107055664,168.10861206054688,42.016530990600586,100.54055786132812
760,7,59.765499114990234,156.5295867919922,36.87746810913086,98.01181030273438
761,9,9.569506645202637,167.47842407226562,41.20240879058838,100.74227905273438
761,7,57.56689453125,156.2863006591797,34.81226348876953,97.58987426757812
762,9,8.900884628295898,167.5161590576172,40.356454849243164,98.08714294433594
762,7,54.97992706298828,156.26519775390625,31.126495361328125,96.80732727050781
763,9,7.914300441741943,167.3690948486328,39.6880784034729,94.17024230957031
763,7,51.100181579589844,156.35507202148438,32.249908447265625,96.67802429199219
764,9,6.41774320602417,166.5692138671875,37.76656770706177,98.56820678710938
764,7,49.18330383300781,156.27200317382812,32.62395477294922,96.59812927246094
765,9,5.726257801055908,165.76565551757812,35.36328077316284,98.3909912109375
765,7,47.11500930786133,155.957275390625,32.149967193603516,97.64253234863281
766,9,5.1036248207092285,165.4873046875,31.119760036468506,98.49749755859375
766,7,44.93211364746094,155.84202575683594,33.56575012207031,97.70350646972656
767,7,43.50096893310547,156.40966796875,34.966033935546875,96.60911560058594
767,9,3.992008686065674,165.41006469726562,28.496554851531982,97.82550048828125
768,7,41.21430587768555,156.7765655517578,37.2471809387207,95.9638671875
768,9,2.017925262451172,166.04458618164062,28.977458953857422,96.32528686523438
769,7,40.21653747558594,156.45101928710938,37.396568298339844,95.56599426269531
769,9,1.2111719846725464,166.03204345703125,29.69665539264679,95.77700805664062
770,7,39.53297805786133,156.18768310546875,36.39273452758789,95.71244812011719
770,9,0.21062983572483063,166.79295349121094,30.387817963957787,95.08882141113281
771,7,38.90349197387695,155.8868408203125,35.5433464050293,96.48965454101562
771,9,0.026156213134527206,166.58018493652344,30.932000372558832,94.95332336425781
772,7,37.493099212646484,155.4176788330078,31.554462432861328,94.15066528320312
772,9,0.0,166.61874389648438,30.282751083374023,95.1539306640625
773,9,0.0,166.8686065673828,29.847307205200195,94.64457702636719
773,7,36.540435791015625,154.9875030517578,29.799713134765625,94.02069091796875
774,9,0.0,167.0452423095703,28.828516006469727,94.33134460449219
774,7,35.78240203857422,154.7029571533203,28.46796417236328,93.56986999511719
775,7,34.673126220703125,154.80059814453125,28.77432632446289,93.85603332519531
775,9,0.0,166.70538330078125,28.753555297851562,93.98287963867188
776,7,33.768253326416016,154.70745849609375,28.332008361816406,94.14016723632812
776,9,0.0,166.27572631835938,27.57120704650879,93.70318603515625
777,7,33.118560791015625,155.02723693847656,28.133014678955078,93.17008972167969
777,9,0.008026969619095325,166.52182006835938,24.29616843443364,92.44100952148438
778,7,31.77463722229004,154.83518981933594,28.83051872253418,92.59852600097656
778,9,0.0,167.21263122558594,21.063241958618164,90.98564147949219
779,7,30.932727813720703,154.40817260742188,29.74776840209961,93.31101989746094
779,9,0.0,169.35531616210938,17.566020965576172,88.51065063476562
780,7,29.45506477355957,154.1186065673828,31.480886459350586,93.83271789550781
780,9,0.0,173.81492614746094,16.021453857421875,84.42424011230469
781,7,28.20352554321289,154.72068786621094,32.40850830078125,93.52713012695312
781,9,0.0,172.14804077148438,15.180978775024414,85.80691528320312
781,11,320.3688049316406,129.25680541992188,18.564544677734375,67.16270446777344
782,7,27.012435913085938,154.69351196289062,34.4905891418457,93.18736267089844
782,9,0.0,172.3837127685547,15.145393371582031,86.12672424316406
782,11,320.1614685058594,131.96543884277344,18.937744140625,68.03353881835938
783,7,25.758275985717773,154.435302734375,33.827444076538086,93.60414123535156
783,9,0.0,172.11663818359375,16.043136596679688,86.61029052734375
783,11,319.55908203125,131.93707275390625,18.734283447265625,70.97169494628906
784,7,24.13734245300293,154.54432678222656,32.87283515930176,92.63020324707031
784,9,0.06482929736375809,173.7557373046875,16.72969203442335,86.24932861328125
784,11,319.453125,133.10507202148438,18.564178466796875,67.54542541503906
785,7,23.110374450683594,154.28976440429688,33.169010162353516,92.41073608398438
785,9,0.027996815741062164,174.77833557128906,16.437630854547024,84.95655822753906
785,11,318.51873779296875,132.75396728515625,19.39703369140625,74.90364074707031
786,7,20.552886962890625,153.95664978027344,34.09002685546875,91.80891418457031
786,9,0.0,175.9647674560547,15.827010154724121,83.18595886230469
786,11,318.90679931640625,135.590576171875,15.80560302734375,36.84136962890625
787,7,18.015384674072266,153.40126037597656,33.77033615112305,91.98545837402344
787,9,0.006959343329071999,175.4902801513672,13.65796241723001,83.25007629394531
788,7,16.747024536132812,152.7568817138672,31.744068145751953,93.25517272949219
788,9,0.0,172.1058349609375,13.351658821105957,85.35455322265625
789,7,14.704977989196777,153.10096740722656,33.78905200958252,92.47593688964844
790,7,13.206827163696289,153.34152221679688,34.91627311706543,92.43089294433594
791,7,11.966105461120605,152.75794982910156,35.88163089752197,92.77241516113281
792,7,10.625269889831543,152.54330444335938,33.353238105773926,91.91867065429688
793,7,9.388849258422852,152.5218963623047,34.99764060974121,91.07481384277344
794,7,8.664804458618164,152.60910034179688,37.13910102844238,91.94271850585938
795,7,8.069182395935059,152.41188049316406,35.10099124908447,91.67607116699219
796,7,7.967732906341553,152.10220336914062,31.516127109527588,91.11430358886719
797,7,8.35941219329834,151.65533447265625,29.927247047424316,90.25202941894531
798,7,8.517465591430664,151.76657104492188,27.2163028717041,88.97630310058594
799,7,8.555072784423828,151.81216430664062,26.16053009033203,88.37710571289062
800,7,7.864128112792969,151.98329162597656,25.515583038330078,88.0494384765625
801,7,7.453215599060059,152.14498901367188,25.360440254211426,87.85585021972656
802,7,6.736148357391357,152.02931213378906,25.57046937942505,87.99668884277344
803,7,6.048183441162109,151.93077087402344,25.614416122436523,88.07853698730469
804,7,5.313221454620361,152.07188415527344,26.152793407440186,87.73652648925781
805,7,4.497282981872559,151.94163513183594,26.767664909362793,87.15489196777344
806,7,3.039821147918701,151.8832550048828,28.302429676055908,87.76535034179688
807,7,1.4963366985321045,152.14895629882812,31.243359804153442,87.21058654785156
808,7,0.9925572276115417,151.96298217773438,31.783012688159943,87.53515625
809,7,0.3525897264480591,152.25816345214844,32.08574187755585,87.18331909179688
810,7,0.576772153377533,152.48382568359375,29.79043060541153,85.77226257324219
811,7,0.21355591714382172,151.99557495117188,27.260916128754616,85.81111145019531
812,7,0.0,151.9182586669922,26.165281295776367,85.02909851074219
813,7,0.0,151.52099609375,24.801755905151367,85.15007019042969
814,7,0.006863677874207497,151.29457092285156,24.930218612775207,85.72181701660156
815,7,0.0,151.7816925048828,24.613265991210938,85.18644714355469
816,7,0.0,151.86952209472656,23.128259658813477,84.59013366699219
817,7,0.0,152.1300048828125,23.565832138061523,84.373779296875
818,7,0.0,151.6315155029297,22.85934066772461,84.89591979980469
819,7,0.0,151.57952880859375,22.09902000427246,85.08505249023438
820,7,0.0,152.84963989257812,20.56708526611328,83.65971374511719
821,7,0.0,151.45774841308594,19.461036682128906,85.08157348632812
822,7,0.05622386559844017,152.22003173828125,18.16094494238496,82.34245300292969
823,7,0.05358987674117088,152.2222137451172,15.590139333158731,81.15049743652344
824,7,0.0,153.56289672851562,13.825862884521484,76.19447326660156
825,7,0.0,153.07955932617188,12.201217651367188,79.64431762695312
826,7,0.0,153.3703155517578,11.605294227600098,77.50917053222656
827,7,0.0,155.26956176757812,11.296690940856934,77.26310729980469
828,7,0.0,156.23179626464844,11.064830780029297,74.71772766113281
829,7,0.0,157.55108642578125,11.20095443725586,73.52976989746094
831,7,0.0,161.83311462402344,11.031119346618652,69.74107360839844
839,10,669.3948364257812,220.53302001953125,53.162353515625,50.39874267578125
839,12,445.0523681640625,157.37217712402344,12.040771484375,68.44525146484375
840,12,444.94989013671875,158.53579711914062,12.54266357421875,69.3526611328125
841,12,444.08782958984375,158.15298461914062,13.04095458984375,79.91485595703125
842,12,442.2662048339844,158.54885864257812,12.817169189453125,82.8465576171875
843,12,441.91912841796875,158.3743133544922,12.957672119140625,83.09602355957031
844,12,441.0395202636719,160.5972137451172,14.26849365234375,82.71502685546875
