0,1,779.1507568359375,267.17645263671875,76.0169677734375,181.5751953125
1,1,778.8115844726562,266.1820068359375,72.7642822265625,179.67190551757812
1,2,839.1463623046875,295.9971618652344,16.51678466796875,138.50082397460938
2,1,778.89208984375,264.9649963378906,65.9727783203125,178.2913818359375
3,1,779.054443359375,263.4515686035156,63.51409912109375,178.26486206054688
3,2,825.486572265625,276.2907409667969,29.60748291015625,151.22506713867188
4,1,774.6170654296875,263.31842041015625,63.39508056640625,176.25625610351562
4,2,824.7189331054688,269.2070617675781,30.57196044921875,162.52542114257812
5,1,757.8846435546875,262.8537902832031,74.940185546875,175.59439086914062
5,2,821.1773071289062,261.7763977050781,34.67803955078125,170.75564575195312
6,1,742.1592407226562,262.5643310546875,82.1217041015625,174.84808349609375
6,2,828.307861328125,262.7453308105469,27.33740234375,172.17074584960938
7,1,728.7506713867188,262.521728515625,90.89190673828125,174.97161865234375
7,2,824.1880493164062,262.77972412109375,31.14764404296875,171.57025146484375
8,1,720.6898803710938,262.65374755859375,98.85772705078125,174.703857421875
8,2,821.4031982421875,261.9538879394531,34.22247314453125,171.80728149414062
9,1,717.3474731445312,264.0121765136719,100.66009521484375,172.76739501953125
9,2,815.7017211914062,259.72882080078125,39.93450927734375,174.67550659179688
10,1,717.1043090820312,263.66656494140625,94.90277099609375,173.02328491210938
10,2,798.1145629882812,257.1488037109375,57.33892822265625,176.68951416015625
11,1,715.7257690429688,261.2087707519531,87.12933349609375,174.49136352539062
11,2,790.1752319335938,256.0716857910156,58.9830322265625,172.5196533203125
11,3,829.3508911132812,263.2889099121094,26.2005615234375,148.059814453125
12,1,716.2451782226562,258.14971923828125,80.37017822265625,175.67373657226562
12,2,786.3555908203125,253.69773864746094,54.83966064453125,170.8017120361328
12,3,826.1953735351562,258.5816650390625,29.24261474609375,146.31118774414062
13,1,715.4844970703125,257.0755310058594,72.86944580078125,175.22067260742188
13,3,832.3450927734375,233.4698028564453,22.97015380859375,177.44142150878906
13,2,777.433837890625,253.97952270507812,59.71453857421875,166.40322875976562
14,3,828.659423828125,233.09765625,26.55084228515625,176.90447998046875
14,1,714.7509155273438,255.3339080810547,64.08587646484375,175.5050811767578
14,2,776.41748046875,252.0035400390625,54.093505859375,165.6422119140625
15,3,812.5540771484375,230.0360107421875,43.30029296875,174.98480224609375
15,1,715.3439331054688,254.93936157226562,56.70086669921875,176.6534423828125
15,2,770.3375244140625,250.40737915039062,54.98199462890625,165.71493530273438
16,1,716.3837890625,253.087646484375,59.77655029296875,177.7459716796875
16,3,811.3796997070312,229.84246826171875,44.26519775390625,174.76336669921875
16,2,762.375732421875,249.23269653320312,57.394287109375,167.51959228515625
17,1,711.2423706054688,253.4680633544922,62.68878173828125,177.5308380126953
17,3,809.5146484375,227.33982849121094,46.1060791015625,176.1699981689453
17,2,746.6908569335938,249.6629180908203,71.5528564453125,165.32225036621094
18,1,695.3309326171875,253.08111572265625,68.7845458984375,177.5692138671875
18,3,811.1945190429688,226.7975311279297,43.42437744140625,176.5360870361328
18,2,741.5802001953125,250.70269775390625,70.6517333984375,164.91323852539062
19,1,680.0453491210938,253.21426391601562,79.76873779296875,177.05325317382812
19,3,806.3898315429688,227.2292938232422,46.91571044921875,175.97401428222656
19,2,739.2470092773438,251.2021484375,67.24530029296875,165.39224243164062
20,1,669.53662109375,252.90182495117188,85.01849365234375,177.44796752929688
20,3,805.9342651367188,227.17787170410156,47.47698974609375,175.29896545410156
20,2,736.5545654296875,250.6157989501953,67.5982666015625,166.05836486816406
21,1,664.1705322265625,252.5784454345703,86.662841796875,177.46607971191406
21,3,792.7404174804688,227.03831481933594,53.82928466796875,175.2572784423828
21,2,734.0674438476562,250.4982452392578,68.56976318359375,163.9217987060547
22,1,661.8158569335938,252.34548950195312,81.74127197265625,177.31768798828125
22,3,775.4003295898438,227.55029296875,69.251708984375,175.33001708984375
22,2,731.8251342773438,248.81259155273438,67.5155029296875,164.5396728515625
23,1,659.8746337890625,251.5685577392578,81.0645751953125,177.49256896972656
23,3,779.3338012695312,225.56983947753906,62.7861328125,176.2895965576172
23,2,728.4190673828125,248.32115173339844,66.67047119140625,163.7081756591797
24,1,658.4780883789062,250.5878143310547,80.06207275390625,176.06492614746094
24,3,772.5335083007812,224.7079620361328,67.81201171875,176.89308166503906
24,2,725.3284912109375,246.9925079345703,62.89105224609375,163.7548065185547
25,1,659.1168823242188,249.0245819091797,74.50421142578125,175.7367706298828
25,3,767.4666137695312,223.75599670410156,69.9710693359375,176.6155548095703
25,2,719.917236328125,245.17739868164062,61.30999755859375,162.16641235351562
26,1,658.6632690429688,247.6964874267578,67.5521240234375,174.69761657714844
26,3,762.5775146484375,222.36473083496094,70.8153076171875,177.62294006347656
26,2,718.5077514648438,243.55528259277344,53.3326416015625,160.57237243652344
27,1,658.2329711914062,246.8210906982422,61.427734375,173.26377868652344
27,3,763.3438720703125,221.1661376953125,62.8262939453125,178.36978149414062
27,2,717.34912109375,242.469970703125,54.9154052734375,161.28143310546875
28,1,657.2191772460938,245.27342224121094,61.6387939453125,170.24485778808594
28,3,761.3818359375,219.55274963378906,57.3173828125,176.3445587158203
28,2,713.9344482421875,241.32241821289062,54.2803955078125,162.62857055664062
29,3,760.5420532226562,217.86477661132812,51.0198974609375,175.59014892578125
29,1,654.2890625,243.46603393554688,59.25286865234375,170.52938842773438
29,2,709.0285034179688,241.25660705566406,53.5235595703125,162.54249572753906
30,1,648.1864624023438,242.40805053710938,59.26953125,171.065185546875
30,3,760.5201416015625,219.17449951171875,46.0887451171875,172.93887329101562
30,2,697.3558349609375,240.7703399658203,63.44964599609375,163.5509796142578
31,1,631.9765625,241.42660522460938,73.358642578125,170.954833984375
31,3,757.5120239257812,218.2529296875,45.87451171875,172.9681396484375
31,2,686.9112548828125,240.10914611816406,65.0845947265625,164.2077178955078
32,1,619.1531372070312,241.88938903808594,76.8656005859375,170.02928161621094
32,3,748.5680541992188,217.99374389648438,50.20147705078125,170.81527709960938
32,2,684.3895263671875,240.5166473388672,65.9036865234375,163.9091339111328
33,1,608.3570556640625,242.6223907470703,86.3438720703125,169.50123596191406
33,2,682.9087524414062,241.20372009277344,64.95623779296875,163.3592071533203
33,3,743.0579833984375,217.22325134277344,51.80621337890625,169.6123504638672
34,3,738.1242065429688,215.04803466796875,55.0426025390625,171.07559204101562
34,1,603.2332153320312,242.57730102539062,86.06024169921875,170.06271362304688
34,2,681.3414306640625,240.96128845214844,64.8779296875,162.5496368408203
35,3,725.568603515625,217.94847106933594,65.98040771484375,167.87171936035156
35,1,602.2715454101562,242.481689453125,81.18792724609375,169.22991943359375
35,2,677.7689208984375,238.60943603515625,60.81512451171875,164.31982421875
36,3,720.9690551757812,217.9833526611328,70.20452880859375,168.01853942871094
36,1,602.1098022460938,241.00076293945312,78.2713623046875,168.8319091796875
36,2,673.6168823242188,237.42861938476562,60.2637939453125,163.35263061523438
37,3,713.1123046875,218.32025146484375,75.50408935546875,171.22698974609375
37,1,601.7334594726562,240.03567504882812,75.77874755859375,168.25213623046875
37,2,672.6485595703125,235.39938354492188,56.82958984375,162.85354614257812
38,3,715.2457885742188,216.5943603515625,70.37420654296875,168.05935668945312
38,1,601.94384765625,239.43128967285156,67.04296875,165.6210174560547
38,2,671.16015625,234.6945343017578,52.10675048828125,162.43263244628906
39,3,707.3543701171875,216.38563537597656,73.476806640625,166.51112365722656
39,2,670.8656005859375,233.88804626464844,51.9427490234375,159.68016052246094
39,1,602.0435180664062,238.46575927734375,60.44952392578125,164.6334228515625
40,3,702.5548095703125,216.0788116455078,72.8397216796875,166.48927307128906
40,1,601.8685302734375,236.17724609375,52.02203369140625,166.52621459960938
40,2,666.3793334960938,232.52308654785156,47.54473876953125,159.30015563964844
41,3,702.1126708984375,214.673828125,67.51995849609375,165.52651977539062
41,1,596.8297119140625,235.544677734375,53.48114013671875,166.28549194335938
41,2,661.360595703125,230.8283233642578,48.10882568359375,159.5333709716797
42,2,651.5444946289062,231.21749877929688,56.83251953125,158.26690673828125
42,3,702.4850463867188,214.26541137695312,56.86871337890625,165.05484008789062
42,1,590.6376953125,234.86248779296875,60.46429443359375,167.3011474609375
43,2,638.4152221679688,232.32696533203125,66.08563232421875,155.87326049804688
43,1,583.9251098632812,236.20545959472656,63.860107421875,166.3168487548828
43,3,703.6009521484375,213.1016845703125,46.70819091796875,165.82220458984375
44,3,703.7085571289062,211.06976318359375,43.09210205078125,167.45660400390625
44,2,627.9669189453125,232.78073120117188,70.60430908203125,155.38955688476562
44,1,576.36767578125,235.61956787109375,66.592041015625,166.20721435546875
45,1,567.9304809570312,236.204345703125,70.83428955078125,165.793212890625
45,2,622.9486694335938,234.3249969482422,73.90106201171875,154.01551818847656
45,3,702.149169921875,210.0695037841797,40.78607177734375,168.37559509277344
46,1,560.9955444335938,236.41989135742188,73.2860107421875,165.21243286132812
46,2,620.2623901367188,233.47726440429688,74.12823486328125,154.55612182617188
46,3,698.7125854492188,209.96383666992188,38.46490478515625,168.38681030273438
47,1,558.43212890625,236.3543701171875,72.9788818359375,164.97225952148438
47,3,688.5513305664062,208.7349395751953,46.6358642578125,168.9952850341797
47,2,618.5831909179688,232.8718719482422,75.418212890625,153.8582305908203
48,1,556.6406860351562,235.4163818359375,70.32720947265625,165.50582885742188
48,3,673.5997314453125,209.91604614257812,59.965087890625,168.00198364257812
48,2,617.6188354492188,232.6892547607422,74.658935546875,153.12379455566406
49,1,555.599853515625,233.67588806152344,68.4609375,166.08299255371094
49,3,668.0659790039062,210.19081115722656,64.37420654296875,169.36085510253906
49,2,616.0106811523438,232.367919921875,71.35980224609375,150.89486694335938
50,1,553.9439697265625,233.14065551757812,66.94683837890625,164.54052734375
50,3,661.0472412109375,210.8306427001953,69.23077392578125,167.35011291503906
50,2,615.163330078125,232.36537170410156,66.60638427734375,149.5903778076172
51,1,552.1000366210938,231.88414001464844,61.857177734375,163.7069549560547
51,3,659.8717041015625,211.33363342285156,69.6591796875,166.2821807861328
51,2,615.106201171875,230.68490600585938,60.65484619140625,150.5633544921875
52,3,659.548583984375,210.31564331054688,68.218505859375,167.05615234375
52,1,550.1943359375,229.79603576660156,57.83624267578125,163.05238342285156
52,2,616.1144409179688,228.5633087158203,49.46807861328125,151.72792053222656
53,3,651.3516235351562,208.76063537597656,71.924072265625,167.26832580566406
53,1,548.2872314453125,227.66241455078125,58.097412109375,160.550537109375
53,2,614.67919921875,226.85450744628906,50.88330078125,153.1075897216797
54,3,649.7223510742188,207.49412536621094,67.16644287109375,167.55162048339844
54,1,546.8411865234375,226.5797119140625,55.34820556640625,157.83258056640625
54,2,607.1552124023438,227.8951873779297,49.41204833984375,151.76197814941406
55,1,546.435546875,225.27536010742188,53.94671630859375,158.8565673828125
55,3,650.9227905273438,206.43045043945312,59.00787353515625,165.75991821289062
55,2,602.515380859375,227.22195434570312,47.7662353515625,152.84326171875
56,3,651.6715698242188,205.6731719970703,51.6676025390625,164.92079162597656
56,1,542.3627319335938,225.50714111328125,52.7890625,157.52688598632812
56,2,598.3056640625,225.79046630859375,48.208251953125,154.35235595703125
57,3,650.9107666015625,205.05982971191406,45.1722412109375,164.0391082763672
57,1,530.5222778320312,225.92604064941406,61.26275634765625,157.4932098388672
57,2,592.7589721679688,226.12181091308594,50.62640380859375,154.66844177246094
58,1,522.319091796875,225.0229034423828,67.44879150390625,158.25071716308594
58,3,648.8690795898438,204.2364501953125,44.77069091796875,163.43896484375
58,2,586.2725830078125,226.00392150878906,55.18890380859375,154.7619171142578
59,3,636.9575805664062,201.3779296875,48.588134765625,162.9111328125
59,1,511.49639892578125,224.47451782226562,69.9764404296875,159.38613891601562
59,2,576.960205078125,225.62371826171875,63.37213134765625,154.50640869140625
60,1,511.1665954589844,224.94549560546875,67.85574340820312,158.59140014648438
60,3,632.891357421875,202.5901336669922,51.6358642578125,161.2844696044922
60,2,574.8206787109375,224.47373962402344,64.43988037109375,156.09898376464844
61,1,510.853759765625,223.87258911132812,66.3533935546875,158.56222534179688
61,2,573.3340454101562,223.89544677734375,64.679443359375,155.76712036132812
61,3,625.155517578125,203.4921417236328,57.297119140625,160.09483337402344
62,1,510.9364318847656,223.12461853027344,63.646453857421875,158.19789123535156
62,2,571.6456298828125,221.61538696289062,64.2861328125,157.03848266601562
62,3,617.9231567382812,203.5630340576172,63.4671630859375,160.4152069091797
63,3,609.6636352539062,203.4605255126953,70.45172119140625,160.88645935058594
63,1,511.2991638183594,222.92193603515625,58.708709716796875,156.11465454101562
63,2,571.5691528320312,220.40567016601562,60.49267578125,157.46511840820312
64,1,511.4475402832031,221.17822265625,52.319000244140625,154.35147094726562
64,3,613.7467651367188,203.43577575683594,64.49462890625,161.2703094482422
64,2,571.0726318359375,220.51976013183594,56.854248046875,156.08546447753906
65,3,606.9537963867188,204.87283325195312,70.2470703125,167.75576782226562
65,1,509.9613342285156,220.5207977294922,48.327239990234375,151.5945281982422
65,2,569.43408203125,219.9417266845703,51.22161865234375,152.8470001220703
65,4,369.81976318359375,144.56063842773438,15.5089111328125,75.0355224609375
66,1,504.66015625,218.8972930908203,50.05828857421875,152.76478576660156
66,3,609.2352294921875,203.20262145996094,64.3592529296875,158.51341247558594
66,2,569.6637573242188,218.8135528564453,45.06353759765625,154.58644104003906
66,4,369.275634765625,144.59030151367188,16.348358154296875,75.52462768554688
67,1,499.4734802246094,218.92666625976562,52.388458251953125,152.97726440429688
67,2,566.52880859375,218.5072021484375,42.821533203125,151.19598388671875
67,3,603.6476440429688,202.78616333007812,66.340576171875,158.25277709960938
67,4,369.04278564453125,144.7882843017578,16.85943603515625,76.06831359863281
68,2,561.8261108398438,216.71298217773438,45.042724609375,152.51815795898438
68,3,601.1375122070312,201.3217315673828,62.80718994140625,159.3227081298828
68,1,494.4660949707031,217.9738006591797,52.939178466796875,153.97837829589844
68,4,368.45263671875,144.89537048339844,18.173065185546875,77.43936157226562
69,1,489.0776672363281,217.50430297851562,55.186431884765625,153.79690551757812
69,3,601.0877685546875,201.81271362304688,55.37750244140625,158.6312255859375
69,2,558.1517944335938,216.15931701660156,44.54962158203125,151.9355926513672
69,4,367.9913330078125,145.0725860595703,18.438629150390625,78.53315734863281
70,1,483.9169006347656,218.4418182373047,59.561309814453125,152.8946990966797
70,3,600.0322265625,200.5983428955078,49.10028076171875,158.6852264404297
70,2,550.0379638671875,217.27418518066406,50.6820068359375,150.0746612548828
70,4,367.9942321777344,145.7454833984375,17.964111328125,79.05415344238281
71,1,479.5614318847656,219.29234313964844,61.424896240234375,152.06553649902344
71,3,599.7281494140625,198.8611602783203,42.2349853515625,160.7319793701172
71,2,537.6959838867188,217.95310974121094,60.964111328125,149.3000030517578
71,4,368.44580078125,145.90914916992188,17.67633056640625,78.90095520019531
72,1,476.6766662597656,219.1563720703125,62.635406494140625,151.96319580078125
72,3,597.92041015625,198.12689208984375,42.43743896484375,161.51376342773438
72,2,529.4857177734375,218.22764587402344,70.4085693359375,149.2982940673828
72,4,368.59039306640625,146.49676513671875,17.9068603515625,77.79119873046875
73,1,472.4480285644531,220.14816284179688,63.947357177734375,150.425537109375
73,3,595.4818115234375,198.77001953125,39.880859375,160.27996826171875
73,2,526.5177001953125,217.9167022705078,67.56982421875,149.5491180419922
73,4,368.4604187011719,146.17921447753906,17.520477294921875,80.73638916015625
74,1,468.62969970703125,217.4392852783203,62.38238525390625,153.45445251464844
74,3,592.1905517578125,197.91104125976562,39.207763671875,160.92453002929688
74,2,525.4353637695312,217.50479125976562,68.521728515625,150.36529541015625
74,4,368.351318359375,146.7571563720703,17.917144775390625,80.98757934570312
75,1,465.8817138671875,218.65313720703125,61.81536865234375,151.09127807617188
75,3,586.3273315429688,198.5233154296875,42.7027587890625,160.28378295898438
75,2,524.4727172851562,216.88189697265625,68.291015625,149.55438232421875
75,4,368.4824523925781,146.66163635253906,17.835601806640625,81.3388671875
76,1,463.9986572265625,217.18218994140625,61.40850830078125,151.46160888671875
76,3,580.1851196289062,198.1622772216797,48.7301025390625,160.45509338378906
76,2,518.7205810546875,216.2710723876953,70.58447265625,150.06248474121094
76,4,368.1852722167969,146.50607299804688,17.9832763671875,80.81965637207031
77,1,462.5871887207031,217.18067932128906,58.969757080078125,149.57603454589844
77,3,574.0445556640625,198.1457061767578,52.41168212890625,160.3827667236328
77,2,518.6759033203125,216.13250732421875,67.43511962890625,147.62985229492188
77,4,368.127685546875,146.85223388671875,17.69793701171875,79.89553833007812
78,1,461.8697814941406,216.64517211914062,54.131683349609375,145.92037963867188
78,3,567.6534423828125,198.3240203857422,59.41778564453125,160.80043029785156
78,2,519.7835083007812,214.94261169433594,61.4656982421875,147.06236267089844
78,4,368.0701599121094,146.56243896484375,17.461456298828125,80.79835510253906
79,3,565.9886474609375,198.10867309570312,59.97528076171875,160.47683715820312
79,2,518.7372436523438,214.60694885253906,53.3897705078125,144.8042449951172
79,1,458.96759033203125,213.0542449951172,54.94317626953125,144.5408172607422
79,4,367.6744689941406,146.7284698486328,17.4366455078125,80.849853515625
80,1,457.67596435546875,211.44024658203125,53.333160400390625,144.51983642578125
80,3,559.0068969726562,197.33383178710938,64.62884521484375,160.15042114257812
80,2,517.3588256835938,212.90029907226562,46.9354248046875,145.5316162109375
80,4,366.6662292480469,146.17138671875,18.34088134765625,81.40794372558594
81,3,559.316650390625,196.65260314941406,61.53863525390625,160.42652893066406
81,2,513.4423828125,211.35548400878906,43.6341552734375,147.1178741455078
81,1,456.831298828125,211.4535675048828,50.623779296875,143.9935760498047
81,4,365.3817443847656,146.32955932617188,19.4251708984375,79.97991943359375
82,3,558.0465698242188,195.42808532714844,59.23138427734375,161.0348663330078
82,2,508.0221862792969,211.65626525878906,47.822967529296875,147.0277557373047
82,1,455.9341125488281,211.49172973632812,48.353271484375,143.32943725585938
82,4,363.92974853515625,146.39491271972656,19.856536865234375,80.58004760742188
83,1,436.9558410644531,209.8890838623047,61.80792236328125,145.2764129638672
83,3,556.6934204101562,194.31613159179688,50.44525146484375,157.70501708984375
83,2,499.7329406738281,209.23402404785156,47.730987548828125,150.2265167236328
83,4,358.2496032714844,147.82420349121094,24.665069580078125,81.17591857910156
84,3,557.4605712890625,193.03863525390625,42.671142578125,156.44137573242188
84,1,430.0216369628906,210.16368103027344,65.92813110351562,145.12672424316406
84,4,354.5655822753906,148.84381103515625,27.628387451171875,79.99391174316406
84,2,496.2919616699219,211.2655029296875,47.657257080078125,147.57644653320312
85,1,426.62884521484375,210.2587890625,67.35885620117188,144.58511352539062
85,2,493.76904296875,210.03794860839844,49.56341552734375,148.43101501464844
85,3,555.4249267578125,192.7843475341797,42.63238525390625,154.5908966064453
85,4,353.4800720214844,149.2269744873047,27.275482177734375,80.35163879394531
86,2,490.5136413574219,209.13861083984375,52.742584228515625,148.99392700195312
86,1,425.5507507324219,208.7027130126953,67.16146850585938,145.5300750732422
86,3,551.7966918945312,192.20437622070312,43.18682861328125,154.62893676757812
86,4,352.5868835449219,149.16403198242188,28.145050048828125,81.37559509277344
87,2,487.7036437988281,208.4871368408203,55.548187255859375,149.2841339111328
87,1,425.5363464355469,208.6394805908203,65.44515991210938,145.3956756591797
87,3,547.1477661132812,192.06027221679688,44.37298583984375,154.12637329101562
87,4,352.2281188964844,149.65411376953125,27.64447021484375,80.9287109375
88,2,485.62371826171875,209.052001953125,55.82171630859375,148.09072875976562
88,1,426.0851745605469,209.8436737060547,62.785186767578125,142.7380828857422
88,3,541.2565307617188,192.67507934570312,49.17822265625,151.4742431640625
88,4,351.7699890136719,149.74366760253906,27.000946044921875,81.03579711914062
89,1,425.7810363769531,208.47317504882812,58.043792724609375,142.99386596679688
89,2,483.28765869140625,210.05258178710938,56.7686767578125,146.66864013671875
89,3,536.656005859375,193.0648651123047,50.14398193359375,150.55421447753906
89,4,351.5483093261719,149.93577575683594,26.516845703125,79.67095947265625
90,1,426.1611633300781,207.39292907714844,53.026947021484375,141.13002014160156
90,4,350.5425720214844,150.07945251464844,26.22772216796875,79.79202270507812
90,2,482.64459228515625,206.83473205566406,55.7412109375,148.35630798339844
90,3,530.0853271484375,193.03602600097656,54.03863525390625,150.40406799316406
91,1,425.1151123046875,204.8725128173828,47.034637451171875,141.78172302246094
91,3,521.18505859375,192.39981079101562,62.69818115234375,151.1357421875
91,2,482.3627014160156,207.12286376953125,47.562957763671875,145.55340576171875
91,4,349.5070495605469,149.52415466308594,24.811737060546875,80.92201232910156
92,3,517.740234375,192.29444885253906,66.0491943359375,151.2102508544922
92,1,421.00885009765625,204.44480895996094,45.257781982421875,140.5512237548828
92,2,482.6090087890625,205.9232177734375,45.85394287109375,143.53240966796875
92,4,347.8389587402344,149.7332000732422,23.437286376953125,80.73200988769531
93,3,515.5501708984375,192.60813903808594,67.3336181640625,151.11036682128906
93,1,415.3934631347656,203.54196166992188,46.603363037109375,141.78274536132812
93,2,480.28277587890625,204.9833221435547,46.542236328125,140.9042205810547
93,4,347.72705078125,150.10418701171875,22.7041015625,81.52047729492188
94,1,411.4278564453125,203.35305786132812,48.006256103515625,141.64804077148438
94,3,514.05126953125,192.25904846191406,67.501708984375,150.43968200683594
94,2,477.3241882324219,204.91433715820312,46.316253662109375,140.6060791015625
94,4,345.7732849121094,149.90733337402344,23.84356689453125,82.3231201171875
95,3,514.006103515625,192.31398010253906,66.680908203125,149.9355010986328
95,1,407.07733154296875,202.3105010986328,49.683441162109375,142.3895721435547
95,2,475.09130859375,203.33798217773438,42.7796630859375,140.51376342773438
95,4,344.566162109375,149.29879760742188,24.8062744140625,83.81845092773438
96,1,401.5562438964844,203.23455810546875,52.8779296875,141.55865478515625
96,4,345.5325012207031,148.66233825683594,22.92364501953125,85.44735717773438
96,3,513.9234008789062,191.27667236328125,63.8065185546875,148.93521118164062
96,2,468.7048034667969,203.66506958007812,47.788909912109375,139.7657470703125
97,1,398.8067932128906,204.0469970703125,53.05810546875,141.32437133789062
97,3,513.5698852539062,190.38851928710938,60.7041015625,148.49676513671875
97,2,456.6317138671875,204.5535888671875,57.14874267578125,138.9417724609375
97,4,344.31329345703125,149.9019775390625,23.507476806640625,83.88424682617188
98,1,394.79620361328125,203.9603729248047,54.7916259765625,141.67555236816406
98,3,513.4586791992188,189.5650634765625,56.4342041015625,148.01602172851562
98,2,450.7915344238281,204.8223419189453,63.618255615234375,138.8672332763672
98,4,341.7577819824219,148.98416137695312,24.1949462890625,85.01419067382812
99,1,392.3172912597656,204.2592010498047,54.86590576171875,141.0586395263672
99,3,513.3690795898438,187.90374755859375,51.13995361328125,148.15621948242188
99,2,449.1739196777344,205.2598114013672,62.09619140625,138.55885314941406
99,4,341.624267578125,151.1673583984375,23.329986572265625,82.57633972167969
100,1,390.267578125,203.55667114257812,53.36822509765625,141.52291870117188
100,3,512.8466796875,187.06849670410156,47.798095703125,147.9926300048828
100,2,449.5500793457031,205.30447387695312,58.8724365234375,138.37411499023438
101,1,387.79815673828125,203.68240356445312,53.062713623046875,140.16204833984375
101,3,512.6661987304688,186.88107299804688,41.3590087890625,148.04412841796875
101,2,449.0868835449219,205.39410400390625,57.496734619140625,136.7862548828125
102,1,384.89178466796875,202.9829864501953,54.312103271484375,138.75135803222656
102,3,511.28125,185.7566680908203,38.92822265625,149.76673889160156
102,2,448.7320861816406,205.48464965820312,55.579559326171875,135.30340576171875
103,1,384.19329833984375,201.39466857910156,50.491302490234375,139.3079376220703
103,3,509.03564453125,185.5396270751953,46.05487060546875,149.35963439941406
103,2,448.53167724609375,202.89903259277344,53.2432861328125,136.92652893066406
104,1,382.8756408691406,201.64454650878906,47.303466796875,135.5718536376953
104,2,449.0307922363281,193.59652709960938,49.285858154296875,145.01303100585938
104,3,506.5314636230469,185.08224487304688,48.072357177734375,149.3846435546875
105,1,381.7304382324219,200.5697479248047,45.659912109375,133.04969787597656
105,3,502.5658264160156,185.4165496826172,45.175872802734375,148.43711853027344
105,2,447.3648376464844,198.13999938964844,46.837066650390625,137.7334442138672
106,3,497.2202453613281,186.13880920410156,46.719451904296875,148.21473693847656
106,2,444.5648498535156,202.74244689941406,44.248138427734375,131.8751678466797
106,1,379.70709228515625,199.0304718017578,44.9683837890625,134.02256774902344
106,4,366.2114562988281,150.2957305908203,19.04705810546875,80.74075317382812
107,3,491.8041076660156,186.2322540283203,51.510345458984375,147.91319274902344
107,1,376.38043212890625,198.01712036132812,43.442138671875,132.53268432617188
107,2,437.2017822265625,199.26075744628906,41.224639892578125,134.43299865722656
107,4,365.0551452636719,150.160400390625,20.41436767578125,78.00375366210938
108,3,490.8050231933594,186.2130889892578,52.117523193359375,147.98793029785156
108,1,370.0168151855469,198.5176239013672,46.98638916015625,131.8061981201172
108,2,434.7964782714844,201.30531311035156,43.38067626953125,132.40782165527344
108,4,364.8949890136719,150.51112365722656,21.525146484375,79.33717346191406
109,3,490.0928955078125,185.6344451904297,49.92510986328125,148.21202087402344
109,1,362.85931396484375,201.25021362304688,52.32177734375,128.879638671875
109,2,431.3395690917969,203.18228149414062,44.24395751953125,130.5068359375
109,4,364.25885009765625,150.83877563476562,21.919921875,74.08616638183594
110,3,490.10711669921875,184.5392303466797,46.93951416015625,149.0968475341797
110,1,358.0663757324219,200.14212036132812,55.114654541015625,129.99740600585938
110,2,428.119384765625,200.0198211669922,49.000946044921875,133.7869415283203
110,4,363.5179748535156,152.62802124023438,22.499786376953125,72.2056884765625
111,3,489.69464111328125,184.1630401611328,46.808349609375,147.88282775878906
111,1,355.6283264160156,200.1619873046875,55.51702880859375,129.82284545898438
111,2,425.9161071777344,199.98362731933594,50.443450927734375,133.5860137939453
112,3,488.1574401855469,182.3547821044922,44.694183349609375,148.32838439941406
112,1,356.1500549316406,198.34298706054688,52.872222900390625,131.57943725585938
112,2,421.7285461425781,197.7983856201172,54.7275390625,136.2290496826172
113,3,487.20208740234375,182.38543701171875,41.776123046875,146.66818237304688
113,1,356.5771789550781,196.32875061035156,51.218475341796875,133.0165252685547
113,2,419.7226867675781,197.04124450683594,52.799591064453125,136.75889587402344
114,3,485.030029296875,182.93873596191406,42.1478271484375,145.06861877441406
114,1,355.1419982910156,195.97576904296875,50.8533935546875,132.81546020507812
114,2,418.0616760253906,197.50674438476562,52.5849609375,135.1112060546875
115,1,354.51898193359375,195.8998260498047,45.79608154296875,131.9154815673828
115,2,416.8262939453125,197.01992797851562,49.799285888671875,134.0634765625
115,3,483.248779296875,182.4256591796875,41.07373046875,144.7413330078125
115,4,363.20306396484375,153.91876220703125,22.07489013671875,53.76649475097656
116,1,353.93914794921875,194.04232788085938,42.380889892578125,131.05868530273438
116,3,481.3008728027344,183.791748046875,37.351165771484375,143.23464965820312
116,2,415.78790283203125,196.1156463623047,52.1463623046875,134.0730743408203
116,4,364.9097595214844,153.9271697998047,19.97222900390625,53.42759704589844
117,3,478.7078857421875,184.26951599121094,38.0675048828125,142.33375549316406
117,1,351.1738586425781,193.06129455566406,41.3685302734375,130.1365203857422
117,2,416.63629150390625,194.6826171875,48.85711669921875,133.20443725585938
117,4,364.87261962890625,153.42388916015625,19.99334716796875,53.50935363769531
118,1,347.13470458984375,192.00303649902344,43.80010986328125,130.07237243652344
118,3,471.9632568359375,184.36656188964844,44.726318359375,140.60850524902344
118,2,416.41461181640625,194.0386199951172,46.07476806640625,130.61021423339844
118,4,364.5583801269531,153.61398315429688,20.428131103515625,56.52296447753906
119,1,343.80267333984375,190.80560302734375,46.215576171875,130.8048095703125
119,3,464.42877197265625,180.85079956054688,51.28802490234375,143.05081176757812
119,2,415.30230712890625,192.6892547607422,46.3955078125,130.1638946533203
119,4,365.95733642578125,153.47801208496094,19.365264892578125,58.55342102050781
120,3,459.0165710449219,182.21778869628906,57.576934814453125,141.73414611816406
120,1,340.35943603515625,190.3903350830078,48.342193603515625,131.65357971191406
120,2,414.3312683105469,192.51446533203125,44.10992431640625,129.13070678710938
121,1,338.0450744628906,189.71725463867188,49.28472900390625,132.5455322265625
121,2,412.91180419921875,192.45858764648438,42.20947265625,128.97357177734375
121,3,456.15985107421875,182.65077209472656,61.01922607421875,140.71717834472656
122,1,335.6546630859375,191.2451934814453,49.821746826171875,131.17259216308594
122,2,408.68365478515625,192.42347717285156,46.62115478515625,129.0975799560547
122,3,455.0224609375,183.28475952148438,60.85540771484375,140.25167846679688
123,3,454.65814208984375,183.15225219726562,59.09124755859375,140.5694580078125
123,1,333.25732421875,191.86581420898438,51.76910400390625,129.97930908203125
123,2,404.6912841796875,192.39950561523438,50.628692626953125,129.18768310546875
124,1,330.8459167480469,191.72496032714844,54.340179443359375,130.52915954589844
124,3,454.09210205078125,181.56243896484375,59.29638671875,141.29434204101562
124,2,402.83612060546875,194.69386291503906,52.1300048828125,126.86238098144531
125,1,329.62274169921875,192.0676727294922,54.495941162109375,131.02357482910156
125,3,454.28662109375,182.10934448242188,58.35577392578125,140.75872802734375
125,2,404.5819396972656,192.70785522460938,48.142578125,128.96536254882812
126,3,454.7124938964844,181.6142578125,56.651885986328125,140.721923828125
126,1,328.844970703125,191.23338317871094,54.76776123046875,131.2873992919922
126,2,406.9400329589844,193.2545928955078,44.056854248046875,127.97709655761719
127,1,329.2405700683594,191.74880981445312,53.789459228515625,129.3280029296875
127,3,453.9615173339844,181.63784790039062,55.959747314453125,140.7984619140625
127,2,406.9906005859375,192.6211700439453,42.66522216796875,127.48023986816406
127,4,364.63677978515625,155.77645874023438,20.377044677734375,63.117950439453125
128,1,329.41229248046875,190.7328338623047,50.94122314453125,128.4033966064453
128,3,453.0086364746094,181.62994384765625,54.518798828125,140.6669921875
128,2,405.4673767089844,192.6617889404297,43.47430419921875,125.92076110839844
128,4,363.804931640625,155.83058166503906,21.47894287109375,65.36154174804688
129,1,330.3632507324219,188.92994689941406,46.702545166015625,126.69764709472656
129,3,452.8240661621094,182.6296844482422,51.30010986328125,139.4502716064453
129,2,405.30072021484375,195.11451721191406,41.56512451171875,122.25608825683594
129,4,362.9559326171875,156.0359649658203,21.498779296875,66.5343017578125
130,1,331.1213684082031,187.32057189941406,44.453582763671875,126.02064514160156
130,3,451.29583740234375,181.43963623046875,47.180419921875,139.94381713867188
130,2,404.6295471191406,190.62242126464844,41.560211181640625,124.26206970214844
131,3,447.5302734375,181.71253967285156,40.742828369140625,139.7171173095703
131,1,331.7764587402344,185.35501098632812,41.96795654296875,123.27447509765625
131,2,401.69573974609375,189.8285675048828,41.34185791015625,119.89216613769531
132,1,331.4110412597656,185.44703674316406,41.44256591796875,121.73625183105469
132,3,446.3341979980469,179.6605682373047,36.725189208984375,141.55848693847656
132,2,399.2056884765625,189.2245330810547,43.6837158203125,119.58970642089844
133,1,330.60028076171875,185.28543090820312,42.500640869140625,122.69708251953125
133,2,398.33819580078125,188.77386474609375,44.627716064453125,119.31948852539062
133,3,445.195068359375,179.47250366210938,36.7938232421875,141.55181884765625
134,1,329.5394287109375,185.18768310546875,43.332061767578125,123.01373291015625
134,3,443.0755615234375,179.18064880371094,37.0252685546875,142.11167907714844
134,2,398.33319091796875,189.6072235107422,44.071685791015625,118.68608093261719
135,1,328.4309997558594,185.1235809326172,43.5804443359375,123.68458557128906
135,3,436.2321472167969,179.3587646484375,42.5684814453125,142.16290283203125
135,2,397.9288024902344,188.8839874267578,44.59393310546875,119.43299865722656
136,1,327.67156982421875,185.19947814941406,43.655487060546875,122.92903137207031
136,3,433.4230651855469,180.25328063964844,44.333160400390625,141.6236114501953
136,2,397.81231689453125,187.92950439453125,43.683624267578125,120.28042602539062
137,1,326.06890869140625,185.1332244873047,45.05584716796875,122.59196472167969
137,3,431.3309631347656,179.77833557128906,45.590179443359375,141.90284729003906
137,2,397.5091247558594,193.01573181152344,43.34033203125,115.87342834472656
137,4,366.4002990722656,145.4856414794922,19.57635498046875,79.36485290527344
138,1,324.9017028808594,185.17098999023438,46.288726806640625,122.75946044921875
138,3,430.77099609375,180.16217041015625,45.55157470703125,141.07302856445312
138,2,397.4158935546875,191.214599609375,43.790740966796875,117.72991943359375
138,4,364.9895324707031,147.17138671875,22.12335205078125,124.18814086914062
139,1,324.42083740234375,183.91514587402344,46.01763916015625,123.38069152832031
139,3,427.4547424316406,179.80738830566406,49.0963134765625,141.92588806152344
139,2,398.6162414550781,190.73866271972656,42.80010986328125,117.22416687011719
139,4,366.72686767578125,147.3014678955078,18.827850341796875,76.43008422851562
140,1,324.2112731933594,183.08351135253906,46.967041015625,122.95805358886719
140,3,425.5979309082031,178.300048828125,50.8206787109375,143.30032348632812
140,2,399.4025573730469,191.7369384765625,41.44708251953125,115.39178466796875
141,1,324.0812072753906,182.38424682617188,46.096649169921875,121.76300048828125
141,3,425.4867858886719,175.7906951904297,49.287750244140625,144.85670471191406
141,2,401.26458740234375,191.54364013671875,37.48675537109375,114.007568359375
142,1,324.8763732910156,181.6632537841797,44.959716796875,121.02391052246094
142,3,424.4258728027344,177.2872314453125,46.98089599609375,143.09756469726562
142,2,404.0484924316406,191.09982299804688,33.168609619140625,113.22079467773438
143,1,325.9627685546875,181.82354736328125,45.32501220703125,118.9603271484375
143,3,424.8988037109375,179.29417419433594,43.0584716796875,140.6054229736328
143,2,405.6701354980469,186.89047241210938,30.77490234375,114.17459106445312
144,1,329.4245910644531,181.1311798095703,42.780487060546875,117.59559631347656
144,3,424.1371154785156,180.65365600585938,39.48956298828125,139.288330078125
144,2,407.562255859375,188.18235778808594,27.70660400390625,109.82530212402344
145,1,333.404541015625,181.18643188476562,38.18316650390625,115.07913208007812
145,3,424.0281066894531,181.83468627929688,34.600616455078125,136.3955078125
145,2,408.8268127441406,187.0559844970703,26.123046875,109.80973815917969
146,1,335.9831848144531,180.64895629882812,35.76605224609375,115.36123657226562
146,3,420.2067565917969,181.95323181152344,36.12646484375,133.39073181152344
146,2,409.6195983886719,185.67901611328125,24.9305419921875,109.97518920898438
147,1,337.0840759277344,180.67649841308594,35.600311279296875,115.26158142089844
147,3,418.1998596191406,180.1682586669922,39.931854248046875,135.10252380371094
148,1,337.30743408203125,180.7879638671875,37.25140380859375,114.75381469726562
148,3,412.3556213378906,180.76260375976562,41.4400634765625,133.68032836914062
149,1,337.53033447265625,181.6419677734375,43.005950927734375,113.77508544921875
149,3,410.105712890625,176.2762908935547,42.27777099609375,137.3695526123047
150,1,338.29669189453125,179.8995361328125,44.30963134765625,115.49853515625
150,3,403.7186584472656,174.31211853027344,49.710784912109375,139.0054473876953
150,4,368.134033203125,147.58265686035156,18.852935791015625,92.0035400390625
151,3,400.1923828125,176.97193908691406,52.757049560546875,136.1233673095703
151,1,339.0920715332031,180.84986877441406,43.99945068359375,113.31809997558594
151,4,367.9688415527344,148.0968475341797,18.57220458984375,91.04234313964844
152,3,400.0317687988281,175.32833862304688,52.2117919921875,137.37411499023438
152,1,339.6819763183594,179.51795959472656,43.185150146484375,113.86015319824219
152,4,368.0401306152344,145.87997436523438,18.534881591796875,99.58534240722656
152,2,397.07171630859375,159.0559844970703,25.534881591796875,96.90882873535156
153,3,401.4852600097656,177.16819763183594,49.37738037109375,135.4589385986328
153,1,341.2397155761719,181.05101013183594,41.901214599609375,111.08836364746094
153,4,368.1761169433594,147.2933349609375,16.382598876953125,51.493927001953125
154,3,401.8957214355469,176.8482666015625,49.1103515625,135.6947021484375
154,1,344.804443359375,179.73928833007812,39.25103759765625,111.75350952148438
154,4,368.4783020019531,147.5523223876953,15.64532470703125,43.66754150390625
155,3,404.71087646484375,176.65167236328125,43.915313720703125,136.09774780273438
155,1,352.5685119628906,180.4633331298828,31.762115478515625,107.81419372558594
155,4,368.47906494140625,148.34642028808594,15.63482666015625,35.7393798828125
156,1,357.8012390136719,179.23599243164062,28.412811279296875,107.56427001953125
156,3,403.59710693359375,172.82168579101562,45.146087646484375,139.42349243164062
156,4,367.8924560546875,148.33468627929688,16.713531494140625,38.259918212890625
157,3,401.8291320800781,172.48440551757812,45.687591552734375,138.41012573242188
157,1,360.384765625,176.30198669433594,28.6702880859375,110.75160217285156
157,4,368.08154296875,148.1190185546875,17.165313720703125,38.058319091796875
158,3,400.6643371582031,173.0452117919922,46.477630615234375,136.8144073486328
158,1,362.62237548828125,176.7432403564453,29.795684814453125,110.47572326660156
158,4,367.67999267578125,148.37646484375,17.878448486328125,39.62059020996094
159,3,399.8726806640625,176.88296508789062,42.451751708984375,131.78118896484375
159,1,362.910400390625,177.67018127441406,31.778045654296875,109.12712097167969
159,2,426.1365051269531,170.43807983398438,22.08599853515625,114.4259033203125
159,4,348.99957275390625,149.6105499267578,37.033660888671875,69.76481628417969
160,3,398.6556396484375,176.16546630859375,42.87200927734375,131.498291015625
160,1,363.10400390625,175.967041015625,32.701995849609375,111.12957763671875
160,4,351.3334655761719,146.90940856933594,34.967498779296875,72.40916442871094
160,2,426.8813781738281,170.52020263671875,22.03277587890625,103.39007568359375
161,3,397.7211608886719,174.23251342773438,42.97796630859375,130.59304809570312
161,1,365.2496643066406,175.87216186523438,35.321868896484375,111.9307861328125
161,4,352.0684509277344,147.27340698242188,34.279388427734375,72.73165893554688
161,2,419.1549987792969,171.02511596679688,27.524078369140625,129.16619873046875
162,3,396.76593017578125,173.302734375,44.775543212890625,130.9793701171875
162,1,365.7924499511719,176.10853576660156,37.9215087890625,108.65278625488281
162,4,353.42816162109375,147.84812927246094,33.227203369140625,72.45484924316406
162,2,431.6329650878906,178.11099243164062,16.164215087890625,74.46243286132812
163,3,396.0437927246094,172.74755859375,46.04595947265625,130.642333984375
163,1,367.6201477050781,176.1859588623047,36.609405517578125,109.93696594238281
163,4,356.654296875,147.02365112304688,30.337188720703125,74.26020812988281
163,2,429.01629638671875,175.1254425048828,18.9537353515625,85.19996643066406
164,3,395.0684509277344,172.772705078125,46.185394287109375,130.4388427734375
164,1,369.3011779785156,175.99441528320312,35.234527587890625,109.93710327148438
164,4,358.63043212890625,147.5323944091797,28.3060302734375,75.21731567382812
164,2,429.7304382324219,175.06658935546875,19.114410400390625,80.2237548828125
165,3,395.16412353515625,172.8239288330078,46.3284912109375,130.1411590576172
165,1,369.9729919433594,175.68125915527344,34.8587646484375,109.07933044433594
165,4,359.7112121582031,147.55580139160156,28.05352783203125,113.85041809082031
165,2,430.4272766113281,174.77955627441406,18.0909423828125,81.29841613769531
166,3,395.8248291015625,172.76998901367188,44.579559326171875,130.48690795898438
166,1,373.7589416503906,175.42214965820312,31.755279541015625,109.36160278320312
166,4,362.4136962890625,148.47222900390625,25.00189208984375,114.24710083007812
167,3,394.8793640136719,172.52867126464844,46.545135498046875,130.1036834716797
167,4,363.8169250488281,148.47003173828125,24.161865234375,115.32223510742188
167,1,376.6388244628906,174.46002197265625,29.451690673828125,105.91329956054688
168,3,394.6119079589844,173.28858947753906,46.490234375,128.9281463623047
168,4,364.6003723144531,149.0056915283203,23.779876708984375,110.34767150878906
168,1,378.8664245605469,175.90806579589844,29.304412841796875,101.82154846191406
169,3,394.5213928222656,173.9430389404297,47.768768310546875,129.1865997314453
169,4,364.7201232910156,150.26988220214844,24.54766845703125,109.63539123535156
169,1,380.5141296386719,177.55735778808594,26.287139892578125,97.79432678222656
170,3,393.85723876953125,173.84384155273438,48.73931884765625,129.6470947265625
170,4,365.7637023925781,150.69949340820312,23.55859375,107.06192016601562
170,1,381.6826477050781,174.88214111328125,27.9876708984375,101.42752075195312
171,3,395.9024353027344,173.5998992919922,48.232940673828125,130.2358856201172
171,4,365.73583984375,149.6921844482422,23.215301513671875,111.38215637207031
171,1,383.9248046875,172.06317138671875,30.043060302734375,105.30587768554688
172,3,396.7750549316406,174.15765380859375,47.9417724609375,129.11361694335938
172,4,366.6664733886719,150.83871459960938,23.2130126953125,109.1114501953125
172,1,386.0190124511719,168.88302612304688,25.06842041015625,107.66299438476562
173,3,397.4544982910156,173.73031616210938,47.7618408203125,128.88351440429688
173,1,386.79071044921875,172.79147338867188,26.075469970703125,102.29736328125
174,3,397.8395690917969,172.23240661621094,48.146759033203125,129.90538024902344
174,1,389.47412109375,176.0065155029297,19.853851318359375,102.36808776855469
175,3,396.1210632324219,172.50222778320312,49.876495361328125,128.14605712890625
175,1,390.3525390625,174.301513671875,20.321380615234375,104.07901000976562
176,3,397.0009460449219,170.6049346923828,49.255828857421875,128.21849060058594
176,1,391.5003356933594,173.32470703125,20.694427490234375,105.36676025390625
177,3,398.86016845703125,170.19671630859375,47.499298095703125,126.96795654296875
177,4,369.6694641113281,165.94439697265625,20.159332275390625,92.1685791015625
177,1,393.52764892578125,175.4973602294922,18.173309326171875,103.16169738769531
178,3,399.9204406738281,169.40676879882812,46.306365966796875,126.40493774414062
179,3,402.69403076171875,168.7674102783203,43.64898681640625,124.38584899902344
180,3,404.35308837890625,169.2596893310547,42.496795654296875,122.97865295410156
181,3,404.8189392089844,169.8683319091797,42.25933837890625,121.81556701660156
182,3,405.549560546875,169.1856231689453,41.70904541015625,123.32814025878906
183,3,406.1171569824219,168.5421905517578,41.49237060546875,124.01484680175781
184,3,406.57989501953125,167.16744995117188,41.160797119140625,125.46218872070312
185,3,407.21697998046875,166.8141632080078,40.504119873046875,125.82099914550781
186,3,408.47308349609375,168.06602478027344,39.60760498046875,124.54127502441406
187,3,409.4754333496094,167.4893798828125,38.50408935546875,124.77740478515625
188,3,410.2406921386719,166.59381103515625,37.121490478515625,126.3336181640625
189,3,410.892333984375,166.1384735107422,36.51007080078125,126.62370300292969
190,3,411.77813720703125,165.33641052246094,35.41168212890625,125.88740539550781
191,3,413.00048828125,164.17147827148438,33.902923583984375,126.09506225585938
192,3,414.63104248046875,164.723388671875,32.549468994140625,123.96084594726562
193,3,415.71978759765625,162.34295654296875,31.727508544921875,125.74099731445312
194,3,416.4183349609375,159.60018920898438,31.783355712890625,127.26553344726562
195,3,417.0749206542969,159.7694854736328,31.40399169921875,123.22291564941406
196,3,417.4905700683594,159.07815551757812,30.674346923828125,124.16778564453125
197,3,418.13970947265625,159.33709716796875,29.614013671875,120.76104736328125
198,3,418.93463134765625,158.98583984375,29.541900634765625,119.85244750976562
199,3,419.8172302246094,157.94668579101562,29.210479736328125,121.43923950195312
200,3,421.60931396484375,159.7359619140625,28.191009521484375,119.6068115234375
201,3,422.4861145019531,166.36044311523438,26.693756103515625,111.9556884765625
202,3,423.8023681640625,168.70751953125,25.4742431640625,109.65316772460938
203,3,424.2782287597656,172.37277221679688,24.0404052734375,105.78439331054688
204,3,425.356689453125,172.83018493652344,23.43743896484375,104.59211730957031
205,3,424.8825988769531,175.70858764648438,24.4058837890625,101.37796020507812
206,3,425.85009765625,177.40557861328125,23.784881591796875,98.80905151367188
207,3,428.0575866699219,177.2030029296875,21.592254638671875,99.25167846679688
208,3,429.88201904296875,176.03778076171875,18.777099609375,101.06692504882812
209,3,430.3517150878906,177.85372924804688,18.40460205078125,96.947998046875
217,3,450.4167785644531,155.72714233398438,26.49957275390625,118.33688354492188
220,3,434.6861877441406,148.20755004882812,13.82080078125,87.67376708984375
221,3,434.12286376953125,148.53199768066406,14.273468017578125,87.64370727539062
222,3,433.6061096191406,148.89244079589844,14.826629638671875,91.07258605957031
223,3,433.62371826171875,149.9952850341797,14.873565673828125,90.00532531738281
224,3,433.3852844238281,150.0536346435547,15.515716552734375,90.67918395996094
225,3,433.2615051269531,150.18089294433594,15.0115966796875,92.52790832519531
226,3,432.8562316894531,150.13076782226562,15.58941650390625,92.87149047851562
227,3,431.7861022949219,150.31153869628906,16.47607421875,91.8984375
228,3,430.6696472167969,150.93812561035156,17.77532958984375,91.08628845214844
229,3,430.3281555175781,151.02218627929688,18.198455810546875,91.22923278808594
230,3,430.21356201171875,150.63690185546875,18.441650390625,90.5111083984375
231,3,429.5967102050781,151.1185302734375,19.089111328125,89.71633911132812
232,3,429.19384765625,150.74227905273438,19.8074951171875,90.45072937011719
233,3,427.845947265625,150.0174102783203,21.252899169921875,93.61953735351562
234,3,427.4862976074219,151.47059631347656,21.8004150390625,93.68942260742188
235,3,426.66107177734375,152.00640869140625,22.6693115234375,94.01469421386719
236,3,426.0955810546875,153.18603515625,22.88671875,93.09599304199219
237,3,425.4447326660156,154.48422241210938,23.666595458984375,93.95729064941406
238,3,425.29156494140625,154.6091766357422,23.680694580078125,94.42420959472656
239,3,424.8503723144531,156.28785705566406,24.153106689453125,92.70970153808594
240,3,424.5882873535156,155.98944091796875,24.348785400390625,92.69233703613281
241,3,424.5435791015625,156.65518188476562,23.881622314453125,92.52726745605469
242,3,424.6077575683594,157.28578186035156,23.92803955078125,90.40480041503906
243,3,424.6827392578125,157.0291290283203,23.75628662109375,91.26846313476562
244,3,425.02911376953125,155.9847869873047,23.39849853515625,93.2335205078125
245,3,424.92926025390625,155.96852111816406,23.5733642578125,93.19401550292969
246,3,424.53692626953125,159.9178009033203,23.349609375,89.4722900390625
247,3,424.3851318359375,160.16656494140625,23.302825927734375,90.33546447753906
248,3,426.0773620605469,158.72152709960938,21.568267822265625,91.58454895019531
249,3,427.40484619140625,158.95486450195312,20.256927490234375,91.0185546875
250,3,429.3034973144531,159.44970703125,18.1983642578125,90.45729064941406
251,3,430.71014404296875,167.0266876220703,16.845123291015625,82.72398376464844
252,3,432.4000549316406,168.11997985839844,14.8011474609375,81.16619873046875
253,3,432.94390869140625,166.8780975341797,14.330108642578125,82.28878784179688
254,3,433.0615234375,168.31068420410156,14.20489501953125,81.90888977050781
255,3,433.7955627441406,168.03469848632812,14.044708251953125,81.59323120117188
256,3,434.77862548828125,168.36546325683594,13.25042724609375,82.57701110839844
257,3,435.5484924316406,168.6835174560547,12.871490478515625,84.6470947265625
258,3,436.43145751953125,168.86248779296875,12.63079833984375,86.00883483886719
299,5,504.0863342285156,178.68092346191406,22.879547119140625,54.22332763671875
628,3,430.8209533691406,155.38717651367188,17.572723388671875,96.41307067871094
629,3,430.5535888671875,156.89039611816406,17.548980712890625,97.07389831542969
630,3,430.67449951171875,154.77398681640625,17.657562255859375,100.31915283203125
631,3,430.26507568359375,154.89439392089844,17.878448486328125,100.92153930664062
632,3,429.4828796386719,155.81114196777344,18.089813232421875,100.00242614746094
633,3,429.8336181640625,155.69808959960938,17.737152099609375,101.10211181640625
634,3,428.9195556640625,156.3757781982422,18.563385009765625,102.02131652832031
635,3,427.20751953125,157.5126953125,20.321868896484375,101.24588012695312
636,3,425.9014587402344,157.81002807617188,21.45361328125,101.2117919921875
637,3,424.8885192871094,157.54469299316406,22.38330078125,101.90391540527344
638,3,424.36663818359375,157.61631774902344,23.04052734375,101.85752868652344
639,3,423.2202453613281,157.3192901611328,24.405792236328125,101.97230529785156
640,3,422.6591796875,156.3973846435547,24.9351806640625,102.76509094238281
641,3,421.37396240234375,156.984619140625,26.27105712890625,101.94091796875
642,3,421.01776123046875,157.3794708251953,26.364593505859375,103.46275329589844
643,3,420.77545166015625,158.70571899414062,26.395050048828125,106.472412109375
644,3,420.4161376953125,159.83746337890625,26.5484619140625,107.404052734375
645,3,418.57708740234375,160.5376434326172,28.23199462890625,106.85639953613281
646,3,419.348388671875,161.254150390625,27.694610595703125,106.8179931640625
647,3,418.1770324707031,162.57098388671875,28.276397705078125,106.41049194335938
648,3,416.9284362792969,161.97512817382812,30.22076416015625,107.22299194335938
649,3,416.87750244140625,161.930419921875,29.806884765625,107.46142578125
650,3,415.9555358886719,162.03863525390625,30.88177490234375,106.89187622070312
651,3,415.48443603515625,161.8770294189453,31.177703857421875,107.31886291503906
652,3,414.30389404296875,162.13775634765625,31.808624267578125,107.428955078125
653,3,414.16021728515625,162.35540771484375,31.697784423828125,107.56222534179688
654,3,413.2098083496094,160.77313232421875,32.7930908203125,108.95904541015625
655,3,412.55413818359375,162.32894897460938,33.605560302734375,108.62887573242188
656,3,411.75274658203125,161.9873046875,34.296875,109.75531005859375
657,3,409.4970397949219,163.61265563964844,35.440155029296875,109.34916687011719
658,3,404.38665771484375,162.59593200683594,39.51104736328125,111.60237121582031
659,3,395.8608703613281,164.90847778320312,48.283477783203125,112.66867065429688
660,3,400.421142578125,167.1255340576172,42.339752197265625,111.46934509277344
661,3,399.7738037109375,167.1765899658203,43.40252685546875,112.49931335449219
662,3,398.62371826171875,166.54945373535156,44.346160888671875,112.38038635253906
663,3,396.69183349609375,166.83270263671875,44.829864501953125,111.893310546875
664,3,393.8907165527344,166.48817443847656,44.113983154296875,112.28590393066406
665,3,391.87249755859375,167.31056213378906,42.539520263671875,112.27543640136719
666,3,388.6674499511719,167.359130859375,43.950469970703125,111.98910522460938
667,3,385.2400817871094,167.34803771972656,37.61065673828125,111.54945373535156
668,3,382.5078430175781,167.73068237304688,41.273284912109375,112.477783203125
669,3,379.4498291015625,166.19183349609375,40.490478515625,115.92459106445312
670,3,376.65020751953125,165.58547973632812,40.622894287109375,119.07553100585938
671,3,371.50762939453125,165.13790893554688,45.319976806640625,120.836669921875
672,3,370.9161376953125,166.1722412109375,46.68768310546875,118.00732421875
672,6,359.5912780761719,165.4256591796875,27.30755615234375,98.39404296875
673,3,365.57635498046875,169.00794982910156,51.706329345703125,115.07350158691406
673,6,355.0530090332031,163.23948669433594,29.747711181640625,96.97669982910156
674,3,359.51226806640625,168.6925048828125,57.3348388671875,115.02880859375
675,3,358.8968811035156,170.00282287597656,56.947509765625,114.33674621582031
676,3,355.16497802734375,170.17333984375,59.2359619140625,114.62139892578125
677,3,356.0359802246094,169.76748657226562,55.6334228515625,115.0413818359375
678,3,355.1391296386719,169.89329528808594,54.52606201171875,114.81983947753906
679,3,353.2821960449219,169.4636688232422,51.39056396484375,115.50840759277344
680,3,351.6649169921875,168.29669189453125,37.232452392578125,115.98776245117188
681,3,350.8790283203125,168.22683715820312,28.92352294921875,116.94580078125
682,3,344.8275146484375,169.84304809570312,34.082000732421875,115.46820068359375
683,3,340.41363525390625,170.13307189941406,34.333404541015625,114.16389465332031
684,3,333.444091796875,169.2298126220703,41.117431640625,114.25691223144531
685,3,323.6640319824219,168.6905059814453,50.28533935546875,114.50935363769531
686,3,317.3812561035156,168.35496520996094,57.3914794921875,115.00794982910156
687,3,312.9175109863281,169.72238159179688,61.73822021484375,114.20712280273438
688,3,308.7543029785156,168.94471740722656,65.38510131835938,115.46653747558594
689,3,305.7709655761719,170.4458770751953,65.741455078125,114.24812316894531
690,3,305.3941650390625,169.6663055419922,62.820892333984375,115.19023132324219
691,3,305.6271057128906,168.8252410888672,58.6820068359375,115.96781921386719
692,3,305.6697998046875,167.0110626220703,51.48236083984375,116.25978088378906
693,3,307.0367736816406,166.19598388671875,41.23028564453125,116.677734375
694,3,307.1158752441406,166.18128967285156,32.395172119140625,115.20317077636719
695,3,307.0437316894531,165.925537109375,30.638702392578125,116.20291137695312
696,3,303.64996337890625,166.19114685058594,30.941192626953125,116.06944274902344
697,3,298.63433837890625,166.33609008789062,34.787628173828125,116.0093994140625
698,3,289.1551818847656,167.03392028808594,44.01434326171875,114.40324401855469
699,3,282.1935119628906,168.08956909179688,51.003509521484375,112.68719482421875
700,3,275.2637939453125,167.5248260498047,57.4859619140625,113.08161926269531
701,3,272.60980224609375,167.94931030273438,60.42852783203125,112.54104614257812
702,3,272.3335266113281,168.4683837890625,60.6424560546875,112.34848022460938
703,3,271.09619140625,168.93124389648438,61.45318603515625,111.13525390625
704,3,271.0853576660156,168.55014038085938,57.6888427734375,110.476318359375
705,3,271.8823547363281,167.92507934570312,54.045562744140625,111.11318969726562
706,3,271.01934814453125,169.7364959716797,51.005218505859375,108.55290222167969
707,3,269.7484436035156,166.40316772460938,39.6783447265625,110.7325439453125
708,3,265.0060729980469,166.84986877441406,35.073211669921875,110.58430480957031
709,3,260.18359375,166.23313903808594,35.13653564453125,111.51158142089844
710,3,251.83712768554688,166.1998291015625,40.824371337890625,111.5760498046875
711,3,245.2539825439453,166.26622009277344,45.40702819824219,110.69883728027344
712,3,242.29721069335938,166.4369659423828,47.794952392578125,110.67961120605469
713,3,240.53292846679688,166.89096069335938,49.386474609375,110.66665649414062
714,3,239.24453735351562,167.2685546875,50.33197021484375,110.07635498046875
715,3,237.03768920898438,167.92626953125,52.7449951171875,109.63143920898438
716,3,235.584228515625,167.76856994628906,54.018707275390625,109.87471008300781
717,3,236.06080627441406,167.33590698242188,52.13636779785156,110.06600952148438
718,3,236.9927520751953,166.63478088378906,48.65238952636719,110.90303039550781
719,3,238.14906311035156,167.39576721191406,43.16154479980469,109.11637878417969
720,3,237.8401336669922,166.89291381835938,38.59312438964844,105.25286865234375
721,3,235.774658203125,165.92593383789062,35.767425537109375,106.0341796875
722,3,232.82406616210938,165.52560424804688,31.8050537109375,106.03805541992188
723,3,230.37802124023438,164.8103485107422,29.0650634765625,108.52095031738281
724,3,225.95582580566406,165.0285186767578,34.63386535644531,109.67268371582031
725,3,221.34996032714844,165.20339965820312,40.03761291503906,108.46621704101562
726,3,215.0115966796875,166.92489624023438,46.3126220703125,106.83245849609375
727,3,209.88800048828125,166.87847900390625,50.51470947265625,107.025146484375
728,3,204.0393829345703,167.6231689453125,54.90916442871094,105.85806274414062
729,3,201.02310180664062,166.8413543701172,56.395263671875,106.01774597167969
730,3,200.72891235351562,167.70372009277344,54.642486572265625,105.47245788574219
731,3,199.960693359375,168.30076599121094,50.10923767089844,104.29341125488281
732,3,200.22390747070312,167.95811462402344,44.25439453125,104.88963317871094
733,3,198.1338348388672,167.0301055908203,41.300872802734375,105.36216735839844
734,3,196.02598571777344,167.5131378173828,35.93614196777344,104.47297668457031
735,3,192.28271484375,166.75440979003906,30.892547607421875,105.50550842285156
736,3,188.54563903808594,166.54623413085938,28.75494384765625,106.06439208984375
737,3,182.74484252929688,166.2974853515625,34.348175048828125,106.11468505859375
738,3,176.4923858642578,167.0886993408203,39.91340637207031,105.11192321777344
739,3,168.7574005126953,166.85389709472656,47.60411071777344,105.02644348144531
740,3,163.75357055664062,167.49623107910156,53.023712158203125,104.09031677246094
741,3,159.24278259277344,168.01983642578125,58.22120666503906,103.66336059570312
742,3,153.45603942871094,167.65858459472656,62.36616516113281,103.97105407714844
743,3,151.8799285888672,167.06488037109375,63.085174560546875,104.43344116210938
744,3,154.587646484375,167.46670532226562,58.46553039550781,104.9254150390625
745,3,153.8484344482422,167.29864501953125,53.06336975097656,104.80026245117188
746,3,154.0301971435547,167.42947387695312,44.70420837402344,102.44573974609375
747,3,155.62196350097656,167.28184509277344,36.5718994140625,101.88081359863281
748,3,156.1821746826172,166.53817749023438,31.46771240234375,103.87603759765625
749,3,153.4415283203125,166.24424743652344,29.341201782226562,104.07475280761719
750,3,149.75303649902344,166.3543243408203,30.946029663085938,103.94819641113281
751,3,145.9756317138672,166.5872802734375,33.76933288574219,103.78323364257812
752,3,140.40054321289062,167.09320068359375,39.380828857421875,103.05477905273438
753,3,132.03717041015625,166.6167755126953,47.431640625,102.85313415527344
754,3,127.70844268798828,167.07752990722656,51.031044006347656,102.04750061035156
755,3,127.9329605102539,168.0533447265625,49.524681091308594,100.73587036132812
