0,1,0.0,168.58734130859375,12.541303634643555,75.24053955078125
1,1,0.0,164.3627166748047,12.161492347717285,79.37736511230469
2,1,0.0,168.6024932861328,12.149304389953613,74.55911254882812
3,1,0.0,169.9986572265625,12.503430366516113,72.95330810546875
31,2,67.15599060058594,117.4290542602539,18.627418518066406,44.18395233154297
53,3,669.5735473632812,227.3202667236328,43.2188720703125,42.69816589355469
55,3,669.2831420898438,227.36932373046875,41.6014404296875,43.167449951171875
64,4,404.67169189453125,138.0924530029297,13.30096435546875,37.19346618652344
96,5,397.9132995605469,308.06793212890625,97.89572143554688,70.34649658203125
102,6,492.8656005859375,320.2427062988281,56.15118408203125,74.22799682617188
106,3,669.0715942382812,234.66896057128906,39.25872802734375,33.90159606933594
112,5,365.2256164550781,294.3339538574219,42.4920654296875,60.025482177734375
116,7,212.45423889160156,271.249755859375,45.47575378417969,40.542755126953125
121,8,830.6888427734375,409.7422180175781,25.03045654296875,69.10934448242188
122,4,427.5516662597656,135.0363006591797,27.016845703125,85.87300109863281
122,8,822.6830444335938,398.58526611328125,33.0247802734375,80.14340209960938
123,8,815.4846801757812,349.14459228515625,40.13641357421875,130.04052734375
123,4,429.11981201171875,134.9148712158203,25.38287353515625,84.00328063964844
124,8,803.3192749023438,336.3802795410156,52.35400390625,141.96719360351562
125,8,791.2730102539062,332.84423828125,64.31494140625,145.7440185546875
125,4,428.41522216796875,135.69686889648438,26.716278076171875,82.86471557617188
126,8,777.6439819335938,329.59295654296875,77.84423828125,149.41836547851562
126,4,429.08294677734375,135.20469665527344,25.8416748046875,83.94911193847656
127,8,768.5863037109375,328.8298645019531,86.8397216796875,149.65029907226562
127,4,428.3800048828125,135.51751708984375,26.528778076171875,83.486083984375
127,9,127.51766967773438,251.4675750732422,29.177200317382812,24.643295288085938
128,8,765.86376953125,327.40936279296875,89.614013671875,151.0675048828125
128,4,428.7733154296875,134.9166717529297,26.409088134765625,84.97280883789062
129,8,759.1085205078125,326.45733642578125,96.22998046875,151.9158935546875
129,4,429.4909362792969,135.14974975585938,25.50799560546875,84.51835632324219
130,4,428.75732421875,134.738525390625,26.21929931640625,84.72235107421875
130,8,754.5604858398438,325.3255920410156,99.9593505859375,152.90695190429688
131,4,430.01885986328125,134.75196838378906,24.8831787109375,84.97897338867188
131,8,750.2149658203125,322.8717346191406,104.5806884765625,154.3172607421875
132,4,430.0980529785156,135.31773376464844,25.10479736328125,85.795654296875
132,8,745.919677734375,319.8358459472656,103.896240234375,156.53427124023438
133,4,429.9828186035156,133.77352905273438,25.26605224609375,89.21693420410156
133,8,743.0127563476562,316.076904296875,99.5263671875,161.58700561523438
134,4,431.8287048339844,135.47445678710938,23.670166015625,87.16241455078125
134,8,740.6248168945312,312.735595703125,97.09942626953125,164.69683837890625
135,4,432.5771179199219,135.4061737060547,22.800933837890625,88.15406799316406
135,8,737.0961303710938,308.6756896972656,94.83416748046875,169.15634155273438
136,8,734.5455322265625,304.4084167480469,92.31097412109375,173.14529418945312
136,4,432.07342529296875,135.53269958496094,23.02093505859375,86.87060546875
137,8,728.9235229492188,300.7988586425781,93.19573974609375,176.10354614257812
137,4,432.21978759765625,135.23922729492188,22.965850830078125,87.44609069824219
138,8,724.10546875,298.2562561035156,93.39642333984375,178.62661743164062
138,4,432.6141357421875,135.2642059326172,22.686798095703125,88.37643432617188
139,8,719.386962890625,296.4377746582031,92.78662109375,180.39614868164062
139,4,432.4361877441406,135.93228149414062,22.762298583984375,87.57792663574219
140,8,713.6700439453125,294.7935485839844,93.78594970703125,182.13235473632812
140,4,432.8086242675781,135.75820922851562,22.4996337890625,88.1590576171875
141,8,706.6004028320312,293.74871826171875,94.5384521484375,182.99691772460938
141,4,432.65185546875,135.61216735839844,22.6136474609375,88.47543334960938
142,8,701.6463012695312,292.8122253417969,95.01312255859375,184.2626953125
142,4,433.0376892089844,135.62876892089844,21.9537353515625,87.95414733886719
143,8,698.1549682617188,291.7716064453125,91.57073974609375,185.30072021484375
144,8,690.122314453125,288.7994079589844,87.11529541015625,187.922119140625
145,8,687.6091918945312,286.5271911621094,82.51385498046875,190.35205078125
146,8,683.6399536132812,284.3763732910156,80.166748046875,192.3721923828125
147,8,681.5695190429688,280.4307556152344,77.40032958984375,196.47848510742188
148,8,673.1513061523438,277.475341796875,80.8387451171875,199.14483642578125
149,8,668.9424438476562,275.0808410644531,80.11224365234375,201.47418212890625
150,8,659.775634765625,270.6736145019531,85.806396484375,206.78268432617188
151,8,654.5877075195312,270.391845703125,86.340576171875,206.41632080078125
152,8,648.4566650390625,269.8819885253906,87.94146728515625,206.9056396484375
153,8,643.0429077148438,268.49114990234375,87.271240234375,208.59573364257812
154,8,639.28466796875,266.8979797363281,86.92352294921875,210.13739013671875
155,8,634.0284423828125,265.99639892578125,86.8359375,211.77359008789062
156,8,627.886962890625,266.4864196777344,88.61627197265625,211.19427490234375
157,8,624.7020874023438,265.8626708984375,86.0535888671875,211.14959716796875
158,8,622.0475463867188,263.9613342285156,83.28857421875,212.77581787109375
159,8,620.0941162109375,262.5712890625,80.858642578125,214.91015625
160,8,618.8804321289062,259.33306884765625,77.205078125,219.08126831054688
161,8,616.3189697265625,255.97695922851562,76.0491943359375,221.0594482421875
162,8,614.383544921875,254.9925079345703,73.17401123046875,221.86012268066406
163,8,611.0836181640625,251.36817932128906,71.54150390625,220.85658264160156
164,8,607.3333129882812,249.22882080078125,70.9609375,221.32778930664062
165,8,602.0338745117188,247.9085693359375,73.05670166015625,222.29660034179688
166,8,589.8665771484375,247.69419860839844,80.93206787109375,222.2830352783203
167,8,576.5443725585938,247.77593994140625,82.84283447265625,222.353515625
168,8,559.3658447265625,246.0478057861328,96.01416015625,223.8279266357422
169,8,557.9886474609375,245.8388214111328,93.46832275390625,221.88755798339844
170,8,557.032470703125,244.97474670410156,92.02130126953125,219.54530334472656
171,8,556.7074584960938,243.42291259765625,88.59881591796875,218.1627197265625
172,8,556.4071655273438,240.76014709472656,84.08697509765625,218.32933044433594
173,8,556.5617065429688,238.6055145263672,76.50921630859375,215.6861114501953
174,8,556.2816772460938,235.9766387939453,70.6314697265625,211.1510467529297
175,8,553.5391235351562,233.51451110839844,66.39227294921875,206.65296936035156
176,8,547.8775024414062,231.16793823242188,67.9481201171875,208.249267578125
177,8,541.853759765625,230.1909942626953,69.98541259765625,208.4408416748047
178,8,537.5413818359375,228.8179473876953,71.17486572265625,209.81980895996094
179,8,531.5728149414062,228.71084594726562,73.5010986328125,209.77670288085938
180,8,528.1990356445312,228.8236541748047,69.8585205078125,210.10108947753906
181,8,522.8014526367188,228.351318359375,71.958740234375,210.23532104492188
182,8,519.8092651367188,228.37879943847656,71.7353515625,209.3485870361328
183,8,516.197998046875,228.39430236816406,71.080322265625,207.9879608154297
184,8,513.4757080078125,227.35203552246094,71.2567138671875,206.3156280517578
185,8,512.4945678710938,225.76002502441406,66.51129150390625,205.92433166503906
186,8,510.1635437011719,223.22657775878906,64.22293090820312,205.29542541503906
187,8,507.0246887207031,221.24002075195312,65.15432739257812,199.81369018554688
188,8,504.5765380859375,218.96212768554688,63.17626953125,193.20745849609375
189,8,503.251220703125,217.18853759765625,60.53448486328125,191.66775512695312
190,8,500.8940734863281,216.17868041992188,60.928314208984375,194.65213012695312
191,8,496.36273193359375,215.96051025390625,60.67242431640625,193.91778564453125
191,10,351.32293701171875,136.21241760253906,21.19403076171875,80.49278259277344
192,8,476.6618347167969,214.14971923828125,72.29946899414062,194.93853759765625
192,10,350.9753112792969,143.19039916992188,21.49945068359375,75.164794921875
192,4,443.7483215332031,154.0041046142578,12.579864501953125,81.97323608398438
193,8,472.05426025390625,213.35012817382812,74.629150390625,195.87005615234375
193,10,349.3765869140625,144.00201416015625,23.43182373046875,75.68492126464844
193,4,441.2236022949219,152.0349578857422,13.7525634765625,93.1124267578125
194,8,466.7393798828125,212.91366577148438,76.11285400390625,194.59017944335938
194,10,349.4030456542969,140.85984802246094,22.702484130859375,79.21189880371094
194,4,440.80694580078125,152.16644287109375,13.553924560546875,92.61497497558594
195,8,466.3402099609375,213.72506713867188,74.20465087890625,191.28497314453125
195,10,348.4484558105469,137.81668090820312,22.821563720703125,82.87295532226562
195,4,440.0971374511719,150.58743286132812,14.525634765625,94.67744445800781
196,8,465.6653137207031,213.59764099121094,72.21023559570312,189.68601989746094
196,10,348.0368347167969,138.53993225097656,22.80242919921875,82.34620666503906
196,4,440.2054443359375,146.8819580078125,15.1607666015625,98.10873413085938
197,8,465.8465270996094,212.79061889648438,68.74044799804688,188.3892822265625
197,10,347.6346740722656,137.66720581054688,22.66754150390625,83.48280334472656
197,4,440.01361083984375,144.90538024902344,16.29229736328125,101.26602172851562
198,8,465.9981384277344,211.10215759277344,63.905609130859375,186.81947326660156
198,10,346.8605041503906,138.64659118652344,23.18377685546875,82.42237854003906
198,4,439.5218505859375,145.01690673828125,16.87432861328125,102.81092834472656
199,8,465.3811340332031,208.54144287109375,58.168853759765625,183.75759887695312
199,10,346.6982727050781,138.1457977294922,23.08404541015625,82.96879577636719
199,4,438.658203125,144.84628295898438,17.0186767578125,103.53817749023438
200,8,462.2702941894531,207.2032928466797,57.146209716796875,178.1132354736328
200,10,346.23309326171875,137.95077514648438,23.19488525390625,83.63127136230469
200,4,437.71319580078125,144.78089904785156,18.045379638671875,103.88075256347656
201,8,457.5516052246094,206.1073455810547,59.047332763671875,177.9202423095703
201,4,436.295654296875,144.91671752929688,20.1527099609375,103.79222106933594
201,10,344.87286376953125,137.2612762451172,24.582122802734375,84.29075622558594
202,8,452.489990234375,205.94615173339844,60.74957275390625,177.90989685058594
202,4,434.28192138671875,145.2676544189453,22.338897705078125,103.36756896972656
202,10,345.885986328125,136.4445037841797,23.01055908203125,85.68330383300781
203,4,432.3902282714844,145.0822296142578,24.611663818359375,103.29154968261719
203,8,448.1816711425781,205.2162628173828,62.13751220703125,178.82826232910156
203,10,345.6011657714844,136.40127563476562,22.89471435546875,86.82913208007812
204,4,430.0970458984375,144.86895751953125,28.525726318359375,103.8897705078125
204,8,445.99371337890625,203.07225036621094,61.651947021484375,181.42466735839844
204,10,345.51995849609375,137.1991424560547,22.694732666015625,86.06439208984375
205,8,441.91571044921875,203.0224151611328,63.4306640625,180.98268127441406
205,4,428.5911560058594,145.52651977539062,29.22662353515625,103.05596923828125
205,10,345.61737060546875,136.76193237304688,22.32965087890625,88.72398376464844
206,4,427.6045837402344,145.867919921875,29.676605224609375,103.34812927246094
206,8,440.2099914550781,203.07972717285156,61.37127685546875,180.3790740966797
206,10,345.0008239746094,138.1458282470703,22.67071533203125,89.57666015625
207,8,437.7057189941406,204.0856475830078,61.568359375,179.1450958251953
207,4,427.05279541015625,145.63714599609375,29.000335693359375,104.32696533203125
207,10,344.8166809082031,138.7348175048828,22.899627685546875,89.4178466796875
208,4,426.8857116699219,146.32691955566406,28.80615234375,103.50502014160156
208,8,435.2396240234375,204.27691650390625,61.68426513671875,178.69049072265625
208,10,344.7220764160156,138.9083251953125,22.5269775390625,88.80670166015625
209,4,425.8890380859375,147.74078369140625,29.9451904296875,104.33549499511719
209,8,434.4666748046875,203.4774932861328,59.98406982421875,178.15574645996094
209,10,344.2198486328125,139.49099731445312,23.382659912109375,88.55337524414062
210,4,426.3774108886719,146.84637451171875,29.000762939453125,105.28038024902344
210,8,433.1815490722656,200.6584014892578,59.1292724609375,178.2400665283203
210,10,345.5052490234375,139.29891967773438,22.227508544921875,88.89031982421875
211,8,432.3069763183594,200.83689880371094,57.77978515625,175.46656799316406
211,4,426.2898254394531,146.48646545410156,29.141082763671875,98.39079284667969
211,10,346.0500793457031,139.55963134765625,21.771820068359375,88.58207702636719
212,8,431.19439697265625,198.3716583251953,58.001495361328125,174.2908477783203
212,4,425.7683410644531,147.45660400390625,29.7615966796875,87.2720947265625
212,10,343.953369140625,139.4146728515625,23.35955810546875,89.05485534667969
213,8,430.2630920410156,197.8738250732422,57.203277587890625,165.70008850097656
213,4,425.0670166015625,147.3592529296875,30.44586181640625,85.28778076171875
213,10,342.9210510253906,139.17933654785156,24.083343505859375,89.21804809570312
214,8,429.5653381347656,196.46868896484375,55.82183837890625,165.44525146484375
214,4,424.22637939453125,147.0272979736328,31.063262939453125,85.9061279296875
214,10,343.0491943359375,138.55563354492188,23.89630126953125,90.23789978027344
215,8,428.9386901855469,196.10276794433594,53.363433837890625,166.67112731933594
215,4,423.29083251953125,145.90411376953125,32.349945068359375,87.6649169921875
215,10,342.67767333984375,138.36001586914062,24.706512451171875,90.34815979003906
216,8,426.0832214355469,195.8798065185547,53.342437744140625,166.37388610839844
216,4,422.3883972167969,145.71572875976562,34.801361083984375,86.65754699707031
216,10,344.5037536621094,138.9917449951172,23.839141845703125,91.05902099609375
217,8,419.5239562988281,195.2976531982422,58.20281982421875,166.29701232910156
217,4,422.3690490722656,146.84690856933594,34.581207275390625,84.13156127929688
217,10,345.3063049316406,139.5960235595703,23.096282958984375,90.57447814941406
218,8,415.0928039550781,193.5301971435547,61.9552001953125,168.1483612060547
218,4,422.28961181640625,145.06155395507812,34.108123779296875,88.3837890625
218,10,345.4877014160156,139.97943115234375,23.077178955078125,90.458251953125
219,8,414.16619873046875,194.69924926757812,62.26690673828125,165.99789428710938
219,4,422.0393981933594,144.56292724609375,34.67156982421875,86.63395690917969
219,10,344.74407958984375,140.87115478515625,24.086334228515625,90.92196655273438
219,11,0.0,147.77078247070312,10.698592185974121,58.04292297363281
220,8,414.89453125,194.0958709716797,59.253448486328125,165.5919647216797
220,4,421.8631896972656,145.1951446533203,33.882568359375,84.1707763671875
220,10,343.7005920410156,138.2340850830078,24.864166259765625,93.80305480957031
220,11,0.0,147.79290771484375,11.05424976348877,58.26170349121094
221,8,416.0342102050781,192.98594665527344,53.951995849609375,165.02442932128906
221,4,421.6145324707031,144.5324249267578,33.358001708984375,85.06938171386719
221,10,343.5547790527344,140.70425415039062,25.489013671875,89.77830505371094
221,11,0.0,148.0869903564453,11.851737976074219,57.922393798828125
222,8,416.70269775390625,192.23251342773438,49.112823486328125,163.940673828125
222,10,343.2029724121094,140.97817993164062,25.697662353515625,89.12632751464844
222,4,420.921875,151.4444580078125,33.110626220703125,74.3076171875
222,11,0.0,150.2230224609375,12.357030868530273,54.96040344238281
223,8,415.3812561035156,193.01316833496094,48.470489501953125,160.90797424316406
223,10,345.4468994140625,141.69677734375,23.538116455078125,87.71365356445312
223,4,419.4366455078125,154.93211364746094,34.1171875,67.65403747558594
223,11,0.018222356215119362,151.5727081298828,13.089970087632537,54.873748779296875
224,8,412.8008728027344,192.21267700195312,48.640289306640625,158.7032470703125
224,10,345.06109619140625,141.5448760986328,23.970916748046875,88.839599609375
224,4,419.6808166503906,155.10171508789062,33.62127685546875,66.97085571289062
224,11,0.15117120742797852,152.349365234375,13.571789264678955,53.63813781738281
225,8,409.1810607910156,190.04039001464844,52.621856689453125,155.89906311035156
225,10,344.4315490722656,141.47454833984375,24.520965576171875,90.08473205566406
225,4,418.1947937011719,154.7172393798828,34.54290771484375,64.19233703613281
225,11,0.0,150.67039489746094,14.802059173583984,54.10243225097656
226,8,406.08343505859375,188.55441284179688,53.754638671875,154.80322265625
226,10,344.42205810546875,141.21258544921875,24.47528076171875,90.53221130371094
226,4,417.66046142578125,154.77810668945312,34.2381591796875,61.91084289550781
226,11,0.0,150.01885986328125,15.559725761413574,54.49748229980469
226,12,426.95404052734375,141.07965087890625,15.265838623046875,27.582626342773438
227,8,402.6676025390625,187.58419799804688,56.070281982421875,154.3568115234375
227,10,345.3922119140625,140.995361328125,23.738739013671875,93.31834411621094
227,11,0.0,148.19847106933594,16.095067977905273,57.22380065917969
227,4,416.890869140625,154.7819061279297,32.114044189453125,60.46052551269531
227,12,444.53643798828125,152.16424560546875,12.980072021484375,66.2608642578125
228,8,400.87091064453125,186.5714874267578,57.401092529296875,155.3241729736328
228,10,344.96893310546875,141.0685272216797,24.594451904296875,93.71835327148438
228,11,0.026373054832220078,148.58609008789062,16.466726157814264,54.37017822265625
228,4,415.9228820800781,155.28912353515625,30.60626220703125,59.81642150878906
228,12,444.58343505859375,153.35906982421875,13.17108154296875,65.47872924804688
229,8,399.51324462890625,186.03529357910156,58.061737060546875,155.95814514160156
229,10,344.8550720214844,141.3839111328125,24.983673095703125,93.42744445800781
229,11,0.0396035872399807,148.44920349121094,17.632382038980722,56.1378173828125
229,4,414.14996337890625,154.8466796875,31.951080322265625,61.2039794921875
229,12,444.0290222167969,154.015869140625,13.08135986328125,65.08552551269531
230,8,398.85968017578125,185.1140594482422,58.511474609375,157.10450744628906
230,11,0.0,148.1474151611328,17.96665382385254,55.41764831542969
230,10,344.94195556640625,141.4634246826172,25.118133544921875,94.06356811523438
230,4,412.3360900878906,154.334228515625,33.252105712890625,62.10987854003906
230,12,442.7725830078125,155.97354125976562,13.476287841796875,62.93402099609375
230,13,423.80279541015625,141.6952362060547,16.721771240234375,30.11566162109375
231,8,398.03765869140625,185.3927001953125,58.34576416015625,156.86941528320312
231,10,344.7225646972656,141.9689483642578,25.6087646484375,93.41696166992188
231,11,0.04390343278646469,147.73150634765625,18.7712916508317,55.493316650390625
231,4,411.1458435058594,153.61424255371094,33.71734619140625,63.08888244628906
231,12,442.2550964355469,157.41143798828125,13.925933837890625,62.65431213378906
231,13,423.1055603027344,141.064697265625,16.94879150390625,30.892318725585938
232,8,397.65185546875,185.7771453857422,57.485748291015625,156.4382781982422
232,10,345.4976806640625,141.88148498535156,25.22906494140625,93.59046936035156
232,11,0.09710682183504105,148.0946807861328,19.915050618350506,56.186309814453125
232,4,409.54449462890625,153.93223571777344,34.660247802734375,62.31706237792969
232,12,441.7176208496094,155.50697326660156,14.449310302734375,66.15493774414062
232,13,422.8922119140625,141.37547302246094,16.969451904296875,31.957000732421875
233,8,397.998779296875,185.92959594726562,56.762847900390625,155.78533935546875
233,10,345.2234802246094,142.42581176757812,25.932769775390625,93.36506652832031
233,11,0.10720590502023697,149.0988311767578,20.572693310678005,55.38261413574219
233,4,408.5575866699219,154.5983428955078,33.471771240234375,61.606231689453125
233,12,440.89501953125,156.7683563232422,15.007537841796875,66.41845703125
233,13,423.9323425292969,140.80642700195312,15.444427490234375,32.29066467285156
234,8,398.7227478027344,185.59568786621094,55.806671142578125,155.30433654785156
234,10,346.059814453125,143.19593811035156,25.591949462890625,93.04507446289062
234,11,0.11388016492128372,149.46949768066406,20.855552665889263,53.96458435058594
234,4,407.32049560546875,155.72422790527344,33.49798583984375,59.31968688964844
234,12,440.2801208496094,157.83004760742188,15.29046630859375,65.85295104980469
234,13,423.2748107910156,140.96669006347656,15.758575439453125,31.937896728515625
235,11,0.3242689371109009,148.69004821777344,21.257920622825623,56.727142333984375
235,10,346.59637451171875,142.89634704589844,25.4810791015625,94.12191772460938
235,8,399.0325927734375,185.1121063232422,55.100128173828125,154.19749450683594
235,12,437.4856872558594,154.67269897460938,18.312255859375,117.16326904296875
235,4,406.0900573730469,155.7923583984375,33.62109375,59.16310119628906
235,13,423.8263854980469,141.11314392089844,15.15740966796875,33.72987365722656
236,8,399.1246337890625,184.26806640625,54.608856201171875,153.2738037109375
236,10,346.772705078125,143.28057861328125,25.8768310546875,93.49813842773438
236,11,0.2847488820552826,148.8977813720703,22.492444187402725,57.493408203125
236,12,436.77630615234375,153.47100830078125,19.396942138671875,121.31619262695312
236,4,404.0693054199219,156.1958465576172,33.871002197265625,58.22285461425781
236,13,424.00262451171875,140.46226501464844,14.409393310546875,36.07112121582031
237,11,0.36600711941719055,149.31600952148438,23.056434363126755,58.26789855957031
237,8,400.00445556640625,183.433349609375,53.4127197265625,152.46493530273438
237,10,346.92266845703125,142.9433135986328,26.64141845703125,94.26634216308594
237,12,434.9959411621094,153.134521484375,21.019500732421875,121.60983276367188
237,4,402.7483215332031,156.90370178222656,33.13739013671875,58.56871032714844
237,13,424.2847595214844,139.87669372558594,13.9080810546875,38.18055725097656
238,8,400.5357666015625,184.85687255859375,52.692718505859375,147.16671752929688
238,10,347.4420471191406,143.05580139160156,26.8651123046875,94.14865112304688
238,12,434.245849609375,155.55979919433594,22.204986572265625,117.63719177246094
238,11,0.5959639549255371,149.58351135253906,23.49965524673462,60.88307189941406
238,4,401.7686462402344,156.87034606933594,32.662139892578125,58.90888977050781
238,13,423.8486328125,139.9684295654297,14.030853271484375,38.71571350097656
239,11,0.6898270845413208,149.3356475830078,24.124189257621765,63.03651428222656
239,8,400.77789306640625,183.8920440673828,51.85302734375,142.71351623535156
239,10,347.64013671875,142.77342224121094,27.6707763671875,93.97137451171875
239,12,433.8814392089844,158.20729064941406,22.8157958984375,114.04804992675781
239,4,399.2742614746094,155.31561279296875,31.9990234375,97.24606323242188
239,13,423.44189453125,139.7332000732422,14.2259521484375,41.18965148925781
240,10,348.7065734863281,144.6642608642578,28.444732666015625,94.99385070800781
240,11,1.7409813404083252,149.9144287109375,24.488953351974487,63.15336608886719
240,8,401.1736145019531,179.4414825439453,48.630096435546875,146.0368194580078
240,12,432.3609924316406,161.1325225830078,24.394439697265625,107.67597961425781
240,4,397.73345947265625,156.8206024169922,27.115081787109375,101.79734802246094
240,13,422.5833435058594,139.6280517578125,15.541015625,37.77708435058594
