0,1,536.038818359375,202.01805114746094,54.22430419921875,137.42320251464844
0,2,579.7673950195312,374.3870849609375,99.33441162109375,104.149169921875
1,1,536.2357177734375,202.51596069335938,54.972412109375,136.65365600585938
1,2,582.5072631835938,378.0601806640625,98.18048095703125,99.98956298828125
2,1,536.2748413085938,202.48095703125,56.09271240234375,137.0125732421875
2,2,583.7227172851562,380.3909912109375,100.45355224609375,97.93389892578125
3,1,537.5140380859375,202.46548461914062,56.1934814453125,137.1044921875
3,2,585.8598022460938,383.60491943359375,102.65899658203125,95.00350952148438
3,3,613.8594970703125,226.3140106201172,27.866943359375,76.46464538574219
4,1,537.7398071289062,203.07427978515625,58.07012939453125,137.14630126953125
4,2,587.4779052734375,386.5774841308594,104.964599609375,91.638916015625
4,3,613.8499145507812,226.2259063720703,28.87469482421875,76.73033142089844
5,1,537.5582885742188,202.70716857910156,60.51025390625,137.6689910888672
5,2,593.4305419921875,390.93890380859375,102.4644775390625,87.33139038085938
5,3,613.7330322265625,225.45236206054688,28.71038818359375,77.32568359375
6,1,538.4905395507812,203.1536407470703,60.4334716796875,136.88819885253906
6,2,596.4789428710938,395.72454833984375,100.58416748046875,83.1162109375
6,3,614.4684448242188,226.3583984375,28.35247802734375,77.95037841796875
7,1,539.6695556640625,203.43507385253906,60.27191162109375,136.54786682128906
7,2,602.7465209960938,401.1684875488281,94.3330078125,77.61727905273438
7,3,614.5999145507812,227.36534118652344,28.91357421875,77.37104797363281
8,1,543.211181640625,203.0082550048828,57.40234375,137.1687774658203
8,2,606.2161254882812,406.7380065917969,90.83245849609375,71.9482421875
8,3,614.5745849609375,227.12181091308594,28.8433837890625,77.41447448730469
9,1,546.4022216796875,202.41091918945312,54.863037109375,137.5023193359375
9,2,612.3632202148438,412.7169189453125,83.75244140625,65.93145751953125
10,1,550.38623046875,202.55841064453125,51.41448974609375,137.85299682617188
10,2,615.5446166992188,417.5790710449219,75.4443359375,61.28448486328125
11,1,556.74365234375,202.74813842773438,46.128173828125,138.49911499023438
11,2,630.274658203125,422.87811279296875,57.69354248046875,56.32177734375
12,1,560.6607666015625,202.53038024902344,43.26751708984375,140.4027862548828
12,2,639.642333984375,427.1749572753906,47.21533203125,51.685333251953125
13,1,562.820556640625,203.18319702148438,41.74554443359375,140.64910888671875
13,2,642.4588623046875,431.648681640625,46.38519287109375,47.1787109375
14,1,562.7820434570312,203.53030395507812,43.698486328125,140.23904418945312
14,2,649.7109375,438.82171630859375,45.73236083984375,40.00531005859375
15,1,563.8472290039062,204.44351196289062,44.13751220703125,139.11981201171875
15,2,654.2111206054688,442.3620300292969,46.01312255859375,36.4951171875
16,1,565.390380859375,206.82447814941406,45.033203125,134.63023376464844
16,2,659.0076904296875,446.7512512207031,46.08270263671875,32.316162109375
17,1,565.6898193359375,202.16053771972656,46.12628173828125,139.93873596191406
17,2,663.332763671875,452.71331787109375,46.42657470703125,26.32958984375
18,1,566.6338500976562,202.1571044921875,48.29193115234375,139.49517822265625
18,2,668.4082641601562,459.44720458984375,45.84112548828125,19.031463623046875
19,1,565.37158203125,202.80575561523438,50.9757080078125,138.48257446289062
20,1,566.7158813476562,202.77719116210938,50.42022705078125,138.27313232421875
21,1,567.2890014648438,202.91555786132812,50.18310546875,137.8983154296875
22,1,567.59716796875,203.22213745117188,50.07861328125,137.54061889648438
23,1,567.4009399414062,203.75360107421875,51.92669677734375,136.94277954101562
24,1,567.9898681640625,203.27035522460938,53.3436279296875,137.08233642578125
25,1,567.4097900390625,203.1691131591797,53.7503662109375,137.36927795410156
26,1,568.16650390625,203.2233428955078,54.24993896484375,137.18284606933594
27,1,568.3187866210938,203.2845001220703,55.18035888671875,136.85179138183594
28,1,568.6561889648438,204.20657348632812,56.48919677734375,136.25704956054688
29,1,568.6021728515625,203.78367614746094,57.68463134765625,136.94065856933594
30,1,569.0036010742188,203.75125122070312,59.1348876953125,137.04580688476562
31,1,571.453369140625,204.2318115234375,58.7001953125,136.73992919921875
32,1,574.3790893554688,203.8257598876953,57.207275390625,137.0537872314453
33,1,576.9905395507812,203.7890625,55.95745849609375,136.77560424804688
34,1,581.9885864257812,203.60287475585938,52.66717529296875,136.21560668945312
35,1,586.296875,203.07168579101562,48.67449951171875,137.03213500976562
36,1,591.7394409179688,203.03475952148438,43.80633544921875,137.1368408203125
37,1,594.8428344726562,203.77120971679688,41.75628662109375,136.02471923828125
38,1,595.2296142578125,204.93582153320312,43.54376220703125,134.44900512695312
39,1,594.65576171875,204.54226684570312,44.23370361328125,135.11489868164062
40,1,595.1650390625,204.74667358398438,45.62939453125,135.33523559570312
41,1,594.9293823242188,204.32101440429688,46.86700439453125,134.8946533203125
42,1,594.989501953125,204.91952514648438,47.6361083984375,134.14083862304688
43,1,595.1932373046875,205.2708740234375,48.6856689453125,134.084228515625
44,1,595.6162719726562,203.89353942871094,49.0087890625,135.73402404785156
45,1,595.77001953125,205.65646362304688,50.14349365234375,133.92779541015625
46,1,595.879638671875,206.56466674804688,51.65106201171875,133.09146118164062
47,1,595.9107055664062,206.8275909423828,53.6461181640625,133.28407287597656
48,1,596.4700927734375,206.09559631347656,56.01898193359375,134.0202178955078
49,1,596.5447387695312,206.76486206054688,57.060791015625,133.873046875
50,1,596.5923461914062,204.75653076171875,57.30255126953125,136.27203369140625
51,1,596.6107788085938,204.4542694091797,57.9371337890625,136.80003356933594
52,1,596.4644775390625,204.27716064453125,58.8177490234375,137.21054077148438
53,1,597.3441772460938,204.67991638183594,58.6766357421875,136.6237030029297
54,1,597.7159423828125,205.2311553955078,58.9283447265625,136.06797790527344
55,1,600.234375,205.48770141601562,58.03326416015625,135.16229248046875
56,1,601.990478515625,206.22744750976562,56.81951904296875,134.0506591796875
57,1,606.9380493164062,206.60670471191406,52.20751953125,134.2325897216797
58,1,609.2612915039062,206.56053161621094,50.51922607421875,134.1343536376953
59,1,615.8593139648438,206.48130798339844,45.57232666015625,134.2924346923828
60,1,619.9052734375,205.59388732910156,41.91314697265625,137.51808166503906
61,1,620.0291137695312,205.24560546875,43.168701171875,138.59930419921875
62,1,621.4209594726562,205.78819274902344,42.477294921875,138.5014190673828
63,1,620.5995483398438,206.48077392578125,45.032470703125,135.13336181640625
64,1,620.8487548828125,204.85000610351562,45.62921142578125,140.01248168945312
65,1,621.7905883789062,206.1207733154297,45.30364990234375,140.00010681152344
66,1,622.0199584960938,206.41485595703125,46.16888427734375,140.72976684570312
67,1,622.3916625976562,206.1064453125,47.25347900390625,142.00131225585938
68,1,622.5571899414062,205.89073181152344,48.801513671875,143.3643035888672
68,4,432.41558837890625,135.91290283203125,22.5526123046875,87.99290466308594
69,1,622.941162109375,205.93663024902344,50.01226806640625,143.3548126220703
70,1,622.3651733398438,206.1089630126953,52.5234375,143.15660095214844
70,4,433.0581359863281,136.4173126220703,21.750457763671875,87.7198486328125
71,1,622.468017578125,206.64451599121094,53.76910400390625,141.92408752441406
71,4,433.0672912597656,136.20840454101562,21.7974853515625,88.57835388183594
72,1,622.864501953125,206.4827423095703,54.305419921875,142.2510528564453
73,1,623.2326049804688,206.7656707763672,54.9813232421875,141.84971618652344
74,1,624.319091796875,205.597412109375,54.9825439453125,143.802490234375
74,4,433.4173889160156,136.412841796875,21.200225830078125,87.98185729980469
75,1,625.2250366210938,207.8526153564453,55.580322265625,141.1966094970703
75,4,434.30694580078125,136.28982543945312,20.63214111328125,87.87258911132812
76,1,627.7847290039062,208.12918090820312,53.72869873046875,141.07870483398438
76,4,432.45379638671875,135.90267944335938,22.32135009765625,88.39344787597656
77,1,631.3029174804688,208.10792541503906,49.95379638671875,140.97840881347656
77,4,434.1304626464844,135.67005920410156,20.730010986328125,88.71052551269531
78,1,634.779296875,208.7139129638672,47.51806640625,140.5309295654297
78,4,434.24151611328125,136.4669952392578,20.46759033203125,87.94523620605469
79,1,638.1604614257812,207.8804931640625,44.21112060546875,142.08132934570312
80,1,638.955078125,207.98451232910156,44.76763916015625,141.3707733154297
81,1,639.0804443359375,207.92684936523438,44.255615234375,141.676513671875
82,1,639.7430419921875,207.76904296875,42.83856201171875,141.27783203125
83,1,639.809326171875,208.20928955078125,42.67681884765625,141.42901611328125
84,1,640.0510864257812,208.6671142578125,42.53631591796875,141.66098022460938
85,1,640.868896484375,209.21044921875,42.19818115234375,142.47592163085938
86,1,641.8306274414062,210.42567443847656,43.043212890625,143.1156768798828
87,1,642.115234375,209.96971130371094,42.78155517578125,144.5912322998047
88,1,642.4965209960938,210.2228240966797,42.30517578125,145.2009735107422
89,1,643.3045654296875,210.3084259033203,40.823486328125,145.0402374267578
90,1,644.4413452148438,210.70614624023438,39.1832275390625,146.44485473632812
91,1,645.0389404296875,210.70278930664062,40.31072998046875,148.1473388671875
92,1,645.2914428710938,210.83424377441406,40.4476318359375,148.61964416503906
93,1,645.9097290039062,210.45249938964844,43.2388916015625,149.4015655517578
94,1,646.3972778320312,211.25460815429688,43.9674072265625,148.52584838867188
95,1,646.4049072265625,211.77735900878906,44.9256591796875,148.10826110839844
96,1,647.5645141601562,212.76478576660156,44.3251953125,146.71104431152344
97,1,648.2836303710938,214.05938720703125,45.343505859375,145.63348388671875
98,1,648.7782592773438,214.3739013671875,46.0535888671875,145.714599609375
99,1,649.5384521484375,214.119384765625,45.977783203125,146.11773681640625
100,1,649.7137451171875,214.3472137451172,46.5037841796875,145.5705108642578
101,1,649.7715454101562,214.3282928466797,47.2166748046875,145.7971649169922
102,1,649.9794311523438,214.5769500732422,47.57745361328125,145.02272033691406
103,1,649.9686889648438,214.18621826171875,48.40948486328125,145.439453125
104,1,649.1470947265625,214.4034881591797,49.40618896484375,145.93626403808594
105,1,647.79248046875,214.75550842285156,50.32763671875,146.1619110107422
106,1,647.218994140625,215.24449157714844,50.8323974609375,146.9419403076172
107,1,646.6009521484375,215.4965362548828,51.6744384765625,147.9258575439453
108,1,646.1301879882812,215.63470458984375,51.8743896484375,148.14981079101562
109,1,644.1824340820312,215.80242919921875,53.63720703125,147.87322998046875
110,1,639.9271240234375,215.5485382080078,56.65289306640625,148.3330535888672
111,1,639.267333984375,215.11549377441406,56.31591796875,149.3834991455078
112,1,639.1256713867188,215.316162109375,55.19158935546875,149.552490234375
113,1,639.1468505859375,215.12713623046875,53.08038330078125,149.88211059570312
114,1,639.1332397460938,216.0454864501953,51.42120361328125,148.4658660888672
115,1,639.1712646484375,216.23902893066406,49.47088623046875,148.2002410888672
116,1,639.1526489257812,215.62303161621094,47.7904052734375,149.39109802246094
117,1,638.7059936523438,216.71282958984375,47.12969970703125,147.75003051757812
118,1,637.9346923828125,216.243408203125,45.40447998046875,148.51754760742188
119,1,636.2129516601562,216.1289825439453,45.28826904296875,148.8477325439453
120,1,635.1478881835938,216.10321044921875,45.68963623046875,148.91741943359375
121,1,634.3717041015625,216.36978149414062,44.8385009765625,148.70428466796875
122,1,631.8610229492188,216.00718688964844,46.45391845703125,149.55384826660156
123,1,629.8672485351562,216.94175720214844,47.38116455078125,149.62062072753906
124,1,629.5810546875,215.9355926513672,48.71527099609375,152.1680145263672
125,1,627.8209228515625,215.66322326660156,52.201904296875,154.04005432128906
126,1,625.7898559570312,216.08998107910156,54.7081298828125,154.55726623535156
127,1,625.07421875,217.10694885253906,55.37738037109375,154.7365264892578
128,1,623.1779174804688,217.4188232421875,55.5093994140625,153.83700561523438
129,1,619.7728271484375,218.3350067138672,56.4544677734375,152.80201721191406
130,1,614.9674682617188,218.50001525878906,57.636474609375,152.0271453857422
131,1,611.1854248046875,218.8407440185547,59.2528076171875,151.68870544433594
131,4,437.2467041015625,146.50643920898438,16.768524169921875,82.83444213867188
132,1,609.831298828125,218.5699920654297,57.80926513671875,151.5446014404297
133,1,607.82421875,218.37548828125,58.07318115234375,151.51251220703125
133,4,437.61370849609375,152.33328247070312,15.9217529296875,76.57965087890625
134,1,604.8265380859375,219.43247985839844,57.36566162109375,151.3863067626953
134,4,435.6322021484375,146.427001953125,17.6173095703125,84.30723571777344
135,1,604.1822509765625,220.25782775878906,55.982177734375,150.8235626220703
135,4,436.0364990234375,148.3463592529297,16.64349365234375,83.86384582519531
136,1,603.642822265625,220.1009063720703,54.16290283203125,151.1708526611328
136,4,435.8214416503906,147.1101531982422,17.649444580078125,86.66986083984375
137,1,603.2833862304688,219.49317932128906,53.0474853515625,151.8754425048828
137,4,436.25634765625,146.61163330078125,17.35321044921875,86.21638488769531
138,1,602.8775024414062,218.86166381835938,51.61981201171875,152.61199951171875
138,4,435.0589294433594,148.45819091796875,17.9576416015625,83.78573608398438
139,1,602.5175170898438,218.7216796875,50.0576171875,152.73748779296875
139,4,433.73309326171875,146.8038787841797,19.17425537109375,86.39407348632812
140,1,600.516357421875,219.24620056152344,48.54217529296875,151.8600616455078
140,4,434.9266052246094,146.94296264648438,18.521728515625,85.13502502441406
140,5,444.163330078125,204.02737426757812,13.169219970703125,73.63095092773438
141,1,599.6411743164062,220.25515747070312,46.45440673828125,151.3096923828125
141,4,436.5423889160156,152.9029541015625,20.58782958984375,128.80654907226562
141,5,441.4818420410156,199.5659637451172,15.352264404296875,80.67573547363281
142,1,597.8250732421875,220.4011993408203,45.4420166015625,150.64332580566406
142,4,433.4719543457031,142.35105895996094,22.46820068359375,138.99095153808594
142,5,434.35369873046875,192.63436889648438,22.430694580078125,89.9979248046875
143,1,593.9019775390625,220.4329833984375,47.72296142578125,150.79006958007812
143,5,431.1633605957031,191.7163543701172,24.178863525390625,92.75138854980469
143,4,432.4927062988281,145.06777954101562,20.4501953125,90.57118225097656
144,1,591.574951171875,219.32540893554688,48.850341796875,151.45721435546875
144,5,432.3103332519531,189.94488525390625,22.08245849609375,94.94842529296875
145,1,589.4509887695312,219.20510864257812,49.69305419921875,151.97238159179688
145,5,433.1352233886719,183.3907012939453,21.451324462890625,102.29139709472656
146,1,581.530029296875,219.3623046875,57.2489013671875,151.74285888671875
146,5,431.53936767578125,180.5157012939453,23.449188232421875,107.89619445800781
147,5,432.23712158203125,180.48779296875,23.82427978515625,107.194580078125
147,1,576.11669921875,220.67970275878906,60.9630126953125,150.6361541748047
148,1,570.7380981445312,221.44712829589844,65.12005615234375,149.80995178222656
148,5,431.6173095703125,180.69520568847656,24.23858642578125,107.08348083496094
149,1,567.880126953125,220.76231384277344,65.181396484375,150.5908660888672
149,5,429.06463623046875,180.3596954345703,25.93243408203125,107.31098937988281
150,1,566.1770629882812,220.59603881835938,63.59442138671875,150.53594970703125
150,5,425.3798828125,180.42929077148438,29.83056640625,107.78973388671875
151,1,565.1231079101562,219.400634765625,63.41754150390625,151.24673461914062
151,5,422.0442199707031,179.33770751953125,32.43316650390625,108.8916015625
152,1,564.2722778320312,219.1804962158203,63.765869140625,151.4044647216797
152,5,417.87884521484375,179.22425842285156,36.89605712890625,108.84355163574219
153,5,415.08184814453125,179.33816528320312,39.654144287109375,108.38992309570312
153,1,563.4092407226562,219.51449584960938,64.04638671875,151.69308471679688
154,5,412.88348388671875,180.2474822998047,41.640045166015625,108.88533020019531
154,1,563.247802734375,218.6903533935547,64.0704345703125,152.60093688964844
155,5,409.8146667480469,180.66563415527344,45.86163330078125,109.31303405761719
155,1,563.1503295898438,217.5275421142578,63.29583740234375,153.8810577392578
156,5,408.006591796875,181.1941375732422,47.775634765625,108.53895568847656
156,1,563.9266357421875,218.1973419189453,61.49725341796875,152.96327209472656
157,5,406.5543518066406,181.86123657226562,49.5926513671875,114.1590576171875
157,1,563.326904296875,218.0150604248047,59.32696533203125,152.7921600341797
158,5,404.82171630859375,183.3719024658203,50.1490478515625,114.94773864746094
158,1,562.3494262695312,217.07574462890625,52.94622802734375,153.75997924804688
159,5,404.38165283203125,184.32411193847656,50.770294189453125,115.03361511230469
159,1,561.214111328125,216.46107482910156,49.48968505859375,155.14659118652344
159,4,431.50689697265625,144.9373016357422,26.282135009765625,68.62738037109375
160,5,404.3985595703125,184.66249084472656,50.740325927734375,114.98838806152344
160,1,560.3684692382812,215.52186584472656,45.6651611328125,156.02613830566406
160,4,432.3328552246094,145.7238006591797,25.384918212890625,70.50663757324219
161,5,404.4598083496094,185.16995239257812,50.2747802734375,114.39715576171875
161,1,558.6271362304688,216.21543884277344,42.93359375,155.4675750732422
161,4,431.3634948730469,145.6143798828125,25.333648681640625,68.08230590820312
161,6,675.5735473632812,236.5972900390625,30.4271240234375,69.0421142578125
162,5,404.5958557128906,184.67564392089844,49.656097412109375,113.93403625488281
162,1,558.6803588867188,215.8974609375,41.6470947265625,156.04290771484375
163,5,406.05010986328125,184.51048278808594,47.8992919921875,113.96415710449219
163,1,554.2047119140625,215.1214141845703,44.97747802734375,155.85560607910156
164,5,406.8022766113281,184.46925354003906,47.0299072265625,113.90675354003906
164,1,548.09716796875,215.64883422851562,50.80908203125,153.89324951171875
165,5,406.25634765625,185.04176330566406,46.6199951171875,114.96476745605469
165,1,542.0674438476562,215.73822021484375,55.134521484375,152.82498168945312
166,5,406.23974609375,185.34811401367188,47.38409423828125,113.250244140625
166,1,536.9596557617188,215.94374084472656,57.66094970703125,151.66868591308594
167,5,405.93988037109375,185.90406799316406,47.290496826171875,113.83714294433594
167,1,533.0387573242188,217.1486358642578,60.09503173828125,149.97877502441406
168,5,404.3818054199219,186.27076721191406,49.04351806640625,114.91172790527344
168,1,529.010986328125,216.85986328125,62.1866455078125,149.70187377929688
168,4,429.9892883300781,142.73585510253906,31.381072998046875,87.40963745117188
169,5,403.497802734375,186.97250366210938,49.4385986328125,115.88198852539062
169,1,527.8397827148438,216.62489318847656,62.0076904296875,149.87059020996094
169,4,429.1065979003906,140.98043823242188,34.19464111328125,91.65165710449219
169,7,369.6942138671875,172.4665069580078,17.35205078125,77.66120910644531
170,5,403.2821044921875,187.31483459472656,49.844329833984375,117.96592712402344
170,1,527.4140014648438,216.2095489501953,61.7547607421875,150.0666046142578
170,4,428.6750793457031,139.7881317138672,31.72015380859375,105.69575500488281
170,7,364.9127197265625,162.89382934570312,22.789581298828125,86.84468078613281
171,5,402.07940673828125,188.1859130859375,50.680084228515625,119.58126831054688
171,1,527.8489379882812,216.2559814453125,60.4736328125,149.864013671875
171,4,429.0389099121094,140.66297912597656,31.001861572265625,103.58425903320312
171,7,365.0998840332031,160.74850463867188,22.88519287109375,89.42425537109375
172,5,400.7291259765625,189.37184143066406,51.3438720703125,120.60194396972656
172,1,527.6759643554688,216.45254516601562,60.630615234375,149.34439086914062
172,4,428.604248046875,141.71055603027344,30.2410888671875,101.28489685058594
172,7,365.8840026855469,159.99786376953125,22.64190673828125,89.43817138671875
173,5,399.2283935546875,190.45849609375,52.208953857421875,118.79705810546875
173,1,527.6065673828125,216.09939575195312,60.58489990234375,150.37075805664062
173,4,428.4229736328125,147.7972869873047,30.594512939453125,102.82766723632812
173,7,365.0191955566406,159.62460327148438,22.9912109375,89.37736511230469
174,5,397.57891845703125,190.87506103515625,54.0350341796875,118.55795288085938
174,1,527.6046752929688,215.97447204589844,60.1529541015625,149.9359588623047
174,4,428.69195556640625,146.04995727539062,29.651885986328125,105.9085693359375
174,7,363.28863525390625,160.07765197753906,23.0855712890625,90.32281494140625
175,5,396.8660888671875,191.06578063964844,54.33203125,118.78895568847656
175,1,527.8270874023438,215.53167724609375,59.64752197265625,149.95748901367188
175,4,429.2677307128906,146.55172729492188,29.6309814453125,105.60002136230469
175,7,360.75848388671875,159.88763427734375,25.3287353515625,91.92366027832031
176,5,395.7862243652344,191.14495849609375,55.293670654296875,118.198974609375
176,1,527.6283569335938,215.51295471191406,58.79888916015625,149.9810028076172
176,4,430.1988220214844,146.79351806640625,29.38671875,105.19871520996094
176,7,359.8047180175781,159.8343505859375,26.68255615234375,89.98417663574219
177,5,396.0290832519531,190.34132385253906,55.435882568359375,118.71315002441406
177,4,430.3246154785156,144.58082580566406,30.43817138671875,108.27183532714844
177,7,360.3812561035156,159.46939086914062,25.97119140625,89.55648803710938
177,1,527.0391235351562,214.0596160888672,57.813720703125,151.35047912597656
178,5,396.9015197753906,190.48046875,54.8157958984375,118.53689575195312
178,1,527.049072265625,214.30177307128906,56.02935791015625,150.21360778808594
178,7,363.0402526855469,158.79685974121094,23.456939697265625,92.89839172363281
178,4,430.63946533203125,145.33755493164062,28.143585205078125,106.19456481933594
179,5,397.2427673339844,190.3898468017578,54.703125,118.11598205566406
179,4,430.3259582519531,145.25392150878906,28.48931884765625,105.99459838867188
179,1,526.777587890625,213.52682495117188,53.69622802734375,150.43804931640625
179,7,364.2912902832031,158.4810028076172,22.308441162109375,92.42936706542969
180,5,399.0452575683594,191.1665802001953,53.08306884765625,116.95597839355469
180,1,527.0615844726562,213.65695190429688,49.4453125,149.68673706054688
180,7,363.75848388671875,157.96653747558594,22.292327880859375,91.369384765625
180,4,430.5593566894531,144.65953063964844,27.610015869140625,99.17031860351562
181,5,401.3056945800781,192.03797912597656,51.429595947265625,118.83641052246094
181,1,527.1458129882812,215.03355407714844,45.41314697265625,147.7614288330078
181,7,364.3853759765625,158.25494384765625,21.840850830078125,91.14401245117188
181,4,430.4465637207031,149.03294372558594,27.005126953125,72.79248046875
182,5,405.6799621582031,191.73585510253906,52.379669189453125,121.69923400878906
182,1,525.8319091796875,215.2846221923828,42.41119384765625,147.3577423095703
182,7,365.3763427734375,157.64617919921875,20.511322021484375,88.70074462890625
182,4,429.69696044921875,153.62025451660156,27.277618408203125,73.03959655761719
183,5,408.04058837890625,192.79869079589844,55.66961669921875,121.63197326660156
183,1,523.0379028320312,216.17845153808594,44.55792236328125,146.4542694091797
183,7,365.2868347167969,157.79739379882812,21.142364501953125,89.5537109375
183,4,428.7812194824219,153.79302978515625,27.36090087890625,66.00164794921875
184,5,408.82659912109375,192.61856079101562,54.52215576171875,123.29129028320312
184,1,520.6332397460938,214.82208251953125,47.00018310546875,147.78085327148438
184,7,364.9795227050781,158.35491943359375,20.91558837890625,89.79826354980469
184,4,428.6538391113281,154.70704650878906,27.0859375,58.571380615234375
185,5,408.8385314941406,193.09071350097656,55.678741455078125,122.71232604980469
185,1,518.643798828125,211.6612091064453,47.4949951171875,151.2542266845703
185,7,364.93292236328125,158.66102600097656,20.814666748046875,89.54867553710938
185,4,428.1508483886719,154.58917236328125,27.238922119140625,56.60198974609375
186,5,409.185302734375,191.25686645507812,54.6336669921875,124.23672485351562
186,1,516.6996459960938,213.43690490722656,47.530029296875,148.9901885986328
186,4,427.7866516113281,155.7402801513672,27.186004638671875,54.87799072265625
186,7,363.4197998046875,158.0334930419922,21.886627197265625,90.31190490722656
187,5,410.947265625,191.1396942138672,52.91925048828125,124.17607116699219
187,1,514.9109497070312,214.1155242919922,46.43994140625,148.45484924316406
187,4,426.6460876464844,155.37542724609375,28.587005615234375,58.10325622558594
187,7,364.181640625,157.83917236328125,20.916778564453125,89.65782165527344
188,5,411.5135192871094,191.53131103515625,53.785247802734375,124.18731689453125
188,1,513.7499389648438,213.28536987304688,47.44610595703125,149.6990966796875
188,4,425.6414794921875,153.39703369140625,30.24517822265625,66.48654174804688
188,7,365.46905517578125,157.41334533691406,19.34515380859375,89.87370300292969
189,5,413.9098205566406,191.7599334716797,54.41937255859375,124.00791931152344
189,1,512.9727783203125,212.03076171875,48.9132080078125,151.06622314453125
189,4,424.7118225097656,152.643310546875,30.63262939453125,71.17390441894531
189,7,364.552001953125,157.21640014648438,20.938690185546875,88.18452453613281
190,5,418.0057067871094,191.82615661621094,55.796478271484375,123.92961120605469
190,1,512.7448120117188,211.75289916992188,47.61456298828125,151.25723266601562
190,4,423.7524719238281,151.75485229492188,31.729217529296875,74.31655883789062
190,7,365.8739929199219,158.46250915527344,19.3939208984375,84.49908447265625
191,5,423.1540832519531,192.52723693847656,54.515869140625,123.90409851074219
191,1,512.4346923828125,212.968994140625,48.1475830078125,150.02291870117188
191,4,422.43316650390625,154.03469848632812,33.49481201171875,71.76119995117188
191,7,368.4965515136719,160.6934051513672,16.943634033203125,81.99494934082031
192,5,428.7919006347656,192.42996215820312,51.790069580078125,125.20071411132812
192,4,421.41375732421875,153.3492889404297,35.95233154296875,99.67774963378906
192,1,512.0407104492188,214.0507049560547,50.29376220703125,149.07737731933594
193,5,435.3144836425781,192.99891662597656,51.01397705078125,125.69514465332031
193,4,420.6878967285156,154.23880004882812,36.1944580078125,102.92037963867188
193,1,512.0216064453125,214.14344787597656,49.26519775390625,148.5531768798828
194,5,437.9834289550781,193.19105529785156,51.600067138671875,127.45390319824219
194,4,420.3035583496094,155.06707763671875,37.252197265625,104.94290161132812
194,1,511.9664611816406,213.9691925048828,48.550262451171875,148.69667053222656
195,5,440.3233337402344,194.397705078125,51.0054931640625,128.63247680664062
195,4,419.49066162109375,155.41110229492188,37.8759765625,106.07565307617188
195,1,512.0418090820312,212.9312286376953,47.49749755859375,149.91139221191406
196,4,419.13330078125,155.63401794433594,37.773040771484375,106.53956604003906
196,5,440.99053955078125,194.8605499267578,52.017913818359375,131.5095672607422
196,1,511.9472961425781,213.15045166015625,45.621612548828125,149.63531494140625
197,5,442.78668212890625,196.47740173339844,52.575103759765625,130.2748260498047
197,4,418.7415771484375,156.93466186523438,38.3138427734375,107.03985595703125
197,1,511.9496765136719,211.07479858398438,42.428558349609375,151.8487548828125
198,4,418.4313659667969,157.51052856445312,38.8109130859375,109.97146606445312
198,5,444.04534912109375,194.5858917236328,52.627899169921875,132.70924377441406
198,1,511.74072265625,210.3776092529297,41.63818359375,151.96070861816406
199,4,418.26458740234375,158.0084991455078,39.008880615234375,109.90257263183594
199,5,444.50152587890625,195.63870239257812,52.53851318359375,133.50439453125
199,1,511.5101013183594,209.45242309570312,40.627166748046875,152.69198608398438
200,5,444.773681640625,195.17576599121094,52.221282958984375,134.35899353027344
200,4,418.5857238769531,157.44114685058594,38.639678955078125,110.94993591308594
200,1,510.324951171875,208.1619415283203,42.633544921875,153.6615753173828
201,4,418.6982116699219,157.7307891845703,37.769378662109375,111.71287536621094
201,5,449.0545654296875,194.9756622314453,46.715087890625,134.45814514160156
201,1,509.7603454589844,207.7578125,42.456085205078125,153.56988525390625
202,4,419.33624267578125,157.113525390625,38.048370361328125,112.33465576171875
202,5,451.896484375,194.88121032714844,44.27099609375,133.1628875732422
202,1,509.0705871582031,208.11279296875,42.202056884765625,152.55718994140625
203,4,420.20794677734375,157.3898162841797,36.42864990234375,111.83876037597656
203,5,454.2998962402344,195.88648986816406,41.048858642578125,132.2131805419922
203,1,508.25567626953125,208.6788330078125,39.88018798828125,150.92825317382812
204,4,420.4974060058594,157.23861694335938,36.359619140625,111.68936157226562
204,5,458.53814697265625,195.1167449951172,37.15972900390625,133.53968811035156
204,1,507.053955078125,205.91244506835938,39.53143310546875,152.75881958007812
205,4,420.22491455078125,157.8219451904297,36.5855712890625,111.77076721191406
205,5,462.1699523925781,196.3505096435547,36.0084228515625,130.83534240722656
205,1,506.28997802734375,206.37298583984375,39.18060302734375,150.959228515625
206,4,420.21466064453125,158.37551879882812,36.246307373046875,112.4046630859375
206,5,466.92828369140625,200.0973358154297,36.346954345703125,127.63978576660156
206,1,503.81317138671875,206.6113739013672,40.992919921875,148.5646209716797
207,4,417.5054626464844,158.20994567871094,37.95916748046875,113.91325378417969
207,5,468.51422119140625,201.10205078125,38.809051513671875,127.11477661132812
207,1,500.6559143066406,206.8174591064453,42.692535400390625,146.5941619873047
208,4,416.0589904785156,158.2194061279297,39.023651123046875,114.70521545410156
208,5,469.0687255859375,202.2350311279297,40.204833984375,126.30400085449219
208,1,494.1630554199219,206.150390625,48.428070068359375,146.18325805664062
209,4,416.244873046875,158.2198486328125,37.776702880859375,115.66067504882812
209,5,470.4617919921875,202.9840850830078,39.303924560546875,125.60310363769531
209,1,489.32061767578125,205.75352478027344,51.464599609375,146.0762176513672
210,4,415.9209899902344,157.87521362304688,36.255096435546875,116.20022583007812
210,5,470.3146057128906,203.71719360351562,39.928741455078125,125.08575439453125
210,1,484.37109375,206.5023193359375,56.39178466796875,145.984619140625
211,4,415.8971252441406,158.86207580566406,35.09649658203125,116.69908142089844
211,5,471.03106689453125,204.39950561523438,40.433013916015625,123.51690673828125
211,1,481.2184753417969,206.48406982421875,57.384613037109375,145.156005859375
212,4,414.7323303222656,160.7704620361328,35.288330078125,114.99684143066406
212,1,478.96649169921875,208.5067596435547,57.93475341796875,142.9193572998047
212,5,471.1103210449219,204.41567993164062,43.347381591796875,122.22674560546875
213,4,413.4104309082031,160.23666381835938,35.633148193359375,116.0291748046875
213,1,477.9740905761719,204.11184692382812,55.852447509765625,146.92648315429688
214,4,412.334228515625,159.6271209716797,36.182159423828125,116.45469665527344
214,1,477.7396240234375,203.64590454101562,54.893798828125,147.01531982421875
215,4,410.7048645019531,160.0712127685547,36.23699951171875,115.94078063964844
215,1,477.744140625,200.7999725341797,56.4801025390625,149.9353485107422
215,8,429.5232849121094,143.8973846435547,21.91693115234375,57.362945556640625
216,4,408.3004455566406,160.49142456054688,38.227630615234375,115.47109985351562
216,1,476.04766845703125,201.65818786621094,58.70098876953125,149.50343322753906
217,4,405.769775390625,160.8124542236328,40.0911865234375,115.48396301269531
217,1,475.299560546875,200.15774536132812,63.507568359375,151.2130126953125
218,4,404.7901611328125,161.33412170410156,40.674560546875,116.61039733886719
218,1,476.3957824707031,201.1637420654297,64.02163696289062,149.7962188720703
218,9,598.7233276367188,182.4681854248047,46.49993896484375,109.56858825683594
219,4,403.68963623046875,164.0277099609375,41.741851806640625,115.58010864257812
219,5,508.398193359375,208.40585327148438,46.57452392578125,120.33523559570312
219,1,475.6512451171875,202.37689208984375,72.82958984375,147.63534545898438
220,4,401.4093017578125,164.48455810546875,44.6290283203125,119.28927612304688
220,5,511.1360168457031,203.20848083496094,50.231414794921875,125.84553527832031
220,1,475.94122314453125,212.14013671875,53.89093017578125,138.20822143554688
221,4,400.4444274902344,164.9272918701172,44.5277099609375,120.33668518066406
221,5,515.4930419921875,203.37303161621094,52.05419921875,139.92994689941406
221,1,475.28289794921875,208.42205810546875,53.23211669921875,141.16326904296875
222,4,399.5312194824219,165.65086364746094,44.9693603515625,120.38124084472656
222,5,517.770751953125,205.17262268066406,51.7435302734375,140.2123565673828
222,1,475.271484375,205.96102905273438,50.5751953125,143.36102294921875
223,4,398.718505859375,166.16934204101562,45.40673828125,121.42730712890625
223,5,516.0987548828125,205.82394409179688,57.440673828125,141.32540893554688
223,1,475.5476379394531,206.02391052246094,48.091888427734375,142.39817810058594
223,9,605.3345336914062,223.5380859375,37.79931640625,76.92132568359375
224,4,398.0730285644531,167.49267578125,45.580780029296875,122.58114624023438
224,5,515.5052490234375,205.8937225341797,61.033203125,141.1337127685547
224,1,475.43707275390625,205.56983947753906,46.00286865234375,141.8994903564453
225,4,397.846923828125,167.82839965820312,45.85003662109375,122.54440307617188
225,5,516.9652099609375,206.28440856933594,61.0555419921875,141.1923370361328
225,1,475.1018371582031,205.4232940673828,43.499725341796875,141.65562438964844
226,4,397.5416259765625,168.78231811523438,45.7008056640625,121.4306640625
226,5,516.2592163085938,207.44912719726562,63.46893310546875,141.63607788085938
226,1,474.1324768066406,205.0785675048828,40.962554931640625,142.27503967285156
227,4,397.4401550292969,169.01153564453125,45.4560546875,121.11148071289062
227,5,520.0592041015625,207.46652221679688,60.6988525390625,141.13406372070312
227,1,472.5018615722656,204.9116973876953,40.842498779296875,142.1383514404297
228,4,397.43585205078125,168.7907257080078,43.86346435546875,121.83345031738281
228,5,524.4469604492188,207.38392639160156,57.68817138671875,140.63258361816406
228,1,470.9828186035156,204.28599548339844,41.215301513671875,142.2411346435547
228,8,424.5408020019531,143.5074920654297,28.26605224609375,94.67376708984375
229,4,397.5581359863281,169.0257110595703,41.1036376953125,120.77952575683594
229,5,530.995849609375,207.70748901367188,46.86431884765625,140.1168212890625
229,1,469.3931884765625,204.1010284423828,42.161468505859375,142.58619689941406
229,8,422.2964172363281,144.31275939941406,31.189544677734375,89.37507629394531
230,4,397.1206970214844,169.50572204589844,39.836029052734375,119.83995056152344
230,5,545.4075317382812,207.67108154296875,36.7034912109375,140.72802734375
230,1,467.2333679199219,204.44805908203125,43.331787109375,141.90185546875
231,4,396.67657470703125,169.239501953125,39.312408447265625,122.81564331054688
231,5,550.0056762695312,207.88607788085938,37.109130859375,140.33306884765625
231,1,465.74310302734375,203.8079833984375,46.5980224609375,142.6815185546875
232,4,395.807373046875,168.97628784179688,40.407958984375,124.9599609375
232,5,553.2107543945312,208.59466552734375,39.43902587890625,139.32867431640625
232,1,465.458740234375,203.92323303222656,44.86712646484375,142.52391052246094
233,4,393.07098388671875,169.80538940429688,41.791748046875,125.83673095703125
233,5,555.328857421875,208.60179138183594,42.3148193359375,138.8621063232422
233,1,465.0981750488281,204.6888427734375,42.599365234375,142.46835327148438
233,8,423.9104309082031,144.39244079589844,29.440185546875,87.76817321777344
234,4,391.6265563964844,169.59677124023438,41.538818359375,127.09515380859375
234,5,555.2695922851562,210.2859344482422,51.20782470703125,137.78831481933594
234,1,465.43939208984375,204.88348388671875,41.745269775390625,141.56716918945312
234,8,424.4576721191406,144.57444763183594,28.944000244140625,92.16476440429688
235,4,390.8226318359375,170.89178466796875,40.801849365234375,127.6513671875
235,5,556.07763671875,211.11427307128906,61.02703857421875,137.56968688964844
235,1,465.6908874511719,204.84849548339844,40.53106689453125,142.2600860595703
235,8,424.95281982421875,144.2247772216797,28.583526611328125,92.42498779296875
236,4,390.05670166015625,171.23507690429688,40.187225341796875,129.39987182617188
236,1,465.7108459472656,203.79812622070312,40.97271728515625,143.7486572265625
236,5,556.0798950195312,212.68821716308594,69.0052490234375,136.78233337402344
236,8,424.8022766113281,144.43130493164062,28.607025146484375,91.19125366210938
237,4,388.3140869140625,170.52052307128906,41.085784912109375,130.4809112548828
237,5,555.8325805664062,213.36839294433594,71.82073974609375,138.1426239013672
237,1,465.5188903808594,203.50189208984375,43.18914794921875,144.23196411132812
237,8,426.1214294433594,144.21011352539062,27.57025146484375,91.61552429199219
238,4,385.87908935546875,169.32359313964844,42.57684326171875,131.6468963623047
238,5,556.2867431640625,214.2425079345703,72.75482177734375,138.49195861816406
238,1,466.0574645996094,203.430908203125,42.692108154296875,143.34463500976562
238,8,425.79864501953125,144.18568420410156,27.58209228515625,92.072265625
239,4,383.5431213378906,171.48281860351562,43.96820068359375,129.8714599609375
239,5,557.6339111328125,214.47361755371094,72.0157470703125,138.8766326904297
239,1,465.5357971191406,203.85704040527344,43.919464111328125,142.6778106689453
239,7,358.870361328125,148.893798828125,27.76708984375,101.95259094238281
239,8,425.6435241699219,144.66714477539062,27.844329833984375,92.59356689453125
240,4,381.1059875488281,172.3829345703125,44.616424560546875,129.1915283203125
240,5,561.0449829101562,213.1870574951172,69.62310791015625,140.87449645996094
240,1,465.1116638183594,203.5253448486328,44.1573486328125,142.25425720214844
240,8,428.2421569824219,144.4230499267578,24.846282958984375,94.70025634765625
240,7,356.5704040527344,148.2847442626953,28.532318115234375,100.30206298828125
241,4,380.09161376953125,173.6765594482422,43.463226318359375,126.72724914550781
241,5,565.4788208007812,212.68345642089844,65.45098876953125,141.91026306152344
241,1,463.8525695800781,202.4331817626953,48.0811767578125,143.19398498535156
241,8,428.41650390625,144.71360778808594,24.582763671875,94.95980834960938
241,7,355.5260009765625,148.1954803466797,27.45147705078125,103.83222961425781
242,4,376.9098815917969,171.5400848388672,46.51959228515625,129.9158477783203
242,5,569.8275146484375,214.9642791748047,61.27276611328125,139.4578094482422
242,1,462.1918029785156,201.6439971923828,50.494598388671875,142.8776397705078
242,7,352.0975036621094,146.90150451660156,27.418182373046875,109.39079284667969
242,8,428.9220886230469,145.1231231689453,24.06732177734375,92.90034484863281
243,4,375.0292663574219,171.5330352783203,47.647552490234375,131.9016571044922
243,5,577.3629150390625,214.15948486328125,54.4854736328125,140.681396484375
243,1,460.3746643066406,202.19784545898438,52.446746826171875,141.72955322265625
243,7,351.2568664550781,147.4698944091797,28.85357666015625,112.10887145996094
243,8,428.5643005371094,144.71282958984375,24.270904541015625,94.01383972167969
244,4,373.1170654296875,171.9134521484375,49.265045166015625,134.18728637695312
244,5,584.901123046875,213.5330047607422,53.5465087890625,141.99769592285156
244,1,459.5433654785156,203.2831573486328,53.489654541015625,139.1276397705078
244,7,350.61187744140625,147.99266052246094,23.1640625,107.07756042480469
244,8,429.5132751464844,144.8650665283203,23.39312744140625,93.59732055664062
245,4,371.9294738769531,175.4207000732422,50.856109619140625,133.9979705810547
245,1,458.85760498046875,202.7128448486328,53.23974609375,138.52540588378906
245,5,596.0567626953125,214.03831481933594,50.59857177734375,143.0489959716797
245,7,348.1041564941406,148.16754150390625,25.729644775390625,104.99359130859375
245,8,429.138916015625,145.24156188964844,23.75238037109375,93.78861999511719
246,4,370.69482421875,175.66873168945312,52.597381591796875,136.6207275390625
246,5,604.7977905273438,215.22218322753906,48.6287841796875,144.4075469970703
246,1,458.243896484375,202.37709045410156,52.438446044921875,137.4159698486328
246,8,428.36029052734375,145.32470703125,24.7496337890625,93.5208740234375
246,7,346.522705078125,147.54705810546875,29.64361572265625,104.148193359375
247,4,369.225341796875,176.35479736328125,54.200836181640625,136.88363647460938
247,5,607.8414916992188,215.2620849609375,54.30340576171875,147.46533203125
247,1,458.3558654785156,202.25485229492188,51.06689453125,136.68701171875
247,8,428.2120666503906,145.30491638183594,25.00262451171875,93.90849304199219
247,7,345.4679870605469,147.9736785888672,29.663604736328125,103.27033996582031
248,4,368.27728271484375,176.33827209472656,55.429168701171875,138.50453186035156
248,5,608.3671264648438,216.82766723632812,59.54339599609375,150.31063842773438
248,1,457.99932861328125,201.4734344482422,50.328094482421875,135.8280792236328
248,8,429.0176086425781,144.6182861328125,24.288299560546875,94.31697082519531
248,7,344.9616394042969,147.8668975830078,29.028656005859375,102.8045654296875
249,4,368.13385009765625,178.011474609375,54.286712646484375,138.7752685546875
249,5,607.9583129882812,217.47732543945312,65.68359375,151.53921508789062
249,1,458.1145935058594,201.70974731445312,49.48480224609375,135.14266967773438
249,7,343.9536437988281,147.49952697753906,29.0030517578125,106.70289611816406
249,8,428.7275695800781,144.85479736328125,24.471893310546875,96.4466552734375
250,4,368.8174743652344,177.3077392578125,52.5650634765625,140.56021118164062
250,5,606.8980102539062,219.25511169433594,73.12396240234375,149.40846252441406
250,1,459.7338562011719,201.24339294433594,46.527435302734375,135.0157012939453
250,8,428.8671875,144.81137084960938,23.9918212890625,93.69859313964844
250,7,344.5197448730469,147.3199920654297,26.51751708984375,104.68746948242188
251,4,369.5255126953125,177.01914978027344,51.4488525390625,140.35719299316406
251,5,607.339111328125,220.12997436523438,74.95281982421875,150.12213134765625
251,1,460.7608947753906,200.9614715576172,45.2752685546875,135.12721252441406
251,8,428.71160888671875,144.95791625976562,23.88134765625,92.96467590332031
251,7,343.04901123046875,147.1431884765625,27.065032958984375,102.44500732421875
252,4,369.7438049316406,177.6329345703125,50.79339599609375,139.4635009765625
252,5,607.8839721679688,220.64341735839844,76.2498779296875,151.91737365722656
252,1,462.83306884765625,202.01406860351562,43.047119140625,134.11398315429688
252,8,429.517333984375,145.50253295898438,22.884613037109375,91.44589233398438
252,7,342.4720153808594,146.84274291992188,26.390411376953125,106.85685729980469
253,4,371.0895080566406,177.90606689453125,48.651885986328125,139.48141479492188
253,5,610.4961547851562,221.57740783691406,75.48443603515625,151.3991241455078
253,1,464.4002990722656,202.19766235351562,42.169525146484375,134.27426147460938
253,8,429.4524230957031,145.2852783203125,22.971710205078125,92.15756225585938
253,7,345.8878173828125,146.40719604492188,23.455810546875,93.2418212890625
254,4,371.2476806640625,177.61036682128906,48.10028076171875,139.5723114013672
254,5,621.3353881835938,222.33059692382812,54.82049560546875,150.35543823242188
254,1,467.2215881347656,202.31239318847656,40.01788330078125,134.10536193847656
254,8,429.18634033203125,145.51315307617188,23.825286865234375,90.93695068359375
254,7,342.3083801269531,145.39697265625,23.5830078125,93.35684204101562
