0,1,391.9541015625,172.99652099609375,44.614166259765625,113.721435546875
0,2,425.911376953125,167.32713317871094,22.5069580078125,90.30567932128906
1,1,391.6259765625,174.41371154785156,44.44158935546875,116.21617126464844
1,2,425.2993469238281,167.2654571533203,23.393035888671875,91.70124816894531
2,1,392.1263427734375,175.2999267578125,44.293853759765625,116.06179809570312
2,2,425.04144287109375,167.55453491210938,23.66119384765625,92.1556396484375
3,1,392.998291015625,176.6312255859375,42.385711669921875,116.45303344726562
3,2,424.1556091308594,167.86441040039062,24.33990478515625,92.7662353515625
4,1,393.63397216796875,176.4829864501953,41.86651611328125,118.32884216308594
4,2,424.4676513671875,167.4123992919922,24.033447265625,94.14845275878906
5,1,395.3313903808594,176.60565185546875,39.67340087890625,118.36593627929688
5,2,424.6537170410156,167.6538848876953,23.821441650390625,93.07243347167969
6,1,396.4339294433594,177.90692138671875,37.978240966796875,118.01809692382812
6,2,424.9281921386719,167.80911254882812,23.352783203125,92.77716064453125
7,1,396.7732849121094,177.90432739257812,38.284698486328125,117.990234375
7,2,424.50787353515625,167.2135772705078,23.63092041015625,93.29762268066406
8,1,397.2434997558594,177.09527587890625,37.743133544921875,117.23333740234375
8,2,424.7721252441406,166.9210205078125,23.30419921875,92.7537841796875
8,3,365.89215087890625,164.16932678222656,21.666717529296875,82.52072143554688
9,1,396.7950744628906,178.1201171875,37.69171142578125,115.3043212890625
9,2,425.1475524902344,167.88595581054688,22.40093994140625,92.29147338867188
9,3,364.9445495605469,159.4355010986328,24.97052001953125,103.32725524902344
10,1,395.806396484375,177.6805877685547,38.62725830078125,117.47611999511719
10,2,425.6673278808594,167.159912109375,21.14520263671875,93.48709106445312
10,3,363.9422302246094,157.98004150390625,22.8438720703125,89.71414184570312
11,1,395.19036865234375,177.52197265625,39.266143798828125,119.88519287109375
11,2,426.3138732910156,168.49807739257812,19.597503662109375,91.63186645507812
11,3,363.63525390625,158.19009399414062,23.5550537109375,94.33421325683594
12,1,394.348388671875,177.34205627441406,40.2142333984375,124.88951110839844
12,2,426.2379455566406,169.42372131347656,19.46942138671875,91.52778625488281
12,3,362.93914794921875,157.12925720214844,24.50341796875,96.22213745117188
13,1,393.7004699707031,177.90585327148438,40.268524169921875,125.76516723632812
13,2,426.7071838378906,170.605712890625,19.045257568359375,91.38116455078125
13,3,361.8892822265625,158.1063690185547,25.180023193359375,92.95433044433594
14,1,393.054931640625,178.5198974609375,41.38995361328125,125.084228515625
14,2,425.1147766113281,172.15127563476562,20.5989990234375,98.05767822265625
14,3,362.1739807128906,156.70045471191406,24.264007568359375,95.37826538085938
15,1,392.37158203125,179.71890258789062,41.893463134765625,126.13192749023438
15,3,361.96923828125,154.8462371826172,24.525299072265625,95.75474548339844
15,2,427.5061340332031,172.57545471191406,18.8184814453125,98.92375183105469
16,1,391.99993896484375,180.91746520996094,43.188751220703125,128.52232360839844
16,2,425.2337951660156,172.4949951171875,21.390716552734375,100.74847412109375
16,3,361.25701904296875,154.5731964111328,25.51251220703125,98.67198181152344
17,1,391.7629089355469,180.23435974121094,45.323089599609375,127.19932556152344
17,2,419.4516296386719,172.96780395507812,21.24407958984375,91.312255859375
17,4,424.2308349609375,172.53341674804688,22.6474609375,102.13504028320312
17,3,360.6787414550781,154.5550537109375,26.062286376953125,97.23501586914062
18,1,391.611083984375,184.03114318847656,46.638275146484375,127.06571960449219
18,4,429.9330139160156,172.94374084472656,18.6876220703125,103.06919860839844
18,3,360.40472412109375,155.0224609375,26.4254150390625,97.40011596679688
18,2,418.26214599609375,174.24703979492188,20.098419189453125,80.20547485351562
19,1,391.7972412109375,180.04544067382812,46.381378173828125,128.78594970703125
19,4,428.3863525390625,173.37733459472656,20.385223388671875,103.36994934082031
19,3,359.584228515625,154.94305419921875,26.13104248046875,101.09481811523438
20,1,393.6627502441406,182.35877990722656,44.878814697265625,128.14122009277344
20,4,426.4093933105469,171.7881622314453,22.114532470703125,101.73237609863281
20,3,358.04437255859375,152.98104858398438,27.029937744140625,96.57974243164062
20,2,414.4527893066406,174.6954345703125,16.509429931640625,29.060546875
21,1,395.2898864746094,179.77151489257812,44.341583251953125,127.31430053710938
21,4,425.9720153808594,171.76953125,22.3192138671875,102.58544921875
21,3,357.58154296875,152.41586303710938,27.555511474609375,98.52165222167969
21,5,61.947662353515625,129.7615509033203,17.40850830078125,61.40875244140625
22,1,397.9211730957031,183.0231170654297,42.710113525390625,126.08015441894531
22,3,357.2054138183594,152.32220458984375,28.04058837890625,98.21360778808594
22,4,426.5162048339844,172.0953826904297,21.057708740234375,95.39115905761719
23,1,396.77587890625,184.9043731689453,43.90606689453125,125.93785095214844
23,3,356.06866455078125,152.54588317871094,29.360198974609375,96.43251037597656
23,4,425.8879699707031,173.50840759277344,19.568450927734375,78.078857421875
23,2,405.7302551269531,173.24307250976562,19.327545166015625,32.58683776855469
24,1,397.4274597167969,184.72080993652344,45.097442626953125,127.55235290527344
24,3,356.81097412109375,151.81973266601562,27.467803955078125,95.48468017578125
24,2,404.90045166015625,174.2414093017578,17.102081298828125,34.3106689453125
24,4,426.43963623046875,174.05795288085938,20.00469970703125,80.36981201171875
25,1,399.2467956542969,184.0784912109375,46.152313232421875,130.30050659179688
25,3,356.9548034667969,151.61056518554688,26.794403076171875,94.02276611328125
25,2,403.38507080078125,175.78102111816406,18.155181884765625,36.99993896484375
26,1,398.7501220703125,189.29827880859375,49.47943115234375,128.33450317382812
26,3,357.4979248046875,152.17897033691406,26.73333740234375,92.02876281738281
26,2,402.1742248535156,176.2159423828125,18.577484130859375,39.482330322265625
27,1,400.0964660644531,187.4712677001953,49.677032470703125,131.5673370361328
27,3,357.5665283203125,152.04708862304688,26.63751220703125,90.00907897949219
27,2,401.13177490234375,176.21633911132812,20.876800537109375,74.29794311523438
28,1,401.81494140625,187.1139678955078,48.280792236328125,133.8042449951172
28,2,400.257080078125,174.64952087402344,26.282806396484375,95.64353942871094
28,3,357.8284912109375,152.1343231201172,26.262481689453125,91.01924133300781
29,1,404.0654296875,189.17958068847656,46.42376708984375,134.14622497558594
29,2,400.8775634765625,175.4114990234375,27.08111572265625,104.5941162109375
29,3,357.9395751953125,151.94549560546875,26.0712890625,91.64569091796875
30,1,405.6309509277344,192.28269958496094,45.743988037109375,129.4776153564453
30,2,400.11962890625,175.5675048828125,28.970947265625,107.2764892578125
30,3,359.244384765625,152.01602172851562,25.00390625,91.80291748046875
31,1,407.0154113769531,191.79196166992188,45.448486328125,130.2879638671875
31,2,398.3205261230469,175.1913299560547,32.416900634765625,108.08744812011719
31,3,359.4400939941406,151.69131469726562,24.965301513671875,91.569091796875
32,1,410.3668212890625,191.38455200195312,43.5081787109375,131.57180786132812
32,2,396.3223571777344,175.63597106933594,30.03375244140625,106.76603698730469
32,3,360.39453125,151.94778442382812,24.2236328125,90.13487243652344
33,1,415.0936584472656,189.98745727539062,41.09442138671875,132.72494506835938
33,2,395.6911315917969,175.9078826904297,27.978668212890625,104.29441833496094
33,3,361.54400634765625,150.56243896484375,23.02935791015625,89.62899780273438
34,1,420.05731201171875,190.13848876953125,38.570037841796875,132.21475219726562
34,2,394.029052734375,176.60519409179688,27.333587646484375,104.33358764648438
34,3,362.34014892578125,149.2013397216797,23.438751220703125,89.90377807617188
35,1,425.81658935546875,188.28684997558594,36.61773681640625,135.7814178466797
35,2,390.2684020996094,177.49432373046875,30.514404296875,103.145751953125
35,3,363.6741027832031,149.3634033203125,22.76763916015625,89.70390319824219
36,1,427.6957702636719,188.5750274658203,38.404388427734375,138.9826202392578
36,2,386.06103515625,176.5089569091797,34.559326171875,105.19233703613281
36,3,364.38751220703125,148.6814422607422,21.781463623046875,90.18849182128906
37,1,429.26788330078125,189.5618896484375,41.467742919921875,139.21987915039062
37,2,383.905029296875,177.97674560546875,35.302093505859375,105.3525390625
37,3,365.182373046875,148.57266235351562,20.339813232421875,90.35002136230469
37,5,57.96544647216797,133.5922393798828,13.574241638183594,45.25958251953125
38,1,430.5180969238281,190.55677795410156,43.555938720703125,144.5229034423828
38,5,57.005226135253906,133.41009521484375,14.37420654296875,44.89906311035156
38,2,383.3841552734375,178.11834716796875,34.94903564453125,104.9849853515625
38,3,363.90692138671875,148.6695098876953,24.949462890625,122.97227478027344
39,1,430.7476806640625,192.4202117919922,45.665130615234375,143.1124725341797
39,2,377.9225158691406,179.8197784423828,38.105926513671875,106.79731750488281
39,5,55.240360260009766,132.3730010986328,15.249065399169922,47.67637634277344
39,3,362.8929443359375,148.138916015625,24.179901123046875,114.8758544921875
40,1,430.5491943359375,194.25125122070312,49.024871826171875,142.77490234375
40,2,372.5048828125,179.3877716064453,43.363525390625,108.71946716308594
40,5,53.9495964050293,132.16458129882812,15.285991668701172,44.8619384765625
40,3,359.36822509765625,149.1696014404297,27.3056640625,102.20025634765625
41,1,431.5843505859375,195.31271362304688,49.7314453125,143.05453491210938
41,2,369.0825500488281,181.68212890625,47.324371337890625,106.8155517578125
41,5,52.73738098144531,132.6565399169922,15.228050231933594,44.75532531738281
41,3,363.4052734375,148.73318481445312,22.8951416015625,81.46934509277344
42,1,432.9998474121094,195.62413024902344,51.731903076171875,144.0643768310547
42,2,368.4491271972656,181.06529235839844,49.896728515625,109.72550964355469
42,5,51.7436408996582,133.180908203125,15.249889373779297,50.97181701660156
42,3,356.4856872558594,148.07281494140625,28.060638427734375,109.72332763671875
43,1,435.1721496582031,194.6515350341797,51.42364501953125,144.72096252441406
43,2,366.9669494628906,180.168212890625,47.732208251953125,110.97299194335938
43,5,50.40620422363281,133.34860229492188,16.491378784179688,51.894256591796875
43,3,354.1097717285156,149.44021606445312,31.19744873046875,112.10586547851562
44,1,442.814208984375,198.36199951171875,46.1973876953125,140.892822265625
44,2,363.71270751953125,180.61354064941406,37.530181884765625,110.56803894042969
44,5,49.35038757324219,134.0481414794922,16.730628967285156,45.69831848144531
44,6,386.28155517578125,181.18374633789062,16.061859130859375,82.53732299804688
44,3,353.3294677734375,151.98193359375,28.122039794921875,107.39105224609375
45,1,446.7666931152344,197.45706176757812,44.376373291015625,143.73602294921875
45,2,363.5290832519531,179.1750946044922,35.212738037109375,112.55824279785156
45,5,48.93656921386719,134.2018280029297,16.523696899414062,45.78797912597656
45,3,351.2356872558594,180.8073272705078,18.8876953125,76.45216369628906
46,1,451.5968322753906,197.93527221679688,41.88232421875,141.80657958984375
46,2,363.97076416015625,179.34043884277344,33.74658203125,110.24476623535156
46,5,49.39849090576172,134.3656005859375,16.010848999023438,45.336669921875
47,1,455.2325744628906,197.17901611328125,40.872039794921875,141.46435546875
47,2,357.9687194824219,181.869873046875,26.142547607421875,107.90350341796875
47,5,49.13184356689453,134.537109375,15.769577026367188,41.72438049316406
47,6,374.9212646484375,179.33868408203125,21.999755859375,101.847900390625
47,3,346.3230895996094,181.5283660888672,19.916229248046875,86.36061096191406
47,7,367.4808044433594,147.1479949951172,17.714111328125,40.36103820800781
48,1,457.2227783203125,196.81666564941406,42.55731201171875,143.36219787597656
48,2,355.0997009277344,180.69284057617188,27.69183349609375,108.63748168945312
48,6,376.26190185546875,180.32778930664062,18.622711181640625,97.28448486328125
49,1,460.2433166503906,197.17404174804688,43.3773193359375,144.27273559570312
49,6,373.19622802734375,179.95223999023438,20.245635986328125,97.52267456054688
49,2,351.67840576171875,180.9512939453125,32.650634765625,111.36709594726562
50,1,461.48516845703125,198.93734741210938,51.21759033203125,145.03570556640625
50,2,344.0182800292969,182.48406982421875,40.489501953125,109.75448608398438
50,6,370.9953308105469,181.6879119873047,21.7716064453125,94.28404235839844
51,1,462.54083251953125,199.60723876953125,60.8111572265625,146.026611328125
51,2,335.0398864746094,181.96426391601562,49.174774169921875,109.471923828125
51,6,368.5951232910156,181.8521270751953,22.1390380859375,93.30751037597656
52,1,462.7075500488281,201.4923858642578,66.37893676757812,146.46531677246094
52,2,329.6634521484375,181.28028869628906,54.1168212890625,110.93070983886719
52,6,365.5583801269531,181.09730529785156,25.640533447265625,96.22685241699219
53,1,463.1308288574219,203.3447723388672,68.64999389648438,145.88002014160156
53,2,326.3184814453125,181.72189331054688,57.461639404296875,110.3782958984375
53,6,362.9438171386719,181.41688537597656,26.968597412109375,97.09825134277344
54,1,463.57135009765625,203.62921142578125,68.80902099609375,147.2020263671875
54,6,360.3195495605469,180.86148071289062,28.876556396484375,97.95333862304688
54,2,324.87664794921875,181.98992919921875,56.221527099609375,109.78335571289062
55,1,464.68353271484375,204.5299072265625,66.42333984375,147.97573852539062
55,2,322.7502136230469,181.83456420898438,55.61907958984375,110.159912109375
55,6,356.19677734375,181.34423828125,21.874053955078125,89.39886474609375
56,1,469.30645751953125,203.6644744873047,61.25762939453125,148.4258575439453
56,2,322.6143493652344,181.00103759765625,49.04840087890625,111.64974975585938
56,6,352.2803039550781,180.50836181640625,28.574920654296875,102.422119140625
57,1,477.4154357910156,204.83837890625,54.135223388671875,147.34597778320312
57,2,321.95062255859375,179.04696655273438,45.8834228515625,113.29147338867188
57,6,346.1874694824219,180.4319610595703,32.99176025390625,104.77146911621094
58,1,484.5872497558594,203.2584228515625,48.523162841796875,149.11923217773438
58,2,320.3332824707031,182.1653289794922,44.78558349609375,110.25938415527344
58,6,342.193359375,180.56350708007812,27.5174560546875,101.022216796875
59,1,493.45550537109375,203.4087677001953,42.4088134765625,149.11705017089844
59,2,320.25372314453125,181.48565673828125,30.73675537109375,109.92855834960938
59,6,339.8209533691406,181.97030639648438,29.02099609375,103.76010131835938
60,1,502.6131591796875,204.16537475585938,37.4415283203125,149.32318115234375
60,6,339.452880859375,182.0361785888672,29.143798828125,104.24644470214844
60,2,317.77276611328125,182.1553192138672,28.903594970703125,109.89701843261719
61,1,507.4131164550781,204.1167449951172,37.615631103515625,153.54820251464844
61,2,313.85198974609375,183.70944213867188,28.248626708984375,108.64031982421875
61,6,337.5031433105469,181.18685913085938,30.990325927734375,104.16552734375
62,1,512.117431640625,205.63455200195312,38.55621337890625,156.3817138671875
62,2,307.1595458984375,182.44046020507812,35.091217041015625,109.96871948242188
62,6,336.0478515625,181.80421447753906,32.256591796875,103.39686584472656
63,2,295.8647766113281,181.94203186035156,44.210235595703125,110.22190856933594
63,1,512.4616088867188,209.5748291015625,48.0372314453125,154.8773193359375
63,6,327.83880615234375,181.06576538085938,39.7882080078125,106.31427001953125
64,1,512.3214721679688,211.50685119628906,55.24932861328125,154.4311065673828
64,6,328.5213317871094,182.0257568359375,39.48577880859375,105.66220092773438
64,2,288.11126708984375,183.73895263671875,52.429656982421875,107.92974853515625
64,5,40.80693817138672,136.18333435058594,12.835159301757812,25.774581909179688
65,1,512.38427734375,212.06939697265625,63.13409423828125,154.53521728515625
65,6,323.7878112792969,181.6161346435547,44.0205078125,108.26280212402344
65,2,285.3558044433594,182.3734893798828,53.56939697265625,108.48454284667969
66,1,512.0718383789062,212.85523986816406,66.50616455078125,154.9020233154297
66,6,323.6883239746094,180.94776916503906,43.21331787109375,107.50727844238281
66,2,282.8992004394531,183.132080078125,57.087249755859375,108.17324829101562
67,1,512.839599609375,212.58993530273438,69.8792724609375,157.92889404296875
67,6,323.9999694824219,182.51878356933594,40.2122802734375,104.74913024902344
67,2,282.80877685546875,183.60765075683594,57.283203125,107.36579895019531
67,5,38.48249053955078,136.0294647216797,13.321418762207031,31.22589111328125
68,1,522.130126953125,217.39854431152344,66.04638671875,152.54930114746094
68,6,318.0408020019531,181.85690307617188,35.463714599609375,103.22677612304688
68,2,282.7040100097656,182.7899169921875,52.1468505859375,108.12063598632812
69,1,530.5291137695312,216.3221435546875,59.6732177734375,153.28271484375
69,6,317.15606689453125,179.75730895996094,30.033050537109375,105.70658874511719
69,2,283.14886474609375,182.88197326660156,47.30194091796875,108.06428527832031
70,1,541.6380004882812,219.3572540283203,48.7960205078125,149.63795471191406
70,2,283.2001953125,182.205322265625,39.853759765625,108.10635375976562
70,6,315.7214660644531,179.708740234375,24.11529541015625,102.02374267578125
71,1,549.9764404296875,217.1348876953125,42.00006103515625,152.51834106445312
71,2,282.903076171875,181.14700317382812,32.2171630859375,109.16091918945312
71,6,311.1572570800781,180.17083740234375,27.306976318359375,103.37313842773438
72,1,551.9874267578125,216.61720275878906,43.85137939453125,153.08680725097656
72,2,279.27606201171875,180.82017517089844,27.019287109375,109.22108459472656
72,6,309.33251953125,180.50711059570312,27.791595458984375,99.56982421875
73,1,554.361328125,217.7281036376953,46.379150390625,152.25267028808594
73,6,305.1966247558594,181.27232360839844,30.36187744140625,101.51350402832031
73,2,273.5934143066406,180.729248046875,29.817230224609375,108.8150634765625
74,1,557.1840209960938,218.01327514648438,49.34033203125,154.225341796875
74,6,301.7554626464844,180.22976684570312,32.96148681640625,101.56796264648438
74,2,266.64068603515625,180.31024169921875,34.02606201171875,110.3250732421875
75,1,558.5252685546875,218.33978271484375,58.381103515625,158.77243041992188
75,6,298.12445068359375,181.0169677734375,38.822052001953125,100.76318359375
75,2,260.5296630859375,181.12557983398438,39.66326904296875,108.59530639648438
76,1,558.6936645507812,220.96778869628906,67.2353515625,157.92601013183594
76,2,255.26885986328125,181.6720428466797,45.75775146484375,107.98884582519531
76,6,295.50347900390625,181.66192626953125,40.10284423828125,98.6376953125
77,2,251.21653747558594,182.12380981445312,48.90467834472656,106.8365478515625
77,1,559.520263671875,223.32110595703125,71.26129150390625,158.79800415039062
77,6,292.53582763671875,182.3319854736328,42.666656494140625,101.14329528808594
78,2,246.67002868652344,181.96444702148438,53.16682434082031,107.83074951171875
78,1,559.5802612304688,221.7700958251953,74.48101806640625,162.7031707763672
78,6,291.4281921386719,180.5621795654297,43.433563232421875,101.65763854980469
79,1,559.8635864257812,222.55154418945312,76.3756103515625,165.5858154296875
79,2,244.6748809814453,182.14700317382812,53.87336730957031,106.84967041015625
79,6,290.1124267578125,180.87794494628906,44.54486083984375,101.50901794433594
80,1,563.873291015625,223.78939819335938,72.11083984375,166.34597778320312
80,2,242.55250549316406,181.60220336914062,53.57853698730469,107.375244140625
80,6,284.5591735839844,179.56887817382812,49.483306884765625,105.236083984375
81,2,242.3769989013672,181.00013732910156,52.61305236816406,108.88426208496094
81,1,570.1714477539062,223.43011474609375,66.4923095703125,166.15957641601562
81,6,284.1327209472656,181.354736328125,44.511138916015625,100.73736572265625
82,1,579.6325073242188,224.3600311279297,57.826416015625,165.6426239013672
82,2,241.767578125,179.9378204345703,46.3673095703125,109.19337463378906
82,6,283.2969055175781,180.30018615722656,39.1610107421875,100.09281921386719
83,1,586.4176635742188,224.96493530273438,53.6361083984375,164.67449951171875
83,2,240.7974090576172,180.47328186035156,41.87724304199219,107.87178039550781
83,6,281.0256652832031,180.11154174804688,33.730224609375,99.8739013671875
84,1,596.6014404296875,223.99661254882812,46.40936279296875,165.54428100585938
84,2,240.58238220214844,180.99142456054688,34.12821960449219,104.7418212890625
84,6,278.6923828125,179.4319610595703,29.331634521484375,99.78114318847656
85,1,606.3243408203125,223.75982666015625,42.0789794921875,167.71484375
85,6,276.5771484375,179.4540557861328,27.902679443359375,97.40754699707031
85,2,241.5544891357422,180.07261657714844,30.421798706054688,103.66209411621094
86,1,611.7311401367188,224.13648986816406,42.1414794921875,172.18763732910156
86,6,272.5995178222656,179.66921997070312,29.019561767578125,101.0694580078125
86,2,240.47561645507812,179.3416748046875,27.489044189453125,107.23971557617188
87,1,613.1334838867188,225.7853546142578,49.0941162109375,176.03416442871094
87,2,237.98727416992188,179.77371215820312,27.902313232421875,106.34408569335938
87,6,270.88201904296875,178.9393310546875,29.775848388671875,101.41372680664062
88,1,612.6101684570312,228.63575744628906,57.89581298828125,174.85047912597656
88,2,233.39642333984375,180.31309509277344,30.852783203125,105.52482604980469
88,6,268.97503662109375,179.69007873535156,31.019775390625,101.33399963378906
89,1,612.6526489257812,232.26084899902344,62.406005859375,173.5304412841797
89,6,266.18316650390625,179.58265686035156,32.905487060546875,102.18534851074219
89,2,225.31002807617188,180.4544677734375,38.426422119140625,105.2344970703125
90,1,612.8939208984375,233.36180114746094,67.07464599609375,172.6647186279297
90,6,263.3571472167969,178.72653198242188,34.300262451171875,102.56930541992188
90,2,220.12127685546875,180.39144897460938,43.9227294921875,105.23825073242188
91,1,612.9314575195312,231.7144775390625,70.97998046875,176.52493286132812
91,2,217.4374237060547,180.3665008544922,46.41902160644531,105.20451354980469
91,6,260.11614990234375,179.71832275390625,36.90008544921875,100.91281127929688
92,1,614.4238891601562,235.8302764892578,75.076171875,177.58509826660156
92,6,257.7530822753906,179.23129272460938,37.58099365234375,101.16476440429688
92,2,217.2889862060547,180.19094848632812,45.01875305175781,104.20028686523438
93,1,619.327392578125,236.43516540527344,74.37841796875,176.54942321777344
93,6,255.7646484375,179.29095458984375,35.349029541015625,100.65982055664062
93,2,218.04306030273438,179.9843292236328,42.18896484375,104.05992126464844
94,1,624.1480712890625,236.54208374023438,70.46826171875,175.78231811523438
94,6,255.24044799804688,177.49099731445312,30.761322021484375,100.44729614257812
94,2,218.75030517578125,179.9772491455078,38.3240966796875,102.27238464355469
95,1,633.813232421875,236.78759765625,61.305908203125,175.26058959960938
95,6,253.20314025878906,177.60513305664062,30.801986694335938,98.59664916992188
95,2,217.35360717773438,179.6044464111328,34.45030212402344,102.21034240722656
96,1,645.689697265625,237.6902313232422,56.0726318359375,174.3803253173828
96,6,252.48500061035156,177.51148986816406,30.491012573242188,97.38316345214844
96,2,215.16793823242188,181.36363220214844,33.032806396484375,100.18193054199219
97,1,650.3157958984375,237.71615600585938,56.5267333984375,174.71722412109375
97,6,250.09133911132812,177.44052124023438,31.7303466796875,98.81719970703125
97,2,209.11351013183594,177.41891479492188,31.145782470703125,104.66571044921875
98,1,654.1322631835938,237.74810791015625,58.2142333984375,174.98556518554688
98,6,249.6844482421875,177.5133056640625,30.22027587890625,98.30850219726562
98,2,205.4390869140625,177.42640686035156,32.21734619140625,104.07597351074219
99,1,655.22119140625,240.24905395507812,61.258056640625,171.92050170898438
99,6,247.53248596191406,177.85459899902344,30.899795532226562,97.98374938964844
99,2,200.8425750732422,177.3186492919922,35.15299987792969,103.56983947753906
100,1,655.7208251953125,240.5643768310547,65.697021484375,172.89100646972656
100,6,243.68055725097656,178.2738494873047,32.54902648925781,95.98735046386719
100,2,193.3196258544922,178.41732788085938,40.974853515625,103.0692138671875
101,1,655.6243286132812,243.45724487304688,72.27008056640625,172.44601440429688
101,2,190.8722381591797,178.6285858154297,42.66310119628906,102.69966125488281
101,6,238.405517578125,177.97816467285156,37.630340576171875,95.98808288574219
102,1,656.2659912109375,242.71339416503906,80.89398193359375,174.91734313964844
102,2,187.89874267578125,179.2692108154297,44.96870422363281,102.19908142089844
102,6,234.73062133789062,178.6817169189453,40.838897705078125,95.02137756347656
103,1,657.47607421875,245.07574462890625,87.4652099609375,175.22549438476562
103,2,183.69842529296875,178.54214477539062,48.500823974609375,102.83828735351562
103,6,233.14268493652344,178.68345642089844,42.16178894042969,94.85948181152344
104,1,656.9368896484375,245.80694580078125,92.41400146484375,177.84793090820312
104,6,233.18295288085938,178.5039520263672,42.39324951171875,96.03669738769531
104,2,181.91964721679688,178.97459411621094,49.77922058105469,102.46357727050781
105,1,657.264892578125,245.431396484375,94.2088623046875,180.765869140625
105,2,179.923828125,178.2711944580078,50.74372863769531,102.20948791503906
105,6,231.80873107910156,178.65745544433594,42.60118103027344,95.36100769042969
106,1,661.6141967773438,245.56748962402344,91.6424560546875,181.7112274169922
106,2,179.42588806152344,178.44105529785156,49.462738037109375,101.36952209472656
106,6,230.65818786621094,178.36001586914062,41.84709167480469,95.082275390625
107,1,669.27197265625,245.48715209960938,87.03619384765625,181.47628784179688
107,2,180.03981018066406,177.5296630859375,45.889739990234375,99.72738647460938
107,6,229.71963500976562,177.462158203125,39.46148681640625,95.06704711914062
108,1,680.9804077148438,244.7410125732422,78.39398193359375,182.1920623779297
108,2,181.27024841308594,176.045654296875,38.1270751953125,100.0704345703125
108,6,228.2880096435547,176.36337280273438,35.89277648925781,93.957275390625
109,1,689.7080078125,245.12440490722656,72.1427001953125,182.29942321777344
109,2,182.96630859375,175.36663818359375,33.44480895996094,100.23385620117188
109,6,225.77719116210938,176.04930114746094,34.98321533203125,93.80909729003906
110,1,700.5181884765625,244.85284423828125,64.90435791015625,182.90350341796875
110,2,184.32901000976562,175.36810302734375,28.980621337890625,97.44216918945312
110,6,223.21099853515625,175.341552734375,32.12481689453125,93.32192993164062
111,2,184.1309814453125,176.1439208984375,26.159088134765625,99.21832275390625
111,1,712.5173950195312,245.74465942382812,57.55462646484375,182.43710327148438
111,6,221.52235412597656,174.94818115234375,30.906341552734375,93.8572998046875
112,2,183.24581909179688,175.82577514648438,25.68389892578125,99.71917724609375
112,1,722.0030517578125,246.1366729736328,52.8319091796875,186.58995056152344
112,6,218.9387969970703,175.03334045410156,31.8306884765625,94.01811218261719
113,2,179.81497192382812,174.74923706054688,28.014755249023438,99.94207763671875
113,1,720.7835083007812,247.29576110839844,59.3438720703125,189.94786071777344
113,6,216.76361083984375,174.32806396484375,32.410736083984375,95.94845581054688
114,2,173.37692260742188,175.74794006347656,33.972076416015625,97.97138977050781
114,6,215.06398010253906,175.46560668945312,32.67181396484375,94.1951904296875
114,1,720.2217407226562,249.32374572753906,67.18603515625,190.00453186035156
115,2,169.40289306640625,176.8619384765625,37.56806945800781,97.08908081054688
115,1,720.1651000976562,250.46026611328125,81.115966796875,188.61422729492188
115,6,213.71556091308594,176.01416015625,33.294769287109375,93.06805419921875
116,2,167.01904296875,176.49807739257812,39.87556457519531,98.21844482421875
116,1,720.615478515625,253.7949676513672,95.0767822265625,188.0925750732422
116,6,210.6505126953125,175.7009735107422,34.03889465332031,93.62931823730469
117,6,208.1886444091797,175.6461944580078,35.558074951171875,93.90431213378906
117,1,721.885986328125,255.7644805908203,95.31268310546875,186.4536590576172
117,2,166.98028564453125,176.35955810546875,39.955810546875,97.41204833984375
118,6,206.89866638183594,175.2141876220703,35.22599792480469,93.45695495605469
118,2,166.777587890625,175.67227172851562,37.67955017089844,97.79800415039062
118,1,723.9437255859375,256.5643005371094,93.23822021484375,187.4923095703125
119,1,727.4478149414062,256.02105712890625,91.613037109375,188.758544921875
119,6,206.37261962890625,174.14224243164062,33.02674865722656,93.462890625
119,2,166.10760498046875,175.03761291503906,36.461578369140625,97.40309143066406
120,2,166.01637268066406,174.90895080566406,31.72222900390625,96.25209045410156
120,1,735.29248046875,257.0461120605469,87.7904052734375,188.0167236328125
120,6,205.25592041015625,173.10214233398438,31.8575439453125,91.68447875976562
121,1,747.861083984375,258.1959228515625,79.0933837890625,187.28372192382812
121,2,164.0555419921875,174.69168090820312,29.109893798828125,96.45858764648438
121,6,203.70558166503906,173.95672607421875,32.43902587890625,91.75738525390625
122,1,758.0899047851562,257.4757995605469,75.19683837890625,187.55636596679688
122,2,160.8088836669922,173.87203979492188,28.556396484375,97.60305786132812
122,6,202.73971557617188,172.61988830566406,31.6070556640625,92.38407897949219
123,6,201.6194305419922,170.4069061279297,31.64166259765625,94.99208068847656
123,2,158.14035034179688,172.80197143554688,28.666778564453125,97.97366333007812
123,1,769.547119140625,257.6970520019531,68.3251953125,187.79983520507812
124,6,200.14306640625,170.55650329589844,31.188095092773438,94.17298889160156
124,2,154.91233825683594,173.6903076171875,30.55145263671875,97.1092529296875
124,1,783.9592895507812,258.5325622558594,60.392578125,186.201904296875
125,6,198.87518310546875,171.4931182861328,32.003173828125,92.60264587402344
125,2,147.97935485839844,174.0,36.85792541503906,96.93637084960938
125,1,788.22021484375,258.2904968261719,60.03057861328125,187.57827758789062
125,5,14.537389755249023,127.908935546875,15.248773574829102,48.09588623046875
126,2,143.87466430664062,173.326904296875,40.04695129394531,98.03656005859375
126,6,197.83970642089844,172.56048583984375,31.859466552734375,90.93704223632812
126,1,789.1841430664062,260.24908447265625,64.6292724609375,185.16693115234375
126,5,14.202237129211426,127.83858489990234,15.574978828430176,48.280616760253906
127,6,195.9322509765625,172.69210815429688,32.821197509765625,90.40823364257812
127,2,141.87246704101562,173.73780822753906,41.82981872558594,97.46937561035156
127,1,788.4757080078125,261.9301452636719,66.94378662109375,184.18765258789062
128,1,788.3711547851562,263.3385009765625,67.1656494140625,183.20562744140625
128,6,191.0787811279297,173.53724670410156,36.96720886230469,90.31147766113281
128,2,138.1538848876953,173.32891845703125,45.052947998046875,97.45068359375
129,6,187.75120544433594,173.80783081054688,39.78895568847656,89.80996704101562
129,2,136.19529724121094,173.62608337402344,45.526275634765625,96.87809753417969
129,1,788.6358032226562,263.6289978027344,66.9208984375,184.81723022460938
130,6,187.23727416992188,173.36453247070312,40.819915771484375,90.21893310546875
130,2,135.8432159423828,173.26052856445312,44.85389709472656,97.1376953125
130,5,12.96273136138916,127.57190704345703,14.42322063446045,49.18445587158203
130,1,788.4271850585938,266.6954650878906,67.19384765625,179.9180908203125
131,6,187.6364288330078,173.05303955078125,39.942138671875,89.539306640625
131,2,135.57089233398438,172.60617065429688,43.35307312011719,96.09716796875
131,5,12.23708724975586,127.92183685302734,15.199445724487305,49.540992736816406
131,1,788.8162231445312,277.5268859863281,66.65216064453125,168.95135498046875
132,6,185.9679412841797,172.6663360595703,39.12335205078125,89.50736999511719
132,2,135.0884246826172,172.17803955078125,41.75929260253906,94.40554809570312
132,1,791.3301391601562,282.88958740234375,64.129150390625,163.94482421875
133,2,135.92501831054688,171.46945190429688,40.04618835449219,93.59243774414062
133,6,183.79222106933594,172.3189697265625,38.639007568359375,89.07650756835938
133,1,799.99169921875,312.2907409667969,55.47210693359375,134.8377685546875
134,6,181.69822692871094,171.8197784423828,37.989898681640625,88.59294128417969
134,2,136.89817810058594,171.38414001464844,37.30125427246094,92.75599670410156
134,1,810.10986328125,333.62799072265625,45.382568359375,112.12884521484375
135,2,138.34620666503906,170.59103393554688,33.65818786621094,94.88671875
135,6,179.87686157226562,170.62538146972656,32.047515869140625,88.88185119628906
135,1,823.1776733398438,376.8739318847656,32.49530029296875,70.63278198242188
136,2,139.65403747558594,170.660400390625,29.657730102539062,94.82440185546875
136,6,178.2559051513672,170.37484741210938,29.869674682617188,86.6068115234375
137,2,139.4491424560547,170.24374389648438,27.445938110351562,94.78781127929688
137,6,175.67044067382812,169.20053100585938,30.265518188476562,88.65203857421875
138,2,140.48831176757812,170.8006591796875,25.385223388671875,93.84341430664062
138,6,174.08900451660156,169.18858337402344,30.71600341796875,90.61763000488281
139,2,139.1769561767578,171.51150512695312,25.987747192382812,93.16082763671875
139,6,173.16128540039062,169.57920837402344,30.382736206054688,90.82679748535156
140,2,133.73117065429688,171.25152587890625,30.345230102539062,92.77166748046875
140,6,169.9439697265625,171.0126190185547,29.245071411132812,80.97798156738281
141,2,132.51077270507812,171.66957092285156,32.210296630859375,92.28657531738281
141,6,168.47007751464844,171.15951538085938,30.5240478515625,84.73725891113281
142,2,131.84088134765625,172.187744140625,32.13371276855469,92.02786254882812
142,6,166.97264099121094,170.84371948242188,32.43083190917969,86.55776977539062
143,2,132.2909698486328,171.90968322753906,31.089569091796875,92.37272644042969
143,6,165.20474243164062,170.7449951171875,33.24311828613281,87.6949462890625
144,2,131.10595703125,171.66583251953125,31.878143310546875,91.58001708984375
144,6,163.2384796142578,170.98374938964844,31.476547241210938,86.82887268066406
145,2,129.54302978515625,171.00831604003906,32.208160400390625,91.82014465332031
145,6,161.70684814453125,170.66502380371094,29.544845581054688,87.04484558105469
146,6,160.24876403808594,170.55747985839844,28.296524047851562,86.61241149902344
146,2,127.85283660888672,170.6415252685547,30.35193634033203,90.23057556152344
147,6,159.6189727783203,170.4516143798828,27.049148559570312,86.05262756347656
147,2,124.95794677734375,169.96641540527344,31.049392700195312,89.83164978027344
148,6,157.9482421875,169.22154235839844,26.280380249023438,87.41917419433594
148,2,122.00241088867188,169.39016723632812,29.946929931640625,90.69708251953125
149,6,156.3755645751953,168.65736389160156,26.283615112304688,86.75149536132812
149,2,120.01893615722656,168.9226837158203,29.45721435546875,91.00645446777344
150,6,155.62364196777344,168.21197509765625,26.242355346679688,87.53050231933594
150,2,118.33357238769531,168.84738159179688,30.769439697265625,91.09442138671875
151,2,116.35667419433594,168.8417510986328,30.847702026367188,90.14448547363281
151,6,153.47705078125,168.34063720703125,28.208084106445312,86.91950988769531
152,6,152.2735137939453,168.58836364746094,28.351455688476562,86.27323913574219
152,2,114.39176940917969,168.83921813964844,31.591888427734375,89.71983337402344
153,6,150.00112915039062,169.57879638671875,30.361160278320312,83.99543762207031
153,2,113.17964172363281,169.63668823242188,31.984649658203125,87.93701171875
154,6,146.38604736328125,170.84779357910156,32.87321472167969,83.72364807128906
154,2,109.84786987304688,169.913818359375,34.47874450683594,88.1644287109375
155,6,144.6798858642578,169.51194763183594,34.7645263671875,85.03025817871094
155,2,107.93400573730469,169.6978302001953,35.70561218261719,88.44987487792969
156,6,142.80926513671875,169.7053680419922,35.81233215332031,84.42250061035156
156,2,106.75238037109375,169.39447021484375,35.13288879394531,89.59622192382812
157,6,142.80548095703125,169.5159912109375,34.80793762207031,84.71018981933594
157,2,105.91677856445312,168.13040161132812,34.764129638671875,88.99700927734375
157,8,318.6194152832031,148.42030334472656,18.903045654296875,80.15261840820312
158,6,142.10316467285156,169.822265625,32.52325439453125,84.86337280273438
158,2,106.10133361816406,168.131591796875,33.592010498046875,87.78852844238281
159,6,139.6452178955078,169.22853088378906,31.041183471679688,84.05903625488281
159,2,106.75918579101562,167.3107147216797,31.566360473632812,88.85078430175781
160,6,138.36695861816406,167.9315185546875,27.604156494140625,82.67657470703125
160,2,106.278076171875,166.49253845214844,31.025466918945312,88.26239013671875
161,2,106.35443878173828,166.1871337890625,29.504600524902344,88.28352355957031
161,6,136.4375457763672,167.1740264892578,27.858322143554688,83.76029968261719
162,2,106.21852111816406,166.23313903808594,28.484588623046875,88.75445556640625
162,6,136.1962432861328,167.0086669921875,26.81768798828125,79.15084838867188
163,2,105.67451477050781,166.0320587158203,27.9437255859375,88.64599609375
163,6,133.7809295654297,167.1669921875,28.265213012695312,82.41273498535156
164,2,104.37159729003906,167.16624450683594,25.962249755859375,87.19343566894531
164,6,131.64479064941406,167.27183532714844,30.126861572265625,83.35418701171875
165,2,103.47172546386719,166.8785858154297,26.026290893554688,86.84991455078125
165,6,130.7801513671875,167.7242431640625,29.431121826171875,82.80856323242188
166,6,130.0384063720703,167.80563354492188,28.601638793945312,82.36293029785156
166,2,102.63240814208984,167.16822814941406,26.306236267089844,87.01922607421875
167,6,129.35177612304688,167.78662109375,28.009109497070312,82.18453979492188
167,2,101.8732681274414,167.5712890625,26.479713439941406,86.47599792480469
168,6,128.7244415283203,167.65499877929688,27.429962158203125,83.10835266113281
168,2,100.96719360351562,167.81021118164062,27.209625244140625,85.77793884277344
169,2,100.04239654541016,166.90611267089844,27.92652130126953,85.97576904296875
169,6,127.1098403930664,166.55752563476562,27.97412872314453,83.50099182128906
170,2,99.02809143066406,167.0186767578125,28.724578857421875,86.06153869628906
170,6,125.90950012207031,165.77218627929688,28.137176513671875,84.70260620117188
171,2,98.20207214355469,166.8860321044922,27.727920532226562,85.52711486816406
171,6,125.63456726074219,165.35073852539062,27.5859375,82.46524047851562
172,6,125.20125579833984,164.4001007080078,27.65961456298828,82.10772705078125
172,2,96.92577362060547,166.3770294189453,28.91175079345703,86.00384521484375
173,6,124.33744812011719,164.02395629882812,28.07733154296875,80.48001098632812
173,2,95.34456634521484,165.50442504882812,28.936195373535156,85.29827880859375
174,6,123.00337219238281,164.05807495117188,29.2818603515625,81.51072692871094
174,2,93.20943450927734,165.0428466796875,28.030906677246094,85.21617126464844
175,6,121.94999694824219,164.53797912597656,29.347625732421875,81.88966369628906
175,2,91.62655639648438,164.8920135498047,27.482955932617188,85.27529907226562
176,6,120.63929748535156,164.329833984375,30.253204345703125,81.37055969238281
176,2,90.17616271972656,164.79750061035156,28.07390594482422,85.29257202148438
177,6,120.21644592285156,163.77830505371094,29.042922973632812,82.51484680175781
177,2,88.09678649902344,164.5451202392578,29.025543212890625,85.86393737792969
178,6,118.48994445800781,164.0059356689453,29.13885498046875,80.76066589355469
178,2,87.79491424560547,164.52635192871094,28.574081420898438,85.19064331054688
179,6,116.40777587890625,164.5458984375,30.865997314453125,80.84002685546875
179,2,86.04795837402344,165.12014770507812,29.58293914794922,84.38742065429688
180,6,115.2588882446289,164.59974670410156,31.417396545410156,80.97898864746094
180,2,84.33369445800781,164.5792236328125,30.64128875732422,85.25070190429688
181,6,114.18155670166016,165.47372436523438,32.06580352783203,80.12109375
181,2,83.33416748046875,164.8969268798828,30.850563049316406,84.57752990722656
182,6,112.67610931396484,165.42042541503906,33.127479553222656,80.49342346191406
182,2,81.80135345458984,164.53656005859375,31.5599365234375,84.9786376953125
183,2,81.48873138427734,164.70152282714844,31.25348663330078,84.09442138671875
183,6,110.83634185791016,165.0386199951172,34.62329864501953,79.06684875488281
184,2,81.74541473388672,164.43893432617188,30.42768096923828,83.314208984375
184,6,109.84010314941406,164.22140502929688,34.414031982421875,79.10128784179688
185,2,81.57624816894531,163.40890502929688,28.884071350097656,83.84762573242188
185,6,108.67005920410156,163.63160705566406,30.649307250976562,77.98377990722656
186,2,81.5149154663086,163.42161560058594,28.342849731445312,82.54078674316406
186,6,107.78065490722656,163.37362670898438,27.266571044921875,76.9300537109375
187,2,80.93923950195312,163.41983032226562,28.51593780517578,81.14970397949219
187,6,107.40331268310547,162.71324157714844,26.46552276611328,78.23384094238281
188,2,80.6568603515625,162.80584716796875,26.71075439453125,81.96385192871094
188,6,106.44987487792969,162.28053283691406,25.267333984375,78.30438232421875
189,2,80.1146240234375,163.16317749023438,26.342140197753906,81.33006286621094
189,6,105.8336410522461,162.39840698242188,25.08110809326172,76.49330139160156
190,2,79.8082275390625,162.90673828125,24.983619689941406,81.56986999511719
190,6,103.79519653320312,163.03585815429688,26.729019165039062,76.68385314941406
191,2,79.45397186279297,162.47315979003906,24.10131072998047,82.07159423828125
191,6,102.81430053710938,163.424072265625,27.11138916015625,77.548828125
192,2,79.36554718017578,162.99224853515625,23.780792236328125,81.32046508789062
192,6,101.43854522705078,163.32337951660156,27.00133514404297,77.7138671875
193,2,78.65494537353516,163.29856872558594,24.031211853027344,80.69017028808594
193,6,100.29047393798828,162.89720153808594,27.09117889404297,78.2484130859375
194,2,77.94374084472656,163.9145965576172,24.72235870361328,79.82527160644531
194,6,98.85330963134766,162.5319366455078,28.138870239257812,79.03968811035156
195,6,97.66561126708984,163.06947326660156,27.566322326660156,79.18296813964844
195,2,77.05510711669922,163.760009765625,25.717483520507812,79.64166259765625
196,2,75.93347930908203,163.53057861328125,26.628463745117188,79.77684020996094
196,6,97.03498077392578,163.031494140625,26.89539337158203,78.2470703125
197,6,96.87230682373047,162.48223876953125,26.76171875,77.73579406738281
197,2,75.18841552734375,163.05752563476562,26.425094604492188,80.14053344726562
198,2,73.7655029296875,162.14404296875,25.770851135253906,79.82077026367188
198,6,96.80738830566406,162.23065185546875,26.397544860839844,76.34303283691406
199,2,72.2658920288086,162.1434326171875,25.400634765625,78.58709716796875
199,6,96.7595443725586,160.68710327148438,25.130516052246094,78.20187377929688
200,2,71.01648712158203,161.48971557617188,24.994544982910156,78.96286010742188
200,6,96.0770492553711,160.9051055908203,24.556503295898438,77.43161010742188
201,6,95.00784301757812,160.8078155517578,24.65770721435547,77.29185485839844
201,2,69.52723693847656,161.3178253173828,25.254837036132812,78.82833862304688
202,6,94.68006896972656,161.53689575195312,23.731101989746094,76.35317993164062
202,2,68.1061782836914,161.01422119140625,25.756057739257812,79.52978515625
203,2,67.3060073852539,161.0921630859375,25.61358642578125,79.45327758789062
203,6,94.33496856689453,161.86444091796875,24.201377868652344,75.7193603515625
204,6,92.52342224121094,162.07972717285156,24.79022216796875,74.65237426757812
204,2,65.62675476074219,161.4049072265625,26.0018310546875,78.80305480957031
205,6,90.49651336669922,161.67538452148438,25.995742797851562,74.39791870117188
205,2,64.4225082397461,161.1365509033203,26.333587646484375,79.10231018066406
206,6,89.68386840820312,161.3717041015625,26.248497009277344,74.90902709960938
206,2,63.60699462890625,160.95941162109375,26.519241333007812,78.84785461425781
207,6,88.70967864990234,161.79481506347656,27.291282653808594,74.40155029296875
207,2,62.55107498168945,161.53224182128906,27.14371109008789,78.2777099609375
208,6,87.93663024902344,161.9016876220703,27.51128387451172,74.1658935546875
208,2,61.72867202758789,161.9368438720703,27.485599517822266,78.10015869140625
209,2,60.95280075073242,161.59158325195312,26.96395492553711,78.024169921875
209,6,86.85591125488281,161.30897521972656,27.34648895263672,74.19630432128906
210,6,86.39588165283203,160.97239685058594,26.88390350341797,73.8255615234375
210,2,60.22027587890625,160.78045654296875,25.94439697265625,77.77261352539062
211,2,59.60605239868164,160.25323486328125,24.935192108154297,77.54736328125
211,6,85.01071166992188,160.33502197265625,27.076263427734375,73.37834167480469
212,2,58.50392532348633,159.79150390625,24.302249908447266,77.28797912597656
212,6,82.3522720336914,158.9332275390625,25.591934204101562,74.00889587402344
213,2,57.773704528808594,159.43666076660156,24.281494140625,77.09495544433594
213,6,81.01470947265625,159.13375854492188,25.586196899414062,72.95762634277344
214,2,57.55752182006836,158.9855194091797,23.800128936767578,77.09173583984375
214,6,80.23353576660156,159.1308135986328,25.749427795410156,73.95063781738281
215,6,79.7618179321289,159.12403869628906,25.343597412109375,74.39012145996094
215,2,57.23561096191406,159.20758056640625,23.098068237304688,77.05653381347656
216,6,79.53609466552734,160.0139923095703,24.940528869628906,72.86766052246094
216,2,56.69563674926758,159.40451049804688,22.807353973388672,76.48269653320312
217,6,78.66090393066406,160.06787109375,26.469161987304688,73.29777526855469
217,2,56.170799255371094,159.5707550048828,22.865402221679688,76.13418579101562
218,6,77.31825256347656,160.3330078125,27.589515686035156,74.30081176757812
218,2,55.43102264404297,159.89244079589844,23.21197509765625,75.49275207519531
219,6,76.99270629882812,160.54470825195312,26.941680908203125,74.356201171875
219,2,54.358741760253906,160.45726013183594,24.08612823486328,74.82710266113281
220,2,53.15186309814453,160.9711456298828,24.98363494873047,74.25868225097656
220,6,76.15789794921875,160.81790161132812,26.532058715820312,73.59805297851562
221,2,52.64796447753906,160.91761779785156,25.4390869140625,74.47781372070312
221,6,76.25041961669922,160.6719512939453,26.01850128173828,73.09686279296875
222,2,51.36554718017578,160.19747924804688,26.20751953125,75.15130615234375
222,6,75.5523452758789,159.98455810546875,26.097824096679688,72.86125183105469
223,2,50.53152847290039,159.65142822265625,26.436420440673828,75.40751647949219
223,6,75.59906768798828,158.8760528564453,25.849365234375,73.81990051269531
224,2,48.55047607421875,159.16635131835938,27.62865447998047,75.03634643554688
224,6,75.05455017089844,158.3727264404297,25.81909942626953,73.63807678222656
225,2,47.548397064208984,158.6617889404297,26.998302459716797,74.43780517578125
225,6,74.5139389038086,157.5275115966797,25.49871826171875,73.08445739746094
226,2,47.2977294921875,158.07205200195312,25.142318725585938,74.069580078125
226,6,73.99161529541016,156.5987548828125,24.81726837158203,73.92837524414062
227,6,73.58983612060547,156.30564880371094,24.290077209472656,72.84971618652344
227,2,46.35750961303711,158.39764404296875,23.862964630126953,74.21635437011719
228,2,44.6208610534668,157.52249145507812,24.11197280883789,74.85714721679688
228,6,73.10407257080078,156.50559997558594,24.352005004882812,71.95213317871094
229,2,42.9981803894043,158.1460723876953,24.81845474243164,74.12562561035156
229,6,72.43228912353516,156.72193908691406,24.923171997070312,71.57292175292969
230,6,71.5527114868164,157.6047821044922,25.443077087402344,70.10874938964844
230,2,42.269107818603516,157.84188842773438,23.984615325927734,74.08039855957031
231,2,40.43482208251953,157.85894775390625,25.767684936523438,73.99342346191406
231,6,70.58903503417969,158.20904541015625,26.387107849121094,69.1668701171875
232,2,39.64460754394531,158.10536193847656,26.102561950683594,73.89190673828125
232,6,69.39290618896484,158.0716552734375,26.951858520507812,69.20431518554688
233,6,68.33867645263672,158.00950622558594,27.8258056640625,69.85736083984375
233,2,38.87269973754883,158.58460998535156,26.20754623413086,72.91972351074219
234,2,38.098297119140625,158.56130981445312,26.78277587890625,73.13890075683594
234,6,67.78936004638672,157.67745971679688,28.38312530517578,69.48255920410156
235,6,66.86758422851562,157.99716186523438,28.613243103027344,70.09361267089844
235,2,37.69123458862305,158.3715362548828,26.496105194091797,73.24911499023438
236,6,64.53580474853516,157.45948791503906,25.048561096191406,65.63038635253906
236,2,36.12388610839844,157.2900848388672,25.84131622314453,73.69140625
237,6,63.82499694824219,156.68092346191406,26.26502227783203,67.85658264160156
237,2,36.42084884643555,156.87474060058594,24.873977661132812,73.44715881347656
238,2,36.19884490966797,156.6721649169922,24.248138427734375,71.85757446289062
238,6,63.52117919921875,156.10665893554688,25.08185577392578,67.93487548828125
239,2,35.57123947143555,156.34130859375,24.404190063476562,73.07615661621094
239,6,62.99702835083008,155.619873046875,24.81155014038086,68.16987609863281
240,2,35.558101654052734,156.2870635986328,23.530181884765625,72.92689514160156
240,6,62.28999710083008,155.75112915039062,23.575199127197266,66.01176452636719
241,2,35.478782653808594,156.197265625,23.04931640625,73.00726318359375
241,6,61.45594787597656,156.0039825439453,23.617279052734375,67.75820922851562
242,2,34.909217834472656,156.53732299804688,22.710166931152344,72.36477661132812
242,6,60.369285583496094,156.35472106933594,24.42919158935547,66.75650024414062
243,2,34.834407806396484,156.29640197753906,22.036304473876953,72.60501098632812
243,6,59.39197540283203,156.4554443359375,25.44158172607422,67.75588989257812
244,2,33.94690704345703,156.1209716796875,21.677284240722656,71.969482421875
244,6,58.79364013671875,156.36280822753906,25.061859130859375,68.55035400390625
245,2,33.21100616455078,156.5474853515625,21.99283218383789,71.37013244628906
245,6,57.68915939331055,156.48773193359375,25.786563873291016,67.72077941894531
246,2,32.88557052612305,156.75794982910156,21.739971160888672,70.8963623046875
246,6,57.75983810424805,156.07801818847656,24.95034408569336,68.53497314453125
247,2,32.47472381591797,156.75729370117188,21.998638153076172,71.05970764160156
247,6,56.48923110961914,155.8988494873047,25.845378875732422,68.123779296875
248,2,31.873201370239258,156.76979064941406,22.488985061645508,70.96612548828125
248,6,56.273277282714844,155.5173797607422,25.312522888183594,69.2484130859375
249,2,31.151165008544922,156.38658142089844,22.393707275390625,71.05537414550781
249,6,55.418006896972656,155.45614624023438,25.464767456054688,69.33285522460938
250,2,30.25220489501953,156.036865234375,23.016578674316406,70.75448608398438
250,6,55.36934280395508,155.11068725585938,24.699413299560547,68.99893188476562
251,6,54.55952453613281,154.6910400390625,25.4395751953125,68.63194274902344
251,2,28.82829475402832,155.94374084472656,23.14183235168457,69.84912109375
252,2,27.75969886779785,155.1987762451172,23.047761917114258,69.96067810058594
252,6,54.149105072021484,154.5977783203125,25.64852523803711,68.45851135253906
253,2,27.344884872436523,154.67098999023438,23.083986282348633,70.44679260253906
253,6,53.52519226074219,154.13221740722656,25.478797912597656,68.75846862792969
254,6,53.3677864074707,154.6060028076172,24.67593765258789,66.912353515625
254,2,26.432703018188477,154.16835021972656,22.929494857788086,70.84452819824219
255,2,25.284313201904297,154.4586944580078,23.19731903076172,70.49247741699219
255,6,52.7306022644043,154.6344757080078,24.792621612548828,67.35713195800781
256,6,52.0955924987793,154.9727325439453,24.616497039794922,66.06083679199219
256,2,24.148534774780273,154.29644775390625,23.464967727661133,70.82208251953125
257,6,51.22444534301758,155.52806091308594,25.103565216064453,64.93540954589844
257,2,23.469799041748047,155.2206573486328,23.447967529296875,69.6007080078125
258,6,49.19157409667969,155.7367401123047,26.820167541503906,65.83200073242188
258,2,22.514862060546875,155.387451171875,23.91693878173828,69.23452758789062
259,6,48.71715545654297,155.85134887695312,26.981666564941406,65.72102355957031
259,2,21.50887107849121,154.94964599609375,25.084611892700195,70.01156616210938
260,6,47.17985916137695,155.07632446289062,27.145404815673828,65.87086486816406
260,2,20.636796951293945,154.40029907226562,24.45635414123535,70.44790649414062
261,6,45.556678771972656,155.05130004882812,27.55853271484375,66.06318664550781
261,2,19.846433639526367,153.99310302734375,24.516881942749023,70.945068359375
262,6,45.102108001708984,154.63253784179688,26.229747772216797,65.63674926757812
262,2,19.181819915771484,154.91952514648438,24.681655883789062,69.41287231445312
263,6,44.099456787109375,154.17758178710938,25.080482482910156,65.67633056640625
263,2,19.1273136138916,154.6461944580078,23.29634666442871,68.73979187011719
264,6,43.52299499511719,154.42828369140625,23.816665649414062,64.84271240234375
264,2,19.03668785095215,156.10618591308594,22.192663192749023,66.0484619140625
265,6,42.74838638305664,154.06748962402344,23.00411605834961,64.7430419921875
265,2,18.849407196044922,154.78768920898438,22.138778686523438,67.24909973144531
266,6,41.37836456298828,153.6201934814453,22.923980712890625,64.55152893066406
266,2,18.999481201171875,154.29237365722656,21.70352554321289,67.82614135742188
267,6,40.71440887451172,153.68701171875,22.691001892089844,65.07908630371094
267,2,18.626562118530273,154.1858673095703,21.63505744934082,67.47750854492188
268,6,39.6917724609375,153.60580444335938,23.177093505859375,64.68389892578125
268,2,17.823829650878906,153.80059814453125,21.390056610107422,67.67025756835938
269,2,17.790109634399414,153.48422241210938,20.84404182434082,68.32539367675781
269,6,38.991634368896484,153.42308044433594,23.917518615722656,64.61186218261719
270,6,38.07575988769531,153.77598571777344,24.358295440673828,64.70425415039062
270,2,17.76218605041504,153.74781799316406,20.548864364624023,67.67620849609375
271,2,16.692119598388672,154.22006225585938,21.023357391357422,66.68672180175781
271,6,37.45827865600586,153.9988555908203,24.077327728271484,64.51736450195312
272,6,37.14855194091797,154.06137084960938,23.912700653076172,64.78524780273438
272,2,16.247793197631836,154.9429473876953,21.378950119018555,65.61068725585938
273,6,36.480430603027344,153.54910278320312,23.469242095947266,65.07156372070312
273,2,15.359396934509277,154.2539520263672,22.08382511138916,66.04612731933594
274,2,14.865793228149414,154.07537841796875,22.39802360534668,66.4326171875
274,6,36.232418060302734,153.44525146484375,22.736248016357422,65.70292663574219
275,2,14.28111457824707,154.098388671875,22.44318962097168,65.98860168457031
275,6,35.50989532470703,153.4117431640625,22.65353012084961,65.52481079101562
276,2,13.191376686096191,153.85116577148438,22.600855827331543,66.09588623046875
276,6,33.798458099365234,153.1977081298828,24.353763580322266,65.40177917480469
277,2,11.945456504821777,153.5296173095703,22.449761390686035,65.46601867675781
277,6,33.48019027709961,152.68907165527344,24.540206909179688,64.63749694824219
278,2,10.924076080322266,153.08656311035156,22.356258392333984,65.29753112792969
278,6,33.063377380371094,152.32498168945312,24.571807861328125,63.90794372558594
279,2,9.855998039245605,152.90542602539062,21.84062671661377,65.515625
279,6,32.69110870361328,152.63319396972656,23.681766510009766,63.22821044921875
280,2,8.927267074584961,153.0576171875,21.637311935424805,65.34828186035156
280,6,31.939931869506836,152.95501708984375,22.990659713745117,62.66932678222656
281,2,8.243695259094238,153.06639099121094,21.105021476745605,66.03829956054688
281,6,31.583847045898438,152.33570861816406,23.680862426757812,63.46409606933594
282,2,7.522708892822266,153.27098083496094,21.235654830932617,65.931884765625
282,6,31.30809211730957,152.46218872070312,24.035459518432617,62.92704772949219
283,2,6.702625751495361,153.22401428222656,21.537301540374756,65.47578430175781
283,6,30.739093780517578,152.7095947265625,23.87783432006836,62.1597900390625
284,6,29.237369537353516,153.054931640625,23.772045135498047,61.668731689453125
284,2,5.820767402648926,153.1142120361328,21.83529567718506,65.24642944335938
285,6,27.50371742248535,152.8538818359375,25.672346115112305,62.260406494140625
285,2,5.285679817199707,152.99400329589844,22.104395866394043,65.25105285644531
286,6,26.635499954223633,152.87350463867188,26.32438850402832,62.24955749511719
286,2,4.698173999786377,152.919921875,22.20171308517456,65.32150268554688
287,2,4.563607215881348,152.44570922851562,22.101969718933105,65.51667785644531
287,6,25.998943328857422,152.5770263671875,24.6436767578125,62.0853271484375
288,6,24.58428192138672,152.22642517089844,24.305248260498047,61.917266845703125
288,2,3.6618404388427734,152.54098510742188,22.155073165893555,64.95913696289062
289,2,3.1149466037750244,151.58645629882812,22.447227239608765,65.78311157226562
289,6,23.302371978759766,152.04690551757812,24.84949493408203,61.806640625
290,6,22.322677612304688,151.202392578125,24.269412994384766,62.67192077636719
290,2,3.2785861492156982,151.6551971435547,21.128770112991333,64.57356262207031
291,6,22.165361404418945,150.88790893554688,23.78050422668457,62.93365478515625
291,2,3.621140480041504,151.39324951171875,20.023146629333496,64.336669921875
292,6,21.887493133544922,150.94271850585938,23.25252914428711,62.41438293457031
292,2,2.4652090072631836,151.17283630371094,20.711543083190918,64.51556396484375
293,6,21.35040283203125,151.03965759277344,23.075279235839844,62.76951599121094
293,2,3.040658473968506,150.83956909179688,19.593393802642822,64.82516479492188
294,2,2.6467273235321045,150.4935760498047,19.401915788650513,65.03459167480469
294,6,20.60723876953125,151.17652893066406,23.08142852783203,61.629852294921875
295,2,2.6764676570892334,150.77955627441406,18.48592972755432,64.97276306152344
295,6,20.012088775634766,151.11549377441406,22.932395935058594,61.21820068359375
296,2,1.8236528635025024,151.03131103515625,18.678601622581482,64.52261352539062
296,6,19.649036407470703,151.50643920898438,22.91115951538086,61.653411865234375
297,2,1.028286337852478,151.04144287109375,18.972266793251038,64.39157104492188
297,6,19.119604110717773,151.74168395996094,23.08112907409668,61.72966003417969
298,2,1.0933268070220947,151.66128540039062,18.914539098739624,63.55491638183594
298,6,18.85253143310547,151.8176727294922,22.028430938720703,60.85496520996094
299,2,0.2693658769130707,151.44192504882812,19.16173306107521,64.08547973632812
299,6,18.331064224243164,151.64846801757812,22.36919593811035,62.21006774902344
300,2,0.11131186783313751,152.19114685058594,18.841847464442253,63.13238525390625
300,6,17.431476593017578,151.30812072753906,22.129344940185547,62.37605285644531
301,2,0.06508567929267883,152.75674438476562,18.58640357851982,62.66133117675781
301,6,17.031253814697266,151.0212860107422,21.985515594482422,62.71385192871094
302,2,0.07618860900402069,152.52525329589844,18.450424626469612,62.53895568847656
302,6,16.328325271606445,151.14149475097656,22.067853927612305,63.02455139160156
303,2,0.025078382343053818,151.15711975097656,18.082683000713587,63.320465087890625
303,6,15.765981674194336,150.78492736816406,22.974950790405273,61.9761962890625
304,6,15.882493019104004,150.63101196289062,22.88841152191162,61.253814697265625
304,2,0.017008043825626373,151.06227111816406,17.748019956052303,62.590728759765625
305,6,15.334794998168945,150.32838439941406,23.053613662719727,61.1575927734375
305,2,0.0,149.9600067138672,17.297513961791992,63.451568603515625
306,6,14.959598541259766,149.62100219726562,23.40494155883789,61.99346923828125
306,2,0.0,149.9285888671875,16.311622619628906,63.46537780761719
307,6,14.859925270080566,149.5952911376953,22.8809232711792,62.40576171875
307,2,0.0,150.71337890625,14.821236610412598,62.650299072265625
308,6,13.997072219848633,150.12139892578125,22.768388748168945,60.31584167480469
308,2,0.0,149.78871154785156,12.882678031921387,63.604888916015625
309,6,13.410420417785645,150.31430053710938,22.71824550628662,59.85084533691406
309,2,0.0,150.32952880859375,12.699319839477539,62.6905517578125
310,6,13.10704231262207,150.55471801757812,22.927248001098633,59.04911804199219
310,2,0.0,151.82540893554688,12.630215644836426,61.32421875
311,6,12.688164710998535,150.85064697265625,23.018481254577637,58.479095458984375
311,2,0.0,154.26686096191406,12.406376838684082,59.20948791503906
312,6,10.725942611694336,150.61740112304688,24.047311782836914,58.98820495605469
312,2,0.0,153.33572387695312,13.122398376464844,59.89283752441406
313,6,10.403803825378418,150.7162322998047,23.926106452941895,58.589111328125
313,2,0.0862666517496109,157.6499481201172,12.267993792891502,56.78363037109375
314,6,9.511460304260254,150.79905700683594,24.349448204040527,58.56109619140625
314,2,0.0,161.34934997558594,12.075818061828613,52.247894287109375
315,6,9.017559051513672,150.3600616455078,23.981552124023438,58.58848571777344
316,6,7.262961387634277,150.4505615234375,25.454773902893066,58.12110900878906
317,6,7.003716945648193,150.23873901367188,24.273388385772705,58.32391357421875
318,6,6.312319755554199,150.22903442382812,24.409661293029785,58.42033386230469
319,6,5.839537143707275,150.1121826171875,22.804969310760498,57.29988098144531
320,6,5.262661457061768,149.69940185546875,22.68851613998413,58.25523376464844
321,6,4.5795488357543945,149.44143676757812,23.22140598297119,58.25349426269531
322,6,4.449113845825195,149.63197326660156,22.43086051940918,57.02146911621094
323,6,4.441627502441406,149.86264038085938,21.507078170776367,56.8917236328125
324,6,3.773770332336426,149.49969482421875,22.175044059753418,58.915557861328125
325,6,4.0640411376953125,149.58714294433594,20.981895446777344,59.03459167480469
326,6,3.932229995727539,150.0474090576172,20.794023513793945,58.928741455078125
327,6,3.759063959121704,149.67953491210938,21.084707021713257,59.21022033691406
328,6,3.3779141902923584,149.3291778564453,21.7411367893219,59.09312438964844
329,6,2.838959217071533,148.4530792236328,21.774356365203857,59.89073181152344
330,6,2.1852173805236816,147.80201721191406,22.108140468597412,59.1431884765625
331,6,1.3412055969238281,147.34156799316406,23.168209075927734,59.20985412597656
332,6,1.1187412738800049,147.3441925048828,22.086914777755737,58.274322509765625
333,6,1.1192233562469482,147.22518920898438,22.98296856880188,59.259674072265625
334,6,0.8624522089958191,147.47171020507812,22.734008133411407,59.22267150878906
335,6,0.9173412322998047,148.00704956054688,22.773855209350586,58.504730224609375
336,6,0.7294950485229492,148.06829833984375,22.830126762390137,57.04780578613281
337,6,0.5545541644096375,148.02891540527344,21.169126331806183,56.72607421875
338,6,0.2235606163740158,148.8670654296875,21.310735419392586,56.15501403808594
339,6,0.16700001060962677,148.8723907470703,21.330390736460686,56.41673278808594
340,6,0.057396724820137024,149.04071044921875,21.058884784579277,56.35357666015625
341,6,0.06348742544651031,148.1084442138672,19.910278901457787,57.400421142578125
342,6,0.0,147.85260009765625,18.69458770751953,57.37400817871094
343,6,0.0,147.7785186767578,18.30337905883789,57.06645202636719
344,6,0.0,147.55670166015625,17.64028549194336,57.02978515625
345,6,0.0,147.4593048095703,16.205251693725586,56.04414367675781
346,6,0.0,147.61648559570312,15.916926383972168,55.67237854003906
347,6,0.0,148.05035400390625,14.269465446472168,55.485443115234375
348,6,0.0,148.02952575683594,14.02315902709961,55.458740234375
349,6,0.0,148.6878204345703,14.024901390075684,54.91792297363281
350,6,0.0,149.18638610839844,13.297879219055176,54.2677001953125
351,6,0.0,150.13400268554688,13.16584300994873,52.887786865234375
352,6,0.0,150.52159118652344,11.867537498474121,52.52018737792969
353,6,0.0,150.7206268310547,11.850769996643066,51.77461242675781
354,6,0.0,150.0460662841797,11.142555236816406,52.14222717285156
355,6,0.0,149.81906127929688,10.914544105529785,53.02690124511719
356,6,0.0,149.59312438964844,10.852590560913086,53.470123291015625
456,9,73.13352966308594,127.4732666015625,15.324012756347656,47.08978271484375
457,9,60.84772491455078,130.07815551757812,12.832733154296875,45.93019104003906
457,10,73.1958999633789,127.63125610351562,15.291824340820312,46.267730712890625
458,10,61.39885330200195,129.44947814941406,13.875041961669922,48.486358642578125
461,10,59.195430755615234,130.24534606933594,12.784168243408203,44.80975341796875
469,10,58.022823333740234,130.80624389648438,13.152355194091797,45.67326354980469
470,10,57.692142486572266,129.96371459960938,13.33829116821289,45.54737854003906
471,10,56.949790954589844,129.9370574951172,13.610771179199219,45.03288269042969
472,10,56.772216796875,130.19789123535156,14.735267639160156,45.25970458984375
473,10,55.73289108276367,130.6827392578125,13.282238006591797,44.14817810058594
474,10,55.15208435058594,131.80014038085938,12.900428771972656,42.56663513183594
479,10,59.88689422607422,128.78671264648438,14.592620849609375,46.06980895996094
480,10,60.19784164428711,128.978515625,13.826778411865234,45.894195556640625
481,9,49.83903884887695,132.17555236816406,12.225921630859375,41.2615966796875
481,10,60.020843505859375,129.65676879882812,13.844711303710938,44.28953552246094
484,10,59.995914459228516,129.21556091308594,13.320117950439453,43.43646240234375
484,9,48.654380798339844,134.415771484375,12.505889892578125,38.531646728515625
485,10,59.297340393066406,129.69517517089844,13.270195007324219,43.004913330078125
486,10,59.30348587036133,130.91522216796875,12.62343978881836,41.82865905761719
487,10,59.103092193603516,131.74411010742188,12.281978607177734,39.20487976074219
620,11,478.2513122558594,460.90960693359375,48.361053466796875,17.880889892578125
621,11,467.9566650390625,458.9373474121094,50.46533203125,19.97857666015625
622,11,458.43853759765625,456.96490478515625,51.74932861328125,21.730621337890625
623,11,449.3031311035156,454.6018371582031,52.26031494140625,24.427642822265625
624,11,440.2640686035156,451.46856689453125,53.158355712890625,27.7557373046875
625,11,432.81695556640625,447.2826232910156,53.127349853515625,31.711029052734375
626,11,424.4551696777344,442.9071350097656,53.60467529296875,36.06744384765625
627,11,416.6147155761719,438.0202331542969,52.65509033203125,40.75750732421875
628,11,399.8563232421875,432.98992919921875,60.46905517578125,45.842041015625
629,11,398.69012451171875,427.4253234863281,54.39373779296875,51.365020751953125
630,11,386.02850341796875,423.5100402832031,69.58551025390625,55.13946533203125
631,11,381.55096435546875,419.736083984375,66.91793823242188,59.016937255859375
632,11,371.04705810546875,417.28277587890625,71.76107788085938,61.60491943359375
633,11,358.8235168457031,415.6716613769531,75.46530151367188,63.096710205078125
634,11,349.011962890625,414.33148193359375,78.41314697265625,64.47225952148438
635,11,339.6524658203125,412.8908996582031,81.0384521484375,65.901123046875
636,11,333.20135498046875,410.9132995605469,78.12310791015625,67.84500122070312
637,11,327.36712646484375,409.44952392578125,77.02810668945312,69.30133056640625
638,11,316.97833251953125,406.9859619140625,78.59390258789062,71.80938720703125
639,11,312.590576171875,403.6044921875,75.02725219726562,75.31503295898438
640,11,309.299072265625,399.3711242675781,70.04483032226562,79.16238403320312
641,11,298.6162109375,395.2855529785156,73.7301025390625,82.92745971679688
642,11,293.3539733886719,391.56060791015625,73.22097778320312,86.62713623046875
643,11,289.82666015625,387.3800048828125,70.27932739257812,90.55389404296875
644,11,274.92230224609375,382.1792907714844,72.59371948242188,95.38751220703125
645,11,270.6786193847656,380.2243957519531,70.57028198242188,98.2530517578125
646,11,264.0662841796875,379.7281799316406,70.945556640625,97.84878540039062
647,11,256.2705383300781,378.4468994140625,72.25546264648438,99.31442260742188
648,11,249.79112243652344,377.2592468261719,72.88792419433594,101.50875854492188
649,11,242.20626831054688,375.3609313964844,74.20574951171875,102.57052612304688
650,11,237.86358642578125,372.1712341308594,71.47637939453125,106.09664916992188
651,11,233.93540954589844,369.3647155761719,68.69248962402344,109.41485595703125
652,11,227.6322479248047,364.9611511230469,69.14137268066406,112.950439453125
653,11,223.56375122070312,361.6894836425781,67.9884033203125,116.479248046875
654,11,219.4484100341797,357.8111877441406,65.99574279785156,120.65322875976562
655,11,214.8023223876953,354.0104675292969,65.85508728027344,124.48138427734375
656,11,208.1907958984375,352.7186584472656,67.08636474609375,125.41513061523438
657,11,204.9161376953125,350.591796875,65.31900024414062,127.453369140625
658,11,199.65675354003906,349.98211669921875,65.58753967285156,128.52825927734375
659,11,194.94480895996094,349.8136901855469,66.00764465332031,128.28335571289062
660,11,188.38076782226562,348.84649658203125,67.69287109375,129.11871337890625
661,11,184.81312561035156,347.4406433105469,66.17265319824219,130.47195434570312
662,11,179.2130584716797,347.37548828125,64.64796447753906,131.20620727539062
663,11,173.5365753173828,345.88397216796875,64.27996826171875,132.57986450195312
664,11,167.09341430664062,343.2088623046875,63.87791442871094,134.74920654296875
665,11,161.51853942871094,339.9072265625,62.47789001464844,138.25494384765625
666,11,156.56607055664062,336.73382568359375,60.76356506347656,141.26617431640625
667,11,151.79196166992188,334.04534912109375,61.810333251953125,144.21646118164062
668,11,141.99490356445312,328.5412902832031,62.597076416015625,148.98580932617188
669,11,135.40562438964844,327.2088317871094,64.66278076171875,150.39935302734375
670,11,128.02410888671875,325.78350830078125,68.72700500488281,151.96044921875
671,11,121.90351104736328,324.8758544921875,71.83350372314453,152.82662963867188
672,11,115.99544525146484,325.4630126953125,73.15129852294922,152.45166015625
673,11,111.95538330078125,324.7415466308594,73.29690551757812,152.920654296875
674,11,107.25228881835938,322.3055725097656,72.53448486328125,154.93380737304688
675,11,104.38178253173828,320.4619140625,71.74945831298828,156.95513916015625
676,11,102.61167907714844,318.27203369140625,68.50627136230469,159.21566772460938
677,11,99.74610900878906,316.16253662109375,67.0509033203125,161.57928466796875
678,11,98.98701477050781,313.83099365234375,64.26589965820312,163.80438232421875
679,11,96.97466278076172,311.5536804199219,63.43238067626953,166.07150268554688
680,11,96.49769592285156,308.9670715332031,60.86015319824219,168.65811157226562
681,11,94.90924072265625,306.66156005859375,59.61201477050781,171.33700561523438
682,11,92.73766326904297,305.66510009765625,60.34485626220703,172.29473876953125
683,11,90.10496520996094,305.6291198730469,62.83384704589844,172.37359619140625
684,11,86.52200317382812,306.2584533691406,65.79454040527344,171.71685791015625
685,11,79.0872573852539,305.59759521484375,71.53984832763672,172.50469970703125
686,11,76.66534423828125,304.8863525390625,73.05337524414062,172.95767211914062
687,11,74.78471374511719,304.8659973144531,73.46990966796875,172.53460693359375
688,11,71.15637969970703,303.2525634765625,75.75382232666016,174.9677734375
689,11,66.62396240234375,301.8837890625,77.22650146484375,176.50469970703125
690,11,62.6131706237793,299.7804260253906,78.9391975402832,178.82330322265625
691,11,59.2316780090332,297.02972412109375,76.21732711791992,181.26885986328125
692,11,50.54832458496094,292.4516906738281,69.76449584960938,185.82949829101562
693,11,47.07902145385742,291.7396240234375,63.29330062866211,186.35910034179688
694,11,42.32117462158203,290.4405822753906,59.251129150390625,188.24700927734375
695,11,38.15018081665039,289.9620056152344,62.24734878540039,188.92303466796875
696,11,35.01420593261719,289.8822937011719,64.0707015991211,189.03927612304688
697,11,32.19251251220703,289.55059814453125,67.2911148071289,189.29635620117188
698,11,30.684921264648438,289.0982360839844,68.5063247680664,189.26214599609375
699,11,28.662778854370117,288.19970703125,69.78752326965332,190.17523193359375
700,11,27.332660675048828,286.7724609375,69.45076370239258,191.36038208007812
701,11,27.598356246948242,284.2853088378906,64.06421089172363,193.18280029296875
702,11,26.0244197845459,282.08489990234375,60.00102424621582,191.62319946289062
703,11,25.19150733947754,280.4575500488281,55.82003593444824,187.53024291992188
704,11,24.739864349365234,277.8329162597656,53.82331466674805,183.3409423828125
705,11,23.160690307617188,276.0610046386719,53.56397247314453,181.66122436523438
706,11,21.815876007080078,274.9884033203125,54.347415924072266,181.30096435546875
707,11,20.938486099243164,274.3201904296875,54.459829330444336,181.6968994140625
708,11,19.486141204833984,274.0159606933594,55.75973129272461,181.833984375
709,11,17.711397171020508,273.5231628417969,57.121328353881836,181.46319580078125
710,11,15.66529369354248,273.3379821777344,59.34143543243408,180.66610717773438
711,11,13.947458267211914,273.15277099609375,61.4505672454834,180.31524658203125
712,11,11.556548118591309,272.85992431640625,63.281182289123535,178.43130493164062
713,11,9.063207626342773,271.81988525390625,64.82491493225098,177.83526611328125
714,11,6.532177925109863,270.0619812011719,66.0475492477417,177.416015625
715,11,3.704317092895508,268.3348693847656,65.43747520446777,174.05343627929688
716,11,0.1869507133960724,265.2005615234375,62.693248718976974,168.1541748046875
717,11,0.19503508508205414,263.28118896484375,58.33628739416599,169.1832275390625
718,11,0.17957045137882233,262.0338439941406,52.84148286283016,170.5850830078125
719,11,0.19259116053581238,261.8101806640625,46.77887108922005,170.60153198242188
720,11,0.3184039890766144,261.40533447265625,42.649090975522995,170.805908203125
721,11,0.3178772032260895,261.2782287597656,42.341935724020004,170.78598022460938
722,11,0.3058590590953827,261.372802734375,42.1219325363636,170.08755493164062
723,11,0.29319679737091064,260.6291198730469,41.47010886669159,170.42318725585938
724,11,0.2606832683086395,260.0693054199219,40.94989565014839,170.15264892578125
725,11,0.22622713446617126,259.43280029296875,39.435058265924454,169.21041870117188
726,11,0.1983400136232376,258.157958984375,34.90996687114239,167.38314819335938
727,11,0.16404330730438232,256.5476379394531,30.71558964252472,165.4395751953125
728,11,0.0162286888808012,252.51226806640625,27.8366708625108,163.86798095703125
729,11,0.039631012827157974,252.96212768554688,26.51506220921874,158.34140014648438
730,11,0.024332191795110703,254.0403289794922,25.824251029640436,156.10740661621094
731,11,0.040349140763282776,253.74725341796875,25.531227931380272,155.89501953125
732,11,0.02086017280817032,254.82373046875,25.127670787274837,153.16384887695312
733,11,0.0,253.38795471191406,24.312759399414062,157.23634338378906
734,11,0.0,253.44113159179688,24.0036678314209,156.26986694335938
735,11,0.0,255.9779510498047,23.966018676757812,152.1951446533203
736,11,0.0,273.6168518066406,24.315650939941406,132.43307495117188
737,11,0.0,269.62908935546875,24.016658782958984,135.417236328125
738,11,0.0,268.3216552734375,23.533397674560547,132.39141845703125
739,11,0.0,271.7416076660156,21.296802520751953,128.28985595703125
740,11,0.18611587584018707,304.823974609375,17.539283141493797,86.57913208007812
741,11,0.0,305.70111083984375,15.012030601501465,83.622802734375
743,12,839.4724731445312,360.48321533203125,16.15728759765625,94.85809326171875
744,12,831.680419921875,344.2899169921875,24.0167236328125,108.12124633789062
745,12,817.5387573242188,329.96929931640625,38.101806640625,120.36825561523438
746,12,801.326171875,317.75384521484375,54.20367431640625,125.8494873046875
747,12,788.985107421875,313.44775390625,66.9034423828125,128.00350952148438
748,12,783.3905639648438,282.3379821777344,72.27264404296875,161.02093505859375
749,12,781.8587036132812,273.4645690917969,73.76055908203125,172.1314697265625
750,12,779.8325805664062,271.84063720703125,75.7529296875,181.158447265625
751,12,779.0865478515625,270.2826843261719,76.48895263671875,182.68731689453125
752,12,778.7523803710938,268.4344482421875,76.704833984375,182.10174560546875
