335,1,665.5615844726562,226.3918914794922,46.99029541015625,43.17573547363281
340,2,428.4609069824219,146.2662811279297,19.139617919921875,62.941436767578125
342,2,439.58013916015625,147.41172790527344,14.22210693359375,69.03334045410156
343,2,439.20001220703125,149.5873260498047,14.428314208984375,68.83824157714844
344,2,438.7981872558594,148.43634033203125,15.277984619140625,75.04251098632812
345,2,438.68170166015625,147.75985717773438,15.20526123046875,73.964111328125
346,2,433.9998779296875,149.1110076904297,19.695068359375,81.51742553710938
347,2,435.5439453125,148.0376434326172,18.6641845703125,83.79449462890625
348,2,435.98834228515625,142.6880340576172,18.46051025390625,87.09774780273438
349,2,436.0544128417969,145.4856719970703,18.30059814453125,85.72297668457031
350,2,434.9071350097656,142.8380584716797,20.2376708984375,88.13874816894531
351,2,434.0736083984375,144.29774475097656,20.405609130859375,87.43890380859375
352,2,433.6613464355469,142.32887268066406,21.34686279296875,88.29219055175781
353,2,433.11614990234375,145.13864135742188,21.511932373046875,85.25064086914062
354,2,431.5785217285156,141.8806610107422,23.2659912109375,89.18258666992188
355,2,431.5876770019531,141.89280700683594,23.53155517578125,90.08619689941406
356,2,431.3401184082031,142.58584594726562,23.406158447265625,89.52442932128906
357,2,430.996337890625,142.79676818847656,23.28143310546875,91.71136474609375
358,2,431.0372009277344,142.02606201171875,23.27056884765625,90.94265747070312
359,2,431.62725830078125,142.58421325683594,22.643463134765625,89.35404968261719
360,2,432.1147766113281,143.318359375,22.301422119140625,91.28135681152344
361,2,432.72650146484375,145.269775390625,20.77001953125,78.38270568847656
362,2,432.9394836425781,145.7308349609375,20.4093017578125,85.563720703125
363,2,432.26666259765625,146.30975341796875,21.04547119140625,77.22294616699219
364,2,432.9505615234375,148.07447814941406,20.7550048828125,76.45613098144531
365,2,433.8536682128906,146.686279296875,20.23492431640625,93.39039611816406
366,2,433.63726806640625,147.1311798095703,20.557373046875,92.63191223144531
367,2,432.8104248046875,145.88938903808594,21.993896484375,89.30760192871094
368,2,432.3175048828125,145.7099609375,22.6795654296875,94.17514038085938
369,2,432.2646484375,147.24452209472656,22.868621826171875,92.52796936035156
370,2,431.40692138671875,145.10011291503906,23.94927978515625,96.24052429199219
371,2,430.8847961425781,145.3099822998047,24.217132568359375,98.08233642578125
372,2,430.2120361328125,145.9730682373047,25.364898681640625,98.27580261230469
373,2,430.6643371582031,147.2513427734375,25.920013427734375,97.88983154296875
374,2,430.74786376953125,148.39048767089844,25.40618896484375,97.53431701660156
375,2,430.99755859375,149.88917541503906,24.1197509765625,95.09553527832031
376,2,429.7408142089844,148.54208374023438,25.131500244140625,96.64686584472656
377,2,429.325439453125,148.73239135742188,26.9114990234375,97.12362670898438
378,2,428.38592529296875,148.66424560546875,27.37506103515625,97.26243591308594
379,2,428.82440185546875,148.1300811767578,27.5418701171875,97.01922607421875
380,2,427.4497375488281,147.55975341796875,28.538604736328125,97.78599548339844
381,2,427.0005798339844,147.53268432617188,28.4049072265625,98.4925537109375
382,2,426.2915344238281,149.4492950439453,29.652191162109375,98.69548034667969
383,2,425.5784606933594,149.77537536621094,30.695159912109375,99.03558349609375
384,2,425.8811340332031,150.6122283935547,31.660797119140625,100.86656188964844
385,2,425.9783020019531,151.69996643066406,30.710174560546875,101.2364501953125
386,2,425.17889404296875,152.78573608398438,30.858428955078125,101.21990966796875
387,2,425.5713195800781,152.77154541015625,29.7161865234375,101.66743469238281
388,2,425.2652282714844,153.5440673828125,30.254730224609375,102.20478820800781
389,2,424.9777526855469,153.595458984375,30.456451416015625,104.962158203125
390,2,425.0462951660156,154.06619262695312,30.067474365234375,104.42575073242188
391,2,424.4562683105469,154.4261932373047,31.053955078125,104.02497863769531
392,2,424.40618896484375,154.53155517578125,31.62701416015625,102.55654907226562
393,2,424.45745849609375,154.2006378173828,32.020233154296875,103.79066467285156
394,2,424.6148376464844,153.35838317871094,31.854461669921875,104.14796447753906
395,2,424.1127624511719,153.80601501464844,32.991455078125,104.34040832519531
396,2,423.62347412109375,153.75534057617188,33.763885498046875,106.74911499023438
397,2,422.895263671875,155.1542205810547,34.08453369140625,106.11476135253906
398,2,422.94171142578125,155.74388122558594,34.091796875,105.88252258300781
399,2,422.7237854003906,156.88229370117188,33.241912841796875,105.39364624023438
400,2,422.3860778808594,157.7266387939453,33.533233642578125,106.60783386230469
401,2,422.4204406738281,157.19483947753906,33.24786376953125,106.61024475097656
402,2,422.2104187011719,158.82261657714844,33.751800537109375,104.64231872558594
403,2,421.4800109863281,158.28146362304688,33.864593505859375,105.19070434570312
404,2,420.87353515625,158.67262268066406,34.288299560546875,104.77864074707031
405,2,419.3056945800781,157.83705139160156,35.83856201171875,105.38764953613281
406,2,418.5717468261719,156.6964111328125,36.420745849609375,106.34121704101562
407,2,416.7302551269531,157.12400817871094,38.183074951171875,106.72898864746094
408,2,415.871826171875,157.41641235351562,39.202362060546875,110.99484252929688
409,2,415.71624755859375,156.46258544921875,39.36285400390625,114.04904174804688
410,2,415.1120300292969,157.20791625976562,39.527008056640625,114.64993286132812
411,2,414.3536071777344,158.5828399658203,40.35986328125,113.91920471191406
412,2,414.2372131347656,162.48228454589844,40.407073974609375,110.38133239746094
413,2,413.5834045410156,164.07022094726562,41.117767333984375,110.3846435546875
414,2,413.1642150878906,164.7161865234375,41.43377685546875,111.9697265625
415,2,412.66943359375,165.34188842773438,41.888153076171875,110.94915771484375
416,2,412.64947509765625,165.28094482421875,41.9935302734375,111.24411010742188
417,2,412.4930725097656,165.75437927246094,42.0955810546875,110.82151794433594
418,2,411.3907470703125,165.11166381835938,42.914947509765625,111.03182983398438
419,2,411.0372314453125,162.95645141601562,42.692413330078125,113.7056884765625
420,2,410.0365295410156,165.53684997558594,42.2470703125,111.34233093261719
421,2,407.8650817871094,164.9266357421875,43.552520751953125,111.34796142578125
422,2,404.873046875,164.3780059814453,44.399078369140625,113.64582824707031
423,2,404.333251953125,165.4159393310547,42.66961669921875,112.79618835449219
424,2,403.541748046875,167.06544494628906,41.996551513671875,112.05897521972656
425,2,403.47100830078125,169.0913543701172,41.3597412109375,111.46379089355469
426,2,401.61370849609375,170.6551971435547,43.5338134765625,110.82826232910156
427,2,400.0295104980469,171.22511291503906,44.17578125,112.99717712402344
428,2,400.29425048828125,171.4677734375,42.91412353515625,112.061767578125
429,2,399.2314147949219,169.8323516845703,41.81622314453125,115.61204528808594
430,2,397.4302673339844,167.44943237304688,43.781005859375,118.10458374023438
431,2,394.9755859375,171.2454376220703,46.308746337890625,113.65797424316406
432,2,393.6645812988281,170.65234375,46.651123046875,113.90814208984375
433,2,392.3437805175781,170.25245666503906,46.182708740234375,115.23545837402344
434,2,390.6719970703125,168.45803833007812,46.137298583984375,114.99078369140625
435,2,388.88702392578125,170.06410217285156,46.947601318359375,116.18940734863281
436,2,387.49517822265625,169.62307739257812,47.895965576171875,118.3076171875
437,2,387.0032653808594,170.47314453125,47.3743896484375,122.8707275390625
438,2,386.84222412109375,172.96246337890625,46.425079345703125,121.63082885742188
438,3,369.2120666503906,154.92918395996094,21.699615478515625,104.42106628417969
439,2,385.98931884765625,173.65431213378906,46.70733642578125,122.30690002441406
439,3,368.9415283203125,155.26507568359375,19.062713623046875,89.71128845214844
440,2,384.4562683105469,171.87451171875,47.96820068359375,126.72518920898438
440,3,367.34918212890625,154.86024475097656,21.0189208984375,104.05427551269531
441,2,383.900146484375,174.08837890625,47.924468994140625,126.08453369140625
441,3,365.6380310058594,153.9400634765625,22.296112060546875,105.41845703125
442,2,382.58837890625,177.01681518554688,48.27056884765625,124.45501708984375
442,3,364.38763427734375,153.28411865234375,23.296600341796875,104.305908203125
443,2,383.162353515625,177.21908569335938,47.50933837890625,123.79901123046875
443,3,362.6381530761719,152.86155700683594,24.369293212890625,105.31236267089844
444,2,383.8761901855469,178.31478881835938,46.96771240234375,123.015380859375
444,3,360.6502685546875,151.89442443847656,26.446014404296875,100.34349060058594
445,2,384.8283386230469,176.3922882080078,46.044647216796875,124.83226013183594
445,3,358.2469177246094,151.94406127929688,28.56768798828125,109.52658081054688
446,2,384.3015441894531,177.85049438476562,46.73822021484375,120.67227172851562
446,3,357.1903991699219,150.79632568359375,29.805511474609375,106.46432495117188
447,2,384.3497314453125,178.0531463623047,47.2462158203125,122.37358093261719
447,3,355.4202880859375,150.89755249023438,30.198883056640625,101.750244140625
448,2,384.08441162109375,178.42662048339844,47.9783935546875,121.71928405761719
448,3,353.0571594238281,149.33575439453125,33.43896484375,106.46966552734375
449,2,383.5179748535156,178.74066162109375,48.856475830078125,124.16485595703125
449,3,350.82647705078125,149.458984375,34.73712158203125,103.72482299804688
450,2,383.1044616699219,178.96243286132812,49.34490966796875,127.90713500976562
450,3,349.0881652832031,148.7676239013672,34.762359619140625,102.45646667480469
450,4,318.4346923828125,129.9316864013672,16.028289794921875,43.17681884765625
451,2,382.79461669921875,179.34133911132812,49.800018310546875,129.95706176757812
451,3,347.3414306640625,148.9639434814453,35.90704345703125,101.89173889160156
452,2,382.5220031738281,180.26654052734375,49.836090087890625,130.87118530273438
452,3,346.8025207519531,149.8380126953125,35.355926513671875,100.97137451171875
453,2,381.9447021484375,181.35498046875,50.1766357421875,132.43048095703125
453,3,347.3983459472656,150.8798370361328,33.60992431640625,96.77560424804688
454,2,381.8979187011719,183.33248901367188,49.63909912109375,133.45220947265625
454,3,346.34088134765625,151.28501892089844,33.576446533203125,96.18785095214844
454,4,318.858154296875,132.4113311767578,18.78271484375,44.99114990234375
455,2,381.3997497558594,183.5979766845703,49.457763671875,134.75901794433594
455,3,345.5875244140625,151.3212432861328,33.026397705078125,99.448486328125
455,4,320.87835693359375,133.64129638671875,16.89874267578125,41.43882751464844
456,2,381.3876037597656,184.1919708251953,49.26416015625,133.78077697753906
456,3,344.2942810058594,150.6622772216797,32.946624755859375,99.53399658203125
456,4,322.3435974121094,134.95834350585938,16.295623779296875,39.3736572265625
457,2,381.0667419433594,183.8375244140625,49.813079833984375,133.916748046875
457,3,344.52264404296875,150.81004333496094,32.35552978515625,81.99905395507812
457,4,322.81134033203125,134.12982177734375,16.251922607421875,39.32142639160156
458,2,380.7242126464844,183.93963623046875,50.703125,134.15814208984375
458,3,344.0965881347656,149.76292419433594,32.335693359375,91.86624145507812
458,4,321.68701171875,131.74655151367188,17.87994384765625,41.602874755859375
459,2,381.0605773925781,182.26063537597656,50.650634765625,135.8448028564453
459,3,343.5103454589844,148.4419403076172,32.121795654296875,92.72686767578125
459,4,323.15875244140625,132.5119171142578,17.399261474609375,40.033782958984375
460,2,381.2363586425781,181.11619567871094,50.48907470703125,137.00657653808594
460,3,343.6125793457031,148.23709106445312,31.45672607421875,93.9794921875
461,2,381.75054931640625,180.5334930419922,49.91387939453125,137.2825469970703
461,3,344.635498046875,147.27825927734375,29.87359619140625,94.08187866210938
461,4,328.2734375,135.26904296875,13.175079345703125,37.069000244140625
462,2,382.07745361328125,181.73658752441406,49.583831787109375,136.76246643066406
462,3,345.8153381347656,146.7881317138672,27.830352783203125,96.38188171386719
463,2,383.4040222167969,181.23464965820312,48.677947998046875,140.07901000976562
463,3,345.59765625,146.88339233398438,28.531982421875,95.65443420410156
464,2,384.04150390625,180.57955932617188,49.123260498046875,142.03268432617188
464,3,345.6395263671875,147.16268920898438,27.1884765625,89.72201538085938
465,2,385.5289611816406,184.83934020996094,50.363372802734375,139.9342803955078
465,3,346.4759826660156,147.3400421142578,26.143463134765625,88.97465515136719
466,2,388.7593078613281,184.85914611816406,48.1341552734375,142.5661163330078
466,3,343.2015075683594,147.32546997070312,30.225921630859375,89.93234252929688
467,2,389.3095397949219,186.21694946289062,49.157623291015625,142.67242431640625
467,3,343.8647155761719,147.48477172851562,30.335296630859375,91.34127807617188
468,2,390.0854797363281,188.3968505859375,50.49627685546875,140.0750732421875
468,3,345.0016784667969,147.73960876464844,29.516357421875,90.85856628417969
469,2,390.6950988769531,187.4574737548828,52.208709716796875,141.5221405029297
469,3,344.1551818847656,147.17449951171875,31.87591552734375,92.02101135253906
470,2,391.9673767089844,185.90924072265625,54.509490966796875,143.14794921875
470,3,344.7596740722656,146.88284301757812,31.86358642578125,92.578125
471,2,394.84637451171875,185.4995574951172,54.306304931640625,143.41990661621094
471,3,344.3216247558594,146.2218475341797,32.720977783203125,93.2420654296875
472,2,398.7160949707031,183.67523193359375,53.133392333984375,145.74310302734375
472,3,344.8164367675781,145.0089874267578,33.55523681640625,94.79383850097656
473,2,403.47979736328125,183.96560668945312,51.077911376953125,145.87689208984375
473,3,344.5132141113281,143.7628936767578,34.33941650390625,95.00859069824219
474,2,405.61114501953125,184.83383178710938,52.360382080078125,147.92724609375
474,3,344.5606384277344,144.2946319580078,35.594879150390625,93.76133728027344
475,2,407.5246276855469,186.28199768066406,54.85406494140625,150.28688049316406
475,3,345.4195251464844,144.45155334472656,35.8016357421875,93.24945068359375
476,2,410.95501708984375,187.66696166992188,54.78363037109375,152.55096435546875
476,3,345.7048034667969,144.4225616455078,36.38067626953125,92.63865661621094
477,2,412.75091552734375,189.35714721679688,56.818206787109375,152.85726928710938
477,3,347.012939453125,144.35452270507812,36.329833984375,93.25714111328125
478,2,413.8763732910156,190.11268615722656,59.420623779296875,151.6503143310547
478,3,347.570556640625,143.73822021484375,36.429168701171875,92.64448547363281
479,2,414.8040466308594,191.66978454589844,60.849334716796875,151.58372497558594
479,3,348.12542724609375,144.47085571289062,37.525421142578125,92.66107177734375
480,2,415.1727294921875,191.96575927734375,61.684173583984375,153.3641357421875
480,3,349.5321960449219,144.62176513671875,35.6173095703125,91.96786499023438
481,2,415.63702392578125,192.07823181152344,62.96820068359375,154.6254119873047
481,3,349.6042785644531,144.12965393066406,35.521636962890625,91.87533569335938
482,2,417.92816162109375,192.90087890625,62.979827880859375,154.19314575195312
482,3,350.6299133300781,145.31321716308594,34.920806884765625,90.39100646972656
483,2,422.905517578125,193.2948455810547,59.07196044921875,154.31922912597656
483,3,351.4934997558594,145.0879669189453,33.65472412109375,90.13374328613281
484,2,429.94580078125,194.60421752929688,53.10601806640625,152.687255859375
484,3,352.0654602050781,144.29727172851562,33.349273681640625,89.29454040527344
485,2,435.77264404296875,193.8369140625,48.97607421875,153.86074829101562
485,3,352.7535705566406,144.3160858154297,32.103851318359375,88.85763549804688
486,2,441.3438415527344,194.5150604248047,44.51513671875,153.72422790527344
486,3,353.7127685546875,144.42141723632812,30.947723388671875,86.45831298828125
487,2,443.8575439453125,192.51980590820312,45.8372802734375,154.83673095703125
487,3,354.171142578125,143.74510192871094,29.617584228515625,78.10362243652344
488,2,447.5177917480469,192.13514709472656,45.534423828125,155.3137664794922
488,3,355.9722900390625,142.1611785888672,27.989288330078125,87.77601623535156
489,2,450.3007507324219,195.67181396484375,47.934814453125,151.66070556640625
489,3,359.208740234375,143.23306274414062,24.91827392578125,86.11466979980469
490,2,453.0581970214844,199.77099609375,68.67495727539062,149.03558349609375
490,3,360.427734375,142.09349060058594,24.25543212890625,88.02801513671875
491,2,452.8744812011719,199.31764221191406,77.14193725585938,150.42286682128906
491,3,360.8302307128906,144.15980529785156,24.23443603515625,85.92221069335938
491,5,607.6806640625,223.69195556640625,33.8248291015625,67.84219360351562
492,2,452.8321533203125,200.09120178222656,80.739501953125,151.16542053222656
492,3,362.1693420410156,143.00436401367188,23.159637451171875,86.05062866210938
493,2,453.2806396484375,200.07106018066406,81.7962646484375,152.2052764892578
493,3,362.2865295410156,142.27340698242188,22.395294189453125,88.35610961914062
493,5,606.7835083007812,225.58920288085938,40.04412841796875,66.8980712890625
494,2,453.7402038574219,198.7474822998047,82.41458129882812,154.82569885253906
494,3,361.8982238769531,142.5727996826172,22.9949951171875,88.69200134277344
494,5,608.0654907226562,225.84548950195312,39.2467041015625,66.662841796875
495,2,456.54583740234375,200.1116943359375,80.0604248046875,153.14498901367188
495,3,362.671875,143.14678955078125,23.039642333984375,85.65090942382812
495,5,611.239501953125,228.6165771484375,36.49432373046875,63.661285400390625
496,2,463.55303955078125,198.30230712890625,72.615234375,155.01809692382812
496,3,364.2489318847656,146.95379638671875,21.4544677734375,81.59074401855469
496,5,610.7691040039062,227.68157958984375,36.65228271484375,63.728790283203125
497,2,470.6070556640625,198.39598083496094,67.3077392578125,155.6480255126953
497,3,365.8584899902344,150.89419555664062,19.507293701171875,76.83287048339844
497,5,617.2786254882812,228.97952270507812,31.18585205078125,62.6776123046875
498,2,480.2460021972656,199.33880615234375,62.099945068359375,154.79446411132812
498,3,368.2671203613281,150.91539001464844,17.75592041015625,75.6387939453125
499,2,490.41339111328125,198.34005737304688,56.43353271484375,157.30279541015625
499,3,370.93023681640625,151.70103454589844,14.5653076171875,72.02687072753906
500,2,499.89471435546875,198.12579345703125,49.496826171875,159.03927612304688
501,2,503.52899169921875,197.93113708496094,50.98858642578125,163.9834442138672
502,2,507.037109375,199.61444091796875,50.91204833984375,166.31314086914062
503,2,507.87432861328125,201.11325073242188,56.65966796875,167.64251708984375
504,2,508.3882141113281,202.6870574951172,69.58316040039062,164.07423400878906
505,2,508.1623229980469,204.5400390625,76.54739379882812,162.14486694335938
506,2,509.2696228027344,206.56668090820312,78.95584106445312,163.1280517578125
507,2,510.561279296875,207.3574676513672,80.15618896484375,163.85255432128906
507,5,634.381591796875,223.2542724609375,58.457763671875,77.93194580078125
508,2,513.3095703125,207.9416046142578,78.11627197265625,164.0933074951172
509,2,519.2733154296875,207.7449951171875,73.434326171875,164.62200927734375
510,2,527.9962158203125,207.2409210205078,67.8736572265625,164.9082489013672
511,2,536.721923828125,206.48934936523438,63.75274658203125,166.59481811523438
512,2,546.6522827148438,205.88784790039062,58.86572265625,167.70477294921875
513,2,558.20703125,205.20272827148438,51.22100830078125,167.03790283203125
514,2,566.2203369140625,206.65077209472656,53.93829345703125,165.8397674560547
515,2,566.4207763671875,207.16961669921875,59.741943359375,164.50946044921875
516,2,567.2257690429688,209.48304748535156,74.1419677734375,163.15187072753906
517,2,566.9444580078125,211.6930694580078,85.9224853515625,161.0878448486328
518,2,567.1553955078125,213.1306915283203,91.64007568359375,161.15101623535156
519,2,566.7269897460938,213.0625457763672,94.97100830078125,162.24171447753906
520,2,568.3657836914062,214.329833984375,93.5284423828125,161.8182373046875
521,2,572.3478393554688,215.1520233154297,90.1187744140625,161.26976013183594
522,2,577.9210205078125,214.55355834960938,85.9886474609375,162.04937744140625
523,2,587.15087890625,214.01075744628906,82.45440673828125,162.7252655029297
524,2,597.7755737304688,213.8420867919922,76.1314697265625,162.90272521972656
525,2,609.8270874023438,212.3837127685547,68.3157958984375,165.64527893066406
526,2,622.5121459960938,211.4677276611328,61.3458251953125,169.0017547607422
527,2,630.939208984375,211.2132110595703,57.1300048828125,172.8581085205078
528,2,632.9393310546875,213.4119415283203,60.72967529296875,176.39146423339844
529,2,633.97314453125,214.43280029296875,64.89849853515625,175.95529174804688
530,2,633.2098999023438,214.73435974121094,72.285888671875,177.27015686035156
531,2,633.0881958007812,218.2340087890625,84.12066650390625,173.17465209960938
532,2,634.2802734375,220.8006591796875,89.3309326171875,171.21847534179688
533,2,634.91455078125,222.1008758544922,90.18902587890625,172.3650665283203
534,2,638.571044921875,222.80523681640625,88.19012451171875,173.011474609375
535,2,642.4819946289062,222.21878051757812,85.91693115234375,174.57473754882812
536,2,650.4100341796875,222.6946563720703,81.376220703125,174.3751678466797
537,2,661.080810546875,223.171142578125,75.94573974609375,173.87619018554688
538,2,683.1210327148438,221.84779357910156,64.334228515625,174.63697814941406
539,2,695.3878173828125,220.1981964111328,56.401123046875,175.9918670654297
540,2,698.9713134765625,221.37014770507812,58.6485595703125,174.71548461914062
541,2,699.3583984375,221.35647583007812,63.56494140625,174.81732177734375
542,2,699.1863403320312,223.51272583007812,72.592529296875,172.332275390625
543,2,698.9357299804688,225.1766357421875,86.123291015625,171.99490356445312
544,2,699.1416015625,226.38323974609375,95.62310791015625,172.89944458007812
545,2,699.5948486328125,228.39724731445312,100.15869140625,172.50439453125
546,2,700.7303466796875,229.96156311035156,100.5933837890625,171.40504455566406
547,2,703.86572265625,229.48715209960938,97.7103271484375,173.31201171875
548,2,710.6741333007812,229.7362518310547,94.28948974609375,174.17625427246094
549,2,719.4238891601562,230.53549194335938,89.42962646484375,172.59295654296875
550,2,729.8836059570312,230.687744140625,82.53363037109375,172.7191162109375
551,2,741.9337768554688,230.1949920654297,74.951904296875,173.95668029785156
552,2,754.7279663085938,229.66049194335938,65.74273681640625,176.91448974609375
553,2,767.3919677734375,229.118408203125,62.1031494140625,181.19583129882812
554,2,771.34375,230.16526794433594,61.65020751953125,183.86204528808594
555,2,770.7444458007812,230.7262725830078,67.197998046875,187.5419158935547
556,2,770.9114990234375,233.49465942382812,73.64202880859375,185.25729370117188
557,2,771.1847534179688,234.95535278320312,83.50640869140625,183.59051513671875
558,2,771.7471313476562,239.24571228027344,83.5018310546875,179.01841735839844
559,2,772.1253051757812,240.91371154785156,83.5975341796875,180.4713897705078
560,2,773.435791015625,241.19766235351562,82.3824462890625,182.88946533203125
561,2,778.6966552734375,243.38685607910156,76.9266357421875,180.46568298339844
562,2,797.2645874023438,273.41351318359375,58.486572265625,150.94464111328125
563,2,809.2176513671875,276.23388671875,46.3258056640625,147.59164428710938
563,6,0.03671257942914963,233.0458221435547,14.65437514334917,109.28581237792969
564,6,0.06476742774248123,234.57298278808594,15.074643544852734,107.09370422363281
564,2,820.2975463867188,273.99847412109375,35.401123046875,150.3280029296875
564,7,820.4973754882812,358.7705078125,35.24322509765625,64.20419311523438
565,6,0.05099862068891525,233.6767578125,14.872489042580128,109.39361572265625
565,2,832.9548950195312,270.6373596191406,22.5103759765625,146.51129150390625
566,6,0.0,234.58653259277344,16.315650939941406,109.37336730957031
567,6,0.046828243881464005,235.90484619140625,16.912182833999395,105.54544067382812
568,6,0.04715924710035324,236.4027099609375,21.05268282443285,105.81085205078125
569,6,0.07977096736431122,233.0965576171875,23.478948667645454,111.72222900390625
570,6,0.0,232.69564819335938,25.315357208251953,111.28158569335938
570,7,840.4547119140625,388.347412109375,15.18548583984375,35.3831787109375
571,6,0.2198532670736313,235.43348693847656,27.515120640397072,107.51512145996094
571,7,840.3870239257812,389.7397766113281,15.1610107421875,33.73211669921875
572,6,0.0,220.1570281982422,30.20899772644043,124.62367248535156
573,6,0.017973626032471657,215.20706176757812,32.567235266789794,132.12457275390625
574,6,0.1568007916212082,214.85325622558594,35.70891423523426,135.3026885986328
575,6,0.014454413205385208,219.55322265625,38.004683922976255,132.06137084960938
576,6,0.03037187084555626,221.08877563476562,40.170658860355616,131.8626708984375
577,6,0.03623424842953682,222.27102661132812,41.281129490584135,131.96878051757812
578,6,0.10539145022630692,223.11224365234375,42.3623590990901,134.61245727539062
579,6,0.17357158660888672,224.053466796875,42.117608070373535,134.29635620117188
580,6,0.23380383849143982,223.7503662109375,42.62994661927223,135.2291259765625
581,6,0.2590467631816864,223.74143981933594,45.61689546704292,135.63661193847656
582,6,0.4273082911968231,222.74046325683594,50.637495785951614,135.8778839111328
583,6,0.07665736973285675,222.64996337890625,50.44378940761089,138.31918334960938
584,6,0.18544557690620422,222.18807983398438,52.84745618700981,138.45089721679688
585,6,0.25036799907684326,223.7840118408203,57.25370228290558,143.41993713378906
586,6,0.8052072525024414,225.63558959960938,59.07179546356201,147.30865478515625
587,6,2.0992956161499023,227.624267578125,57.0582857131958,146.6959228515625
588,6,5.67471170425415,228.84449768066406,53.8952841758728,145.4716339111328
589,6,7.024975299835205,230.3087615966797,53.59847593307495,147.8355255126953
590,6,7.669729709625244,230.2613067626953,55.00132131576538,149.2981414794922
591,6,8.211905479431152,231.00494384765625,56.33394718170166,148.58425903320312
592,6,9.253508567810059,231.08599853515625,57.66175174713135,148.26663208007812
593,6,10.246150970458984,230.92611694335938,60.74018478393555,147.87753295898438
594,6,12.638790130615234,230.31216430664062,61.36391830444336,148.78659057617188
595,6,14.366021156311035,231.01174926757812,60.61941432952881,148.17022705078125
596,6,16.04269027709961,232.02606201171875,58.2351188659668,147.34185791015625
597,6,17.279521942138672,232.61692810058594,63.19813919067383,148.27418518066406
598,6,18.434354782104492,234.2960968017578,67.98868751525879,149.0776824951172
598,8,0.0,273.7662658691406,14.766615867614746,112.52587890625
599,6,20.18716812133789,235.49630737304688,70.46565628051758,149.98239135742188
599,8,0.1690402328968048,273.6368408203125,16.865568608045578,123.00088500976562
600,6,22.66330337524414,237.66175842285156,71.5719108581543,149.9980926513672
600,8,0.0,269.5986328125,21.090234756469727,135.18283081054688
601,6,24.683923721313477,239.11351013183594,71.45780754089355,150.5011444091797
601,8,0.0,269.2521057128906,25.802562713623047,139.49310302734375
602,6,27.632736206054688,239.53611755371094,69.74403381347656,151.84059143066406
602,8,0.0,266.35552978515625,31.376047134399414,145.7081298828125
603,6,31.98166275024414,239.80418395996094,64.04086685180664,153.10401916503906
603,8,0.0,267.10809326171875,37.020973205566406,149.58270263671875
604,6,34.556785583496094,240.4122314453125,61.0499267578125,153.14120483398438
604,8,0.03237064182758331,267.6824035644531,38.241364404559135,151.87042236328125
605,6,36.816192626953125,240.02987670898438,58.94734191894531,154.17312622070312
605,8,0.11539040505886078,268.9735107421875,38.57608450949192,152.87103271484375
606,6,39.189109802246094,240.09567260742188,60.12628173828125,153.92630004882812
606,8,0.23215967416763306,244.6947479248047,39.34353917837143,177.99635314941406
607,6,40.3515739440918,240.00318908691406,63.5706672668457,154.1372833251953
607,8,0.19773541390895844,242.76194763183594,39.36960543692112,180.27931213378906
608,6,42.572872161865234,240.2774200439453,65.83647537231445,155.04832458496094
608,8,0.1795474886894226,242.2419891357422,39.76792794466019,181.1570281982422
609,6,44.86027526855469,241.15545654296875,65.83749389648438,159.68624877929688
609,8,0.16707909107208252,241.81259155273438,39.968281626701355,181.78399658203125
610,6,50.19378662109375,244.8137664794922,65.68803405761719,164.49317932128906
610,8,0.1663431078195572,241.8299560546875,42.08420239388943,182.35794067382812
611,6,52.41826629638672,246.02976989746094,64.99241638183594,165.2744903564453
611,8,0.2206861823797226,242.5470428466797,42.67319656908512,186.9767303466797
612,6,55.02360916137695,248.08993530273438,63.33076095581055,165.62030029296875
612,8,0.25184762477874756,245.03805541992188,45.180655121803284,190.78598022460938
613,6,57.06521987915039,249.54483032226562,63.334285736083984,165.09884643554688
613,8,0.17639945447444916,246.27993774414062,47.32031227648258,196.32696533203125
614,6,59.90253829956055,250.03289794921875,62.86283493041992,165.90066528320312
614,8,0.1740269511938095,248.7527313232422,51.1422114521265,198.27842712402344
615,6,62.00665283203125,250.71449279785156,63.43365478515625,167.7081756591797
615,8,0.30235642194747925,250.914306640625,54.848430931568146,197.56317138671875
616,6,64.00946807861328,251.13514709472656,64.1941909790039,167.77052307128906
616,8,0.424124538898468,252.87576293945312,58.51053351163864,197.4730224609375
617,6,66.22921752929688,251.23760986328125,65.67695617675781,168.04586791992188
617,8,0.4211321175098419,253.9385223388672,62.76621147990227,198.86058044433594
618,6,68.24433898925781,251.16177368164062,66.49674987792969,168.0367431640625
618,8,0.3625797629356384,254.6126251220703,64.75023609399796,199.38768005371094
619,6,70.517822265625,251.30316162109375,67.27510070800781,167.77182006835938
619,8,0.2980833649635315,255.27842712402344,67.54746717214584,199.08253479003906
620,6,72.16368103027344,251.3584442138672,67.61845397949219,167.6228485107422
620,8,0.24106165766716003,255.50912475585938,69.10081914067268,198.4884033203125
621,8,0.11472967267036438,255.74147033691406,70.72252008318901,198.25990295410156
621,6,75.8450698852539,252.70443725585938,67.55396270751953,167.56204223632812
622,8,0.28757038712501526,255.4485626220703,72.65320262312889,198.8064422607422
622,6,77.60285186767578,254.49810791015625,75.28553009033203,169.05282592773438
623,8,1.2262322902679443,256.6377868652344,74.82039856910706,197.48202514648438
623,6,79.65726470947266,256.0920715332031,80.26543426513672,170.59622192382812
624,8,4.885290622711182,257.2851257324219,76.25537252426147,196.75390625
624,6,83.259765625,257.8609313964844,82.37004089355469,169.0054931640625
625,8,7.679816722869873,259.28265380859375,81.88466691970825,199.3853759765625
625,6,87.1914291381836,260.5729675292969,80.92206573486328,169.65179443359375
626,8,10.005290985107422,261.02215576171875,89.18045425415039,204.17758178710938
626,6,89.09431457519531,261.3236389160156,81.66709899902344,174.29794311523438
627,8,13.773357391357422,263.0641174316406,92.42424392700195,204.31057739257812
627,6,93.4118423461914,262.4811706542969,77.64505767822266,176.095703125
628,8,17.245264053344727,265.1716003417969,92.16658592224121,205.87973022460938
628,6,97.3907470703125,263.3937072753906,73.96412658691406,176.63214111328125
629,8,21.0382080078125,267.13153076171875,86.32820892333984,209.5977783203125
629,6,101.25160217285156,263.43701171875,69.87423706054688,175.91036987304688
630,8,23.949901580810547,266.82391357421875,84.06215286254883,210.80288696289062
630,6,104.3656234741211,262.984130859375,66.71381378173828,176.82232666015625
631,8,27.474645614624023,267.4610900878906,81.08570289611816,210.45159912109375
631,6,107.61732482910156,263.3595886230469,65.51934814453125,175.802734375
632,8,29.54118537902832,267.7080383300781,79.84270286560059,210.554931640625
632,6,109.72245788574219,263.2084045410156,67.84902954101562,176.82333374023438
632,9,445.4295349121094,152.42172241210938,12.082000732421875,65.32958984375
633,8,31.805784225463867,267.6321716308594,77.20083808898926,210.54452514648438
633,6,111.83709716796875,263.7325134277344,70.85589599609375,179.63302612304688
633,9,444.48895263671875,154.062255859375,11.900909423828125,56.331329345703125
634,8,36.678401947021484,268.267822265625,75.30130386352539,209.69781494140625
634,6,118.06554412841797,268.04742431640625,76.5175552368164,191.98089599609375
634,9,441.1474304199219,153.2422332763672,13.896148681640625,77.53707885742188
635,8,37.48704147338867,270.04345703125,80.80441665649414,208.30828857421875
635,6,120.04643249511719,269.6896057128906,78.26768493652344,193.93865966796875
635,9,439.75250244140625,152.84556579589844,14.835540771484375,74.14947509765625
636,8,35.97991943359375,271.3498229980469,89.29527282714844,206.4901123046875
636,6,123.29134368896484,271.6534118652344,77.94855499267578,192.68173217773438
636,9,439.0409240722656,151.2733612060547,16.031890869140625,69.75642395019531
637,8,36.052791595458984,274.27386474609375,92.96847915649414,203.35580444335938
637,6,127.95353698730469,273.890625,77.20578002929688,194.483154296875
637,9,437.98748779296875,151.67987060546875,17.32733154296875,77.38304138183594
638,8,36.18704605102539,276.5685729980469,98.56719589233398,201.32510375976562
638,6,130.86732482910156,276.5358581542969,76.87893676757812,195.84695434570312
638,9,437.45721435546875,150.63710021972656,18.33062744140625,79.75566101074219
639,8,38.81658935546875,279.223388671875,100.67218017578125,198.86825561523438
639,6,133.96884155273438,279.0322570800781,77.8592529296875,196.41140747070312
639,9,436.5593566894531,151.43992614746094,18.894561767578125,78.17060852050781
640,6,136.58836364746094,278.1618957519531,79.58145141601562,198.31475830078125
640,8,41.13328552246094,281.6260986328125,103.59188842773438,196.1119384765625
640,9,435.57147216796875,150.3596954345703,20.034423828125,81.23970031738281
641,6,140.20706176757812,279.2486877441406,80.80879211425781,196.75033569335938
641,8,43.54682540893555,283.9026184082031,104.43745803833008,193.73593139648438
641,9,434.7735290527344,151.4804229736328,20.588958740234375,79.51083374023438
642,6,141.4431610107422,280.031005859375,82.13543701171875,196.15716552734375
642,8,47.74143981933594,285.40313720703125,102.87712097167969,192.2569580078125
642,9,434.2030334472656,151.1307373046875,21.0662841796875,83.96624755859375
643,6,143.775634765625,280.516357421875,80.88742065429688,195.530029296875
643,8,51.18965530395508,286.815673828125,101.31328964233398,191.32431030273438
643,9,433.4971923828125,152.2085723876953,21.959686279296875,93.96946716308594
644,6,145.21304321289062,280.3544006347656,80.05061340332031,193.07781982421875
644,8,56.89167785644531,287.5338134765625,96.5018310546875,190.24176025390625
644,9,432.8802185058594,152.13218688964844,22.591552734375,98.65512084960938
645,6,148.35848999023438,281.8533020019531,77.55491638183594,193.64761352539062
645,8,63.212032318115234,287.53375244140625,90.1373176574707,189.64181518554688
645,9,432.7116394042969,153.11856079101562,22.75531005859375,98.42372131347656
646,6,152.06874084472656,283.2957458496094,80.07936096191406,193.255615234375
646,8,67.4856185913086,288.1602783203125,86.79138946533203,189.32476806640625
646,9,432.70159912109375,152.68759155273438,22.984283447265625,98.67311096191406
647,6,156.2834014892578,285.2212829589844,86.78273010253906,191.56234741210938
647,8,70.51494598388672,288.7536926269531,88.44182586669922,188.86001586914062
647,9,433.0205078125,150.59457397460938,22.84429931640625,100.85893249511719
648,6,161.07644653320312,288.3904113769531,88.20501708984375,188.39804077148438
648,8,73.5429916381836,291.0648193359375,89.58602142333984,186.43252563476562
648,9,433.2203063964844,149.46278381347656,22.854644775390625,100.72891235351562
649,6,165.07887268066406,291.455078125,86.92178344726562,186.55459594726562
649,8,77.53437805175781,293.3248596191406,91.23780822753906,184.43850708007812
649,9,433.3687744140625,148.49583435058594,22.560089111328125,102.216064453125
650,6,169.5922088623047,292.6747131347656,82.52003479003906,184.8502197265625
650,8,81.58596801757812,295.8228759765625,91.63616943359375,181.93618774414062
650,9,433.1086120605469,149.32444763183594,22.790618896484375,101.08322143554688
651,6,172.99053955078125,295.45623779296875,81.78604125976562,181.5296630859375
651,8,85.52555847167969,298.91229248046875,92.92445373535156,179.53497314453125
651,9,433.1744689941406,150.13668823242188,22.596435546875,100.70309448242188
652,6,177.79916381835938,296.7989501953125,83.10781860351562,180.72274780273438
652,8,90.61268615722656,301.174072265625,89.624755859375,177.18887329101562
652,9,433.0406494140625,151.14688110351562,22.468994140625,101.12419128417969
653,6,180.6355743408203,297.51629638671875,82.42167663574219,179.82855224609375
653,8,95.09989929199219,304.3017578125,84.89039611816406,173.5830078125
653,9,432.8214416503906,151.5388946533203,23.35931396484375,102.44795227050781
654,6,187.43438720703125,299.1723327636719,75.29745483398438,178.17169189453125
654,8,100.03319549560547,306.1882019042969,81.98760223388672,172.37118530273438
654,9,432.2451477050781,151.9841766357422,24.023406982421875,103.32952880859375
655,6,191.91183471679688,298.9837951660156,68.87680053710938,177.9056396484375
655,8,104.42186737060547,307.2450866699219,82.4804916381836,170.63021850585938
655,9,432.0310363769531,152.9865264892578,23.999969482421875,102.32276916503906
656,6,194.3867645263672,299.10394287109375,71.10429382324219,178.914794921875
656,9,431.3681335449219,153.40945434570312,24.29388427734375,103.1807861328125
656,8,108.46426391601562,307.2850646972656,82.66720581054688,170.43182373046875
657,6,197.61936950683594,299.4815368652344,75.49977111816406,178.52255249023438
657,9,430.41650390625,153.9384307861328,24.63385009765625,105.00901794433594
657,8,111.78307342529297,308.2643737792969,85.06554412841797,169.41940307617188
658,6,204.76919555664062,302.74755859375,85.01467895507812,174.71609497070312
658,9,428.26055908203125,153.90911865234375,26.702667236328125,106.41403198242188
658,8,117.80227661132812,309.4158020019531,93.39706420898438,167.84637451171875
659,6,208.3192901611328,304.9263610839844,93.05216979980469,172.54452514648438
659,9,425.85418701171875,153.53834533691406,29.207763671875,106.92131042480469
659,8,118.2693099975586,311.31207275390625,101.0667495727539,165.95068359375
660,9,424.1501159667969,153.43255615234375,30.997589111328125,106.14657592773438
660,6,212.70794677734375,308.00067138671875,96.57131958007812,169.55279541015625
660,8,116.52091979980469,313.5467529296875,110.4730224609375,163.75830078125
661,6,216.56199645996094,311.8966064453125,98.18772888183594,165.82174682617188
661,9,421.6731872558594,153.20501708984375,33.68585205078125,106.120849609375
661,8,115.94825744628906,317.2919921875,120.20002746582031,160.0452880859375
662,6,221.96591186523438,314.6096496582031,98.41949462890625,163.04678344726562
662,9,420.2248229980469,152.96875,34.948486328125,107.15859985351562
662,8,115.97868347167969,321.0132141113281,126.053466796875,156.81494140625
663,9,418.25,152.64981079101562,37.2637939453125,107.72515869140625
663,6,225.9344482421875,317.1259460449219,99.94387817382812,160.50180053710938
663,8,117.01979064941406,326.31085205078125,131.8252716064453,151.85873413085938
664,6,230.61354064941406,318.764404296875,100.31169128417969,159.03494262695312
664,9,417.3191223144531,152.7346954345703,38.283905029296875,108.12608337402344
664,8,119.5560531616211,330.2420654296875,135.32779693603516,147.71237182617188
665,9,416.32867431640625,153.05984497070312,39.428070068359375,109.73394775390625
665,6,235.97779846191406,320.6853942871094,99.53013610839844,156.67257690429688
665,8,123.40557098388672,333.47052001953125,136.24283599853516,144.11724853515625
666,6,240.06802368164062,322.7120361328125,98.90005493164062,154.51821899414062
666,9,416.2974853515625,153.81777954101562,39.742462158203125,112.03607177734375
666,8,127.94500732421875,336.5560302734375,135.2611083984375,141.42642211914062
667,9,415.578369140625,155.80169677734375,40.292510986328125,111.2685546875
667,6,245.55775451660156,323.7109680175781,96.13282775878906,153.67840576171875
667,8,135.24880981445312,339.2924499511719,130.73321533203125,138.65850830078125
668,9,415.386474609375,156.86178588867188,40.4091796875,110.61907958984375
668,6,250.8691864013672,324.6034240722656,92.19383239746094,152.72238159179688
668,8,147.20416259765625,341.3009948730469,119.26235961914062,136.71231079101562
669,9,415.5566711425781,157.1931915283203,40.075958251953125,110.71736145019531
669,6,255.10092163085938,325.36163330078125,88.10250854492188,152.6357421875
669,8,154.31637573242188,342.3702697753906,110.441162109375,135.51412963867188
670,9,415.0929870605469,158.37660217285156,40.368682861328125,110.55351257324219
670,6,260.3545227050781,327.40191650390625,82.58560180664062,149.72354125976562
670,8,161.31712341308594,343.5449523925781,103.15422058105469,134.39874267578125
671,9,415.03802490234375,158.48544311523438,40.406402587890625,111.7161865234375
671,6,264.72113037109375,330.5544738769531,76.97247314453125,147.546142578125
671,8,166.0568084716797,345.6480712890625,100.43186950683594,132.40261840820312
672,9,414.7327880859375,158.28549194335938,41.169830322265625,112.60604858398438
672,6,270.4446716308594,334.0581970214844,68.21246337890625,144.33114624023438
672,8,170.2083740234375,348.3646545410156,97.3057861328125,130.06454467773438
673,9,414.7742614746094,158.38534545898438,41.02044677734375,112.495361328125
673,6,275.8146057128906,338.747314453125,76.093017578125,138.97998046875
673,8,174.96978759765625,351.54547119140625,97.37060546875,126.57098388671875
674,9,414.8179016113281,158.5601348876953,41.1099853515625,112.58985900878906
674,6,280.6897888183594,342.34405517578125,73.1710205078125,136.42965698242188
674,8,181.1735076904297,355.2776794433594,92.08863830566406,122.2353515625
675,9,414.99993896484375,158.21554565429688,40.68426513671875,113.20172119140625
675,6,287.9421691894531,346.65380859375,69.6702880859375,131.52447509765625
675,8,187.9575653076172,359.28277587890625,88.38774108886719,119.07156372070312
676,9,415.1786804199219,158.2916717529297,40.57855224609375,113.10334777832031
676,6,294.3465270996094,349.5587158203125,71.00149536132812,129.12313842773438
676,8,194.49424743652344,363.9158630371094,87.76203918457031,114.61651611328125
677,9,414.8820495605469,158.10067749023438,41.0203857421875,113.181640625
677,6,301.18829345703125,351.7030029296875,72.86660766601562,126.62225341796875
677,8,202.00625610351562,368.0575866699219,86.9901123046875,110.51052856445312
678,9,414.8845520019531,158.63099670410156,41.380035400390625,112.00071716308594
678,6,306.8927307128906,353.3082275390625,73.55630493164062,125.1409912109375
678,8,209.48126220703125,369.954833984375,86.06124877929688,108.6876220703125
679,9,414.5382080078125,158.6621551513672,41.455322265625,112.12882995605469
679,6,311.41070556640625,354.9756164550781,75.73773193359375,123.8154296875
679,8,216.5675048828125,372.4364318847656,87.97348022460938,106.57061767578125
680,9,414.49481201171875,158.7953338623047,41.2039794921875,114.00483703613281
680,6,318.064453125,356.56134033203125,75.37106323242188,122.09249877929688
680,8,221.38818359375,374.4452819824219,90.8541259765625,104.36019897460938
681,9,413.9118347167969,158.78036499023438,41.223297119140625,115.6175537109375
681,6,324.1338806152344,358.3568115234375,77.67657470703125,120.05245971679688
681,8,227.367919921875,376.1302185058594,91.56201171875,102.35403442382812
682,9,413.0711975097656,159.69813537597656,41.50323486328125,118.21455383300781
682,6,335.5177001953125,362.91607666015625,96.22808837890625,115.6046142578125
682,8,236.6667938232422,379.7678527832031,98.86549377441406,98.26889038085938
683,9,412.203125,160.2156219482422,42.3521728515625,119.54106140136719
683,6,341.9234924316406,366.53961181640625,100.3817138671875,111.74362182617188
683,8,241.3970184326172,382.2462463378906,100.58998107910156,95.70700073242188
684,9,411.0746765136719,160.77073669433594,44.20916748046875,119.97700500488281
684,6,347.53070068359375,371.51092529296875,102.92205810546875,106.77200317382812
684,8,246.9518280029297,386.56622314453125,104.17088317871094,91.43515014648438
685,9,410.53802490234375,162.13938903808594,44.317840576171875,121.59336853027344
685,6,354.8805847167969,376.5928649902344,105.2562255859375,101.6571044921875
685,8,254.54608154296875,391.6195068359375,102.099365234375,86.69244384765625
686,9,409.4546203613281,162.9802703857422,44.798736572265625,121.34336853027344
686,6,361.3532409667969,380.8260498046875,104.80868530273438,97.727783203125
686,8,261.318115234375,398.0853576660156,97.70849609375,80.0303955078125
687,9,408.46722412109375,162.77505493164062,45.226348876953125,121.88043212890625
687,6,367.56121826171875,384.41351318359375,102.9412841796875,94.22650146484375
687,8,274.6360168457031,404.1205749511719,89.4403076171875,74.15069580078125
688,9,406.8086853027344,162.92715454101562,46.081634521484375,121.77789306640625
688,6,375.8890380859375,387.85400390625,99.078369140625,90.52053833007812
688,8,290.1502990722656,411.191162109375,78.31857299804688,66.99884033203125
689,9,405.32330322265625,163.3773193359375,45.985870361328125,121.76638793945312
689,6,386.8321838378906,391.6346130371094,92.55599975585938,86.96536254882812
689,8,304.3736877441406,417.77239990234375,67.84405517578125,60.93194580078125
690,9,403.58099365234375,162.33128356933594,45.523651123046875,122.25370788574219
690,6,394.61273193359375,393.63616943359375,90.39080810546875,84.968505859375
690,8,315.1223449707031,422.6104431152344,60.651397705078125,56.062744140625
691,9,401.80950927734375,162.33633422851562,45.91827392578125,122.68881225585938
691,6,402.81903076171875,395.1256103515625,86.04541015625,83.09487915039062
691,8,320.8482971191406,427.5831298828125,51.76806640625,51.037506103515625
692,9,400.051513671875,162.80618286132812,47.092742919921875,122.31243896484375
692,6,410.1229553222656,396.10260009765625,84.4893798828125,82.19363403320312
692,8,327.1720886230469,431.8587646484375,53.808013916015625,46.859375
693,9,399.03125,164.19485473632812,47.71710205078125,121.06954956054688
693,6,418.90509033203125,398.29937744140625,78.20913696289062,79.98495483398438
693,8,334.20513916015625,435.06689453125,49.837799072265625,43.38677978515625
694,9,397.3699951171875,165.10794067382812,49.254913330078125,121.42343139648438
694,6,427.7894592285156,401.3326110839844,74.41387939453125,76.71612548828125
694,8,341.4501037597656,438.578857421875,49.882965087890625,40.084259033203125
695,9,395.2625427246094,166.4443359375,51.05072021484375,123.41366577148438
695,6,438.845947265625,405.4458923339844,71.88711547851562,72.46768188476562
695,8,348.607177734375,442.6884460449219,50.46484375,35.864593505859375
696,9,395.23486328125,167.3112335205078,50.8450927734375,125.17808532714844
696,6,452.57550048828125,411.32879638671875,67.34228515625,66.66912841796875
697,9,394.460693359375,168.46011352539062,51.101318359375,125.86563110351562
697,6,462.3813781738281,416.6322937011719,67.11300659179688,61.961273193359375
697,8,363.37353515625,453.77020263671875,52.249267578125,24.936737060546875
698,9,394.53814697265625,169.0079345703125,50.904693603515625,125.69784545898438
698,6,471.94830322265625,421.5800476074219,67.51837158203125,57.0421142578125
698,8,372.2330322265625,460.5496826171875,51.100860595703125,17.849639892578125
699,9,392.878662109375,169.3798065185547,52.40771484375,127.11744689941406
699,6,481.1006774902344,425.9189147949219,69.59097290039062,52.988250732421875
699,8,384.6125183105469,467.1831359863281,44.595794677734375,11.596923828125
700,9,392.82171630859375,169.91014099121094,53.0906982421875,129.1295928955078
700,6,492.8705749511719,430.1168518066406,68.28451538085938,48.451324462890625
701,9,392.97216796875,170.10202026367188,53.16204833984375,129.00244140625
701,6,508.7821044921875,433.2109680175781,63.01922607421875,45.65435791015625
702,9,393.2200012207031,169.9748992919922,53.03729248046875,129.08363342285156
702,6,528.8383178710938,436.1160583496094,53.5357666015625,42.569549560546875
703,9,393.5555114746094,170.01580810546875,52.72930908203125,129.04251098632812
703,10,365.7689208984375,167.47044372558594,22.274871826171875,80.77360534667969
703,6,539.5010375976562,437.82940673828125,53.57794189453125,40.85260009765625
704,9,394.31317138671875,170.05487060546875,52.166412353515625,129.01220703125
704,10,366.2674560546875,164.98362731933594,22.25146484375,87.22689819335938
704,6,547.7339477539062,439.0616760253906,55.73150634765625,39.479339599609375
705,9,394.95458984375,169.68836975097656,51.959228515625,129.6509246826172
705,10,366.1185302734375,164.14617919921875,23.1815185546875,92.1568603515625
705,6,554.0117797851562,441.3706359863281,59.80401611328125,37.217498779296875
706,9,395.94091796875,170.5904083251953,50.33837890625,127.65928649902344
706,10,367.2852783203125,149.91766357421875,23.422332763671875,110.548583984375
706,6,564.825927734375,448.4249572753906,68.74639892578125,30.352783203125
707,9,396.7745666503906,170.46682739257812,49.342132568359375,128.68780517578125
707,10,366.8359680175781,149.76715087890625,21.257965087890625,97.4512939453125
707,6,572.6780395507812,453.5481262207031,69.12823486328125,25.38653564453125
708,9,397.3719787597656,171.53436279296875,49.010833740234375,129.72293090820312
708,10,366.3909912109375,149.5395050048828,19.761993408203125,101.83164978027344
708,6,585.9009399414062,459.1964111328125,66.43475341796875,19.918914794921875
709,9,397.02471923828125,172.6826171875,48.956298828125,133.34323120117188
709,10,364.3343200683594,150.07479858398438,21.35650634765625,100.17919921875
710,9,396.91949462890625,173.1655731201172,48.8017578125,135.4100799560547
710,10,360.56268310546875,150.6125946044922,25.443115234375,98.58573913574219
711,9,396.943359375,174.24755859375,49.087005615234375,134.75341796875
711,10,357.9958801269531,149.7083282470703,27.789703369140625,99.75201416015625
712,9,396.55755615234375,175.53414916992188,48.79425048828125,134.86093139648438
712,10,359.0049743652344,149.8863525390625,26.24273681640625,99.34552001953125
713,9,395.85791015625,176.15504455566406,49.752655029296875,136.19911193847656
713,10,359.0218811035156,150.10049438476562,26.078948974609375,99.32667541503906
714,9,394.26800537109375,176.05918884277344,51.016815185546875,137.9828338623047
714,10,357.97564697265625,150.059814453125,28.3072509765625,101.34747314453125
715,9,392.9450988769531,176.39596557617188,52.416473388671875,137.97250366210938
715,10,357.29461669921875,149.32554626464844,30.327545166015625,101.81259155273438
716,9,392.2272033691406,176.66038513183594,53.641082763671875,137.6943817138672
716,10,355.9062805175781,149.39144897460938,32.2962646484375,100.3502197265625
717,9,390.8385925292969,177.025390625,55.300048828125,137.24844360351562
717,10,354.1046142578125,148.39610290527344,33.257171630859375,99.71836853027344
718,9,388.8021545410156,177.59597778320312,57.3829345703125,136.47198486328125
718,10,352.75341796875,147.85482788085938,33.05072021484375,99.50791931152344
719,9,388.2724304199219,178.22952270507812,57.640594482421875,136.008544921875
719,10,352.4342956542969,146.7534942626953,31.34210205078125,101.14414978027344
720,9,387.3204040527344,178.9669647216797,58.406494140625,135.38111877441406
720,10,350.87353515625,146.89071655273438,33.22906494140625,101.13088989257812
721,9,387.4967346191406,178.4228515625,58.46649169921875,136.435791015625
721,10,346.95574951171875,146.988037109375,38.42742919921875,95.78839111328125
