15,1,0.0,365.99261474609375,36.48396682739258,111.7952880859375
16,1,0.030855299904942513,335.46710205078125,58.15072428993881,141.02383422851562
17,1,0.13533474504947662,254.7988739013672,65.01792453229427,220.84107971191406
18,1,0.0,247.84115600585938,84.69527435302734,225.331787109375
19,1,0.019643308594822884,250.68113708496094,89.44763421826065,222.09080505371094
20,1,0.35199278593063354,248.74612426757812,97.3167160153389,224.35134887695312
21,1,0.09647670388221741,248.19769287109375,97.34875950217247,225.1302490234375
21,2,0.0,232.71180725097656,21.56785774230957,144.83872985839844
22,1,0.4643065929412842,245.18150329589844,97.17615056037903,229.20249938964844
22,2,0.12399264425039291,235.7352294921875,26.992027558386326,67.14517211914062
23,1,6.2996954917907715,239.54869079589844,88.97003412246704,233.19032287597656
23,2,0.0,236.6770477294922,34.01158142089844,166.5348663330078
24,1,25.965835571289062,243.3722686767578,70.91563415527344,229.93019104003906
24,2,0.2123313993215561,231.70703125,44.318369284272194,196.05380249023438
25,1,40.79520797729492,237.96395874023438,58.08867263793945,234.0460205078125
25,2,0.5095499753952026,230.35484313964844,53.27673542499542,212.29139709472656
26,1,49.7890510559082,236.87960815429688,60.29728317260742,235.911865234375
26,2,1.2485235929489136,224.41506958007812,59.30182659626007,215.53948974609375
27,1,55.07809066772461,236.07261657714844,69.69590377807617,234.8066864013672
27,2,13.074563026428223,222.42608642578125,51.65512752532959,217.27053833007812
27,3,0.7041386365890503,128.12001037597656,14.247002720832825,25.915542602539062
28,1,55.7559700012207,237.49822998046875,88.42405319213867,234.7060546875
28,2,23.140663146972656,222.30902099609375,49.567779541015625,216.89202880859375
28,3,2.390733480453491,128.17710876464844,13.64285683631897,26.076431274414062
29,1,58.540977478027344,238.6264190673828,109.91425323486328,232.92723083496094
29,2,31.478300094604492,221.99627685546875,45.16031074523926,217.25555419921875
29,3,2.8110594749450684,127.85611724853516,14.087475299835205,26.222618103027344
30,1,59.28633117675781,240.2658233642578,122.93609619140625,231.25184631347656
30,2,35.97893524169922,220.890869140625,47.88850402832031,218.26046752929688
30,3,4.515714168548584,127.37063598632812,13.28263521194458,26.210769653320312
31,1,60.26780700683594,240.98365783691406,128.0282440185547,230.03565979003906
31,2,40.8432502746582,221.31781005859375,53.89766311645508,218.25460815429688
31,3,6.311862945556641,126.8663330078125,12.428823471069336,26.633056640625
32,1,59.70298385620117,239.09303283691406,130.3369483947754,230.9922637939453
32,2,43.80534362792969,221.4546356201172,61.398582458496094,219.1703338623047
32,3,7.607485771179199,126.61306762695312,11.840815544128418,27.138885498046875
33,1,61.97487258911133,234.108154296875,127.5190544128418,235.6429443359375
33,2,43.168479919433594,222.90054321289062,71.43292999267578,215.89178466796875
34,2,42.44920349121094,221.92242431640625,80.2507553100586,215.96102905273438
34,1,66.26570129394531,233.8666534423828,124.52359008789062,226.14015197753906
35,2,45.55779266357422,221.9297637939453,89.02825164794922,216.39768981933594
35,1,103.63031768798828,227.98883056640625,87.21375274658203,228.91220092773438
35,3,12.504202842712402,128.47323608398438,11.082316398620605,24.794174194335938
36,2,53.024131774902344,220.83555603027344,90.48761749267578,213.5132293701172
36,1,125.779296875,224.8829803466797,65.10134887695312,225.4530792236328
36,4,88.7177734375,123.36206817626953,12.437919616699219,25.431175231933594
36,3,13.036623001098633,129.47366333007812,11.128219604492188,24.03143310546875
37,2,64.65142059326172,216.57876586914062,85.14603424072266,213.95578002929688
37,1,139.29531860351562,221.76422119140625,55.1182861328125,230.8170166015625
37,3,13.786247253417969,128.58018493652344,11.763107299804688,24.2861328125
38,2,78.82746124267578,215.2222137451172,72.05037689208984,209.54759216308594
38,1,145.74990844726562,221.38731384277344,60.21073913574219,226.9899139404297
38,3,14.15706729888916,128.36715698242188,12.081719398498535,25.012115478515625
39,1,149.75918579101562,222.74752807617188,69.07855224609375,223.324951171875
39,2,95.6285629272461,215.78485107421875,56.48444366455078,205.55575561523438
40,2,103.08624267578125,213.5281219482422,54.36640930175781,202.11647033691406
40,1,152.2320098876953,222.7035675048828,86.58340454101562,222.41270446777344
40,4,90.0918960571289,125.54823303222656,11.960113525390625,22.657211303710938
40,3,17.03111457824707,124.43416595458984,12.616928100585938,28.499671936035156
41,1,154.5225830078125,224.49708557128906,104.69229125976562,219.2057647705078
41,2,111.62998962402344,211.95420837402344,51.88427734375,206.24940490722656
41,3,17.422025680541992,125.07183074951172,12.386625289916992,27.39997100830078
42,2,115.82825469970703,211.79513549804688,55.350059509277344,203.7864990234375
42,1,154.21287536621094,226.18357849121094,122.55332946777344,217.05564880371094
42,4,91.69038391113281,125.022705078125,11.777534484863281,22.297653198242188
43,1,155.08949279785156,226.03228759765625,127.14509582519531,214.58444213867188
43,2,119.62574768066406,211.8552703857422,60.175445556640625,203.30223083496094
44,1,156.5329132080078,225.49411010742188,127.15284729003906,213.6104736328125
44,2,120.39935302734375,212.55223083496094,66.56756591796875,203.00209045410156
44,4,93.51995086669922,123.41419982910156,11.343406677246094,24.025131225585938
45,2,120.14013671875,214.1543731689453,75.75042724609375,201.0522918701172
45,1,162.7279510498047,226.98916625976562,122.59223937988281,210.54248046875
46,2,121.31713104248047,214.3992462158203,84.13654327392578,200.50755310058594
46,1,178.36758422851562,225.0084686279297,106.55227661132812,209.7855682373047
47,2,122.57888793945312,214.04556274414062,91.19374084472656,203.65631103515625
47,1,195.172119140625,221.5423126220703,90.854248046875,212.08567810058594
47,4,95.67037200927734,122.99351501464844,10.823265075683594,25.096298217773438
47,3,22.512226104736328,126.06868743896484,12.092384338378906,26.85570526123047
48,2,129.13735961914062,213.6936798095703,91.02738952636719,197.9566192626953
48,1,213.11956787109375,219.3546905517578,73.81585693359375,213.4407196044922
48,4,96.02954864501953,122.6796646118164,11.130058288574219,23.79045867919922
49,2,136.63238525390625,213.37583923339844,91.49462890625,195.9889373779297
49,1,231.2159881591797,217.5303955078125,54.84150695800781,217.33657836914062
50,2,148.39395141601562,212.27601623535156,85.43968200683594,195.7814483642578
50,1,242.83421325683594,217.12583923339844,48.45246887207031,216.3296356201172
50,4,96.28982543945312,122.93315124511719,11.900314331054688,24.254226684570312
51,2,160.00946044921875,210.79962158203125,74.11685180664062,195.97781372070312
51,1,248.04214477539062,217.21449279785156,54.87750244140625,216.95652770996094
51,4,97.15592193603516,123.60243225097656,11.527084350585938,22.91436767578125
52,2,174.53135681152344,209.9689178466797,61.28678894042969,196.4900360107422
52,1,248.25791931152344,218.5165252685547,68.57130432128906,214.92576599121094
52,3,27.040197372436523,127.4187240600586,12.234567642211914,25.85157012939453
53,2,191.67396545410156,208.8463897705078,47.14080810546875,197.7843780517578
53,1,248.11907958984375,219.92198181152344,87.80929565429688,213.06468200683594
53,4,98.90480041503906,122.94062042236328,11.767784118652344,24.040550231933594
53,3,28.640533447265625,127.79173278808594,11.457576751708984,25.593795776367188
54,2,197.11134338378906,208.79989624023438,49.1627197265625,197.63214111328125
54,1,248.4510040283203,220.87303161621094,103.69670104980469,211.8125762939453
55,2,200.99407958984375,209.66915893554688,56.264068603515625,195.87646484375
55,1,249.4259033203125,221.06849670410156,110.54824829101562,211.19456481933594
56,2,196.51922607421875,211.32241821289062,75.84393310546875,194.5999755859375
56,1,251.53811645507812,220.57696533203125,111.1387939453125,211.62045288085938
56,3,30.24651336669922,127.24180603027344,11.625068664550781,25.646286010742188
57,2,201.0830841064453,211.68661499023438,84.00498962402344,194.4425048828125
57,1,257.2356262207031,218.6691436767578,106.9765625,213.3523406982422
58,2,201.54373168945312,212.57376098632812,89.89276123046875,193.22265625
58,1,270.3086853027344,216.78857421875,93.6221923828125,211.93634033203125
58,3,32.26673126220703,129.2201385498047,11.994464874267578,23.068572998046875
59,2,203.56356811523438,212.52593994140625,91.84747314453125,192.59280395507812
59,1,284.6360778808594,215.03102111816406,81.0924072265625,206.52854919433594
59,4,104.20577239990234,122.66617584228516,11.946578979492188,24.35999298095703
59,3,33.425472259521484,127.76831817626953,12.155654907226562,25.326744079589844
60,2,202.5284881591797,211.20217895507812,95.46269226074219,192.88284301757812
60,1,298.11700439453125,213.25582885742188,69.91506958007812,202.83041381835938
60,4,104.61431121826172,122.43763732910156,12.383735656738281,24.722564697265625
60,3,33.58391571044922,128.9483642578125,12.162960052490234,23.62542724609375
61,2,214.7897491455078,209.51060485839844,83.54179382324219,192.7267608642578
61,1,312.4967956542969,211.0177459716797,59.11993408203125,201.61805725097656
61,4,105.1986083984375,122.38024139404297,12.017868041992188,24.83399200439453
61,3,34.42921829223633,128.3592071533203,12.310131072998047,23.903518676757812
62,2,223.9130401611328,207.65292358398438,78.25425720214844,189.81802368164062
62,1,324.5782775878906,211.76756286621094,54.391265869140625,198.9318389892578
62,4,105.84886169433594,122.31660461425781,12.039276123046875,24.855575561523438
63,2,239.3803253173828,205.62725830078125,63.02058410644531,186.67196655273438
63,1,327.02020263671875,212.83843994140625,61.19610595703125,201.49148559570312
63,4,106.71281433105469,121.78704833984375,12.55126953125,25.08544921875
63,3,36.02627182006836,129.62057495117188,12.65023422241211,22.761474609375
64,2,248.41650390625,203.9210968017578,57.622283935546875,186.89161682128906
64,1,331.321044921875,209.8216552734375,66.332763671875,201.90142822265625
65,1,331.2312927246094,210.36370849609375,84.82821655273438,200.80148315429688
65,2,259.69378662109375,203.8870849609375,53.144012451171875,184.87677001953125
65,4,108.21741485595703,121.91254425048828,11.935615539550781,25.018898010253906
66,1,331.8398742675781,210.44113159179688,102.01089477539062,201.67974853515625
66,2,266.88580322265625,202.3306884765625,52.72259521484375,186.06787109375
67,1,333.306396484375,214.03598022460938,110.62686157226562,196.57614135742188
67,2,269.5162658691406,202.88963317871094,62.513153076171875,184.27137756347656
68,2,271.0016174316406,203.96737670898438,76.25213623046875,183.26681518554688
68,1,335.0386047363281,213.99929809570312,110.56448364257812,195.5972900390625
69,2,270.4547119140625,204.71498107910156,84.63507080078125,182.53163146972656
69,1,338.53118896484375,213.5394287109375,107.23712158203125,194.19021606445312
70,2,271.7786560058594,204.9098663330078,93.84768676757812,181.57460021972656
70,1,345.8967590332031,211.9468994140625,99.14193725585938,194.34124755859375
71,2,272.46044921875,204.7050323486328,95.07589721679688,180.48814392089844
71,1,357.1018981933594,211.09902954101562,87.9149169921875,192.231689453125
72,2,275.2428894042969,204.0937042236328,92.92401123046875,179.5669403076172
72,1,369.3572998046875,208.60736083984375,76.57815551757812,193.20748901367188
73,2,281.34893798828125,202.59596252441406,88.07064819335938,180.73207092285156
73,1,383.5014953613281,207.9224090576172,64.1383056640625,192.7469024658203
74,2,292.2501525878906,201.66246032714844,77.99301147460938,177.63087463378906
74,1,398.235595703125,206.51927185058594,52.832305908203125,194.36671447753906
75,2,302.5899353027344,199.98220825195312,68.01580810546875,176.69052124023438
75,1,408.70379638671875,206.21795654296875,50.22418212890625,194.70236206054688
76,1,411.829345703125,207.45982360839844,58.156829833984375,192.64427185058594
76,2,314.19549560546875,198.2533721923828,59.61328125,175.9250030517578
77,1,412.8663635253906,207.8966064453125,64.89324951171875,192.94586181640625
77,2,325.7322082519531,197.0143585205078,52.127227783203125,177.27223205566406
78,1,413.09320068359375,209.06687927246094,73.11529541015625,191.6567840576172
78,2,331.9705505371094,196.73280334472656,51.225677490234375,178.0394744873047
79,2,332.6114501953125,196.76324462890625,59.901275634765625,177.70523071289062
79,1,415.26519775390625,209.33372497558594,79.66592407226562,190.4945526123047
80,2,332.5168151855469,196.52520751953125,67.67340087890625,178.42013549804688
80,1,417.60333251953125,208.7544708251953,83.38787841796875,189.8340301513672
81,2,337.9868469238281,197.54185485839844,70.21484375,176.0677032470703
81,1,419.9265441894531,207.9457550048828,86.46450805664062,190.84300231933594
82,2,336.50579833984375,197.77976989746094,77.97836303710938,175.44850158691406
82,1,426.1809997558594,205.29287719726562,83.01907348632812,192.95712280273438
83,2,342.6485900878906,198.33030700683594,76.89083862304688,173.79673767089844
83,1,436.57830810546875,204.85012817382812,76.9254150390625,189.78802490234375
84,2,345.3629455566406,196.68377685546875,79.0093994140625,174.70809936523438
84,1,447.2417297363281,204.24661254882812,69.07913208007812,183.0699462890625
85,2,349.2308044433594,196.06362915039062,79.1787109375,175.0941162109375
85,1,457.19000244140625,202.89820861816406,63.3905029296875,181.7945098876953
86,2,356.12322998046875,194.34617614746094,73.65060424804688,174.19480895996094
86,1,465.61029052734375,201.0146484375,55.81573486328125,184.17626953125
87,2,372.2418212890625,193.17706298828125,60.673858642578125,171.64340209960938
87,1,470.8778381347656,201.03976440429688,51.992462158203125,183.79098510742188
88,2,382.08587646484375,191.58309936523438,52.873687744140625,167.55038452148438
88,1,473.8161926269531,200.8561248779297,53.401947021484375,182.6327667236328
89,2,390.58636474609375,190.81329345703125,46.592987060546875,169.40353393554688
89,1,477.20208740234375,202.00973510742188,59.6160888671875,180.92202758789062
90,2,394.357421875,191.5203094482422,48.66363525390625,167.72837829589844
90,1,477.69219970703125,203.3871612548828,71.4058837890625,178.97145080566406
91,1,478.7976989746094,204.00778198242188,81.31582641601562,177.53485107421875
91,2,395.0777587890625,191.51766967773438,55.8316650390625,166.56854248046875
92,2,396.6984558105469,192.01473999023438,68.76370239257812,165.01153564453125
92,1,479.1121520996094,203.2425079345703,83.84030151367188,177.2399444580078
93,2,396.71099853515625,192.1837158203125,80.58428955078125,165.09649658203125
93,1,480.13824462890625,204.1715850830078,81.1046142578125,173.77793884277344
94,2,397.2084655761719,192.55130004882812,84.7550048828125,163.70962524414062
94,1,483.16888427734375,203.8302764892578,77.25238037109375,173.3779754638672
95,2,398.1039123535156,192.182861328125,84.3109130859375,162.85205078125
95,1,488.0049743652344,202.93470764160156,73.51376342773438,173.8340606689453
96,2,400.41986083984375,191.9474334716797,83.65960693359375,162.4971160888672
96,1,496.4704895019531,201.5951385498047,66.75827026367188,170.53977966308594
97,2,407.7591552734375,190.92266845703125,75.96337890625,161.9232177734375
97,1,505.7710266113281,200.61825561523438,60.924591064453125,168.413818359375
98,2,414.4169921875,190.56884765625,69.74984741210938,159.96478271484375
98,1,515.545654296875,198.2003631591797,56.5045166015625,171.3100128173828
99,1,524.3428344726562,196.24256896972656,51.70947265625,172.8816680908203
99,2,426.014892578125,189.4573974609375,58.955718994140625,159.74566650390625
100,1,532.2534790039062,198.92884826660156,47.7569580078125,170.2678680419922
100,2,436.14654541015625,187.45779418945312,51.344207763671875,161.31503295898438
101,2,448.5918884277344,187.1573028564453,44.67034912109375,162.14256286621094
101,1,532.1550903320312,198.01808166503906,53.7305908203125,171.00575256347656
102,2,455.0632629394531,186.1339874267578,44.5806884765625,161.87803649902344
102,1,534.1156616210938,199.158935546875,58.26885986328125,169.45712280273438
103,2,455.99822998046875,186.7104949951172,52.851318359375,162.0536651611328
103,1,535.7485961914062,200.4500732421875,63.92645263671875,168.06417846679688
104,2,454.2025146484375,187.22850036621094,61.63690185546875,161.85597229003906
104,1,538.0051879882812,201.65953063964844,67.38897705078125,166.4480743408203
105,2,446.25213623046875,187.53089904785156,75.4947509765625,162.0956573486328
105,1,538.9679565429688,202.30259704589844,71.12603759765625,164.8437957763672
106,2,446.9420166015625,188.77276611328125,79.96044921875,160.7486572265625
106,1,540.4072875976562,201.478271484375,73.326416015625,163.90036010742188
107,2,455.728515625,188.3849639892578,75.052490234375,160.1947479248047
107,1,547.080810546875,200.65130615234375,68.8902587890625,165.15084838867188
108,2,454.8165588378906,186.8779296875,79.89840698242188,160.10513305664062
108,1,554.9827880859375,199.334716796875,62.9520263671875,164.54547119140625
109,2,465.0364990234375,187.78634643554688,72.3350830078125,159.17080688476562
109,1,563.1708374023438,197.9966278076172,56.37640380859375,161.00572204589844
110,2,476.45660400390625,186.16946411132812,63.231201171875,157.3892822265625
110,1,571.3934326171875,195.4690399169922,51.07000732421875,160.84788513183594
111,2,485.7866516113281,185.88121032714844,57.045562744140625,154.50987243652344
111,1,577.7315673828125,194.8644561767578,46.71063232421875,160.1800994873047
112,2,494.0137023925781,185.69139099121094,49.480804443359375,152.4204864501953
112,1,580.8154296875,194.60818481445312,45.64306640625,160.10235595703125
113,2,498.25531005859375,184.099365234375,46.92535400390625,154.5809326171875
113,1,583.4512939453125,194.00608825683594,46.59295654296875,159.42344665527344
114,2,500.89129638671875,184.10096740722656,46.60150146484375,153.3681182861328
114,1,584.7608032226562,195.35340881347656,52.50433349609375,157.0535430908203
115,2,503.9141540527344,183.8638916015625,49.322723388671875,153.13314819335938
115,1,586.0990600585938,197.7042999267578,59.75384521484375,154.80372619628906
116,2,506.2916259765625,186.00408935546875,57.92791748046875,149.44326782226562
116,1,586.5712890625,197.29190063476562,68.090576171875,154.88275146484375
117,2,507.1806640625,186.54624938964844,68.64727783203125,149.40589904785156
117,1,586.6239013671875,197.884033203125,70.26190185546875,153.65701293945312
118,2,508.0071716308594,187.62757873535156,71.92019653320312,148.3632354736328
118,1,587.7919311523438,197.66754150390625,67.36578369140625,153.21591186523438
119,2,508.486572265625,187.6377716064453,71.29486083984375,147.22987365722656
119,1,590.58740234375,195.86016845703125,65.04132080078125,154.07318115234375
120,2,511.2230529785156,187.63108825683594,68.14694213867188,146.2221221923828
120,1,595.3812255859375,195.38343811035156,61.280517578125,153.31983947753906
121,2,516.872314453125,187.53814697265625,62.5767822265625,144.3890380859375
121,1,602.7567749023438,193.18411254882812,56.7982177734375,151.04824829101562
122,2,523.1972045898438,184.75709533691406,58.238525390625,145.7614288330078
122,1,610.0115356445312,193.27906799316406,53.08746337890625,149.3870086669922
123,2,531.4989624023438,184.5688934326172,53.88665771484375,143.7781219482422
123,1,617.5614624023438,193.10577392578125,49.40740966796875,149.73745727539062
123,4,139.47816467285156,120.583984375,13.587921142578125,24.621383666992188
124,2,541.04150390625,183.62008666992188,47.43988037109375,145.33987426757812
124,1,622.2974853515625,192.1830596923828,48.70941162109375,150.02378845214844
124,4,140.7885284423828,120.04764556884766,12.554168701171875,25.340599060058594
125,2,548.0363159179688,182.83009338378906,45.93701171875,146.3231658935547
125,1,627.3319091796875,192.62173461914062,46.88018798828125,149.734130859375
126,2,552.1372680664062,182.6082000732422,47.0672607421875,144.87608337402344
126,1,628.3591918945312,193.76705932617188,51.3629150390625,148.69635009765625
127,2,553.1646118164062,182.9258575439453,54.71826171875,145.6333770751953
127,1,630.1221923828125,193.8332061767578,55.6358642578125,148.2198028564453
127,4,144.25120544433594,119.5123062133789,11.328933715820312,26.12725067138672
128,2,551.135986328125,183.59165954589844,61.81951904296875,145.38255310058594
128,1,630.9137573242188,195.10501098632812,60.41510009765625,147.40676879882812
128,4,144.97630310058594,119.78994750976562,11.31304931640625,25.874465942382812
129,2,555.555908203125,184.21226501464844,63.607421875,144.7981719970703
129,1,633.8925170898438,194.69290161132812,61.4781494140625,146.84039306640625
130,2,555.5895385742188,185.79234313964844,67.139404296875,142.5513458251953
130,1,635.1787719726562,194.94729614257812,62.18621826171875,146.13348388671875
131,2,558.5574340820312,184.8946533203125,67.51239013671875,143.21417236328125
131,1,636.9088134765625,194.67845153808594,64.54998779296875,145.66114807128906
131,4,147.0854034423828,119.59111022949219,11.4293212890625,25.375442504882812
132,2,561.1988525390625,185.05491638183594,67.893310546875,141.4564666748047
132,1,643.2181396484375,194.3611297607422,60.5216064453125,142.2142791748047
132,4,147.5417938232422,119.60401916503906,11.4285888671875,25.34478759765625
133,2,569.7532958984375,184.54844665527344,60.8482666015625,140.7705841064453
133,1,649.5317993164062,193.95855712890625,56.4349365234375,139.26605224609375
134,2,576.5614624023438,183.3121337890625,56.1212158203125,139.46609497070312
134,1,655.4036865234375,191.52557373046875,50.4989013671875,142.43099975585938
134,4,148.54281616210938,119.94091796875,11.969894409179688,24.432235717773438
135,2,576.2177734375,182.82786560058594,56.99932861328125,137.2050323486328
135,1,659.746337890625,189.9422149658203,46.29052734375,141.0452117919922
135,4,149.69015502929688,119.6826171875,11.19879150390625,25.291839599609375
136,2,586.0562133789062,181.78147888183594,48.5111083984375,136.41444396972656
136,1,665.1746215820312,189.7991180419922,44.908447265625,141.1436004638672
136,4,149.86180114746094,120.1005859375,11.71734619140625,23.541702270507812
137,2,592.3434448242188,181.75022888183594,43.5181884765625,136.15724182128906
137,1,668.358154296875,190.2421417236328,44.96746826171875,140.9976043701172
137,4,150.76504516601562,119.54642486572266,11.174819946289062,24.78215789794922
138,2,595.2437744140625,182.37220764160156,43.43756103515625,134.43199157714844
138,1,669.7664184570312,190.845703125,45.06976318359375,140.0316162109375
138,4,150.92855834960938,120.30641174316406,11.183547973632812,23.889739990234375
139,2,597.8081665039062,183.19284057617188,47.1363525390625,134.65631103515625
139,1,672.1309204101562,191.15162658691406,46.53863525390625,139.8152313232422
140,2,599.3343505859375,183.537841796875,56.04705810546875,133.85543823242188
140,1,673.431884765625,191.70872497558594,48.27056884765625,138.7134246826172
141,2,599.6286010742188,185.0185089111328,62.7406005859375,132.0242156982422
141,1,674.6233520507812,192.367919921875,54.6658935546875,137.40606689453125
142,2,600.26171875,184.68438720703125,63.41741943359375,132.36489868164062
142,1,674.7239990234375,191.8526153564453,58.19073486328125,137.0289764404297
143,2,601.5707397460938,184.93560791015625,61.81536865234375,130.72296142578125
143,1,675.5972290039062,193.11941528320312,56.0687255859375,135.3392333984375
144,2,603.9961547851562,184.7379913330078,60.343505859375,130.22203063964844
144,1,676.1719970703125,191.3894500732422,56.84521484375,136.35792541503906
144,4,155.85475158691406,119.8283462524414,11.33575439453125,24.17998504638672
145,2,609.0546264648438,184.39146423339844,55.157958984375,129.2528533935547
145,1,679.9940795898438,189.44895935058594,55.03582763671875,139.0329132080078
146,2,615.4860229492188,182.3412628173828,51.37786865234375,129.0037384033203
146,1,684.1755981445312,193.07257080078125,52.97039794921875,128.43414306640625
147,2,624.249267578125,181.6614227294922,44.6361083984375,129.0094757080078
147,1,689.7482299804688,189.74813842773438,51.738525390625,132.73941040039062
147,4,156.92306518554688,120.97828674316406,11.221084594726562,23.493545532226562
148,2,630.627197265625,181.39334106445312,41.26300048828125,128.40292358398438
148,1,696.1187744140625,188.3973388671875,47.843505859375,134.284912109375
148,4,157.32286071777344,119.78260040283203,10.780563354492188,24.02832794189453
149,2,635.2091064453125,181.2036895751953,41.525390625,128.76441955566406
149,1,703.602294921875,188.07066345214844,43.00048828125,133.3385772705078
150,2,635.237548828125,180.5194091796875,47.68743896484375,130.3553466796875
150,1,708.7124633789062,188.32168579101562,41.888916015625,132.81179809570312
150,5,706.3533325195312,202.62356567382812,12.9381103515625,27.826690673828125
151,2,637.0936279296875,180.7719268798828,50.64544677734375,128.74085998535156
151,1,710.0972900390625,187.0896453857422,43.4053955078125,134.41725158691406
151,5,705.732421875,202.31924438476562,12.758544921875,31.502670288085938
152,2,637.4950561523438,181.57997131347656,54.4346923828125,128.07933044433594
152,1,711.03515625,188.11843872070312,47.20159912109375,133.2242431640625
152,4,158.424560546875,118.8607406616211,11.16448974609375,25.83238983154297
152,5,705.4478759765625,202.77407836914062,12.92486572265625,31.25799560546875
153,2,637.0362548828125,182.3434295654297,58.9998779296875,127.24317932128906
153,1,712.4351196289062,189.4586181640625,49.22467041015625,132.11907958984375
153,4,158.7598419189453,118.9013900756836,11.381622314453125,25.707740783691406
153,5,705.2606811523438,202.92996215820312,13.2037353515625,30.896514892578125
154,2,639.8298950195312,182.35079956054688,58.72515869140625,126.66583251953125
154,1,713.769775390625,189.42578125,53.26849365234375,132.86593627929688
154,4,158.8946075439453,118.8686294555664,11.559738159179688,25.04796600341797
155,2,638.2338256835938,182.35133361816406,63.09332275390625,125.88322448730469
155,1,714.0601196289062,190.7429656982422,55.68798828125,130.51246643066406
155,4,159.56146240234375,119.5172119140625,12.035537719726562,24.545303344726562
156,2,641.109375,182.50083923339844,62.20440673828125,124.89814758300781
156,1,715.9093627929688,190.3655548095703,56.18658447265625,130.6149444580078
156,4,160.36434936523438,118.71031951904297,11.6639404296875,25.01207733154297
157,2,644.2177124023438,181.48159790039062,60.2706298828125,125.85977172851562
157,1,718.8448486328125,189.65321350097656,55.6241455078125,130.08311462402344
157,4,160.28433227539062,119.33137512207031,12.170089721679688,24.3818359375
158,2,648.519287109375,180.88421630859375,56.02728271484375,124.24481201171875
158,1,723.2227172851562,189.34205627441406,53.57464599609375,127.41352844238281
158,4,160.64627075195312,119.32997131347656,12.172531127929688,24.491897583007812
159,2,655.43505859375,179.54396057128906,49.5946044921875,123.38548278808594
159,1,730.3748779296875,188.88475036621094,48.18756103515625,124.70359802246094
159,4,160.66036987304688,119.41960906982422,12.315872192382812,24.45708465576172
160,2,662.7080078125,178.3314208984375,42.33782958984375,123.79925537109375
160,1,734.146728515625,187.74600219726562,45.92889404296875,125.49099731445312
160,4,160.9114532470703,119.4884033203125,12.570938110351562,24.406906127929688
161,2,668.8092041015625,177.552490234375,37.8206787109375,125.3936767578125
161,1,737.5003051757812,186.28421020507812,43.7459716796875,126.381591796875
161,4,161.15902709960938,119.31723022460938,13.07427978515625,24.528854370117188
161,5,705.2744140625,202.4947967529297,12.59423828125,30.754135131835938
162,2,671.8237915039062,177.54795837402344,37.3607177734375,124.71534729003906
162,1,740.091796875,185.5476531982422,42.7039794921875,126.10447692871094
162,4,161.3507843017578,119.70590209960938,13.2037353515625,24.150100708007812
162,5,705.2833862304688,202.24288940429688,12.75274658203125,31.0338134765625
163,2,672.4483642578125,178.62979125976562,43.95648193359375,123.15921020507812
163,1,742.7887573242188,188.19830322265625,42.141357421875,125.5357666015625
163,4,162.03114318847656,119.52681732177734,13.564849853515625,24.263938903808594
164,2,672.9052734375,178.30068969726562,48.39031982421875,123.3656005859375
164,1,745.0477905273438,188.67767333984375,40.39666748046875,124.66067504882812
164,4,162.39073181152344,119.64653015136719,13.698410034179688,24.13671875
165,2,674.0722045898438,179.47872924804688,50.02447509765625,121.92770385742188
165,1,746.0089111328125,190.26759338378906,42.295166015625,122.28285217285156
165,4,164.532470703125,119.5036849975586,12.296371459960938,24.10120391845703
166,2,675.2489013671875,180.3424835205078,49.62945556640625,120.27220153808594
166,1,746.68359375,187.99270629882812,47.5618896484375,124.98101806640625
166,4,165.5469970703125,119.57819366455078,12.043594360351562,23.87958526611328
167,2,675.374755859375,181.119384765625,48.90826416015625,118.08981323242188
167,1,746.215087890625,189.32594299316406,52.83209228515625,123.55561828613281
168,2,677.5789184570312,180.6822052001953,48.58837890625,118.13450622558594
168,1,747.8202514648438,189.77711486816406,51.792236328125,121.61222839355469
169,2,680.0537109375,179.717041015625,48.35968017578125,118.40399169921875
169,1,749.1248779296875,189.03402709960938,50.9505615234375,121.12887573242188
169,4,168.41888427734375,118.44937133789062,12.028076171875,25.054489135742188
170,2,685.4966430664062,180.8292694091797,45.224853515625,116.14204406738281
170,1,750.1946411132812,189.210693359375,50.927001953125,120.10653686523438
170,4,169.21331787109375,118.42733001708984,11.416885375976562,25.321434020996094
171,2,691.4862670898438,179.24090576171875,41.90606689453125,116.51513671875
171,1,751.447265625,189.73960876464844,52.70587158203125,121.37513732910156
171,4,169.932861328125,118.41471099853516,11.46014404296875,25.515052795410156
172,2,697.5032958984375,177.53207397460938,39.79205322265625,118.27847290039062
172,1,758.3364868164062,189.30850219726562,48.98529052734375,119.9481201171875
172,4,171.00650024414062,119.01759338378906,10.628646850585938,24.180511474609375
173,2,703.0650634765625,177.89306640625,38.1668701171875,115.89056396484375
173,1,764.3111572265625,186.82550048828125,45.400390625,121.60049438476562
173,4,171.36605834960938,119.14759063720703,11.01934814453125,24.037635803222656
174,2,703.8173217773438,179.29991149902344,39.4464111328125,115.61759948730469
174,1,770.9390258789062,187.26785278320312,41.349853515625,121.100341796875
174,4,171.2913818359375,119.00006866455078,11.56695556640625,24.093955993652344
175,2,701.3859252929688,177.37196350097656,46.35693359375,116.15287780761719
175,1,775.6934814453125,189.90240478515625,39.21282958984375,117.64242553710938
175,4,171.7119903564453,119.34771728515625,11.399154663085938,23.549270629882812
176,2,704.004638671875,178.06739807128906,46.205322265625,116.22453308105469
176,1,777.3020629882812,187.60353088378906,39.92779541015625,120.25773620605469
176,4,171.95582580566406,119.4766616821289,11.242660522460938,23.209449768066406
177,2,703.6939697265625,179.66961669921875,49.27752685546875,114.77267456054688
177,1,777.0970458984375,189.989501953125,43.5562744140625,117.4888916015625
177,4,172.0169219970703,119.35778045654297,11.674270629882812,23.057762145996094
178,2,703.6195678710938,181.5631103515625,52.07012939453125,112.56927490234375
178,1,778.2796630859375,187.6872100830078,44.41375732421875,119.31986999511719
178,4,172.3362579345703,119.34154510498047,11.462997436523438,23.043983459472656
178,5,703.4337158203125,202.2200469970703,15.1092529296875,39.67671203613281
179,2,705.4364624023438,181.389892578125,52.69000244140625,111.82992553710938
179,1,779.8580932617188,188.700439453125,44.88348388671875,118.62973022460938
179,5,703.8696899414062,200.09130859375,15.25897216796875,41.62846374511719
180,2,705.675048828125,180.24609375,53.9188232421875,112.96957397460938
180,1,783.41064453125,190.60203552246094,43.704833984375,117.14872741699219
180,5,704.5410766601562,200.58230590820312,15.0614013671875,40.46989440917969
181,2,706.5533447265625,179.70860290527344,54.39849853515625,112.16194152832031
181,1,785.3821411132812,190.6869354248047,44.0474853515625,116.96318054199219
181,5,705.834228515625,201.90481567382812,12.509521484375,34.020538330078125
182,2,721.6309204101562,178.93202209472656,39.224609375,111.99510192871094
182,1,786.4989013671875,188.75880432128906,45.35186767578125,118.16023254394531
182,5,705.9763793945312,201.87234497070312,13.1790771484375,35.96891784667969
183,2,719.1854858398438,178.67288208007812,42.22821044921875,111.19879150390625
183,1,790.7062377929688,188.23532104492188,42.96636962890625,116.822998046875
183,5,705.8990478515625,202.0641632080078,13.1650390625,33.84657287597656
184,2,725.6798706054688,177.7210235595703,37.289794921875,110.91957092285156
184,1,794.5939331054688,189.13136291503906,39.633544921875,111.53514099121094
184,5,705.287109375,202.10284423828125,13.7435302734375,32.7049560546875
185,2,726.4010620117188,178.2517852783203,37.8619384765625,111.10945129394531
185,1,797.9381713867188,186.9520721435547,37.78466796875,113.16722106933594
185,5,705.5415649414062,202.26400756835938,13.63671875,32.62446594238281
186,2,732.2692260742188,178.86990356445312,33.4559326171875,109.8465576171875
186,1,800.2986450195312,186.59432983398438,36.77093505859375,112.24880981445312
187,2,732.7537231445312,178.58006286621094,36.5263671875,109.79603576660156
187,1,802.3253784179688,186.24899291992188,35.95751953125,113.13558959960938
188,2,733.4723510742188,179.12631225585938,40.47698974609375,108.1070556640625
188,1,803.5150756835938,183.82928466796875,35.33258056640625,115.23422241210938
189,2,733.1908569335938,178.30096435546875,42.52392578125,110.01708984375
189,1,805.4488525390625,184.10263061523438,34.92864990234375,114.94244384765625
190,2,734.2557983398438,179.87667846679688,42.2196044921875,107.75595092773438
190,1,806.4636840820312,183.7569580078125,35.94854736328125,114.59994506835938
191,2,734.60888671875,181.39578247070312,42.24603271484375,105.12008666992188
191,1,806.496337890625,185.10357666015625,38.4395751953125,113.27145385742188
192,2,735.0364379882812,179.4421844482422,43.54681396484375,107.32463073730469
192,1,807.03564453125,186.7221221923828,41.37225341796875,111.17005920410156
193,2,737.126953125,177.95912170410156,43.67791748046875,108.27607727050781
193,1,808.3356323242188,187.17840576171875,40.8990478515625,110.1610107421875
194,2,741.28076171875,176.458984375,41.61322021484375,108.47640991210938
194,1,808.7763061523438,185.90757751464844,41.52667236328125,110.93763732910156
195,2,745.3633422851562,176.71971130371094,41.12237548828125,107.51872253417969
195,1,809.2695922851562,186.32626342773438,44.694580078125,109.57736206054688
196,2,750.12890625,175.98658752441406,40.0015869140625,108.03019714355469
196,1,811.5152587890625,185.19927978515625,42.7275390625,109.88131713867188
197,2,753.916259765625,175.5901336669922,38.55303955078125,108.22853088378906
197,1,816.017578125,186.10035705566406,39.21527099609375,108.07872009277344
198,2,757.5858764648438,175.0613250732422,38.1527099609375,108.75633239746094
198,1,819.8851318359375,185.47984313964844,35.65350341796875,107.94563293457031
199,2,755.988037109375,174.8673858642578,42.75885009765625,108.38896179199219
199,1,824.4970703125,184.6931610107422,30.97784423828125,108.73820495605469
