0,1,0.18360625207424164,235.2208709716797,102.37606324255466,199.45314025878906
1,1,0.5941208004951477,235.03482055664062,101.46056669950485,199.09469604492188
2,1,0.7877476811408997,231.10281372070312,101.93814343214035,200.30715942382812
3,1,12.521123886108398,228.70675659179688,89.45464515686035,195.66714477539062
4,1,24.354665756225586,226.34271240234375,78.19036293029785,196.84317016601562
5,1,38.52061080932617,224.19969177246094,64.89368057250977,196.70335388183594
6,1,44.01799011230469,222.31260681152344,61.25849151611328,198.91163635253906
7,1,52.14736557006836,221.7519073486328,61.154422760009766,200.02198791503906
8,1,60.95506286621094,221.40646362304688,71.61192321777344,199.63674926757812
9,1,63.39304733276367,223.31365966796875,88.01472854614258,197.5076904296875
10,1,66.33634185791016,223.24928283691406,97.25933074951172,196.20188903808594
11,1,67.96620178222656,224.17767333984375,104.21452331542969,195.54220581054688
12,1,69.68021392822266,226.19952392578125,105.96944427490234,192.85940551757812
13,1,73.99603271484375,223.31358337402344,103.0484619140625,194.6527862548828
14,1,84.58599090576172,222.58290100097656,92.88396453857422,191.8052520751953
15,1,97.69683837890625,223.5183563232422,81.29533386230469,181.46437072753906
16,1,110.52182006835938,220.429443359375,68.39399719238281,182.0487060546875
17,1,122.91473388671875,216.09275817871094,55.84452819824219,184.0210418701172
18,1,128.79421997070312,211.99575805664062,54.006072998046875,188.56234741210938
19,1,135.98338317871094,210.13433837890625,57.65019226074219,190.86550903320312
20,1,142.08892822265625,210.10975646972656,61.99522399902344,188.8877410888672
21,1,147.1602020263672,210.36932373046875,76.53756713867188,188.67453002929688
22,1,150.45138549804688,212.40438842773438,88.95883178710938,185.8489990234375
23,1,151.01536560058594,213.64967346191406,100.87904357910156,184.29579162597656
24,1,150.24742126464844,214.503662109375,107.08268737792969,182.98837280273438
25,1,151.19570922851562,214.70516967773438,107.01055908203125,181.380615234375
26,1,153.94557189941406,213.62069702148438,106.47599792480469,182.10516357421875
27,1,160.31370544433594,213.22727966308594,100.69920349121094,180.42674255371094
28,1,173.7148895263672,211.6123046875,87.39558410644531,177.83819580078125
29,1,187.02980041503906,209.1772918701172,73.77687072753906,175.3235321044922
30,1,199.44065856933594,206.8384246826172,62.41041564941406,176.45155334472656
31,1,213.48980712890625,205.23858642578125,51.56561279296875,175.80825805664062
32,1,219.29791259765625,205.2544708251953,51.87139892578125,177.10536193847656
33,1,224.98126220703125,204.52102661132812,52.76318359375,178.5662841796875
34,1,229.3710174560547,205.24822998046875,62.10481262207031,177.84576416015625
35,1,230.48031616210938,206.24432373046875,75.69192504882812,177.15451049804688
36,1,230.81521606445312,207.5833740234375,85.67633056640625,175.27020263671875
37,1,230.7039337158203,207.7307891845703,91.35914611816406,174.76722717285156
38,1,233.05821228027344,208.2868194580078,92.29698181152344,173.41954040527344
39,1,239.01332092285156,207.56790161132812,87.73524475097656,174.65484619140625
40,1,249.23316955566406,206.3973846435547,77.41374206542969,172.72145080566406
41,1,262.53424072265625,205.39300537109375,63.42486572265625,167.63278198242188
42,1,274.0101623535156,203.0229949951172,55.319122314453125,165.1738739013672
43,1,284.85833740234375,200.60028076171875,50.69329833984375,164.48663330078125
44,1,292.6315002441406,198.48831176757812,51.1019287109375,169.07958984375
45,1,297.8446960449219,199.29278564453125,52.180267333984375,167.4490966796875
46,1,301.7043151855469,198.5730438232422,60.466522216796875,165.8932342529297
47,1,303.2958068847656,200.45901489257812,74.50628662109375,162.6546630859375
48,1,303.2413024902344,201.6474609375,82.61138916015625,161.64956665039062
49,1,301.8391418457031,202.31317138671875,95.150390625,162.0208740234375
50,1,302.436767578125,202.54220581054688,96.69088745117188,160.44146728515625
51,1,304.29644775390625,202.5537872314453,95.97702026367188,158.92982482910156
52,1,310.4597473144531,202.48385620117188,89.75796508789062,158.39111328125
53,1,319.2858581542969,200.32363891601562,80.82992553710938,159.28189086914062
54,1,328.9586486816406,198.37881469726562,73.03155517578125,158.371337890625
55,1,342.54766845703125,197.15711975097656,64.11810302734375,157.2649383544922
56,1,355.60137939453125,195.629150390625,54.345184326171875,159.14813232421875
57,1,367.9252624511719,194.40151977539062,47.04541015625,158.65008544921875
58,1,372.4036865234375,193.70281982421875,45.8863525390625,160.04238891601562
59,1,374.4626770019531,194.86306762695312,49.736968994140625,158.88970947265625
60,1,375.154541015625,197.26307678222656,60.261383056640625,157.1073760986328
60,2,0.0,364.56103515625,15.494863510131836,114.00668334960938
61,1,375.9617614746094,199.1090850830078,71.24295043945312,155.47877502441406
61,2,0.08310012519359589,360.95098876953125,33.36425323784351,117.80718994140625
62,1,376.3340148925781,199.15548706054688,76.75662231445312,154.42459106445312
62,2,0.0,359.9292907714844,50.87348556518555,119.40142822265625
63,1,377.469482421875,199.2353057861328,79.67446899414062,154.70960998535156
63,2,0.13374032080173492,358.71868896484375,82.7226897329092,119.89279174804688
64,1,381.3492431640625,198.9017333984375,78.7587890625,154.808349609375
64,2,0.0,358.32476806640625,131.6797637939453,120.82699584960938
64,3,0.0,346.7780456542969,16.80287742614746,34.657867431640625
64,4,0.0,348.07818603515625,17.9931583404541,85.71243286132812
65,1,388.7987365722656,199.26808166503906,72.05740356445312,153.22279357910156
65,4,0.0,342.89349365234375,28.753538131713867,134.65658569335938
65,2,8.548150062561035,358.3772888183594,142.34329891204834,120.11557006835938
66,1,398.8835144042969,197.44187927246094,61.773590087890625,151.99732971191406
66,4,0.027337362989783287,342.65673828125,38.83207196928561,135.81436157226562
66,2,23.674095153808594,357.613037109375,144.79320526123047,120.74554443359375
67,1,408.32684326171875,196.07237243652344,54.851226806640625,151.66148376464844
67,4,0.0432254821062088,338.6791076660156,48.94231681525707,139.58273315429688
67,2,36.36921310424805,356.56866455078125,144.08798599243164,122.18331909179688
68,1,418.7991943359375,194.8842315673828,48.151397705078125,150.58250427246094
68,2,50.5607795715332,354.3316345214844,141.90368270874023,124.51797485351562
68,4,0.4935215413570404,334.83489990234375,59.053296238183975,143.177734375
69,1,428.0309753417969,192.42984008789062,43.404571533203125,152.27105712890625
69,4,12.530318260192871,332.90899658203125,57.965203285217285,145.17147827148438
69,2,63.5837516784668,350.50494384765625,137.4023323059082,128.92059326171875
70,1,432.9937744140625,191.42681884765625,41.98046875,152.4659423828125
70,4,14.734705924987793,330.492431640625,66.52527332305908,146.98739624023438
70,2,76.55138397216797,348.2872314453125,127.74584197998047,129.3992919921875
71,1,437.06097412109375,192.04559326171875,43.856689453125,150.2418212890625
71,4,15.013548851013184,327.96234130859375,77.34382724761963,149.67626953125
71,2,88.8801040649414,344.5069580078125,113.00101470947266,133.74520874023438
72,1,439.794677734375,193.34112548828125,54.74041748046875,147.97161865234375
72,4,21.3100528717041,326.8752136230469,82.41803550720215,150.55767822265625
72,2,99.22752380371094,338.61737060546875,94.85256958007812,139.15863037109375
73,1,440.2564392089844,193.09934997558594,66.73492431640625,147.33384704589844
73,4,25.348608016967773,327.76312255859375,90.16500282287598,149.2115478515625
73,2,109.13410949707031,335.0805358886719,69.50267028808594,142.65872192382812
74,1,439.78228759765625,194.0955352783203,76.8792724609375,146.5053253173828
74,4,51.83281326293945,327.3923034667969,75.58606338500977,150.38262939453125
74,2,116.49147033691406,332.1387023925781,73.63720703125,146.06808471679688
75,1,439.6916809082031,195.982177734375,80.62277221679688,143.92837524414062
75,4,47.40158462524414,328.80914306640625,89.9268913269043,148.73394775390625
75,2,124.85582733154297,331.2890625,76.14876556396484,146.9091796875
76,1,440.08721923828125,196.73931884765625,82.576904296875,142.13125610351562
76,4,69.9324951171875,326.8023986816406,74.16004943847656,150.86380004882812
76,2,135.17665100097656,330.6003723144531,76.8779296875,147.2274169921875
77,1,443.381103515625,196.66091918945312,80.35845947265625,142.41256713867188
77,4,65.54803466796875,326.3712463378906,89.21490478515625,151.68292236328125
77,2,145.5800323486328,330.7867431640625,77.47422790527344,147.29742431640625
78,1,449.16632080078125,195.79281616210938,74.8392333984375,141.85171508789062
78,4,78.0572509765625,322.7213134765625,84.85157775878906,155.24359130859375
78,2,156.30055236816406,329.2362976074219,76.66673278808594,148.51361083984375
79,1,455.29107666015625,194.47723388671875,67.84014892578125,141.52896118164062
79,4,89.95635986328125,320.827392578125,79.07582092285156,156.86648559570312
79,2,141.40567016601562,328.82464599609375,102.56436157226562,149.86090087890625
80,1,465.6817626953125,193.22238159179688,58.9140625,140.48367309570312
80,2,145.8873748779297,329.1158142089844,107.57229614257812,148.87188720703125
80,4,99.60746765136719,318.37744140625,79.40399169921875,158.5765380859375
81,1,475.098876953125,190.5440673828125,54.0592041015625,142.35305786132812
81,4,108.36748504638672,313.8874206542969,93.05402374267578,163.7257080078125
81,2,152.07818603515625,327.9139404296875,111.71829223632812,151.13381958007812
82,1,488.07952880859375,189.78370666503906,45.808349609375,142.5690155029297
82,4,116.39816284179688,311.7998352050781,94.76687622070312,166.02349853515625
82,2,163.1013641357422,325.8327331542969,111.36396789550781,152.1195068359375
83,1,496.46026611328125,189.05172729492188,42.739501953125,142.83349609375
83,4,125.85752868652344,310.2746887207031,81.35910034179688,166.6485595703125
83,2,176.9340057373047,321.7041931152344,107.14045715332031,156.41983032226562
84,1,498.9980163574219,189.10072326660156,45.486907958984375,140.88246154785156
84,4,135.77288818359375,309.75653076171875,80.91096496582031,166.51113891601562
84,2,194.2268524169922,320.57269287109375,98.62956237792969,157.48074340820312
85,1,501.1750183105469,189.78663635253906,48.596649169921875,142.0008087158203
85,4,144.9071807861328,309.91552734375,92.79890441894531,166.72927856445312
85,2,212.5789031982422,316.8315124511719,88.98469543457031,160.82125854492188
86,1,502.07672119140625,191.51255798339844,53.432861328125,140.85874938964844
86,2,237.11460876464844,313.5552673339844,72.72428894042969,164.3167724609375
86,4,155.75083923339844,310.9684753417969,86.47023010253906,166.49795532226562
87,1,501.91986083984375,192.6857147216797,59.4276123046875,139.65516662597656
87,4,179.91677856445312,310.41156005859375,77.4149169921875,166.62371826171875
87,2,251.54356384277344,311.3269348144531,67.27925109863281,167.17919921875
88,1,502.83551025390625,193.71437072753906,63.62005615234375,139.1417999267578
88,4,190.0474395751953,308.9005126953125,75.44911193847656,167.88107299804688
88,2,260.95745849609375,309.6744079589844,67.45419311523438,168.42086791992188
89,1,504.09283447265625,193.79849243164062,68.02630615234375,140.27130126953125
89,4,201.99630737304688,307.45050048828125,71.38604736328125,169.31692504882812
89,2,269.61370849609375,309.01983642578125,69.51730346679688,169.0394287109375
90,1,507.9435729980469,193.70571899414062,67.67843627929688,139.17031860351562
90,4,206.0138702392578,305.1525573730469,76.55982971191406,171.4071044921875
90,2,278.355712890625,308.9266052246094,75.70864868164062,169.41891479492188
91,1,518.443603515625,192.03013610839844,54.38775634765625,138.4327850341797
91,4,220.96591186523438,302.6009521484375,69.90414428710938,175.43496704101562
91,2,287.3320617675781,308.71697998046875,95.2803955078125,169.15594482421875
92,1,525.7272338867188,191.54852294921875,50.07061767578125,135.61026000976562
92,4,225.86508178710938,298.83636474609375,70.97784423828125,178.65814208984375
92,2,293.9951477050781,308.78277587890625,107.24615478515625,169.18075561523438
93,1,535.1988525390625,189.06326293945312,51.46380615234375,136.1409912109375
93,2,303.82025146484375,309.5732116699219,113.50839233398438,168.79190063476562
93,4,235.57757568359375,295.8636779785156,67.32974243164062,181.969482421875
94,1,542.0498046875,187.13198852539062,47.18011474609375,136.99142456054688
94,2,313.74700927734375,308.4552917480469,113.99334716796875,169.8502197265625
94,4,246.8715057373047,293.8690185546875,68.12040710449219,184.17843627929688
95,1,546.6441040039062,186.6156768798828,44.49029541015625,138.1730499267578
95,2,328.3870849609375,306.9068298339844,113.07534790039062,170.65298461914062
95,4,247.54258728027344,290.5897216796875,81.73863220214844,187.06900024414062
96,1,550.314697265625,187.0074920654297,42.829345703125,137.63746643066406
96,2,339.3335876464844,305.5602111816406,104.5570068359375,173.18386840820312
96,4,256.5584411621094,290.20404052734375,86.59124755859375,187.26235961914062
97,1,552.0053100585938,187.5979766845703,45.77862548828125,136.6046600341797
97,2,350.73541259765625,303.15399169921875,95.00927734375,175.0894775390625
97,4,260.10223388671875,288.4844970703125,95.58981323242188,188.96197509765625
98,1,553.4882202148438,187.61248779296875,52.34283447265625,135.93536376953125
98,2,360.4841003417969,300.74493408203125,83.879150390625,177.19296264648438
98,4,265.12109375,289.12628173828125,100.59426879882812,188.29949951171875
99,1,553.96044921875,188.8761749267578,59.142333984375,134.87437438964844
99,2,368.64569091796875,299.6556701660156,71.86590576171875,179.13864135742188
99,4,274.8865966796875,289.296875,99.45925903320312,187.83767700195312
100,1,553.9425048828125,191.15283203125,63.55487060546875,131.76449584960938
100,4,279.8819580078125,289.388671875,102.8133544921875,188.14498901367188
100,2,377.43389892578125,297.2478332519531,67.07589721679688,180.53475952148438
101,1,554.3363037109375,191.69203186035156,65.63702392578125,130.09568786621094
101,4,289.1741638183594,287.9122314453125,102.08770751953125,189.53750610351562
101,2,383.52496337890625,292.11248779296875,68.5318603515625,185.26361083984375
102,1,554.7651977539062,191.7390594482422,65.43023681640625,130.0824432373047
102,4,294.83404541015625,286.4326171875,101.7376708984375,190.45620727539062
102,2,390.3387145996094,290.8680725097656,68.99832153320312,186.67971801757812
103,1,559.3419189453125,191.29498291015625,62.43316650390625,129.7652587890625
103,4,302.9441833496094,283.1403503417969,94.9466552734375,194.222900390625
103,2,390.18853759765625,290.2298889160156,77.055908203125,186.24688720703125
104,1,562.5188598632812,189.71376037597656,61.53363037109375,129.6081085205078
104,4,310.1390380859375,281.2674255371094,94.46502685546875,196.40753173828125
104,2,376.1084289550781,290.2296142578125,98.70748901367188,186.16500854492188
105,1,569.269775390625,188.96339416503906,61.33685302734375,126.32203674316406
105,2,367.69219970703125,289.8564147949219,113.39102172851562,186.42092895507812
105,4,319.2352294921875,278.3686218261719,86.19155883789062,199.23638916015625
106,1,576.2855834960938,187.4630126953125,54.7691650390625,126.64157104492188
106,2,364.0338134765625,289.2422790527344,124.97186279296875,187.54083251953125
106,4,325.1389465332031,274.8094177246094,75.86993408203125,202.10519409179688
107,1,587.515380859375,186.17672729492188,46.8333740234375,127.50958251953125
107,2,370.2741394042969,289.54534912109375,124.37966918945312,185.84255981445312
107,4,332.1954650878906,272.0326232910156,68.4063720703125,205.75360107421875
108,1,590.285400390625,185.82080078125,46.89129638671875,127.362060546875
108,2,379.89239501953125,288.7525939941406,122.15350341796875,185.15411376953125
108,4,336.24591064453125,270.80755615234375,71.56875610351562,207.03414916992188
109,1,591.9742431640625,185.6639404296875,50.4031982421875,127.85202026367188
109,2,387.2931823730469,288.061279296875,121.93325805664062,187.33041381835938
109,4,341.174560546875,270.5143737792969,74.9315185546875,207.00213623046875
110,1,594.4845581054688,185.6308135986328,49.641357421875,128.02296447753906
110,2,396.9855651855469,285.7532043457031,120.67477416992188,189.80322265625
110,4,343.7066955566406,271.77386474609375,78.10916137695312,205.97503662109375
111,1,598.5188598632812,186.1732940673828,47.7703857421875,127.22013854980469
111,2,410.3205261230469,283.96051025390625,115.33596801757812,191.67388916015625
111,4,348.4676208496094,271.5436706542969,81.38955688476562,205.80917358398438
112,1,599.2730102539062,187.72198486328125,49.53302001953125,126.29196166992188
112,2,424.61602783203125,281.7613525390625,105.35589599609375,194.77084350585938
112,4,353.14794921875,272.505615234375,98.7054443359375,204.620849609375
113,1,598.7462768554688,189.03384399414062,53.14007568359375,125.05178833007812
113,2,442.2994689941406,278.8451232910156,93.43759155273438,197.80978393554688
113,4,358.0599060058594,271.44195556640625,90.27682495117188,206.10635375976562
114,1,600.2306518554688,189.0880584716797,54.11346435546875,124.27229309082031
114,2,463.5909729003906,276.3113708496094,77.57156372070312,199.05459594726562
114,4,362.2041931152344,270.98760986328125,102.65673828125,206.56491088867188
115,1,603.8474731445312,188.72531127929688,53.2615966796875,125.14620971679688
115,2,480.47235107421875,274.9642639160156,67.3551025390625,202.01885986328125
115,4,365.55340576171875,270.83935546875,102.845703125,206.74996948242188
116,1,606.7909545898438,188.53736877441406,55.1800537109375,122.31681823730469
116,4,364.6046142578125,268.97412109375,101.8135986328125,209.65969848632812
116,2,483.830078125,273.61785888671875,69.6357421875,204.85311889648438
117,1,610.9898071289062,187.23388671875,53.56475830078125,121.699951171875
117,4,372.2720031738281,266.1028137207031,95.03216552734375,211.83709716796875
117,2,487.33587646484375,273.32720947265625,69.801513671875,204.55825805664062
118,1,614.5625,186.17474365234375,50.23919677734375,119.378173828125
118,4,383.234130859375,264.1311950683594,87.56277465820312,213.62884521484375
118,2,492.9115905761719,272.8190002441406,71.55978393554688,205.02447509765625
119,1,619.9761962890625,184.59628295898438,46.4798583984375,119.55667114257812
119,4,395.2745056152344,261.9101867675781,90.04434204101562,216.609130859375
119,2,499.54339599609375,273.1452331542969,70.86285400390625,204.40353393554688
120,1,623.7534790039062,182.51812744140625,43.87945556640625,121.4564208984375
120,4,407.95361328125,259.11505126953125,89.23983764648438,218.0870361328125
120,2,503.5359802246094,273.09429931640625,73.24038696289062,204.97286987304688
121,1,627.0886840820312,181.62355041503906,43.4351806640625,122.83085632324219
121,4,419.88092041015625,257.890869140625,86.01641845703125,218.88796997070312
121,2,507.4466247558594,272.89569091796875,88.99740600585938,204.71694946289062
122,1,629.0194091796875,181.5648651123047,44.18182373046875,121.94813537597656
122,4,423.66888427734375,256.9148254394531,89.778076171875,220.25677490234375
122,2,511.8189697265625,272.029296875,93.6053466796875,205.59976196289062
123,4,431.3717346191406,256.8554382324219,84.00064086914062,220.83731079101562
123,1,630.8401489257812,182.7747344970703,44.16119384765625,119.41078186035156
123,2,515.5567016601562,270.8002624511719,94.2982177734375,207.45111083984375
124,4,433.4049377441406,256.67584228515625,83.03518676757812,220.67837524414062
124,1,631.9701538085938,182.87109375,46.17681884765625,119.5093994140625
124,2,523.233154296875,269.4222412109375,85.34100341796875,208.24212646484375
125,4,434.9688415527344,258.312255859375,85.37240600585938,219.2796630859375
125,1,633.0723876953125,184.0968780517578,47.14544677734375,118.25807189941406
125,2,529.2574462890625,269.7370910644531,79.6011962890625,207.80044555664062
126,4,434.13385009765625,258.5668640136719,91.98150634765625,218.31228637695312
126,1,633.7509765625,184.6861572265625,48.07000732421875,116.97381591796875
126,2,537.069580078125,267.18414306640625,77.645751953125,210.32131958007812
127,4,435.7610778808594,258.095947265625,96.82138061523438,218.78848266601562
127,1,634.3164672851562,185.8901824951172,50.6173095703125,115.43461608886719
127,2,544.58203125,264.6925354003906,74.97119140625,211.48565673828125
128,4,439.5096130371094,257.1741943359375,97.84225463867188,218.42584228515625
128,1,636.1148681640625,185.7163848876953,51.097412109375,114.36009216308594
128,2,550.1491088867188,262.95758056640625,75.5985107421875,214.08123779296875
129,4,444.4485778808594,255.6226806640625,97.59780883789062,218.58837890625
129,1,636.6580810546875,184.9383544921875,55.2186279296875,114.59490966796875
129,2,554.63232421875,260.8834533691406,76.7330322265625,215.92129516601562
130,4,454.9210205078125,253.4507598876953,91.33758544921875,219.13612365722656
130,1,638.9647216796875,184.5372314453125,54.1458740234375,114.6448974609375
130,2,556.9288940429688,259.464599609375,81.07586669921875,217.59521484375
131,4,466.0413513183594,252.37611389160156,83.27359008789062,215.3174285888672
131,1,643.1819458007812,183.41168212890625,52.96905517578125,112.14828491210938
131,2,561.967529296875,259.00067138671875,82.61578369140625,219.685302734375
132,1,647.5574951171875,182.1788330078125,51.07330322265625,111.72283935546875
132,4,474.6399841308594,250.3302001953125,78.83242797851562,210.42465209960938
132,2,566.0676879882812,259.235595703125,81.56817626953125,218.521240234375
133,1,651.9189453125,181.9236602783203,47.2320556640625,111.95951843261719
133,4,484.0767517089844,250.6057586669922,72.99539184570312,205.84202575683594
133,2,570.5519409179688,259.5314636230469,81.38787841796875,217.30706787109375
134,1,656.2545776367188,181.12872314453125,44.64788818359375,112.62631225585938
134,2,576.1578979492188,259.3716125488281,81.07403564453125,217.66668701171875
134,4,487.87994384765625,251.26539611816406,72.89971923828125,201.3265838623047
135,1,657.5770263671875,180.92051696777344,44.8079833984375,112.41950988769531
135,4,491.86566162109375,251.029052734375,73.21240234375,199.7037353515625
135,2,581.27880859375,258.8974609375,79.805908203125,217.7723388671875
136,1,660.1172485351562,180.99591064453125,44.86590576171875,111.33425903320312
136,2,586.4286499023438,258.216796875,78.4815673828125,218.64736938476562
136,4,493.2366027832031,251.26287841796875,76.46359252929688,198.73101806640625
137,1,662.7154541015625,181.62510681152344,45.273681640625,110.52177429199219
137,2,589.214111328125,257.7327880859375,79.41973876953125,219.9210205078125
137,4,494.9492492675781,251.74749755859375,83.03244018554688,197.08084106445312
138,1,663.6156616210938,181.91513061523438,52.688720703125,110.86917114257812
138,4,495.4662780761719,252.36036682128906,93.80441284179688,196.35365295410156
138,2,592.2122802734375,255.78724670410156,80.53460693359375,221.9593048095703
139,4,495.29241943359375,253.0487823486328,95.7109375,194.56349182128906
139,1,664.1686401367188,183.01954650878906,52.44122314453125,109.55079650878906
139,2,598.4789428710938,254.91859436035156,79.90557861328125,222.75645446777344
140,1,665.6866455078125,183.26763916015625,51.2703857421875,109.16372680664062
140,4,497.2282409667969,252.1602783203125,95.65469360351562,194.2100830078125
140,2,605.1273803710938,253.87828063964844,75.54986572265625,223.4424285888672
141,1,666.924560546875,182.65176391601562,51.0091552734375,110.24874877929688
141,4,500.55340576171875,250.40884399414062,98.25048828125,193.93154907226562
141,2,609.297607421875,250.54238891601562,73.6649169921875,226.16094970703125
142,4,509.54144287109375,249.14024353027344,94.13409423828125,193.5051727294922
142,1,671.4676513671875,183.0990447998047,49.02825927734375,105.93385314941406
142,2,612.7463989257812,249.3097686767578,71.8203125,227.0897674560547
143,1,674.4797973632812,182.07337951660156,47.1419677734375,104.78334045410156
143,4,515.3453979492188,247.91018676757812,93.462646484375,190.40411376953125
143,2,617.335205078125,247.4420928955078,70.2166748046875,229.3695831298828
144,2,620.513427734375,247.6864013671875,69.8563232421875,230.33755493164062
144,1,678.7836303710938,181.62901306152344,43.5394287109375,103.46278381347656
144,4,525.5289916992188,246.0634002685547,87.5333251953125,186.24290466308594
145,2,623.5430297851562,247.4967498779297,74.44818115234375,230.69557189941406
145,4,537.1179809570312,243.4188995361328,79.5677490234375,186.76182556152344
145,1,682.10888671875,180.15321350097656,40.53021240234375,106.20979309082031
146,2,625.404052734375,247.8126220703125,77.75128173828125,228.41323852539062
146,1,684.756591796875,179.1424560546875,40.46954345703125,107.86288452148438
146,4,546.5322875976562,241.90440368652344,73.57598876953125,187.8662872314453
147,2,625.8056640625,247.74208068847656,83.55560302734375,228.40184020996094
147,4,553.3147583007812,239.6790771484375,69.5648193359375,190.80532836914062
147,1,688.399658203125,177.43130493164062,39.3486328125,109.25949096679688
148,4,556.7881469726562,238.35098266601562,69.382080078125,191.72100830078125
148,2,627.1691284179688,247.7919921875,87.30963134765625,229.04376220703125
148,1,690.262939453125,177.22886657714844,40.99505615234375,106.93373107910156
149,4,559.1907348632812,238.718505859375,70.11932373046875,191.56097412109375
149,2,629.906494140625,248.29788208007812,86.0172119140625,227.39239501953125
149,1,692.3844604492188,177.8521270751953,41.42120361328125,105.35536193847656
150,4,560.6599731445312,237.53897094726562,71.201416015625,191.5413818359375
150,2,632.0081176757812,247.3141326904297,85.3988037109375,227.84230041503906
150,1,693.9046020507812,178.3507537841797,42.2052001953125,102.77369689941406
151,4,559.1654663085938,238.2755584716797,76.79241943359375,190.23402404785156
151,2,636.6649780273438,246.7960968017578,83.847900390625,221.6725311279297
151,1,696.6294555664062,180.54541015625,42.870849609375,99.18087768554688
152,4,563.1256103515625,238.26068115234375,78.2757568359375,190.51495361328125
152,2,640.9208984375,245.60433959960938,85.2213134765625,220.1712646484375
152,1,697.475830078125,180.87594604492188,42.5045166015625,98.23141479492188
153,4,566.4298095703125,238.0541534423828,74.0023193359375,190.5601348876953
153,2,646.7158813476562,243.0050048828125,82.76641845703125,217.420654296875
153,1,700.62255859375,180.4285430908203,42.4620361328125,100.20780944824219
154,2,655.1050415039062,240.99559020996094,78.41802978515625,213.9340362548828
154,4,571.4519653320312,236.22862243652344,73.131591796875,190.6465606689453
154,1,704.2001953125,180.34164428710938,41.8753662109375,99.3909912109375
155,2,663.0790405273438,238.19281005859375,75.30999755859375,216.60040283203125
155,4,579.526123046875,234.9236602783203,68.56597900390625,189.73350524902344
155,1,706.7347412109375,179.97930908203125,42.02349853515625,99.37240600585938
156,2,668.4016723632812,237.01319885253906,73.48333740234375,218.01161193847656
156,4,587.0933227539062,232.5823211669922,64.54022216796875,178.89137268066406
156,1,710.5701904296875,179.37701416015625,39.778564453125,98.66571044921875
157,2,672.3754272460938,237.06993103027344,73.889892578125,217.1019744873047
157,4,596.6897583007812,230.51068115234375,54.85565185546875,183.07778930664062
157,1,714.2023315429688,179.21578979492188,36.98681640625,96.06048583984375
158,2,676.4765625,236.005126953125,73.0079345703125,218.08181762695312
158,4,600.5303344726562,229.69886779785156,53.97930908203125,180.52476501464844
158,1,716.2291259765625,178.81573486328125,37.44036865234375,94.02127075195312
159,4,605.7067260742188,228.7811279296875,52.3304443359375,178.989013671875
159,2,679.781982421875,236.3103790283203,72.79595947265625,217.61351013183594
159,1,719.5046997070312,177.86526489257812,37.549560546875,85.11203002929688
159,5,705.3872680664062,201.83901977539062,13.4716796875,30.94903564453125
160,4,607.1770629882812,227.7814178466797,54.94940185546875,179.09828186035156
160,2,683.8900146484375,236.10203552246094,72.29144287109375,218.05259704589844
160,1,721.0560913085938,177.4697265625,37.865478515625,73.9520263671875
161,4,607.8312377929688,228.22019958496094,63.0550537109375,177.5116424560547
161,2,685.9402465820312,237.06182861328125,72.118896484375,215.998046875
161,1,722.39501953125,177.25204467773438,38.10980224609375,73.64340209960938
162,4,608.46630859375,228.97052001953125,73.9219970703125,176.68521118164062
162,2,686.8477172851562,237.04483032226562,74.64739990234375,214.517333984375
162,1,722.90869140625,176.5514373779297,40.2677001953125,97.29667663574219
163,4,608.9130859375,229.6142120361328,76.5880126953125,176.05674743652344
163,2,689.0432739257812,236.8111572265625,73.76702880859375,214.5863037109375
163,1,724.43212890625,178.16651916503906,41.37957763671875,93.52366638183594
164,4,609.33837890625,230.27349853515625,76.27423095703125,174.94046020507812
164,2,692.9356079101562,236.0682373046875,72.14434814453125,213.7781982421875
164,1,726.7684326171875,178.89761352539062,40.58135986328125,90.81832885742188
165,4,609.9151000976562,229.7126007080078,73.2781982421875,175.27931213378906
165,2,698.4398193359375,235.5307159423828,68.5333251953125,213.6213836669922
165,1,729.9080200195312,179.917724609375,38.76318359375,89.7088623046875
166,4,614.6953125,229.30502319335938,69.5904541015625,175.45614624023438
166,2,702.1227416992188,235.14219665527344,66.591552734375,201.6294708251953
166,1,730.8827514648438,178.9023895263672,41.6483154296875,91.41783142089844
167,4,619.1697998046875,228.1942596435547,67.8997802734375,174.08628845214844
167,1,732.2008666992188,179.42079162597656,40.60162353515625,89.76301574707031
167,2,704.4641723632812,233.14767456054688,66.53033447265625,204.07980346679688
168,4,624.0626220703125,227.2064971923828,67.567138671875,171.9922332763672
168,2,706.8121337890625,231.825439453125,65.27679443359375,198.63644409179688
168,1,736.1688842773438,179.7473907470703,39.1292724609375,64.16114807128906
169,4,634.56982421875,226.24440002441406,60.8314208984375,168.0582733154297
169,2,709.9246215820312,230.13824462890625,64.12457275390625,201.01678466796875
169,1,739.4080200195312,179.33082580566406,36.6724853515625,74.94952392578125
170,2,711.6632690429688,228.77598571777344,64.14874267578125,200.5532684326172
170,4,643.0037231445312,225.08724975585938,58.38006591796875,167.72988891601562
170,1,741.476806640625,178.26576232910156,38.08099365234375,81.26261901855469
171,2,714.4999389648438,229.30154418945312,63.051025390625,199.75082397460938
171,4,651.3434448242188,223.4891357421875,52.98089599609375,169.27294921875
171,1,743.5596313476562,177.30970764160156,38.643310546875,82.00431823730469
172,2,717.0047607421875,229.98533630371094,63.10577392578125,198.6645050048828
172,4,655.2206420898438,222.5060272216797,54.2581787109375,169.50807189941406
172,1,747.0221557617188,175.3224334716797,37.6298828125,82.57206726074219
173,4,657.2141723632812,223.26287841796875,55.47723388671875,168.51614379882812
173,2,717.8006591796875,229.54054260253906,66.067626953125,198.71324157714844
173,1,749.3394775390625,175.9645233154297,37.12689208984375,59.00569152832031
174,2,718.6876220703125,230.15994262695312,67.8841552734375,197.3424072265625
174,4,657.4077758789062,223.61317443847656,59.77703857421875,168.5031280517578
174,1,750.5465087890625,176.04823303222656,37.636962890625,68.16258239746094
175,4,659.1577758789062,224.4306640625,61.842041015625,167.57443237304688
175,2,719.7276000976562,231.09454345703125,68.05120849609375,195.32568359375
175,1,752.814453125,176.73712158203125,38.1107177734375,60.878173828125
176,4,659.0233154296875,224.30360412597656,65.16424560546875,167.3808135986328
176,2,721.3163452148438,232.14483642578125,69.00482177734375,194.78219604492188
176,1,754.7701416015625,177.5751953125,37.492431640625,57.92047119140625
177,4,659.8985595703125,225.1920928955078,67.52069091796875,166.3253936767578
177,2,723.7638549804688,230.9582061767578,69.2362060546875,191.92845153808594
177,1,757.8084716796875,177.738037109375,35.808837890625,58.86564636230469
178,2,728.4155883789062,228.90501403808594,66.34454345703125,192.22276306152344
178,4,662.8709106445312,224.75640869140625,65.81866455078125,165.71145629882812
178,1,758.3802490234375,178.89256286621094,37.88238525390625,84.54936218261719
179,4,666.7940673828125,223.78831481933594,62.91094970703125,163.02464294433594
179,2,731.7344970703125,227.95310974121094,66.80413818359375,183.71604919433594
179,1,759.3883666992188,178.53746032714844,39.6591796875,79.23899841308594
180,4,670.315185546875,223.5433807373047,60.321533203125,154.5832061767578
180,2,732.76318359375,227.12962341308594,68.462158203125,183.1576690673828
180,1,763.4984130859375,179.01547241210938,38.74786376953125,77.07254028320312
181,4,676.8584594726562,221.431396484375,54.21014404296875,157.800537109375
181,2,738.9835815429688,225.9593048095703,65.6168212890625,183.4305877685547
181,1,768.042724609375,177.96812438964844,37.53533935546875,72.96180725097656
182,4,681.7445678710938,220.86500549316406,51.3154296875,158.1384735107422
182,2,745.7293701171875,225.58236694335938,63.286865234375,182.51455688476562
182,1,770.7843017578125,177.65017700195312,37.19561767578125,56.07206726074219
183,4,686.6197509765625,220.5797576904297,49.04541015625,156.12831115722656
183,2,751.5579223632812,223.7969207763672,59.38226318359375,183.80812072753906
183,1,775.18359375,176.84107971191406,32.8792724609375,51.08283996582031
184,4,688.5389404296875,219.83692932128906,47.78656005859375,155.7891082763672
184,2,753.3583374023438,223.9648895263672,60.28125,184.0590057373047
184,1,775.1200561523438,176.1134796142578,34.29107666015625,53.15313720703125
185,4,691.1876220703125,219.32640075683594,46.8076171875,156.17308044433594
185,2,756.98095703125,223.786376953125,59.38702392578125,184.18429565429688
185,1,776.8479614257812,176.0380401611328,34.449462890625,54.93701171875
185,5,705.8916625976562,202.8798065185547,13.58349609375,30.579681396484375
186,4,693.0797729492188,220.3286895751953,48.89739990234375,154.8351593017578
186,2,758.8964233398438,224.17576599121094,59.9039306640625,183.93690490722656
186,1,776.5701293945312,175.94281005859375,37.86572265625,55.96794128417969
187,4,693.9109497070312,220.19656372070312,52.11285400390625,155.33074951171875
187,2,759.5902709960938,224.77935791015625,61.0311279296875,183.1531982421875
187,1,778.7467651367188,175.93504333496094,36.6800537109375,53.47453308105469
188,4,695.0789184570312,220.34620666503906,52.61279296875,154.26109313964844
188,2,760.365478515625,224.63507080078125,61.31927490234375,182.47195434570312
188,1,781.5274047851562,176.01715087890625,35.8992919921875,56.415863037109375
189,4,696.3150024414062,221.15870666503906,54.8424072265625,152.52342224121094
189,2,762.2959594726562,225.04290771484375,61.514892578125,181.77932739257812
189,1,781.8700561523438,177.43714904785156,36.6497802734375,55.18597412109375
190,4,697.9819946289062,220.9686279296875,58.35821533203125,151.19888305664062
190,2,765.2077026367188,224.59132385253906,60.4879150390625,181.20445251464844
190,1,781.86328125,178.1473388671875,38.95904541015625,57.6275634765625
191,4,699.5779418945312,219.9666290283203,61.72418212890625,151.8464813232422
191,2,770.2417602539062,223.85122680664062,57.39923095703125,172.8885498046875
191,1,782.7733154296875,178.3539276123047,39.17071533203125,59.93476867675781
192,4,701.8450317382812,218.8419189453125,59.37078857421875,151.76455688476562
192,2,772.6559448242188,223.70999145507812,57.39105224609375,166.45611572265625
192,1,784.7877197265625,179.035400390625,38.72369384765625,66.40098571777344
193,4,705.4576416015625,216.8934326171875,63.027099609375,151.26028442382812
193,2,776.1441650390625,222.4457244873047,55.08746337890625,170.8258819580078
193,1,787.1810302734375,177.59756469726562,38.03790283203125,66.46957397460938
194,4,707.7049560546875,216.27284240722656,74.0355224609375,145.17381286621094
194,2,779.903076171875,220.23345947265625,52.44281005859375,170.9854736328125
194,1,789.9482421875,177.55178833007812,37.771484375,57.32414245605469
195,4,710.8916625976562,214.02676391601562,74.795654296875,146.4234619140625
195,2,781.970458984375,219.38726806640625,52.31988525390625,171.31851196289062
195,1,792.471435546875,177.09536743164062,35.83673095703125,70.58224487304688
196,4,712.4735107421875,213.0467529296875,76.9918212890625,146.76641845703125
196,2,784.1793823242188,219.6210174560547,50.596435546875,171.21995544433594
196,1,793.7510375976562,175.5924835205078,35.0504150390625,71.39852905273438
197,4,710.7639770507812,212.2611846923828,81.4932861328125,147.44471740722656
197,2,786.2147216796875,218.4366912841797,51.808837890625,171.94166564941406
197,1,795.8204956054688,175.29286193847656,35.92144775390625,72.70555114746094
198,4,710.0240478515625,212.39306640625,85.2921142578125,147.32077026367188
198,2,786.569091796875,219.12921142578125,53.68499755859375,170.82635498046875
198,1,798.3603515625,174.75230407714844,34.24078369140625,74.00993347167969
199,2,786.5352172851562,220.1510772705078,55.93316650390625,170.1805877685547
199,4,710.6237182617188,212.52389526367188,87.6219482421875,147.25460815429688
199,1,799.2998046875,172.52369689941406,34.61956787109375,78.72682189941406
199,6,832.6329956054688,254.98300170898438,22.540771484375,154.539306640625
200,2,786.9212646484375,220.08348083496094,56.29595947265625,170.1470184326172
200,4,711.72412109375,213.06483459472656,88.34320068359375,147.1570587158203
200,1,800.6165161132812,172.2665252685547,33.755859375,79.51541137695312
200,6,832.6157836914062,251.1737823486328,22.67645263671875,159.2700958251953
201,2,786.9110717773438,221.07266235351562,58.21435546875,168.37957763671875
201,4,710.4925537109375,214.34039306640625,91.8055419921875,145.35006713867188
201,1,803.2415161132812,174.41575622558594,32.49871826171875,80.91145324707031
201,6,831.9585571289062,242.7559356689453,23.33489990234375,167.9290313720703
202,4,709.6455688476562,213.67420959472656,94.58160400390625,144.51515197753906
202,2,788.1764526367188,221.25631713867188,59.92138671875,168.01113891601562
202,1,804.1878662109375,175.2431182861328,35.13336181640625,85.92588806152344
202,6,831.6868286132812,236.08978271484375,23.59759521484375,174.626708984375
203,4,713.9793090820312,213.15786743164062,91.2056884765625,135.1646728515625
203,2,789.7631225585938,220.87437438964844,62.71246337890625,168.7214813232422
203,1,803.6988525390625,176.23080444335938,35.9608154296875,86.63406372070312
203,6,830.9239501953125,234.956787109375,24.3780517578125,175.78143310546875
204,4,716.4017333984375,212.57528686523438,91.9859619140625,133.54852294921875
204,2,791.4378662109375,220.68544006347656,62.4534912109375,166.60328674316406
204,1,804.3487548828125,177.7650604248047,36.52783203125,85.29893493652344
204,6,830.8773803710938,242.3038330078125,24.49700927734375,166.63665771484375
205,4,718.25732421875,212.077392578125,90.53057861328125,133.11178588867188
205,1,804.62353515625,177.5679931640625,40.42279052734375,86.78656005859375
205,2,794.692626953125,220.32354736328125,60.6229248046875,161.217041015625
205,6,832.1448974609375,243.30093383789062,23.5277099609375,166.69473266601562
206,4,721.0506591796875,211.1331329345703,90.2574462890625,136.55079650878906
206,1,806.65966796875,176.29830932617188,40.4833984375,87.8873291015625
206,2,799.20751953125,218.61672973632812,56.1795654296875,159.75534057617188
207,4,723.0591430664062,209.82717895507812,87.02972412109375,135.87246704101562
207,1,807.54443359375,175.5228729248047,40.48236083984375,89.16093444824219
207,2,804.4689331054688,216.81822204589844,51.175048828125,159.7176055908203
208,4,725.6027221679688,210.35604858398438,86.9908447265625,136.22012329101562
208,1,810.156005859375,173.70721435546875,40.02264404296875,89.5177001953125
208,2,815.2190551757812,216.70440673828125,40.614990234375,161.28414916992188
209,1,813.9257202148438,173.90325927734375,37.50140380859375,88.94815063476562
209,4,727.9241333007812,210.20187377929688,85.66644287109375,134.72918701171875
209,2,818.9869384765625,216.1575927734375,36.59173583984375,161.5821533203125
210,1,818.095458984375,173.1982421875,34.22540283203125,87.18307495117188
210,4,730.1350708007812,209.5418701171875,89.39990234375,135.02801513671875
210,2,818.6619873046875,216.9643096923828,36.93914794921875,166.04481506347656
211,4,733.6094360351562,208.8757781982422,84.140869140625,134.6761016845703
211,1,820.0003662109375,173.03994750976562,33.4945068359375,86.91241455078125
211,2,815.8850708007812,216.4193115234375,39.7403564453125,190.46536254882812
212,4,735.4144287109375,209.12619018554688,84.616943359375,134.44381713867188
212,1,821.5867919921875,171.95619201660156,32.65948486328125,87.59907531738281
212,2,812.9142456054688,216.34902954101562,42.7542724609375,191.940673828125
213,4,738.86962890625,210.60885620117188,84.73583984375,133.64791870117188
213,1,822.0496215820312,173.01312255859375,30.79241943359375,88.70260620117188
213,2,813.6925048828125,220.82373046875,41.9652099609375,188.1318359375
214,4,741.7863159179688,210.7507781982422,85.87939453125,133.76332092285156
214,1,822.9391479492188,175.00363159179688,31.2266845703125,85.15328979492188
214,2,815.306396484375,230.84542846679688,40.53887939453125,177.78689575195312
215,4,743.5332641601562,210.60569763183594,90.24822998046875,131.3000030517578
215,1,822.3992309570312,174.04971313476562,32.68218994140625,84.67660522460938
215,2,817.7573852539062,232.28041076660156,37.9393310546875,176.3840789794922
216,4,744.4360961914062,210.57765197753906,88.8154296875,131.1065216064453
216,1,825.551513671875,176.0448760986328,30.01751708984375,83.55464172363281
216,2,823.5100708007812,234.53968811035156,32.157958984375,173.57850646972656
217,4,747.9110717773438,209.72573852539062,85.9696044921875,129.23345947265625
217,1,827.2575073242188,175.1250457763672,28.31610107421875,85.57844543457031
217,2,825.4219970703125,235.08277893066406,30.33685302734375,173.17176818847656
218,4,750.6598510742188,209.58570861816406,84.11212158203125,127.36854553222656
218,1,828.1923217773438,176.21473693847656,27.5133056640625,73.14788818359375
218,2,828.1688232421875,236.78990173339844,27.5467529296875,52.98036193847656
219,4,752.1326293945312,208.73622131347656,85.7977294921875,126.68135070800781
219,1,828.6209106445312,176.48805236816406,27.0015869140625,82.68617248535156
219,2,830.3555297851562,237.3128204345703,25.5333251953125,55.57887268066406
220,4,753.3682250976562,207.48614501953125,86.127685546875,127.46218872070312
220,1,829.4662475585938,176.36610412597656,26.150146484375,81.17619323730469
221,4,754.7951049804688,206.45855712890625,84.47998046875,129.7979736328125
221,1,830.192626953125,175.63096618652344,25.471923828125,80.71614074707031
222,4,756.0230102539062,206.0413818359375,82.3558349609375,128.9029541015625
222,1,832.6063842773438,174.611328125,22.91009521484375,81.0946044921875
222,2,839.914794921875,242.81861877441406,15.88006591796875,52.25416564941406
223,4,756.8701171875,205.477294921875,84.85369873046875,129.49423217773438
223,1,834.490478515625,174.42274475097656,21.271728515625,82.44612121582031
224,4,757.9769897460938,205.87954711914062,85.892578125,127.5556640625
224,1,835.7479248046875,173.16510009765625,19.887451171875,81.45097351074219
225,4,759.56640625,206.35105895996094,84.80377197265625,126.63594055175781
225,1,837.4544677734375,173.3343048095703,18.147705078125,81.57574462890625
226,4,761.4027099609375,207.0936279296875,81.81884765625,121.11434936523438
226,1,837.87939453125,173.61729431152344,17.75732421875,81.1224365234375
227,4,763.2681274414062,206.81321716308594,78.79608154296875,120.83863830566406
227,1,838.2179565429688,174.14161682128906,17.48248291015625,81.08662414550781
228,4,766.882080078125,207.13296508789062,75.27081298828125,119.31253051757812
228,1,838.5377197265625,175.51039123535156,17.36199951171875,79.95277404785156
229,4,769.5692749023438,206.60110473632812,67.49212646484375,118.79547119140625
229,1,839.19189453125,177.76022338867188,16.61376953125,77.68321228027344
230,4,774.592529296875,206.46189880371094,60.731201171875,117.89247131347656
230,1,839.0962524414062,186.57720947265625,16.60968017578125,68.20542907714844
231,4,780.1649169921875,205.17373657226562,51.16021728515625,125.10342407226562
231,1,839.7508544921875,188.06044006347656,15.91058349609375,67.70530700683594
232,4,787.0830688476562,203.24703979492188,42.2913818359375,126.32315063476562
232,1,840.133544921875,188.69216918945312,15.5106201171875,66.30947875976562
233,4,790.4331665039062,201.58303833007812,39.31976318359375,126.73348999023438
233,1,841.7929077148438,188.0561065673828,13.82708740234375,65.38992309570312
234,4,791.8931274414062,202.0901641845703,39.62213134765625,125.64924621582031
234,1,844.9567260742188,188.7143096923828,11.04327392578125,65.67575073242188
234,7,168.03387451171875,118.02674865722656,12.564544677734375,25.357528686523438
235,4,792.791259765625,203.02662658691406,39.4815673828125,122.82569885253906
236,4,792.9356689453125,203.9070281982422,42.99755859375,121.64976501464844
236,7,167.7310333251953,118.69001770019531,12.563888549804688,25.123504638671875
237,4,793.62548828125,203.2692413330078,46.3984375,122.11195373535156
238,4,793.8935546875,204.16648864746094,48.21923828125,121.72181701660156
239,4,794.5007934570312,204.18045043945312,46.5010986328125,120.96456909179688
240,4,795.1771240234375,204.25302124023438,46.7950439453125,120.049072265625
241,4,797.6198120117188,205.28817749023438,45.4300537109375,118.60269165039062
242,4,800.23046875,205.09872436523438,46.30572509765625,118.2933349609375
243,4,802.8653564453125,204.9171142578125,46.96893310546875,117.33572387695312
244,4,807.1074829101562,203.6027374267578,44.7109375,117.16404724121094
245,4,811.971923828125,202.57081604003906,41.85064697265625,117.50669860839844
246,4,816.1070556640625,202.0770721435547,38.98602294921875,117.94056701660156
247,4,818.9077758789062,202.58860778808594,35.69976806640625,117.54005432128906
248,4,820.683349609375,201.96315002441406,34.7490234375,118.13801574707031
249,4,821.9031372070312,202.88157653808594,33.28759765625,116.49540710449219
249,7,160.36524963378906,120.34954071044922,12.19256591796875,24.20269012451172
250,4,822.3001098632812,203.15943908691406,32.9901123046875,116.84205627441406
250,7,160.01905822753906,119.59576416015625,12.257919311523438,26.895111083984375
251,4,822.2996826171875,204.7449493408203,33.45550537109375,115.32521057128906
251,7,159.4728240966797,119.66136932373047,12.317337036132812,26.81031036376953
252,4,822.1658935546875,205.31149291992188,33.58917236328125,114.600830078125
252,7,159.59869384765625,119.58592224121094,12.172210693359375,27.30377197265625
253,7,159.07225036621094,119.39201354980469,11.9544677734375,27.15240478515625
253,4,823.6578369140625,205.48304748535156,32.05755615234375,114.90187072753906
254,4,826.3627319335938,208.9381866455078,29.3203125,108.90299987792969
254,7,158.21986389160156,119.41465759277344,11.744186401367188,26.889663696289062
255,7,158.0509796142578,119.07892608642578,11.176849365234375,27.97028350830078
255,4,828.0709228515625,217.75099182128906,27.42608642578125,93.19963073730469
256,7,157.48773193359375,119.33258819580078,11.53729248046875,27.083091735839844
256,4,831.9092407226562,219.71435546875,23.76251220703125,77.46072387695312
257,7,156.58750915527344,119.31852722167969,11.98040771484375,26.317092895507812
257,4,836.8919677734375,219.1822967529297,18.65576171875,85.83189392089844
258,4,839.019287109375,218.13156127929688,16.56622314453125,92.49835205078125
258,7,156.26194763183594,119.61931610107422,11.992385864257812,27.71949005126953
259,4,840.4900512695312,219.1538848876953,15.0821533203125,70.26768493652344
259,7,155.62522888183594,119.9885025024414,12.174423217773438,26.377830505371094
260,4,841.8278198242188,218.45318603515625,13.7528076171875,71.23175048828125
260,7,155.5105743408203,120.3855972290039,12.053421020507812,25.821617126464844
261,4,842.9603881835938,219.72434997558594,12.7025146484375,69.76264953613281
261,7,154.48023986816406,120.66163635253906,12.77783203125,25.355728149414062
262,4,844.0872802734375,219.81129455566406,11.66510009765625,69.92094421386719
262,7,153.55059814453125,120.13140106201172,13.649856567382812,25.66913604736328
263,7,153.3035125732422,120.09818267822266,13.367660522460938,26.04523468017578
264,7,152.59751892089844,119.93475341796875,13.973800659179688,25.890106201171875
265,7,152.8647003173828,120.65554809570312,13.563369750976562,24.840469360351562
266,7,152.56251525878906,119.8037109375,13.485824584960938,25.52691650390625
267,7,152.15025329589844,119.95222473144531,13.425918579101562,25.388076782226562
268,7,151.4191131591797,119.97483825683594,12.064208984375,25.46368408203125
269,7,151.22097778320312,119.94155883789062,11.832565307617188,26.684432983398438
270,7,150.6502685546875,120.1209487915039,11.438980102539062,26.88269805908203
271,7,150.128662109375,120.20974731445312,11.49578857421875,25.92547607421875
272,7,149.7144012451172,120.91824340820312,11.623443603515625,25.222640991210938
273,7,149.042724609375,121.66282653808594,11.815689086914062,23.997161865234375
274,7,148.3363494873047,121.5087661743164,11.809707641601562,24.17871856689453
281,7,144.12806701660156,121.07597351074219,11.308639526367188,26.39520263671875
283,7,143.3470458984375,121.07981872558594,11.49810791015625,28.487701416015625
284,7,142.60543823242188,121.4918441772461,11.5018310546875,25.266624450683594
286,7,140.15956115722656,120.99134826660156,12.450698852539062,23.48309326171875
287,7,139.64505004882812,121.5428237915039,12.6160888671875,23.036888122558594
335,7,105.24378204345703,127.32373809814453,11.878173828125,29.883995056152344
336,7,104.06116485595703,128.35939025878906,12.372940063476562,31.207870483398438
337,7,103.45047760009766,128.78904724121094,12.658409118652344,31.114334106445312
338,7,102.65308380126953,128.8726348876953,13.16046142578125,32.12818908691406
339,7,102.62981414794922,129.7832489013672,13.016670227050781,31.221893310546875
340,7,102.04877471923828,129.12164306640625,12.766067504882812,32.000518798828125
341,7,100.16082763671875,129.2498321533203,13.876792907714844,31.981826782226562
342,7,99.78690338134766,129.4867706298828,12.575981140136719,19.29339599609375
