17,1,836.6220703125,192.35064697265625,19.0118408203125,52.59765625
18,1,829.9246826171875,191.5416259765625,25.6732177734375,114.8763427734375
19,1,829.1058959960938,191.72903442382812,26.5999755859375,119.53289794921875
20,1,828.0223388671875,191.36111450195312,27.65435791015625,121.4554443359375
21,1,826.7703247070312,192.69189453125,28.99591064453125,120.70346069335938
22,1,825.9056396484375,193.22911071777344,29.8856201171875,120.84770202636719
23,1,825.0955810546875,193.16551208496094,30.63763427734375,123.16410827636719
24,1,824.0012817382812,193.63238525390625,31.731201171875,122.87319946289062
25,1,821.3921508789062,194.7218017578125,34.44537353515625,119.13357543945312
26,1,820.0714111328125,195.16348266601562,35.75592041015625,119.61483764648438
27,1,820.0408935546875,194.9634552001953,35.7552490234375,120.84501647949219
28,1,818.8814697265625,194.5415496826172,36.8831787109375,122.52110290527344
29,1,817.7579345703125,194.36318969726562,38.04071044921875,121.84317016601562
30,1,818.0277709960938,194.3417205810547,37.6021728515625,122.05793762207031
31,1,818.2577514648438,193.6850128173828,37.175537109375,123.38957214355469
32,1,817.9864501953125,192.83946228027344,37.2191162109375,123.84165954589844
33,1,812.4788818359375,192.16998291015625,42.46893310546875,125.93508911132812
34,1,808.4223022460938,193.1485595703125,46.3475341796875,124.06341552734375
35,1,803.555908203125,194.5834503173828,50.9757080078125,123.22825622558594
36,1,801.0916137695312,195.5334930419922,54.204345703125,124.06419372558594
37,1,800.4432983398438,196.37103271484375,54.98590087890625,124.05484008789062
38,1,800.8558349609375,196.45777893066406,53.81414794921875,124.49205017089844
39,1,800.9021606445312,196.52513122558594,53.04998779296875,124.84678649902344
40,1,801.4981689453125,196.7709503173828,51.0782470703125,124.89457702636719
41,1,801.9463500976562,196.81637573242188,48.69744873046875,124.76580810546875
42,1,802.7576904296875,195.80563354492188,45.39910888671875,125.4691162109375
43,1,800.993896484375,195.8908233642578,45.7052001953125,125.40345764160156
44,1,797.259033203125,195.23745727539062,48.95556640625,126.96478271484375
45,1,794.2577514648438,194.7043914794922,52.23223876953125,128.0828094482422
46,1,789.6988525390625,194.2749481201172,54.66705322265625,128.5340118408203
47,1,785.9591674804688,194.6993865966797,57.68572998046875,130.2224578857422
48,1,783.8096923828125,194.93746948242188,57.78839111328125,128.42037963867188
49,1,782.166259765625,195.72076416015625,58.4071044921875,130.35992431640625
50,1,780.4199829101562,195.77406311035156,58.93927001953125,132.12843322753906
51,1,779.3112182617188,196.47442626953125,59.041015625,131.329345703125
52,1,778.2490234375,197.2662811279297,60.99700927734375,131.1085662841797
53,1,776.81005859375,197.8572998046875,61.6881103515625,133.72256469726562
53,2,835.0360717773438,222.71115112304688,20.65582275390625,189.15744018554688
54,1,776.0441284179688,199.0389404296875,59.50042724609375,134.24850463867188
54,2,833.3427124023438,215.47930908203125,22.10662841796875,195.94467163085938
55,1,776.6039428710938,198.4739990234375,57.0570068359375,135.95541381835938
55,2,831.3792724609375,206.9912872314453,24.115478515625,127.92036437988281
56,1,776.8045043945312,199.13235473632812,55.47247314453125,135.07962036132812
56,2,830.5718994140625,208.36016845703125,25.15765380859375,111.85317993164062
57,1,775.593994140625,198.65017700195312,55.516357421875,135.186279296875
57,2,830.0204467773438,209.826171875,25.571533203125,119.92135620117188
58,1,775.6627807617188,198.57337951660156,54.60845947265625,135.44093322753906
58,2,829.09130859375,209.68173217773438,26.63616943359375,107.4583740234375
59,1,776.4208984375,198.1616973876953,53.23309326171875,135.7583770751953
59,2,819.1370849609375,212.786376953125,36.48394775390625,105.50143432617188
60,1,776.6071166992188,197.6849822998047,52.18505859375,135.99082946777344
60,2,817.3633422851562,212.839111328125,38.435302734375,126.44552612304688
61,1,776.0960083007812,197.17913818359375,52.2764892578125,136.15216064453125
61,2,816.2422485351562,212.1374969482422,39.60107421875,130.5173797607422
62,1,775.8905639648438,197.95346069335938,50.970947265625,135.68804931640625
62,2,818.762939453125,212.59791564941406,37.03369140625,131.67051696777344
63,1,770.971435546875,198.2029571533203,55.37872314453125,136.62196350097656
63,2,821.52978515625,212.83370971679688,34.3092041015625,130.9915771484375
64,1,763.4366455078125,198.7819061279297,62.2904052734375,136.5658416748047
64,2,821.299072265625,212.1744842529297,34.27496337890625,134.97361755371094
65,1,762.2355346679688,199.1171875,61.81561279296875,136.5836181640625
65,2,820.9544677734375,211.8187255859375,34.6536865234375,132.95367431640625
66,1,760.5986938476562,200.2480010986328,61.3509521484375,137.22145080566406
66,2,822.9120483398438,211.02659606933594,32.523681640625,133.85386657714844
67,1,759.6647338867188,200.6619873046875,59.81683349609375,138.7254638671875
67,2,821.8616333007812,211.1110076904297,33.4698486328125,134.4658966064453
68,1,759.8225708007812,201.34925842285156,58.05328369140625,138.4077911376953
68,2,818.7554321289062,209.99395751953125,36.8741455078125,136.78497314453125
69,1,759.5861206054688,201.42877197265625,56.27813720703125,139.1141357421875
69,2,814.5287475585938,212.2917938232422,41.25335693359375,135.5277862548828
70,1,759.8529663085938,200.4674835205078,55.0838623046875,139.7754364013672
70,2,812.3695068359375,213.32859802246094,43.25323486328125,136.9535369873047
71,1,759.795654296875,199.69796752929688,53.09100341796875,140.21005249023438
71,2,808.429931640625,213.3426971435547,46.92822265625,138.3425750732422
72,2,807.7185668945312,214.37046813964844,47.44122314453125,138.7036895751953
72,1,760.0084838867188,198.9081573486328,50.23773193359375,141.35655212402344
73,2,808.6810913085938,215.2484893798828,46.4114990234375,139.5465545654297
73,1,757.2606811523438,198.9769287109375,51.957763671875,141.7012939453125
74,1,751.6875610351562,198.8572998046875,55.18182373046875,140.902099609375
74,2,808.9261474609375,215.55909729003906,46.40399169921875,139.6023712158203
75,2,808.82861328125,215.5636444091797,45.93963623046875,139.3668975830078
75,1,748.4906005859375,198.53811645507812,57.757568359375,141.12469482421875
76,1,744.0864868164062,197.6725311279297,61.5008544921875,143.8898468017578
76,2,808.61572265625,216.0551300048828,45.72705078125,139.76475524902344
77,1,741.2151489257812,197.89747619628906,62.92535400390625,144.72230529785156
77,2,808.1124877929688,216.1621856689453,45.4405517578125,139.42921447753906
78,1,739.1160888671875,197.93804931640625,63.84783935546875,147.24514770507812
78,2,806.2874755859375,214.81195068359375,45.326904296875,139.38980102539062
79,1,737.337646484375,198.1241455078125,64.066650390625,151.904296875
79,2,804.0757446289062,214.8174285888672,46.987060546875,140.77247619628906
80,1,735.72216796875,198.53936767578125,63.399169921875,152.62551879882812
80,2,798.80322265625,213.6787872314453,50.798583984375,141.6117401123047
81,2,797.1237182617188,214.20655822753906,51.6641845703125,142.9756317138672
81,1,734.1411743164062,199.6206817626953,64.7347412109375,154.66099548339844
82,2,794.5023803710938,214.4619598388672,53.51898193359375,143.76344299316406
82,1,732.1890258789062,201.05899047851562,64.4144287109375,153.17666625976562
83,2,793.2308349609375,215.2613525390625,52.8492431640625,143.62954711914062
83,1,730.989990234375,201.89683532714844,63.185791015625,154.0559844970703
84,1,728.7775268554688,201.7029571533203,64.54339599609375,154.81407165527344
84,2,792.0242309570312,216.4545440673828,53.00726318359375,147.00230407714844
85,1,729.191162109375,202.539794921875,62.58709716796875,153.84585571289062
85,2,791.3090209960938,217.3734588623047,52.7713623046875,147.15745544433594
86,1,729.1838989257812,201.97361755371094,61.14593505859375,154.2652130126953
86,2,791.883544921875,218.7489776611328,51.6678466796875,148.32569885253906
87,1,729.4896240234375,202.0420684814453,60.204833984375,154.68641662597656
87,2,792.354736328125,219.4806365966797,50.52703857421875,149.1013641357422
88,1,729.5460815429688,202.15968322753906,58.4359130859375,153.01170349121094
88,2,792.4063720703125,219.83412170410156,49.95574951171875,151.59898376464844
89,1,729.0368041992188,201.67092895507812,57.55169677734375,153.2301025390625
89,2,791.3604736328125,220.07785034179688,50.24029541015625,151.15972900390625
90,2,790.2100830078125,220.39743041992188,51.08819580078125,151.49261474609375
90,1,729.08056640625,201.10719299316406,56.1727294921875,154.3747100830078
91,2,789.51611328125,219.74075317382812,50.74609375,151.875244140625
91,1,729.198974609375,200.465576171875,54.534912109375,154.50192260742188
92,1,725.3035278320312,201.56773376464844,57.17010498046875,153.9902801513672
92,2,789.2440795898438,219.2069549560547,50.37762451171875,151.23011779785156
93,2,789.4710083007812,219.232421875,50.23724365234375,151.85324096679688
93,1,718.1622314453125,201.89186096191406,63.0469970703125,155.0359344482422
94,2,789.8715209960938,219.35337829589844,49.445068359375,151.41554260253906
94,1,710.925048828125,203.49981689453125,67.9847412109375,155.77505493164062
95,2,789.0928344726562,220.0137176513672,49.34136962890625,151.6826629638672
95,1,707.1519775390625,205.23910522460938,68.75262451171875,155.13137817382812
96,2,784.0857543945312,220.64271545410156,52.93853759765625,153.60719299316406
96,1,702.9804077148438,207.19932556152344,70.78643798828125,155.1103057861328
97,2,781.30419921875,221.78370666503906,53.76043701171875,156.93504333496094
97,1,702.5973510742188,209.1625213623047,69.8099365234375,154.19969177246094
98,2,779.1041870117188,224.8001251220703,54.552734375,155.2735137939453
98,1,701.796630859375,210.6692657470703,68.63092041015625,154.4325714111328
99,2,779.3499755859375,225.85678100585938,52.98016357421875,158.61087036132812
99,1,701.0603637695312,209.5189666748047,65.9404296875,156.16224670410156
100,2,778.50048828125,226.16519165039062,51.70013427734375,158.51449584960938
100,1,701.0032958984375,209.18031311035156,62.6383056640625,156.49107360839844
100,3,704.8218994140625,202.20913696289062,13.82562255859375,33.60520935058594
101,1,701.2548828125,207.87583923339844,59.7593994140625,157.2425079345703
101,2,778.9815063476562,226.54586791992188,50.01531982421875,158.63970947265625
101,3,705.275634765625,202.62326049804688,13.042236328125,31.69049072265625
102,2,778.73974609375,227.0330047607422,49.36993408203125,157.5017547607422
102,1,701.2766723632812,206.63833618164062,58.03546142578125,158.44879150390625
102,3,705.128662109375,202.7034149169922,12.78460693359375,31.6474609375
103,1,699.0502319335938,205.96725463867188,57.62860107421875,158.9395751953125
103,2,775.6314697265625,227.33468627929688,51.52099609375,158.39691162109375
103,3,704.9931640625,201.50656127929688,12.04498291015625,31.665176391601562
104,2,770.578857421875,227.30703735351562,55.61334228515625,158.94393920898438
104,1,693.322998046875,205.6129608154297,60.6116943359375,159.86866760253906
105,2,768.1600952148438,226.2713623046875,57.15380859375,159.42202758789062
105,1,689.630859375,204.17556762695312,62.96258544921875,161.9918212890625
106,2,763.618408203125,225.1820831298828,60.51910400390625,160.66383361816406
106,1,685.18212890625,203.40554809570312,66.20233154296875,164.05712890625
107,2,762.1119995117188,225.50828552246094,60.1168212890625,159.7834930419922
107,1,680.1747436523438,204.27015686035156,70.5760498046875,163.3196563720703
108,2,763.4340209960938,225.70718383789062,57.5771484375,161.65603637695312
108,1,676.9061279296875,203.8851318359375,72.86553955078125,170.80056762695312
109,2,764.2813720703125,226.30001831054688,55.38232421875,165.35641479492188
109,1,673.6139526367188,204.23236083984375,74.70660400390625,172.92935180664062
110,1,670.8262329101562,204.8528289794922,73.87322998046875,174.33946228027344
110,2,765.2744140625,227.56414794921875,53.1453857421875,166.35220336914062
111,1,668.6912841796875,206.9884490966797,73.2677001953125,172.16294860839844
111,2,766.1882934570312,228.8843994140625,50.660400390625,168.86480712890625
112,1,667.1930541992188,212.781982421875,72.88885498046875,168.21820068359375
112,2,765.615966796875,229.80911254882812,49.97955322265625,171.15069580078125
113,1,665.8076782226562,213.0001220703125,72.65850830078125,169.0897216796875
113,2,764.0416259765625,230.52017211914062,49.759033203125,171.55258178710938
114,1,663.9254150390625,212.24632263183594,73.584228515625,170.04176330566406
114,2,762.2971801757812,231.23854064941406,50.73779296875,171.5244903564453
114,3,706.5062866210938,202.54922485351562,11.90765380859375,24.194671630859375
115,1,663.4347534179688,209.6613006591797,72.6187744140625,172.80189514160156
115,2,760.7208862304688,231.3140106201172,51.60986328125,171.9176483154297
116,1,663.4424438476562,212.61712646484375,69.70343017578125,169.761474609375
116,2,759.4391479492188,231.03219604492188,51.9127197265625,171.62042236328125
117,2,756.6525268554688,230.8154754638672,53.94329833984375,171.4108123779297
117,1,664.2359619140625,213.9817352294922,66.87176513671875,167.9224090576172
118,1,666.0743408203125,212.99240112304688,63.63287353515625,168.923583984375
118,2,754.1154174804688,230.76600646972656,55.4664306640625,171.6584014892578
119,2,752.1940307617188,230.9375,56.1011962890625,170.81838989257812
119,1,665.2276611328125,211.65899658203125,63.09698486328125,169.90975952148438
120,1,663.8867797851562,203.3796844482422,61.44854736328125,178.53578186035156
120,2,751.9154052734375,232.12110900878906,54.81219482421875,169.4113006591797
121,2,750.2900390625,232.36306762695312,55.16143798828125,171.01116943359375
121,1,659.7949829101562,206.20956420898438,61.76568603515625,175.89529418945312
122,2,747.6910400390625,232.7864227294922,56.6807861328125,171.90940856933594
122,1,653.0459594726562,214.67660522460938,67.1815185546875,168.18801879882812
123,2,741.1974487304688,234.4173583984375,61.49755859375,174.75155639648438
123,1,645.087890625,216.28598022460938,72.2249755859375,169.66415405273438
124,2,736.3323974609375,235.91983032226562,64.24017333984375,176.04541015625
124,1,636.9707641601562,216.68223571777344,78.53497314453125,172.04759216308594
125,2,733.0347290039062,237.46969604492188,65.27215576171875,178.07098388671875
125,1,632.77294921875,217.73422241210938,79.94610595703125,171.70263671875
126,2,731.8897705078125,238.42694091796875,64.55938720703125,178.49462890625
126,1,631.12353515625,218.87808227539062,78.4095458984375,171.98831176757812
127,2,731.8265380859375,239.30690002441406,64.00897216796875,178.6815643310547
127,1,632.0377807617188,220.19264221191406,75.07666015625,172.7674102783203
128,2,732.0759887695312,239.52281188964844,61.4490966796875,179.48130798339844
128,1,631.6411743164062,220.41055297851562,71.7840576171875,173.63409423828125
129,2,731.9480590820312,240.41629028320312,59.47906494140625,177.94232177734375
129,1,631.5515747070312,219.9339141845703,69.50836181640625,174.09657287597656
130,1,631.7083740234375,220.05239868164062,65.88397216796875,174.0914306640625
130,2,732.2177734375,239.2158660888672,57.1446533203125,178.96351623535156
131,1,631.7478637695312,219.690673828125,63.42425537109375,174.40585327148438
131,2,730.1842041015625,239.4960479736328,57.810791015625,178.24424743652344
132,2,724.6129760742188,238.816162109375,60.96728515625,180.31094360351562
132,1,631.1917724609375,218.85220336914062,63.1229248046875,175.146484375
133,1,625.1743774414062,217.86720275878906,67.11669921875,176.2050323486328
133,2,718.35888671875,238.36172485351562,65.681640625,180.4036865234375
134,1,619.4590454101562,217.09158325195312,70.71734619140625,176.76995849609375
134,2,710.8864135742188,238.95156860351562,71.337646484375,179.43093872070312
135,2,709.7161865234375,239.38113403320312,70.747802734375,183.1702880859375
135,1,612.9906616210938,217.1619415283203,76.81781005859375,177.8370819091797
136,1,608.735107421875,217.28250122070312,79.85101318359375,177.908447265625
136,2,706.5532836914062,239.28834533691406,72.16314697265625,188.27027893066406
137,1,604.2546997070312,217.68414306640625,83.15985107421875,180.1451416015625
137,2,704.1057739257812,240.43785095214844,72.02880859375,189.4099884033203
138,1,600.2547607421875,218.4840087890625,84.68438720703125,191.92477416992188
138,2,702.385009765625,242.4946746826172,70.8302001953125,190.89659118652344
139,1,595.7083740234375,219.7495574951172,87.6363525390625,191.65098571777344
139,2,700.3799438476562,243.31036376953125,69.3863525390625,191.66738891601562
140,1,592.7824096679688,221.64849853515625,86.904052734375,189.19912719726562
140,2,696.92138671875,244.71051025390625,70.38641357421875,193.38909912109375
141,1,590.72998046875,223.55984497070312,85.8790283203125,191.66412353515625
141,2,694.6519775390625,245.13027954101562,70.50543212890625,195.38766479492188
142,1,589.2775268554688,224.9822540283203,86.1861572265625,193.4965057373047
142,2,693.0662231445312,245.56021118164062,69.789794921875,195.46066284179688
143,1,588.8839721679688,225.4788055419922,84.2840576171875,192.93226623535156
143,2,691.3477172851562,245.88328552246094,68.43011474609375,194.90943908691406
144,1,587.546875,225.7864532470703,84.35760498046875,192.4374237060547
144,2,689.5134887695312,245.69351196289062,67.82000732421875,195.00408935546875
145,1,589.9609375,226.6272430419922,79.87548828125,191.06455993652344
145,2,689.3812255859375,244.8644561767578,65.67401123046875,196.42381286621094
146,1,590.8740844726562,226.2726287841797,76.22265625,191.56153869628906
146,2,689.6471557617188,243.91961669921875,63.21240234375,197.12200927734375
147,1,592.5751953125,225.74032592773438,73.07220458984375,192.03134155273438
147,2,689.8487548828125,244.3885955810547,61.27520751953125,195.4707794189453
148,2,686.8414306640625,244.0064239501953,61.70391845703125,196.68409729003906
148,1,593.8829956054688,225.62318420410156,69.97662353515625,191.8472137451172
149,2,675.13916015625,245.72238159179688,70.4930419921875,196.58294677734375
149,1,592.673095703125,225.77435302734375,69.66650390625,192.04031372070312
150,1,588.6934204101562,227.11631774902344,69.9515380859375,190.8253936767578
150,2,665.7488403320312,247.8652801513672,77.7291259765625,198.2974395751953
151,1,585.0061645507812,228.17286682128906,70.06036376953125,189.7801971435547
151,2,656.8858032226562,249.1667022705078,82.32281494140625,198.8679962158203
152,1,576.1444702148438,227.8153076171875,77.3636474609375,193.92507934570312
152,2,651.4502563476562,250.45401000976562,84.0185546875,200.47128295898438
153,1,566.03955078125,229.19442749023438,83.50665283203125,197.02587890625
153,2,649.8240356445312,251.50059509277344,82.27880859375,202.6220245361328
154,2,649.5128173828125,251.71353149414062,79.152587890625,203.68157958984375
154,1,558.7398071289062,231.45315551757812,88.07159423828125,196.128662109375
155,2,649.1341552734375,251.724853515625,74.166748046875,204.552734375
155,1,554.2830810546875,232.2801055908203,89.95697021484375,197.98683166503906
156,2,648.7885131835938,251.95562744140625,69.92333984375,204.88577270507812
156,1,552.8543090820312,234.0576171875,85.95440673828125,199.248291015625
157,2,649.3695068359375,251.31883239746094,66.27435302734375,205.5303497314453
157,1,549.9400024414062,234.93580627441406,84.78680419921875,201.06056213378906
158,2,647.6368408203125,251.2076873779297,64.19525146484375,205.7460174560547
158,1,549.9090576171875,235.2965087890625,81.69476318359375,201.87490844726562
159,2,642.369384765625,250.07528686523438,66.8310546875,206.62704467773438
159,1,549.56103515625,234.47689819335938,78.577392578125,203.01123046875
160,2,631.9317626953125,249.42703247070312,72.6748046875,207.3433837890625
160,1,548.8693237304688,233.49441528320312,76.44256591796875,203.9229736328125
161,1,548.826904296875,232.9821014404297,72.906494140625,204.08131408691406
161,2,624.9456787109375,248.87469482421875,76.802001953125,208.510986328125
162,1,548.2086181640625,233.67025756835938,69.79998779296875,203.63479614257812
162,2,619.6184692382812,248.98403930664062,78.71697998046875,211.7567138671875
163,1,543.4794311523438,233.63430786132812,72.215087890625,204.10101318359375
163,2,614.46240234375,250.4224395751953,80.8341064453125,214.0364227294922
164,2,606.767333984375,251.5778350830078,84.98828125,217.1029510498047
164,1,535.8819580078125,233.02633666992188,77.9234619140625,204.88076782226562
165,2,601.3788452148438,252.9747314453125,86.034423828125,217.36807250976562
165,1,528.1215209960938,233.0146484375,83.41448974609375,204.85092163085938
166,1,519.1984252929688,233.0921630859375,87.7181396484375,212.19845581054688
166,2,598.5554809570312,254.83343505859375,84.43804931640625,216.914794921875
167,1,513.7052001953125,233.46060180664062,91.7249755859375,218.2349853515625
167,2,593.80908203125,256.0,86.0504150390625,218.9998779296875
168,1,507.4319763183594,234.60720825195312,97.75088500976562,222.52923583984375
168,2,589.7822265625,257.0503234863281,84.890380859375,219.36993408203125
169,1,501.9580078125,236.35861206054688,98.7864990234375,222.97647094726562
169,2,587.7416381835938,258.12188720703125,82.39862060546875,218.14370727539062
170,1,497.3669738769531,239.4768524169922,100.48989868164062,219.03016662597656
170,2,586.5775756835938,259.15338134765625,78.9365234375,216.72659301757812
171,1,491.2853088378906,240.03550720214844,100.64346313476562,222.1345672607422
171,2,585.5349731445312,258.31219482421875,76.19000244140625,218.3353271484375
172,1,488.7428894042969,241.6527557373047,96.36996459960938,225.28025817871094
172,2,585.159423828125,257.1918029785156,73.09014892578125,219.63113403320312
173,1,488.8141174316406,242.34315490722656,94.92367553710938,225.1608428955078
173,2,585.805419921875,256.7073974609375,69.30389404296875,220.39697265625
174,1,487.6981506347656,243.64825439453125,94.52706909179688,224.14627075195312
174,2,586.4105224609375,256.8343811035156,65.255859375,219.99737548828125
175,1,487.9643859863281,244.66868591308594,90.59915161132812,223.9101104736328
175,2,580.3485717773438,257.754150390625,67.94012451171875,218.73263549804688
176,1,489.2632751464844,243.83724975585938,84.97128295898438,224.97775268554688
176,2,566.5157470703125,258.530029296875,78.17724609375,217.53411865234375
177,1,491.38690185546875,243.19186401367188,77.1737060546875,225.1494140625
177,2,553.89208984375,260.360595703125,86.493896484375,216.67355346679688
178,1,490.9458923339844,243.1481475830078,70.02243041992188,224.81187438964844
178,2,539.4700317382812,262.6648254394531,96.98492431640625,214.47036743164062
179,1,484.5571594238281,243.5850067138672,75.63571166992188,224.4447479248047
179,2,539.7699584960938,264.45599365234375,92.69775390625,212.4671630859375
180,1,477.17449951171875,242.8654327392578,79.352783203125,225.62818908691406
180,2,541.043701171875,265.56243896484375,88.0472412109375,211.9788818359375
181,1,472.5465087890625,243.0693359375,78.10211181640625,225.34786987304688
181,2,540.908935546875,266.5356750488281,84.14984130859375,211.60598754882812
182,1,461.1073913574219,244.09585571289062,84.72726440429688,226.04714965820312
182,2,539.452392578125,267.0661315917969,80.48126220703125,210.94296264648438
183,1,446.4998474121094,246.25108337402344,96.18911743164062,227.67967224121094
183,2,537.6485595703125,267.8661804199219,74.9718017578125,210.39364624023438
184,1,431.7474670410156,248.30435180664062,107.64016723632812,227.41094970703125
184,2,535.4130859375,266.990234375,67.9552001953125,210.94619750976562
185,1,424.6387023925781,249.95010375976562,111.80911254882812,226.2216796875
185,2,531.7379150390625,266.56109619140625,66.2489013671875,211.14215087890625
186,1,423.1086120605469,251.96153259277344,110.07858276367188,225.33970642089844
186,2,528.5694580078125,265.2671813964844,65.162109375,209.02914428710938
187,1,425.0645751953125,253.0250701904297,105.75494384765625,224.7450714111328
187,2,524.3468017578125,265.00091552734375,65.46435546875,209.10675048828125
188,1,431.4364013671875,253.3389129638672,97.324462890625,223.39549255371094
188,2,522.9428100585938,265.104736328125,61.074951171875,208.05148315429688
189,1,429.64263916015625,253.72390747070312,94.23291015625,223.58065795898438
189,2,497.76416015625,264.8932189941406,82.53668212890625,207.723876953125
190,2,488.1445617675781,267.2011413574219,87.37490844726562,209.41976928710938
190,1,424.8314208984375,253.43161010742188,89.5252685546875,223.60137939453125
191,1,419.555908203125,252.5639190673828,87.09393310546875,224.86378479003906
191,2,485.260986328125,267.9148864746094,85.31610107421875,210.33773803710938
192,1,413.8011779785156,251.86256408691406,84.3870849609375,225.7321014404297
192,2,478.0136413574219,270.68463134765625,86.01126098632812,207.31747436523438
193,1,407.3337097167969,250.81517028808594,82.18972778320312,226.23741149902344
193,2,474.1480407714844,271.68206787109375,84.76248168945312,206.6298828125
194,1,395.5669250488281,250.6312255859375,87.93734741210938,226.692138671875
194,2,470.9053039550781,273.2256164550781,81.50259399414062,205.16616821289062
195,1,383.0230712890625,249.9781951904297,99.0904541015625,227.26731872558594
195,2,466.9533996582031,274.3589782714844,79.81906127929688,204.52102661132812
196,1,373.1235046386719,250.72035217285156,107.84967041015625,226.3887176513672
196,2,464.2970275878906,275.52294921875,76.44992065429688,202.5706787109375
197,1,363.2030334472656,252.44497680664062,105.27581787109375,224.94720458984375
197,2,459.8676452636719,276.5250549316406,75.58950805664062,201.725341796875
198,1,353.61737060546875,253.9665069580078,111.81564331054688,223.2804412841797
198,2,457.65985107421875,275.8538513183594,72.4716796875,202.1295166015625
199,1,345.0180969238281,256.5160217285156,116.31423950195312,220.64358520507812
199,2,456.29791259765625,274.8677673339844,70.05322265625,203.07186889648438
200,1,339.1943359375,259.85931396484375,120.27008056640625,217.34759521484375
200,2,455.0665588378906,274.8531188964844,66.53347778320312,201.52191162109375
201,1,332.9878234863281,262.1627197265625,122.81314086914062,215.04861450195312
201,2,447.9768981933594,275.3041687011719,70.23330688476562,201.592529296875
202,1,329.02960205078125,264.1068115234375,117.98849487304688,212.66854858398438
202,2,439.194091796875,275.72637939453125,74.767578125,202.11215209960938
203,1,326.23956298828125,265.9466247558594,113.59207153320312,210.88821411132812
203,2,427.3550720214844,277.69891357421875,81.33084106445312,199.84237670898438
204,1,325.4391784667969,266.48468017578125,106.8482666015625,210.46533203125
204,2,423.96258544921875,280.5413818359375,80.57852172851562,197.17733764648438
205,1,327.0226745605469,267.5995788574219,98.779541015625,209.61660766601562
205,2,418.63470458984375,282.3861999511719,83.1578369140625,195.9810791015625
206,1,327.8193664550781,267.3544921875,91.86276245117188,210.492431640625
206,2,414.1337585449219,284.29833984375,83.96463012695312,193.70578002929688
207,1,327.35003662109375,265.8251647949219,83.30215454101562,211.70272827148438
207,2,409.5727233886719,285.8626403808594,83.6573486328125,192.17550659179688
208,1,320.6046142578125,265.60394287109375,80.71493530273438,211.71084594726562
208,2,406.9404602050781,286.9118957519531,79.68328857421875,192.07534790039062
209,1,312.6108703613281,266.0308837890625,79.88064575195312,211.35888671875
209,2,402.4374084472656,288.0862731933594,75.34539794921875,189.66192626953125
210,1,304.7314758300781,266.2729797363281,86.4329833984375,211.58731079101562
210,2,395.34234619140625,288.07183837890625,73.91189575195312,190.10101318359375
211,1,298.73577880859375,267.3513488769531,84.76803588867188,210.06033325195312
211,2,390.2694396972656,288.6784362792969,68.90811157226562,189.88385009765625
212,1,291.3581848144531,269.23211669921875,89.00457763671875,207.93148803710938
212,2,386.98162841796875,288.8440246582031,66.07562255859375,189.49560546875
213,1,283.1593322753906,270.65643310546875,96.7210693359375,206.44775390625
213,2,378.5317077636719,288.6366271972656,69.01718139648438,189.13226318359375
214,1,276.4778747558594,273.46612548828125,100.88229370117188,204.17489624023438
214,2,368.3676452636719,288.0162353515625,74.50283813476562,190.45565795898438
215,2,360.1109924316406,288.9075012207031,77.43527221679688,189.17587280273438
215,1,267.2015686035156,275.86846923828125,105.17364501953125,201.22149658203125
216,1,259.6818542480469,277.82867431640625,109.34503173828125,199.46856689453125
216,2,349.3834228515625,289.904296875,83.56460571289062,188.67779541015625
217,2,341.2370300292969,291.6838073730469,85.68264770507812,186.40603637695312
217,1,251.60792541503906,278.88763427734375,112.37779235839844,198.86489868164062
218,2,330.6123962402344,295.42071533203125,91.56640625,182.76727294921875
218,1,243.70162963867188,278.4288024902344,110.57131958007812,199.13470458984375
219,1,236.14952087402344,278.3988342285156,98.77998352050781,199.18313598632812
219,2,319.04278564453125,298.4933166503906,98.91656494140625,179.99017333984375
220,1,227.83326721191406,277.74755859375,90.37550354003906,199.12661743164062
220,2,313.3319091796875,302.0234680175781,99.44580078125,176.1605224609375
221,1,221.6906280517578,277.002197265625,87.54847717285156,200.8143310546875
221,2,307.0609130859375,303.9215393066406,97.77703857421875,174.101318359375
222,1,214.64825439453125,276.6640319824219,87.64764404296875,201.0400390625
222,2,303.8745422363281,305.9668273925781,93.71957397460938,172.09805297851562
223,1,208.3852996826172,276.3500671386719,88.28364562988281,201.21871948242188
223,2,301.01812744140625,307.8136901855469,89.38302612304688,170.32977294921875
224,1,197.315673828125,276.34228515625,92.58163452148438,201.30941772460938
224,2,299.2303771972656,308.4682312011719,83.081787109375,169.9173583984375
225,1,182.9404296875,277.01483154296875,101.11630249023438,200.48150634765625
225,2,299.47869873046875,308.6308898925781,75.6285400390625,169.67666625976562
226,1,170.04666137695312,277.6204833984375,106.99395751953125,199.78500366210938
226,2,296.5080261230469,307.86114501953125,71.88211059570312,170.33346557617188
227,1,157.96560668945312,278.52606201171875,116.1312255859375,199.18914794921875
227,2,290.40155029296875,307.685302734375,71.85702514648438,170.85543823242188
228,1,146.9091033935547,280.7391357421875,122.59809875488281,197.01318359375
228,2,282.126220703125,308.914306640625,74.97927856445312,169.59716796875
229,1,136.2894287109375,283.82861328125,125.99337768554688,193.5833740234375
229,2,274.73828125,310.6025695800781,77.0943603515625,167.54495239257812
230,1,126.827880859375,285.2265625,128.86361694335938,192.1591796875
230,2,267.34735107421875,312.9695129394531,78.7921142578125,165.63360595703125
231,1,120.10071563720703,288.64971923828125,130.0950698852539,188.23446655273438
231,2,260.84820556640625,315.906982421875,79.53924560546875,162.49563598632812
232,1,116.84918975830078,290.3727722167969,125.6793441772461,186.48651123046875
232,2,251.30624389648438,319.4410400390625,83.53445434570312,158.57302856445312
233,1,115.6583251953125,291.5513916015625,115.95466613769531,186.06588745117188
233,2,242.42588806152344,323.0797424316406,83.33439636230469,155.09637451171875
234,1,116.8171615600586,293.11285400390625,108.00191497802734,184.43386840820312
234,2,233.16744995117188,325.18914794921875,85.87429809570312,153.06463623046875
235,1,119.20343017578125,293.5497131347656,93.30424499511719,183.078125
235,2,224.57899475097656,326.25091552734375,84.92909240722656,151.7015380859375
236,1,111.03820037841797,293.5801696777344,95.29373931884766,184.2501220703125
236,2,216.7378692626953,327.74896240234375,86.23765563964844,151.00909423828125
237,1,103.05675506591797,292.3364562988281,91.51398468017578,184.75399780273438
237,2,205.18862915039062,329.0075988769531,91.80288696289062,148.88946533203125
238,1,97.35139465332031,291.7462463378906,93.75654602050781,185.75912475585938
238,2,196.62071228027344,329.3786926269531,91.63063049316406,148.70611572265625
239,1,87.43856048583984,290.93328857421875,94.2467269897461,187.01327514648438
239,2,187.32760620117188,328.3436279296875,92.35543823242188,149.71688842773438
240,1,78.98957061767578,291.587890625,96.3981704711914,185.85238647460938
240,2,169.64413452148438,328.1480712890625,106.22808837890625,149.57803344726562
241,1,71.92721557617188,293.7306213378906,97.51918029785156,184.42178344726562
241,2,163.75453186035156,328.2581481933594,103.01936340332031,150.09249877929688
242,1,61.26140213012695,294.5547180175781,100.00651168823242,183.97836303710938
242,2,151.32334899902344,329.5259704589844,105.32548522949219,147.74493408203125
243,1,54.543113708496094,297.5865478515625,94.4059829711914,179.98028564453125
243,2,139.16078186035156,332.25311279296875,99.91731262207031,145.7685546875
244,1,44.65760040283203,300.46875,91.0178451538086,177.98733520507812
244,2,127.2226333618164,335.3473815917969,98.01563262939453,142.07745361328125
245,1,34.549068450927734,302.53460693359375,93.1191291809082,175.60714721679688
245,2,117.0755844116211,339.43890380859375,95.50423431396484,138.56857299804688
246,1,24.525711059570312,304.8853454589844,93.60714721679688,172.70870971679688
246,2,110.06428527832031,343.7109375,91.23690795898438,133.76617431640625
247,1,15.115387916564941,305.2588195800781,91.74941921234131,172.31646728515625
247,2,102.4073715209961,347.1147155761719,88.44416046142578,130.99261474609375
248,1,3.8457822799682617,305.3200988769531,91.67273426055908,172.24111938476562
248,2,97.16950988769531,349.0,83.68373107910156,128.85800170898438
249,1,0.4644979238510132,305.5888671875,82.7889734506607,171.8746337890625
249,2,92.25582885742188,351.4176330566406,78.08380126953125,126.83929443359375
250,1,0.0,305.5982360839844,75.78034973144531,171.46343994140625
250,2,86.6187973022461,353.01324462890625,73.9914321899414,124.96612548828125
251,1,0.2846902012825012,304.9369201660156,69.91488713026047,173.03964233398438
251,2,76.67638397216797,353.82366943359375,75.72171783447266,124.11331176757812
252,1,0.0682184025645256,305.12677001953125,64.15159971266985,172.96493530273438
252,2,66.93030548095703,353.63616943359375,77.47917938232422,124.33941650390625
253,1,0.47722524404525757,311.0223693847656,51.35270029306412,166.924072265625
253,2,56.063716888427734,353.39581298828125,79.44594192504883,124.26361083984375
254,2,47.610164642333984,354.1374816894531,78.85174942016602,123.90921020507812
254,1,0.2322872281074524,324.06488037109375,41.866872012615204,153.68356323242188
255,1,0.0,337.5265197753906,39.98799514770508,141.687255859375
255,2,38.5360107421875,356.4295349121094,81.32720947265625,121.8009033203125
256,1,0.0,347.2059020996094,29.980575561523438,131.86822509765625
256,2,28.12824821472168,359.2061767578125,84.73139381408691,119.07342529296875
257,2,16.422718048095703,362.8133850097656,86.1737174987793,115.92813110351562
257,1,0.25552627444267273,358.2994384765625,22.888194352388382,119.02847290039062
258,1,0.2402248978614807,369.4621887207031,15.411822259426117,107.66525268554688
258,2,2.9372153282165527,367.5163879394531,89.11920404434204,110.96786499023438
259,2,0.0,371.56689453125,79.30958557128906,107.63211059570312
260,2,0.0,374.8296203613281,66.58477020263672,104.33294677734375
261,2,0.16065675020217896,377.2669982910156,54.04123228788376,101.62509155273438
262,2,0.0886104553937912,385.26409912109375,40.142480090260506,93.3944091796875
263,2,0.08365115523338318,393.519775390625,27.14875927567482,85.52792358398438
