6,1,0.11326535791158676,340.064208984375,32.444996513426304,139.13626098632812
7,1,0.024204637855291367,338.3960876464844,45.97942313924432,140.19482421875
8,1,0.0,339.3092041015625,56.03380584716797,138.52923583984375
9,1,0.07670584321022034,339.3426208496094,67.90213021636009,138.80880737304688
10,1,3.318912982940674,338.5679016113281,75.69245481491089,139.11972045898438
11,2,0.0,323.92913818359375,27.87352180480957,153.28744506835938
11,1,20.864917755126953,336.7365417480469,72.05215072631836,140.18478393554688
12,2,0.03788352385163307,323.1182861328125,42.407901998609304,155.22503662109375
12,1,36.544166564941406,333.93328857421875,70.96920776367188,144.15231323242188
13,2,0.0,325.3163146972656,55.31923294067383,153.14492797851562
13,1,33.62113571166992,328.87127685546875,90.60612106323242,150.0428466796875
14,2,0.0,326.09344482421875,67.37274169921875,152.79495239257812
14,1,55.25910186767578,326.14178466796875,90.66535186767578,151.78909301757812
15,2,0.20538736879825592,326.6836242675781,78.97473500669003,151.85247802734375
15,1,63.617557525634766,319.9403991699219,90.67539596557617,157.95114135742188
16,2,5.396503925323486,325.89361572265625,80.59997129440308,152.33523559570312
16,1,75.01756286621094,316.2640686035156,92.7734375,160.97259521484375
17,2,19.082338333129883,323.7657775878906,70.55345726013184,154.05441284179688
17,1,94.14410400390625,315.6070861816406,83.05332946777344,161.49832153320312
18,2,34.253047943115234,324.94573974609375,63.87968826293945,153.30303955078125
18,1,108.79139709472656,314.1789855957031,83.1737060546875,163.4779052734375
19,2,44.60859680175781,315.18304443359375,68.0977783203125,163.286376953125
19,1,120.61241149902344,310.9263916015625,84.53799438476562,166.25247192382812
20,2,54.36013412475586,315.31011962890625,63.66842269897461,162.83853149414062
20,1,133.83505249023438,314.0699157714844,91.17776489257812,163.7421875
21,2,62.26560974121094,311.79095458984375,62.805442810058594,165.15457153320312
21,1,143.7255859375,314.544677734375,99.44914245605469,163.57879638671875
22,1,161.1881103515625,316.67913818359375,101.00897216796875,160.07315063476562
22,2,72.39112854003906,311.10968017578125,69.56776428222656,166.95687866210938
23,2,83.54444122314453,306.56201171875,72.11615753173828,170.40744018554688
23,1,175.7133026123047,318.0422058105469,99.63578796386719,158.94241333007812
24,2,92.00570678710938,306.7978210449219,81.97332763671875,171.07919311523438
24,1,188.32415771484375,317.7691650390625,97.24200439453125,158.89059448242188
25,2,101.99060821533203,305.88482666015625,91.14937591552734,171.57855224609375
25,1,202.8271026611328,317.57440185546875,88.86253356933594,159.58242797851562
26,2,111.66205596923828,306.8265686035156,99.63471221923828,171.28619384765625
26,1,213.9202423095703,314.9543762207031,87.86018371582031,162.93026733398438
27,2,80.2193374633789,304.6636657714844,144.78107452392578,172.93807983398438
27,1,223.17506408691406,311.30401611328125,91.43830871582031,166.0684814453125
28,2,85.11075592041016,305.793212890625,150.89659881591797,171.06817626953125
28,1,236.3789520263672,306.76568603515625,90.17457580566406,170.83511352539062
29,2,96.87481689453125,303.1995849609375,148.36962890625,173.98388671875
29,1,244.95668029785156,301.40594482421875,92.45423889160156,175.834228515625
30,2,114.92259979248047,303.1972961425781,138.54480743408203,174.09860229492188
30,1,260.3529968261719,296.5823059082031,85.71298217773438,181.5811767578125
31,2,170.1558837890625,300.3670959472656,88.95144653320312,177.7796630859375
31,1,261.2119445800781,292.9767150878906,92.50640869140625,184.73764038085938
32,2,174.42657470703125,296.82659912109375,91.1678466796875,181.82369995117188
32,1,279.4012145996094,292.243896484375,86.95596313476562,185.77584838867188
33,2,181.0919952392578,291.85650634765625,93.36756896972656,186.16140747070312
33,1,281.0506896972656,292.6768798828125,99.076416015625,184.99234008789062
34,2,193.1501007080078,287.0878601074219,82.68385314941406,190.78079223632812
34,1,303.881591796875,293.8226623535156,90.72509765625,183.72006225585938
35,2,202.1555938720703,286.2572937011719,71.85517883300781,191.77310180664062
35,1,311.9989929199219,294.2851257324219,96.88632202148438,183.40591430664062
36,2,210.26504516601562,284.7541198730469,76.28140258789062,193.53244018554688
36,1,322.2602844238281,294.60626220703125,96.82843017578125,183.32992553710938
37,2,216.466064453125,284.49505615234375,90.21060180664062,193.378662109375
37,1,331.11077880859375,294.30419921875,97.14730834960938,182.5213623046875
38,2,219.8430938720703,286.7857971191406,98.13603210449219,190.992431640625
38,1,343.08966064453125,292.5119934082031,90.87860107421875,184.22006225585938
39,2,224.08975219726562,288.6659240722656,115.8359375,189.81317138671875
39,1,349.522705078125,289.3183288574219,91.2515869140625,186.39617919921875
40,2,229.64791870117188,288.63494873046875,120.628173828125,188.45477294921875
40,1,361.843505859375,287.0356140136719,84.93319702148438,188.17034912109375
41,2,235.1415252685547,288.1962890625,121.89610290527344,188.88473510742188
41,1,370.4291687011719,282.8042297363281,85.1217041015625,193.26638793945312
42,2,245.20896911621094,286.58709716796875,115.33738708496094,190.93698120117188
42,1,379.2080993652344,278.587646484375,83.91964721679688,198.2861328125
43,2,254.75180053710938,284.5141296386719,86.82049560546875,192.98873901367188
43,1,387.8306579589844,274.15771484375,80.38885498046875,202.42376708984375
44,2,265.14923095703125,281.096435546875,87.13931274414062,195.78488159179688
44,1,390.5065612792969,271.1873779296875,84.22738647460938,205.32559204101562
45,2,276.3356628417969,277.4208068847656,88.2464599609375,198.94482421875
45,1,403.6171569824219,270.1302795410156,76.54885864257812,206.01412963867188
46,2,292.06536865234375,273.0533752441406,67.94277954101562,204.95040893554688
46,1,408.71514892578125,270.50384521484375,81.21115112304688,205.946533203125
47,2,303.4522399902344,271.1824035644531,64.79449462890625,207.68435668945312
47,1,408.39056396484375,272.2005615234375,92.78268432617188,204.81689453125
48,2,312.1238708496094,270.7479248046875,73.81103515625,206.58883666992188
48,1,413.9266052246094,273.4071960449219,98.41183471679688,203.16561889648438
49,2,318.9600524902344,270.22882080078125,83.62420654296875,207.6065673828125
49,1,423.0053405761719,274.34307861328125,100.84207153320312,202.14431762695312
50,2,324.0703125,270.4149169921875,94.00067138671875,207.06497192382812
50,1,429.4563903808594,274.160888671875,100.04537963867188,202.25128173828125
51,2,326.51544189453125,271.65350341796875,104.30252075195312,205.84341430664062
51,1,436.6153259277344,273.875244140625,91.51223754882812,202.61734008789062
52,2,329.1868896484375,271.52508544921875,111.94601440429688,206.27053833007812
52,1,445.5327453613281,272.1909484863281,93.44912719726562,203.92770385742188
53,2,331.1169738769531,271.5311584472656,119.01171875,206.16976928710938
53,1,452.91680908203125,269.8016662597656,92.89068603515625,206.38497924804688
54,2,328.94097900390625,270.810791015625,129.26199340820312,207.42034912109375
54,1,460.06982421875,267.1527099609375,93.90789794921875,209.78939819335938
55,2,335.3454284667969,268.7547302246094,127.09344482421875,209.74212646484375
55,1,472.88494873046875,261.79833984375,87.51214599609375,214.82852172851562
56,2,346.5743103027344,265.75299072265625,119.88104248046875,211.76510620117188
56,1,484.3876037597656,257.07867431640625,82.67703247070312,219.91213989257812
57,2,363.70550537109375,261.8459167480469,103.59957885742188,215.32708740234375
57,1,494.7611999511719,255.2075958251953,79.95309448242188,221.86964416503906
58,2,375.96026611328125,258.69927978515625,90.47186279296875,218.54208374023438
58,1,504.0322265625,253.89212036132812,77.14312744140625,223.3525390625
59,1,507.74798583984375,254.24685668945312,78.209228515625,223.49484252929688
59,2,391.8041076660156,256.90728759765625,74.37060546875,212.34698486328125
60,1,513.0523681640625,254.91940307617188,77.28680419921875,223.0447998046875
60,2,402.80572509765625,255.9978790283203,63.22137451171875,213.62367248535156
61,1,516.0325927734375,255.5537109375,80.303955078125,222.4195556640625
61,2,404.73651123046875,255.7716064453125,63.224639892578125,213.65338134765625
62,1,518.7273559570312,256.38043212890625,83.35693359375,221.59747314453125
62,2,403.54241943359375,256.11383056640625,77.30044555664062,212.65252685546875
63,2,404.91436767578125,258.4801940917969,95.19638061523438,210.25726318359375
63,1,521.0880126953125,255.68931579589844,85.0892333984375,222.36573791503906
64,2,406.1636962890625,258.2973937988281,107.75732421875,210.81814575195312
64,1,526.8643798828125,255.8231201171875,82.8134765625,221.36367797851562
65,2,406.3626708984375,258.70697021484375,114.42755126953125,209.04046630859375
65,1,525.5343017578125,253.450927734375,89.73358154296875,223.48538208007812
66,1,534.9840087890625,249.8636474609375,86.081787109375,227.64874267578125
66,2,407.5430603027344,259.6514587402344,114.33053588867188,206.94891357421875
67,1,549.5335083007812,247.83335876464844,77.22119140625,228.2018280029297
67,2,411.09332275390625,258.05474853515625,109.82135009765625,208.46435546875
68,1,558.38916015625,243.61634826660156,73.10205078125,231.98533630371094
68,2,416.14984130859375,256.8996887207031,104.45849609375,208.91915893554688
69,2,432.5469970703125,253.71856689453125,89.9732666015625,201.68087768554688
69,1,568.4801635742188,240.8216552734375,68.69024658203125,223.5147705078125
70,1,572.4791259765625,239.1282196044922,70.656494140625,227.8246612548828
70,2,448.02313232421875,250.94114685058594,80.45001220703125,199.3498077392578
71,1,575.9757690429688,238.88754272460938,71.55511474609375,226.55178833007812
71,2,463.1150817871094,247.57212829589844,77.48397827148438,201.4776153564453
72,1,576.6251831054688,239.24761962890625,75.61956787109375,226.09417724609375
72,2,476.58880615234375,246.16879272460938,73.34442138671875,202.88165283203125
73,1,577.1235961914062,240.4456024169922,83.7982177734375,224.75047302246094
73,2,483.43865966796875,245.79197692871094,77.85467529296875,202.5967254638672
74,1,578.0664672851562,242.22727966308594,94.13690185546875,222.3016815185547
74,2,490.72601318359375,245.7468719482422,77.81036376953125,202.2736053466797
75,1,578.4725341796875,244.1923370361328,99.9951171875,219.48194885253906
75,2,493.7017822265625,246.7987823486328,81.56451416015625,201.5496368408203
76,1,578.25146484375,244.6873321533203,100.792236328125,217.5546417236328
76,2,493.5395812988281,246.78121948242188,88.74404907226562,202.20431518554688
77,1,579.2136840820312,243.75172424316406,99.58984375,215.3168487548828
77,2,495.0814208984375,247.55905151367188,92.63494873046875,200.8358154296875
78,1,584.1362915039062,242.89517211914062,95.57177734375,213.69436645507812
78,2,497.5262451171875,247.22506713867188,95.2274169921875,200.3349609375
79,1,595.2850952148438,240.781494140625,87.25482177734375,214.23388671875
79,2,502.38165283203125,247.3534698486328,96.21051025390625,197.8905792236328
80,1,605.462158203125,238.5042724609375,82.63739013671875,205.8426513671875
80,2,503.9765625,246.15577697753906,99.42962646484375,198.4298553466797
81,1,616.4751586914062,234.51417541503906,76.94207763671875,203.51817321777344
81,2,510.5987548828125,244.9088897705078,97.878662109375,196.3717803955078
82,1,626.4595947265625,231.12405395507812,71.93292236328125,203.4468994140625
82,2,523.4927368164062,242.0899200439453,89.40032958984375,191.0358123779297
83,1,636.8827514648438,230.41871643066406,66.5596923828125,204.0281219482422
83,2,534.6325073242188,240.15792846679688,81.827880859375,189.20281982421875
84,2,542.9619140625,237.63096618652344,76.05474853515625,184.63417053222656
84,1,643.9035034179688,230.13951110839844,64.0780029296875,204.0772247314453
85,2,549.594482421875,236.71127319335938,67.54302978515625,185.23727416992188
85,1,649.0399780273438,229.05316162109375,64.18548583984375,205.14675903320312
86,2,553.8761596679688,235.83966064453125,61.48382568359375,185.91015625
86,1,650.2245483398438,229.2384033203125,64.81573486328125,204.97723388671875
87,2,555.8331909179688,236.16600036621094,59.82373046875,184.8966827392578
87,1,651.9586791992188,229.76754760742188,67.85198974609375,204.11343383789062
88,2,556.4552001953125,237.69456481933594,69.65936279296875,184.01649475097656
88,1,653.4207763671875,230.5623779296875,68.50543212890625,203.78448486328125
89,2,557.8204345703125,238.65501403808594,77.4473876953125,182.4049530029297
89,1,654.7689208984375,231.79266357421875,69.627685546875,201.04486083984375
90,2,557.64013671875,240.15771484375,83.95037841796875,181.1732177734375
90,1,655.934814453125,231.23681640625,69.9075927734375,199.90679931640625
91,1,659.5730590820312,228.96157836914062,67.79351806640625,202.30694580078125
91,2,557.5039672851562,240.65003967285156,84.220703125,179.5455780029297
92,1,665.31640625,226.88092041015625,63.7188720703125,200.00479125976562
92,2,560.56494140625,240.5474395751953,80.87103271484375,179.3684844970703
93,1,671.087890625,225.42080688476562,60.02032470703125,194.49911499023438
93,2,565.7111206054688,239.11273193359375,79.07818603515625,178.457763671875
94,1,678.5203247070312,223.75453186035156,55.7972412109375,190.17271423339844
94,2,577.2459106445312,237.491455078125,72.41943359375,174.6015625
95,1,685.2025756835938,222.64561462402344,51.010009765625,186.40321350097656
95,2,588.65966796875,235.48573303222656,65.92230224609375,171.26719665527344
96,2,600.708251953125,232.0060577392578,58.2059326171875,173.45848083496094
96,1,686.8828125,221.02781677246094,53.061767578125,185.4325714111328
97,2,608.7874145507812,230.35525512695312,55.635498046875,173.98696899414062
97,1,687.3806762695312,220.87948608398438,55.640625,183.15243530273438
98,2,616.128662109375,229.1786651611328,57.37115478515625,176.2505645751953
98,1,687.2261352539062,221.00437927246094,58.93096923828125,182.1991729736328
99,1,687.5015869140625,221.4019012451172,62.67230224609375,182.7539825439453
99,2,618.354248046875,229.4727020263672,61.28936767578125,175.59193420410156
100,1,687.3123779296875,222.0037078857422,69.63555908203125,181.88343811035156
100,2,619.7695922851562,231.3535919189453,66.74053955078125,173.6085662841797
101,2,608.1494750976562,232.735595703125,84.5635986328125,171.68344116210938
101,1,687.7543334960938,223.78775024414062,75.19744873046875,179.74288940429688
102,2,607.44580078125,234.61387634277344,88.4521484375,169.1285858154297
102,1,687.7159423828125,223.4006805419922,76.9913330078125,179.0955047607422
103,2,610.6688232421875,234.74110412597656,90.519287109375,168.7498321533203
103,1,688.7376098632812,224.42686462402344,77.15216064453125,177.6678009033203
104,2,619.1482543945312,233.97840881347656,86.63995361328125,168.8371124267578
104,1,692.45458984375,223.7386932373047,75.943115234375,177.25035095214844
105,2,628.0451049804688,233.7069854736328,79.6546630859375,167.47166442871094
105,1,697.0638427734375,223.94102478027344,76.1312255859375,175.0076446533203
106,2,637.1900024414062,231.27223205566406,73.6126708984375,165.8396759033203
106,1,703.9982299804688,222.62269592285156,72.5462646484375,170.2250518798828
107,1,711.3214111328125,220.016845703125,68.9053955078125,168.734375
107,2,647.1344604492188,227.9263153076172,64.38153076171875,162.43138122558594
108,1,721.0073852539062,217.9134063720703,64.32098388671875,168.38853454589844
108,2,655.9908447265625,227.17080688476562,56.3204345703125,159.20181274414062
109,1,729.2095336914062,214.64340209960938,58.17083740234375,170.26675415039062
109,2,662.020263671875,225.06227111816406,53.50030517578125,160.35438537597656
110,2,664.941162109375,203.7291717529297,53.29327392578125,180.9930877685547
110,1,738.08447265625,214.3541259765625,54.26373291015625,171.05987548828125
111,2,665.621337890625,212.42755126953125,54.41656494140625,171.93524169921875
111,1,741.6441040039062,214.48675537109375,54.186767578125,171.29000854492188
112,2,665.6273803710938,226.09298706054688,56.75445556640625,158.68392944335938
112,1,743.0943603515625,215.07150268554688,56.58154296875,170.16799926757812
113,1,743.7747802734375,216.68174743652344,58.903564453125,169.0089874267578
113,2,666.0984497070312,227.45941162109375,62.28082275390625,157.328857421875
114,2,666.4854125976562,228.10768127441406,66.75482177734375,156.45164489746094
114,1,743.599609375,218.4095916748047,62.3509521484375,167.1566619873047
115,2,668.5026245117188,229.3130340576172,67.765625,154.18336486816406
115,1,743.9677734375,218.9256591796875,64.44427490234375,165.95330810546875
116,1,745.36865234375,219.26805114746094,65.14398193359375,166.0597381591797
116,2,670.9801635742188,228.479736328125,68.60467529296875,155.30923461914062
117,1,748.4978637695312,218.12840270996094,64.8775634765625,166.54103088378906
117,2,673.63720703125,228.11886596679688,68.95013427734375,153.5174560546875
118,1,752.4715576171875,217.6807861328125,63.39642333984375,166.15142822265625
118,2,680.5186157226562,228.14892578125,65.1478271484375,148.88592529296875
119,1,760.8116455078125,216.18324279785156,57.540771484375,163.1269073486328
119,2,689.20703125,224.87042236328125,60.68316650390625,149.21710205078125
120,1,767.8291625976562,213.86180114746094,52.4715576171875,159.70481872558594
120,2,698.2163696289062,222.58203125,55.3870849609375,149.88214111328125
121,2,705.8886108398438,221.39064025878906,51.07757568359375,152.3633575439453
121,1,774.5748291015625,212.82273864746094,48.14544677734375,158.2536163330078
122,1,779.2413330078125,210.98739624023438,46.06964111328125,158.51141357421875
122,2,712.3593139648438,220.32730102539062,48.9169921875,151.40512084960938
123,2,715.2919311523438,220.7324981689453,52.03436279296875,151.1360321044922
123,1,781.2178344726562,209.74766540527344,46.256103515625,160.1967010498047
124,1,781.6139526367188,210.67063903808594,48.1085205078125,157.7257843017578
124,2,715.303466796875,221.1346435546875,57.1949462890625,151.35299682617188
125,2,703.783447265625,222.5362548828125,71.94415283203125,150.16830444335938
125,1,782.1077270507812,210.77757263183594,50.532958984375,156.8000946044922
126,2,703.7305908203125,223.3325958251953,77.9908447265625,148.0897979736328
126,1,782.4246826171875,212.12355041503906,53.84417724609375,156.5726776123047
127,2,706.8082275390625,222.66921997070312,76.11474609375,146.8570556640625
127,1,783.167724609375,212.61380004882812,57.4654541015625,156.47817993164062
128,2,707.1090698242188,223.25144958496094,79.59869384765625,144.10935974121094
128,1,783.9403686523438,214.46507263183594,58.55450439453125,154.2495880126953
129,2,706.9561767578125,222.71621704101562,80.7880859375,145.20968627929688
129,1,783.8458251953125,214.8737030029297,60.35076904296875,152.6847381591797
130,2,721.0235595703125,220.7375946044922,68.38330078125,144.7018585205078
130,1,785.5449829101562,214.52767944335938,62.26165771484375,152.97174072265625
131,2,738.70849609375,218.8873291015625,55.64044189453125,139.0723876953125
131,1,790.173095703125,213.6058807373047,61.02130126953125,151.6914520263672
132,1,793.70947265625,212.4838409423828,61.33331298828125,151.2179718017578
132,2,742.6664428710938,217.5076904296875,50.5234375,136.22296142578125
133,2,746.8299560546875,216.2103729248047,47.33123779296875,137.13258361816406
133,1,797.8717041015625,210.9041748046875,57.44915771484375,148.0972900390625
134,2,747.8765258789062,215.5543975830078,48.39031982421875,138.5460662841797
134,1,806.7041015625,209.0977783203125,48.7921142578125,147.02459716796875
135,2,748.45361328125,216.1785125732422,49.66351318359375,137.4660186767578
135,1,813.1055908203125,207.6687469482422,42.53277587890625,147.13319396972656
136,2,749.8074951171875,216.8896942138672,51.5126953125,136.5065460205078
136,1,816.6575317382812,206.0150604248047,38.897705078125,148.7566375732422
137,2,750.2144775390625,218.59616088867188,55.025390625,134.83892822265625
137,1,820.0352172851562,206.43824768066406,35.51641845703125,147.87693786621094
138,2,749.1057739257812,219.9224090576172,60.50408935546875,133.08802795410156
138,1,822.02001953125,206.53456115722656,33.4195556640625,147.9227752685547
139,2,751.749755859375,219.50628662109375,59.9659423828125,132.75262451171875
139,1,821.9744873046875,206.65380859375,33.48956298828125,147.98004150390625
140,2,753.1784057617188,220.18698120117188,61.18328857421875,131.8770751953125
140,1,823.85205078125,207.67880249023438,31.48577880859375,146.78060913085938
141,2,754.1934204101562,218.1257781982422,63.713134765625,133.08787536621094
141,1,824.8643798828125,209.84161376953125,30.45098876953125,145.04525756835938
142,2,760.2903442382812,216.19174194335938,61.17559814453125,132.42544555664062
142,1,826.380126953125,210.67327880859375,29.22906494140625,144.09616088867188
143,2,767.0750122070312,216.31039428710938,58.81927490234375,130.63076782226562
143,1,827.603759765625,211.0378875732422,28.0997314453125,144.96266174316406
144,2,776.3753662109375,213.53555297851562,51.6800537109375,132.61904907226562
144,1,830.590087890625,212.59815979003906,25.03668212890625,142.79795837402344
144,3,833.1912841796875,298.73309326171875,22.6650390625,111.1964111328125
145,2,783.9845581054688,213.13156127929688,46.2242431640625,133.035888671875
145,1,836.0977172851562,222.4459686279297,19.4229736328125,133.37998962402344
145,3,834.2717895507812,285.5124816894531,21.36505126953125,123.8138427734375
146,2,787.8422241210938,213.32022094726562,45.13720703125,131.94012451171875
146,3,835.7559814453125,222.23350524902344,19.96063232421875,166.36183166503906
147,2,791.32373046875,212.87779235839844,46.170654296875,133.1161651611328
147,3,832.7981567382812,222.14393615722656,22.84771728515625,161.1807098388672
148,2,791.3425903320312,212.982666015625,49.52764892578125,132.69244384765625
148,3,838.4419555664062,217.08116149902344,17.5494384765625,157.1951446533203
149,2,790.7794799804688,214.0118865966797,51.2806396484375,132.2877655029297
149,3,840.0028686523438,209.72984313964844,15.7957763671875,173.51707458496094
150,2,787.652099609375,215.12155151367188,55.2747802734375,130.98464965820312
151,2,786.6798706054688,215.8865509033203,57.2060546875,129.47288513183594
152,2,789.976318359375,215.64080810546875,56.01434326171875,128.94613647460938
153,2,795.9064331054688,215.7443389892578,53.02569580078125,128.6783905029297
154,2,798.6239624023438,215.86997985839844,51.35479736328125,126.61265563964844
155,2,807.73193359375,213.34432983398438,44.9417724609375,123.26254272460938
156,2,811.7993774414062,211.34056091308594,42.81585693359375,123.91300964355469
157,2,816.318603515625,208.83493041992188,39.08038330078125,124.14572143554688
158,2,817.5350341796875,208.5605010986328,37.853271484375,122.94462585449219
159,2,819.3677978515625,209.487060546875,36.0667724609375,122.7420654296875
160,2,817.7724609375,209.5450897216797,37.75421142578125,123.13389587402344
161,2,820.2835693359375,211.26318359375,35.26641845703125,121.76214599609375
162,2,821.4097290039062,213.6049041748047,33.8680419921875,119.63536071777344
163,2,821.5311889648438,212.5695343017578,34.06121826171875,120.70628356933594
164,2,822.8421630859375,212.4405059814453,32.81951904296875,119.83293151855469
165,2,825.24072265625,212.01187133789062,30.22308349609375,120.2000732421875
166,2,827.1217041015625,210.3834686279297,28.67510986328125,120.34751892089844
167,2,830.7340698242188,211.54481506347656,24.7742919921875,194.21095275878906
168,2,833.06298828125,212.36016845703125,22.57275390625,192.42544555664062
169,2,836.9181518554688,218.04751586914062,18.76434326171875,103.30087280273438
170,2,840.2621459960938,216.55064392089844,15.436279296875,100.16047668457031
174,2,837.3296508789062,226.967041015625,18.24127197265625,51.1883544921875
175,2,836.0725708007812,227.54727172851562,19.617431640625,50.2314453125
176,2,835.2864990234375,230.64439392089844,20.427734375,47.07991027832031
177,2,836.198974609375,232.99951171875,19.424072265625,43.67913818359375
178,2,839.4468383789062,234.19679260253906,16.157958984375,41.02668762207031
185,4,844.43798828125,161.63058471679688,11.25787353515625,54.96446228027344
186,4,843.9505615234375,161.62657165527344,11.67425537109375,54.26982116699219
187,4,844.3027954101562,160.1263885498047,11.3880615234375,55.78096008300781
188,4,844.641845703125,160.21755981445312,11.358154296875,55.36827087402344
189,4,843.9315185546875,159.09585571289062,11.8974609375,56.36521911621094
190,4,843.38916015625,158.01300048828125,12.3524169921875,57.35784912109375
191,4,842.40478515625,158.17189025878906,13.2152099609375,56.594940185546875
192,4,840.8728637695312,158.4821319580078,14.77227783203125,56.0986328125
193,4,839.9513549804688,159.279296875,15.687744140625,55.16950988769531
194,4,839.2494506835938,160.2649383544922,16.40545654296875,54.723419189453125
195,4,839.1727294921875,160.4949493408203,16.45263671875,54.78076171875
196,4,839.0115356445312,160.28396606445312,16.590576171875,55.982879638671875
197,4,838.94677734375,160.30746459960938,16.62451171875,55.89813232421875
198,4,838.4500122070312,160.2223358154297,17.05572509765625,55.967193603515625
199,4,838.3057250976562,159.47662353515625,17.0792236328125,56.43055725097656
200,4,838.6988525390625,159.33245849609375,16.68084716796875,56.61259460449219
201,4,838.5292358398438,159.01319885253906,16.77520751953125,57.137481689453125
202,4,838.2138671875,158.5932159423828,17.06048583984375,57.694305419921875
203,4,837.0661010742188,158.30348205566406,18.159912109375,57.83155822753906
204,4,836.7237548828125,158.18878173828125,18.4801025390625,58.59648132324219
205,4,835.5643920898438,158.3233184814453,18.77679443359375,59.263702392578125
206,4,834.4490966796875,158.21286010742188,19.57305908203125,60.22047424316406
207,4,833.1140747070312,158.61355590820312,19.98724365234375,59.87617492675781
208,4,832.5966796875,159.00338745117188,20.15032958984375,58.70387268066406
209,4,831.6492919921875,159.46543884277344,20.43280029296875,58.59844970703125
210,4,831.1492309570312,159.65623474121094,19.75390625,58.491424560546875
211,4,830.848876953125,159.40330505371094,19.5989990234375,58.79988098144531
212,4,830.5120239257812,159.0206298828125,19.54791259765625,58.97833251953125
213,4,830.1665649414062,158.48521423339844,19.41156005859375,59.77479553222656
214,4,829.11767578125,158.87869262695312,19.7607421875,59.542510986328125
215,4,828.6536254882812,158.86862182617188,19.2618408203125,59.90974426269531
216,4,828.0448608398438,158.62939453125,19.655517578125,59.8865966796875
217,4,826.6953735351562,158.257568359375,20.337158203125,60.062042236328125
218,4,826.0400390625,158.27011108398438,19.995849609375,59.602325439453125
219,4,824.2274780273438,158.86366271972656,21.02154541015625,59.266265869140625
220,4,822.3731689453125,159.19482421875,22.5306396484375,59.210296630859375
221,4,819.567138671875,159.84962463378906,24.74603271484375,58.521148681640625
222,4,818.7398071289062,160.32000732421875,25.058837890625,58.32807922363281
223,4,817.8275146484375,160.42758178710938,25.1661376953125,58.57220458984375
224,4,818.3707275390625,160.7567596435547,24.4178466796875,58.54217529296875
225,4,818.0157470703125,160.8733673095703,23.99041748046875,58.61419677734375
226,4,818.001708984375,160.7887725830078,22.31939697265625,59.045196533203125
227,4,818.5650024414062,160.47515869140625,21.01873779296875,59.37255859375
228,4,818.6257934570312,160.1708984375,19.95245361328125,59.52471923828125
229,4,818.070556640625,159.63674926757812,19.885986328125,59.79541015625
230,4,817.129638671875,159.0339813232422,20.17645263671875,60.36170959472656
231,4,816.5261840820312,158.82034301757812,19.87310791015625,61.17091369628906
232,4,816.0340576171875,158.8836212158203,20.22039794921875,61.11993408203125
233,4,815.9031982421875,159.28562927246094,19.61663818359375,60.95928955078125
234,4,815.1566772460938,159.5086212158203,20.26873779296875,61.21356201171875
235,4,814.6373901367188,160.29872131347656,19.9144287109375,60.11273193359375
236,4,814.189208984375,160.49658203125,19.99493408203125,60.596160888671875
237,4,813.7346801757812,161.13331604003906,20.2337646484375,60.372833251953125
238,4,813.3292236328125,161.20130920410156,19.93560791015625,60.45404052734375
239,4,812.9967651367188,161.33372497558594,19.88665771484375,59.96464538574219
240,4,812.4967041015625,160.88050842285156,20.00079345703125,60.917938232421875
241,4,812.2756958007812,160.66860961914062,19.8336181640625,61.33430480957031
242,4,810.9880981445312,160.3374786376953,20.86151123046875,62.207305908203125
243,4,810.2847900390625,159.77554321289062,21.1712646484375,62.16204833984375
244,4,809.8287353515625,159.58860778808594,21.29058837890625,62.54510498046875
245,4,808.927734375,159.41114807128906,22.03936767578125,63.111328125
246,4,807.3689575195312,159.73585510253906,23.16119384765625,63.05152893066406
247,4,806.6864624023438,160.6014404296875,23.34368896484375,62.4041748046875
248,4,805.935791015625,161.31947326660156,23.4888916015625,62.303924560546875
249,4,805.2198486328125,161.669921875,23.56842041015625,61.76472473144531
250,4,804.3564453125,161.56141662597656,23.71954345703125,61.97743225097656
251,4,804.580810546875,161.57785034179688,23.10882568359375,62.365020751953125
252,4,803.6318969726562,161.60231018066406,23.325927734375,62.684356689453125
253,4,803.5958251953125,161.32373046875,22.9345703125,62.91188049316406
254,4,803.37744140625,161.3070068359375,22.5548095703125,62.795379638671875
255,4,803.0595092773438,160.84071350097656,22.6724853515625,63.54901123046875
256,4,802.3214111328125,160.41619873046875,22.8126220703125,63.93864440917969
257,4,801.9758911132812,160.1009979248047,22.67608642578125,64.57431030273438
258,4,801.430419921875,159.85862731933594,22.63885498046875,65.14125061035156
259,4,800.6071166992188,159.95291137695312,22.94110107421875,65.27783203125
260,4,799.8386840820312,160.14759826660156,23.50421142578125,65.81216430664062
261,4,799.8849487304688,160.25338745117188,22.84954833984375,65.7459716796875
262,4,799.6705322265625,160.89097595214844,22.05340576171875,65.16517639160156
263,4,799.273193359375,161.58848571777344,21.8170166015625,64.31413269042969
264,4,799.6192016601562,162.13162231445312,21.15753173828125,64.11546325683594
265,4,799.24853515625,162.09219360351562,21.31182861328125,64.59291076660156
266,4,799.0247802734375,162.02569580078125,21.19036865234375,64.65806579589844
267,4,798.3837890625,161.92645263671875,21.3072509765625,65.41366577148438
268,4,797.2721557617188,161.7823944091797,22.064697265625,65.60173034667969
269,4,795.9501342773438,161.27951049804688,22.89288330078125,66.34596252441406
270,4,795.6101684570312,161.14755249023438,22.9146728515625,66.08204650878906
271,4,795.277587890625,160.6957244873047,22.92791748046875,66.18904113769531
272,4,794.1961059570312,160.6799774169922,23.55108642578125,66.37098693847656
273,4,793.1487426757812,160.64439392089844,24.165283203125,67.11943054199219
274,4,791.1363525390625,160.77548217773438,25.76092529296875,66.97370910644531
275,4,788.7781982421875,161.11865234375,27.62933349609375,66.83395385742188
276,4,788.0591430664062,161.67877197265625,27.94122314453125,66.26083374023438
277,4,788.2122802734375,162.2386016845703,27.19000244140625,65.71510314941406
278,4,788.2575073242188,162.31211853027344,26.561279296875,66.47285461425781
279,4,788.393310546875,162.39112854003906,25.8560791015625,67.05372619628906
280,4,788.747314453125,162.76095581054688,24.05999755859375,66.97865295410156
281,4,789.059814453125,162.55442810058594,22.2142333984375,67.16505432128906
282,4,789.0833129882812,162.51971435546875,20.99285888671875,66.98345947265625
283,4,788.5833129882812,162.2212371826172,20.42510986328125,67.27484130859375
284,4,788.168212890625,161.99209594726562,20.40093994140625,67.58128356933594
285,4,786.8392333984375,161.3508758544922,20.79296875,68.06770324707031
286,4,785.8839111328125,160.84962463378906,22.0018310546875,68.79264831542969
287,4,785.318359375,161.0130157470703,21.9598388671875,69.24685668945312
288,4,784.1432495117188,161.28456115722656,23.24102783203125,69.72621154785156
289,4,783.46826171875,161.87982177734375,23.5382080078125,70.05506896972656
290,4,783.726806640625,162.54432678222656,22.4986572265625,69.95120239257812
291,4,783.7188110351562,163.19947814941406,21.9993896484375,68.84440612792969
292,4,783.4595947265625,164.02346801757812,21.5794677734375,68.05035400390625
293,4,782.5462646484375,164.02728271484375,22.306640625,68.34727478027344
294,4,782.20361328125,164.0433807373047,22.07818603515625,67.71244812011719
295,4,781.9390258789062,163.96514892578125,21.5089111328125,67.80972290039062
296,4,781.5862426757812,163.83453369140625,21.1407470703125,69.40040588378906
297,4,780.8984375,163.1647491455078,21.040283203125,70.24462890625
298,4,779.9972534179688,162.90194702148438,21.71282958984375,70.31352233886719
299,4,778.7637329101562,162.36009216308594,21.9417724609375,70.72085571289062
300,4,776.9855346679688,162.32046508789062,23.34796142578125,70.85198974609375
301,4,775.4804077148438,162.34776306152344,24.620849609375,71.78822326660156
302,4,773.5752563476562,162.97994995117188,25.734130859375,70.59860229492188
303,4,771.3248901367188,163.54908752441406,27.10919189453125,70.01295471191406
304,4,769.1769409179688,163.6319580078125,28.547607421875,70.541748046875
305,4,768.5810546875,164.03692626953125,28.3482666015625,70.32405090332031
306,4,768.5784912109375,164.90101623535156,27.4979248046875,69.49449157714844
307,4,768.0655517578125,164.9130859375,27.40960693359375,69.83549499511719
308,4,767.6072387695312,164.5679931640625,27.12994384765625,70.93124389648438
309,4,767.896240234375,164.22726440429688,25.84075927734375,71.1075439453125
310,4,768.0582885742188,164.01004028320312,25.06884765625,71.19525146484375
311,4,767.9129028320312,163.77540588378906,24.21624755859375,71.26002502441406
312,4,766.4701538085938,163.93673706054688,24.73089599609375,70.93637084960938
313,4,764.339111328125,163.55906677246094,26.52386474609375,71.5257568359375
314,4,762.1404418945312,163.19078063964844,28.2437744140625,72.69772338867188
315,4,760.6441040039062,163.28529357910156,28.827880859375,72.65615844726562
316,4,759.5467529296875,163.3037872314453,29.28521728515625,73.81794738769531
317,4,759.0545043945312,163.49168395996094,28.918701171875,74.31492614746094
318,4,758.4943237304688,164.08465576171875,28.815185546875,74.15951538085938
319,4,758.152099609375,164.30245971679688,28.26824951171875,73.61605834960938
320,4,757.1715087890625,164.69224548339844,28.2554931640625,73.32850646972656
321,4,756.92236328125,165.04995727539062,27.98089599609375,72.90191650390625
322,4,756.449462890625,165.1022186279297,27.5487060546875,72.722412109375
323,4,754.4488525390625,165.0881805419922,28.6937255859375,72.96273803710938
324,4,753.3427734375,164.72265625,29.172607421875,74.01008605957031
325,4,751.9649658203125,164.7884521484375,29.56781005859375,74.20362854003906
326,4,751.130859375,163.9019317626953,28.84149169921875,75.27470397949219
327,4,751.6143188476562,163.5732421875,27.41888427734375,75.48381042480469
328,4,752.0006713867188,163.74154663085938,26.33465576171875,74.70074462890625
329,4,751.8787841796875,163.90757751464844,25.77142333984375,74.7073974609375
330,4,749.37548828125,163.70867919921875,27.70709228515625,75.15005493164062
331,4,745.2594604492188,163.87374877929688,31.4114990234375,75.51298522949219
332,4,741.8619995117188,164.89842224121094,34.55511474609375,74.64791870117188
333,4,740.9884643554688,165.66958618164062,34.1181640625,74.10502624511719
334,4,739.4610595703125,166.29592895507812,34.4267578125,73.65501403808594
335,4,738.986572265625,166.29129028320312,32.79046630859375,74.11900329589844
336,4,739.1749877929688,166.11473083496094,31.2183837890625,74.29203796386719
337,4,738.5936889648438,165.89578247070312,30.85784912109375,74.84165954589844
338,4,738.8880004882812,165.89002990722656,29.70465087890625,75.13894653320312
339,4,739.2135620117188,165.4722900390625,27.88177490234375,75.57545471191406
340,4,739.1239013671875,164.44712829589844,27.0430908203125,76.47509765625
341,4,737.0335693359375,164.1182098388672,28.14892578125,76.69554138183594
342,4,736.7546997070312,163.5990447998047,27.84051513671875,77.20013427734375
343,4,735.99560546875,163.92550659179688,28.01385498046875,77.58604431152344
344,4,734.09228515625,164.0815887451172,29.3280029296875,78.30044555664062
345,4,734.3109741210938,164.2726287841797,28.25372314453125,78.93797302246094
346,4,732.975830078125,164.91517639160156,29.18975830078125,78.8778076171875
347,4,729.018310546875,165.60110473632812,32.5096435546875,78.10551452636719
348,4,727.5117797851562,165.8998260498047,33.640625,77.20950317382812
349,4,726.5565795898438,166.0570526123047,33.50933837890625,78.31443786621094
350,4,726.7147827148438,166.46041870117188,32.930419921875,77.30729675292969
351,4,727.0197143554688,166.39646911621094,31.96923828125,76.72462463378906
352,4,726.1348876953125,166.44058227539062,32.5198974609375,76.60990905761719
353,4,726.0582885742188,166.0204315185547,32.105712890625,78.86669921875
354,4,726.02392578125,165.72064208984375,31.38116455078125,79.214599609375
355,4,726.0147094726562,165.43203735351562,30.53558349609375,79.20460510253906
356,4,726.4005737304688,165.51148986816406,29.702880859375,78.75357055664062
357,4,726.3240356445312,165.27342224121094,28.84259033203125,79.56901550292969
358,4,725.8319091796875,165.61842346191406,28.04754638671875,79.50941467285156
359,4,723.5621337890625,165.91062927246094,29.041015625,80.36320495605469
360,4,720.7112426757812,166.19509887695312,31.0830078125,80.48539733886719
361,4,718.5900268554688,166.32647705078125,32.7562255859375,81.49530029296875
362,4,718.061279296875,167.29457092285156,32.03668212890625,81.00898742675781
363,4,717.991943359375,168.01702880859375,30.89178466796875,81.42318725585938
364,4,718.0637817382812,168.17022705078125,29.88946533203125,82.19857788085938
365,4,718.4044189453125,167.66555786132812,28.68426513671875,83.44775390625
366,4,717.80078125,168.3202362060547,27.95379638671875,81.71525573730469
367,4,717.5695190429688,167.9703826904297,27.130126953125,81.84371948242188
368,4,716.3486938476562,167.442626953125,28.06170654296875,82.50987243652344
369,4,715.3765869140625,166.9154510498047,27.84228515625,82.88372802734375
369,5,705.3941650390625,201.07467651367188,12.45086669921875,33.296356201171875
370,4,714.1499633789062,167.19422912597656,26.99993896484375,83.13554382324219
371,4,713.5537109375,166.9496307373047,26.6397705078125,82.83905029296875
372,4,712.2239990234375,166.94781494140625,26.9864501953125,83.68644714355469
373,4,710.7952880859375,167.08885192871094,28.0716552734375,84.29402160644531
374,4,709.6904907226562,166.92718505859375,28.7474365234375,85.52305603027344
374,6,842.8825073242188,204.25758361816406,12.69287109375,27.90533447265625
375,4,708.6700439453125,167.486328125,29.14208984375,85.25694274902344
375,6,842.2191772460938,200.72036743164062,13.57501220703125,63.081024169921875
376,4,708.6585693359375,168.34494018554688,28.15606689453125,83.60960388183594
376,6,841.9807739257812,200.2089385986328,13.7523193359375,61.49696350097656
377,4,708.026123046875,168.96852111816406,28.124267578125,83.25782775878906
377,6,842.7479858398438,199.15138244628906,13.021240234375,64.28392028808594
378,4,707.0636596679688,169.18797302246094,28.70123291015625,83.614990234375
378,6,841.3248901367188,197.5224151611328,14.33599853515625,65.63117980957031
379,4,706.2025756835938,168.5717315673828,28.99920654296875,84.52400207519531
379,6,840.075439453125,191.9748992919922,15.69915771484375,73.58030700683594
380,4,704.8780517578125,168.8182830810547,29.15887451171875,84.25030517578125
380,6,838.663818359375,192.6178436279297,17.27716064453125,72.34971618652344
381,4,704.3130493164062,169.10165405273438,29.0574951171875,83.89678955078125
381,6,837.7453002929688,187.2176513671875,18.25469970703125,77.37503051757812
382,4,704.810546875,168.72396850585938,27.39801025390625,85.07020568847656
382,6,835.9864501953125,184.09317016601562,20.0135498046875,80.1446533203125
383,4,704.6277465820312,168.14317321777344,26.041259765625,86.84700012207031
383,6,834.4937744140625,184.99130249023438,21.16192626953125,80.90982055664062
384,4,703.2376098632812,168.17172241210938,26.79998779296875,86.57022094726562
384,6,834.2904052734375,181.77809143066406,21.41632080078125,84.68501281738281
385,4,701.1668090820312,168.0391387939453,27.77386474609375,86.6180419921875
385,6,834.8019409179688,180.9108123779297,20.79608154296875,89.29078674316406
386,4,699.071533203125,167.97177124023438,29.126220703125,86.95399475097656
386,6,833.88525390625,181.97044372558594,21.551025390625,88.97441101074219
387,4,696.8365478515625,168.85006713867188,30.47418212890625,86.552734375
387,6,834.63623046875,182.621826171875,20.6953125,87.85134887695312
388,4,693.3604736328125,169.62149047851562,32.86297607421875,85.93037414550781
388,6,835.0597534179688,182.05511474609375,20.3116455078125,87.07562255859375
389,4,688.9418334960938,170.36807250976562,36.324951171875,85.76806640625
389,6,834.3536987304688,181.26710510253906,21.35638427734375,89.64900207519531
390,4,686.7572631835938,171.02597045898438,36.61895751953125,86.13491821289062
390,6,832.7371826171875,181.7877197265625,22.9482421875,88.0396728515625
391,4,685.8499755859375,171.76812744140625,36.0963134765625,86.1170654296875
391,6,831.1561279296875,181.95458984375,24.48663330078125,90.004150390625
392,4,685.6498413085938,171.7528076171875,34.9293212890625,86.050537109375
392,6,830.1599731445312,183.03941345214844,25.71112060546875,89.72828674316406
393,4,685.7718505859375,171.7873077392578,34.01708984375,86.48268127441406
393,6,828.2081298828125,181.4144287109375,27.42724609375,91.65267944335938
394,4,686.0936889648438,170.8411102294922,32.228515625,87.65834045410156
394,6,826.9925537109375,182.04983520507812,28.7412109375,90.26467895507812
395,6,826.4108276367188,181.0741729736328,28.85858154296875,90.73347473144531
395,4,686.1453857421875,170.3212127685547,31.70703125,88.06761169433594
396,6,824.34326171875,180.46641540527344,30.6583251953125,91.73262023925781
396,4,685.2490234375,169.743896484375,30.85540771484375,88.65200805664062
397,4,684.5421752929688,169.22325134277344,29.30517578125,89.27952575683594
397,6,822.4856567382812,179.90576171875,31.3525390625,92.46615600585938
398,4,683.8912353515625,169.1387176513672,27.390380859375,89.11241149902344
398,6,815.2023315429688,180.76187133789062,37.0008544921875,91.78140258789062
398,5,702.7565307617188,197.24703979492188,15.85064697265625,37.82061767578125
399,4,681.7460327148438,169.15138244628906,27.6478271484375,89.31761169433594
399,6,812.225830078125,181.8101806640625,38.013427734375,89.93618774414062
399,5,704.7650756835938,199.52601623535156,14.11822509765625,34.81471252441406
400,4,676.701416015625,169.57510375976562,30.9989013671875,89.50833129882812
400,6,810.6205444335938,182.4930877685547,38.1878662109375,89.06199645996094
400,5,704.77490234375,201.33241271972656,14.23101806640625,33.2645263671875
401,4,673.3003540039062,169.2548065185547,33.078125,90.95109558105469
401,6,811.6605834960938,182.5929718017578,35.35198974609375,90.35215759277344
401,5,704.6080932617188,200.99520874023438,14.436279296875,33.581787109375
402,4,670.72412109375,169.8691864013672,34.1934814453125,91.15531921386719
402,6,812.6419067382812,182.72354125976562,32.38934326171875,91.91769409179688
402,5,705.2816772460938,201.75733947753906,14.04327392578125,32.64414978027344
403,4,668.1536865234375,170.48825073242188,35.90283203125,90.72235107421875
403,6,811.8153076171875,182.74697875976562,31.53363037109375,91.34539794921875
404,4,665.555908203125,170.8459014892578,37.2850341796875,90.62062072753906
404,6,811.2138061523438,182.6729278564453,31.29656982421875,91.99357604980469
405,4,663.0936889648438,171.27621459960938,37.8680419921875,91.1373291015625
405,6,809.4227294921875,183.36077880859375,32.40960693359375,91.59921264648438
406,4,661.7777709960938,171.4017333984375,37.67388916015625,91.20013427734375
406,6,808.52392578125,183.00424194335938,32.78167724609375,92.5611572265625
407,4,660.8497314453125,171.47714233398438,37.6446533203125,90.77603149414062
407,6,806.5486450195312,182.66433715820312,33.3663330078125,92.29296875
408,4,659.3676147460938,171.00259399414062,37.12445068359375,92.36724853515625
408,6,805.2001953125,182.09288024902344,34.60650634765625,94.00636291503906
409,4,658.4744873046875,171.10337829589844,36.33935546875,91.99818420410156
409,6,804.1331787109375,181.80288696289062,34.6368408203125,95.28399658203125
410,4,658.240966796875,170.5038299560547,35.64208984375,93.20018005371094
410,6,802.2598266601562,182.29119873046875,33.96124267578125,96.22695922851562
411,4,658.1873779296875,170.04161071777344,33.761474609375,93.27503967285156
411,6,803.2608642578125,182.98916625976562,32.465087890625,95.3599853515625
412,4,658.4114990234375,170.12696838378906,32.10321044921875,93.95494079589844
412,6,802.2064208984375,182.963623046875,30.35498046875,93.1595458984375
413,4,658.2833251953125,170.14129638671875,31.35455322265625,93.56488037109375
413,6,800.4244384765625,183.55296325683594,31.92559814453125,96.55754089355469
414,4,658.2467041015625,169.8887939453125,29.81719970703125,94.09860229492188
414,6,799.4825439453125,184.41668701171875,31.95318603515625,96.86489868164062
415,4,654.0254516601562,169.83888244628906,32.8778076171875,94.92198181152344
415,6,799.3919067382812,184.33966064453125,30.48004150390625,96.91015625
416,4,647.1107177734375,170.70826721191406,38.0185546875,94.16893005371094
416,6,797.971923828125,184.174072265625,30.68463134765625,96.485595703125
417,4,642.9282836914062,171.2228546142578,40.32586669921875,93.83811950683594
417,6,794.7359008789062,183.5867919921875,32.66326904296875,98.6573486328125
418,4,641.2567749023438,171.60733032226562,40.1573486328125,94.29693603515625
418,6,791.6036376953125,182.48097229003906,34.39117431640625,99.94715881347656
419,4,640.2726440429688,172.23423767089844,39.64990234375,93.66957092285156
419,6,790.5111083984375,182.82138061523438,33.59820556640625,99.78466796875
420,4,640.9800415039062,172.04660034179688,38.45562744140625,94.44784545898438
420,6,789.4464721679688,183.32571411132812,34.00274658203125,98.75466918945312
421,4,640.2410888671875,171.83633422851562,37.55657958984375,94.7838134765625
421,6,788.85302734375,181.72457885742188,33.149169921875,100.24496459960938
422,6,786.914306640625,182.5787811279297,33.6541748046875,100.00669860839844
422,4,640.93408203125,172.2361602783203,35.8433837890625,94.26338195800781
423,4,640.6856079101562,171.0350341796875,34.46807861328125,95.59765625
423,6,780.5010375976562,185.0526580810547,38.0792236328125,98.59080505371094
424,4,640.3153686523438,170.71249389648438,32.55975341796875,96.09616088867188
424,6,776.481201171875,185.2622528076172,39.9803466796875,98.50047302246094
425,4,639.1876831054688,170.41864013671875,31.8797607421875,96.5771484375
425,6,776.222900390625,185.5984649658203,38.850830078125,99.35078430175781
426,4,634.4660034179688,170.34393310546875,35.04052734375,95.703369140625
426,6,777.3701782226562,185.5932159423828,35.94921875,99.09889221191406
427,6,775.5513305664062,185.728515625,36.91729736328125,99.9512939453125
427,4,638.3027954101562,170.0833282470703,29.94879150390625,97.61482238769531
428,6,774.454345703125,186.18309020996094,37.3216552734375,99.67564392089844
428,4,636.149169921875,170.26919555664062,31.60504150390625,97.55767822265625
429,6,774.2393188476562,185.96014404296875,36.6070556640625,100.05157470703125
429,4,634.7269897460938,170.7543487548828,31.99969482421875,98.29710388183594
430,6,772.5984497070312,184.92251586914062,36.9688720703125,101.81057739257812
430,4,631.9188232421875,170.8922576904297,33.50103759765625,98.48710632324219
431,6,771.1819458007812,183.4925537109375,36.15625,103.06576538085938
431,4,630.6098022460938,172.03623962402344,33.4217529296875,97.38899230957031
432,4,628.1023559570312,172.35499572753906,34.35394287109375,95.48942565917969
432,6,766.70263671875,182.60794067382812,39.80926513671875,105.85861206054688
433,6,765.54638671875,182.63499450683594,39.36566162109375,107.90284729003906
433,4,624.4547119140625,173.44786071777344,37.45111083984375,94.75028991699219
434,4,622.38427734375,173.44879150390625,38.4661865234375,96.30581665039062
434,6,763.8317260742188,184.11073303222656,39.49139404296875,106.75013732910156
435,4,622.3577270507812,173.5803985595703,37.88714599609375,99.49241638183594
435,6,762.388916015625,185.3905792236328,39.9222412109375,100.31901550292969
436,4,620.0823364257812,173.5275115966797,39.24163818359375,99.47200012207031
436,6,761.2607421875,186.25076293945312,40.02362060546875,101.3260498046875
437,4,619.77880859375,173.48324584960938,37.993408203125,99.61224365234375
437,6,759.3485107421875,186.80096435546875,40.30889892578125,101.94720458984375
438,4,618.9235229492188,173.30117797851562,38.19775390625,100.26702880859375
438,6,757.2567138671875,187.10537719726562,40.03424072265625,107.60165405273438
439,4,618.6718139648438,172.64871215820312,37.60491943359375,100.23138427734375
439,6,756.8600463867188,187.5586700439453,37.7501220703125,106.79740905761719
440,4,618.4727783203125,172.06080627441406,37.11041259765625,101.13343811035156
440,6,756.001220703125,186.6390380859375,36.537109375,107.672607421875
441,4,618.1756591796875,171.7195281982422,36.13824462890625,101.48777770996094
441,6,755.7518920898438,186.1089630126953,34.80535888671875,107.45597839355469
442,4,617.748291015625,173.1126708984375,35.5660400390625,100.64434814453125
442,6,753.0493774414062,185.20571899414062,35.6666259765625,108.155517578125
443,4,616.4330444335938,173.8719940185547,35.88336181640625,100.58885192871094
443,6,746.4371948242188,185.41014099121094,39.24029541015625,107.65226745605469
444,4,613.2122192382812,174.12428283691406,38.13671875,100.44868469238281
444,6,744.6084594726562,185.4882049560547,38.65966796875,107.54176330566406
445,4,609.755126953125,175.34410095214844,40.36212158203125,100.50419616699219
445,6,740.8983154296875,186.32675170898438,41.47930908203125,106.7376708984375
446,4,608.965576171875,175.6339569091797,40.44696044921875,100.98228454589844
446,6,737.794677734375,186.87843322753906,44.0589599609375,106.36494445800781
447,4,608.2747192382812,176.4794158935547,39.92266845703125,100.49913024902344
447,6,731.6430053710938,188.19358825683594,51.64495849609375,104.59513854980469
448,4,608.64892578125,176.91673278808594,37.9552001953125,101.38090515136719
448,6,727.5272216796875,188.57481384277344,56.286376953125,103.88932800292969
449,4,609.8182983398438,176.71791076660156,35.380859375,103.28376770019531
449,6,723.452392578125,191.66995239257812,59.8179931640625,101.287109375
450,4,609.155517578125,176.7855224609375,35.0457763671875,103.54034423828125
450,6,721.7293701171875,193.4624481201172,60.65789794921875,101.59220886230469
451,4,608.591064453125,175.6867218017578,33.28753662109375,104.48460388183594
451,6,719.1609497070312,194.14712524414062,63.81158447265625,101.94711303710938
452,4,607.0487670898438,175.5872802734375,33.0286865234375,104.71047973632812
452,6,716.8346557617188,193.92752075195312,65.6138916015625,102.38638305664062
453,4,605.5193481445312,176.85897827148438,34.06634521484375,102.33193969726562
453,6,718.4244384765625,193.66624450683594,60.4656982421875,101.67127990722656
454,4,602.0049438476562,175.0870361328125,36.712158203125,105.22012329101562
454,6,716.85986328125,194.23960876464844,50.3680419921875,101.39335632324219
455,4,599.5094604492188,175.26710510253906,38.458984375,105.07743835449219
455,6,716.6712036132812,193.3341064453125,45.623291015625,102.86038208007812
456,4,598.6524047851562,175.60617065429688,38.78839111328125,104.5191650390625
456,6,713.543701171875,192.79495239257812,44.98944091796875,103.81884765625
457,4,597.8414916992188,176.06640625,39.49725341796875,104.18209838867188
457,6,714.3510131835938,191.62289428710938,41.46575927734375,105.21270751953125
458,4,597.0974731445312,176.216552734375,39.70489501953125,105.13812255859375
458,6,712.12890625,189.79229736328125,41.5302734375,108.34274291992188
459,4,596.2685546875,176.65919494628906,39.87823486328125,105.72822570800781
459,6,709.9727783203125,188.51824951171875,41.66400146484375,112.22003173828125
460,4,595.840087890625,177.3153533935547,39.79815673828125,107.54643249511719
460,6,707.8806762695312,189.50071716308594,42.04437255859375,110.83012390136719
461,4,595.1840209960938,178.33531188964844,40.13677978515625,105.67460632324219
461,6,706.5333862304688,189.89527893066406,41.1312255859375,110.22059631347656
462,4,594.5313110351562,178.9803466796875,40.09454345703125,107.168701171875
462,6,705.0367431640625,190.85183715820312,41.26171875,110.681640625
463,4,594.0743408203125,179.47305297851562,40.562255859375,107.75827026367188
463,6,700.9053955078125,190.84361267089844,43.7391357421875,112.70350646972656
464,4,593.6192626953125,179.28903198242188,40.54144287109375,108.62646484375
464,6,698.445556640625,192.08877563476562,39.9144287109375,112.27069091796875
465,4,593.2794189453125,179.12181091308594,40.44500732421875,108.65943908691406
465,6,697.4883422851562,193.39056396484375,40.8074951171875,111.83261108398438
466,4,592.0778198242188,179.08770751953125,41.48675537109375,108.34371948242188
466,6,697.0156860351562,193.29150390625,39.73333740234375,110.5267333984375
467,4,591.4202270507812,178.9353485107422,42.052734375,108.15272521972656
467,6,696.3655395507812,193.2436065673828,38.7738037109375,110.58274841308594
468,4,591.2891235351562,178.84288024902344,42.6885986328125,108.04701232910156
468,6,693.0403442382812,192.5323944091797,40.86572265625,112.38774108886719
469,4,592.0095825195312,178.9489288330078,40.60321044921875,107.62855529785156
469,6,690.1156005859375,191.16213989257812,42.70904541015625,113.00079345703125
470,4,592.74267578125,178.6935272216797,38.481689453125,108.84025573730469
470,6,687.0729370117188,190.4185791015625,44.66046142578125,112.99185180664062
471,4,592.494384765625,178.8473663330078,36.7174072265625,109.57106018066406
471,6,683.00341796875,189.9300994873047,48.17236328125,114.78721618652344
472,6,676.1453857421875,190.06138610839844,55.23016357421875,115.44456481933594
472,4,590.0131225585938,179.0706024169922,38.1142578125,109.53587341308594
473,4,586.6648559570312,180.00994873046875,40.42559814453125,108.92062377929688
473,6,667.1005859375,190.5004119873047,63.1297607421875,115.63380432128906
474,6,659.650146484375,189.8183135986328,66.8671875,116.56333923339844
474,4,584.3052978515625,180.1825408935547,42.685546875,110.04914855957031
475,4,584.6953125,180.93826293945312,41.25067138671875,110.23828125
475,6,655.387939453125,193.27554321289062,66.81182861328125,114.10244750976562
476,4,584.5530395507812,180.77076721191406,41.06060791015625,110.90928649902344
476,6,654.6679077148438,193.96424865722656,65.0472412109375,113.69151306152344
477,4,583.8777465820312,180.81539916992188,40.8123779296875,110.65090942382812
477,6,653.275634765625,193.7869415283203,64.83056640625,114.85682678222656
478,4,583.9161987304688,180.75718688964844,39.4847412109375,110.56663513183594
478,6,653.0556640625,193.9858856201172,65.711181640625,115.18385314941406
479,4,583.5718383789062,180.35687255859375,38.78179931640625,111.02316284179688
479,6,653.577880859375,193.0669708251953,59.56182861328125,115.89390563964844
480,4,583.1588134765625,180.37608337402344,37.97119140625,111.09532165527344
480,6,653.133056640625,192.12667846679688,57.12628173828125,116.87481689453125
481,4,582.2537231445312,179.80018615722656,38.1407470703125,112.05830383300781
481,6,652.86279296875,192.29966735839844,52.340087890625,117.20729064941406
482,4,581.0814819335938,178.56500244140625,38.441162109375,113.67153930664062
482,6,651.1082153320312,191.7827911376953,51.1124267578125,118.69767761230469
483,4,578.473876953125,178.47776794433594,39.884033203125,114.19435119628906
483,6,647.5189208984375,191.5066680908203,51.55645751953125,120.85279846191406
484,4,577.0159912109375,178.64617919921875,41.219970703125,114.25567626953125
484,6,644.9697265625,191.26177978515625,51.49530029296875,122.63739013671875
485,4,576.5278930664062,178.9257354736328,41.25677490234375,114.49870300292969
485,6,641.6132202148438,192.44403076171875,48.802734375,123.1904296875
486,4,576.5001220703125,179.34835815429688,41.0440673828125,115.5640869140625
486,6,635.851806640625,194.37127685546875,51.70709228515625,121.64419555664062
487,4,576.5750122070312,180.13380432128906,40.40185546875,115.17512512207031
487,6,629.0426635742188,194.50852966308594,55.1025390625,123.30613708496094
488,4,576.6946411132812,181.4514923095703,40.8424072265625,114.63114929199219
488,6,623.091796875,197.1826934814453,57.0616455078125,121.86695861816406
489,4,577.0576782226562,182.07778930664062,40.92333984375,113.9716796875
489,6,622.21728515625,197.23707580566406,54.00677490234375,121.98921203613281
490,4,577.0558471679688,182.9916229248047,41.117919921875,112.92308044433594
490,6,620.8937377929688,197.3412628173828,51.8909912109375,121.71864318847656
491,4,577.6223754882812,184.29112243652344,40.69384765625,111.16279602050781
491,6,621.0780639648438,197.1400146484375,50.237060546875,121.93182373046875
492,4,578.7623291015625,184.84585571289062,39.62310791015625,111.328857421875
492,6,619.6758422851562,194.4556427001953,49.7066650390625,124.84202575683594
493,4,580.068115234375,184.76223754882812,38.40545654296875,112.07827758789062
493,6,615.1767578125,193.91842651367188,52.8699951171875,125.39401245117188
494,4,581.3926391601562,185.79721069335938,37.77801513671875,110.97528076171875
494,6,610.6588134765625,195.08505249023438,55.20269775390625,123.8692626953125
495,6,606.9013061523438,194.3418731689453,58.84619140625,124.77903747558594
495,4,582.2545166015625,184.7644500732422,36.32208251953125,112.27790832519531
496,6,599.3734130859375,194.62655639648438,64.71826171875,124.68423461914062
496,4,582.74462890625,184.46946716308594,34.8016357421875,109.89402770996094
497,6,588.4307250976562,196.4332275390625,76.458251953125,122.618408203125
497,4,583.075927734375,183.91172790527344,33.680419921875,109.15129089355469
498,6,580.548095703125,199.32864379882812,81.82342529296875,121.58993530273438
498,4,582.9254760742188,183.17193603515625,34.3685302734375,108.96798706054688
499,6,573.641357421875,188.2997589111328,80.47113037109375,133.12232971191406
499,4,584.8015747070312,184.20582580566406,34.6153564453125,63.08735656738281
500,6,571.6219482421875,197.2410125732422,77.0291748046875,126.22734069824219
500,4,585.1660766601562,184.60487365722656,37.75390625,48.98561096191406
501,6,571.44775390625,199.022216796875,77.1131591796875,125.71011352539062
501,4,585.57421875,185.26205444335938,38.3629150390625,38.58006286621094
502,6,571.1909790039062,198.68264770507812,62.344482421875,127.13580322265625
502,4,603.727294921875,185.51638793945312,24.7545166015625,60.83906555175781
503,6,571.7738037109375,197.06341552734375,57.49755859375,128.45870971679688
503,4,602.5108642578125,186.69479370117188,23.5831298828125,62.99369812011719
504,6,570.3347778320312,195.57406616210938,52.39422607421875,130.60333251953125
504,4,600.8221435546875,188.18113708496094,25.274658203125,71.96150207519531
505,6,568.2501831054688,194.4925537109375,47.78118896484375,131.95535278320312
505,4,597.1576538085938,189.8157501220703,30.0548095703125,110.34800720214844
506,6,567.3825073242188,193.9443359375,44.291748046875,133.0546875
506,4,594.177978515625,190.4165802001953,33.88580322265625,117.53248596191406
507,4,593.2135620117188,192.07057189941406,35.08367919921875,118.33055114746094
507,6,564.4647827148438,193.53805541992188,42.4478759765625,136.0875244140625
508,6,554.2723999023438,193.4311981201172,50.5283203125,139.04112243652344
508,4,592.9813842773438,192.06097412109375,36.57366943359375,121.43670654296875
509,6,549.9244384765625,193.65975952148438,52.83392333984375,137.416015625
509,4,589.6884155273438,191.3830108642578,40.82568359375,123.60377502441406
510,6,544.0782470703125,194.5585479736328,57.84027099609375,141.85414123535156
510,4,586.99755859375,191.19822692871094,44.8177490234375,123.34553527832031
511,6,538.3788452148438,196.1071014404297,57.182373046875,141.0906219482422
511,4,588.908203125,190.88258361816406,43.939208984375,124.42073059082031
512,4,588.1604614257812,190.9163818359375,45.8182373046875,123.8211669921875
512,6,534.7096557617188,198.13232421875,58.01922607421875,141.02908325195312
513,4,587.5252685546875,190.59393310546875,46.98431396484375,125.31527709960938
513,6,530.3731689453125,199.21824645996094,55.1707763671875,141.1026153564453
514,4,589.097412109375,189.97218322753906,46.68603515625,125.50450134277344
514,6,528.1231689453125,198.9263153076172,52.8984375,141.22291564941406
515,4,591.703857421875,189.8050994873047,45.29547119140625,124.74125671386719
515,6,522.4501342773438,198.5442352294922,53.00537109375,141.7087860107422
516,4,594.69140625,189.6744842529297,43.680908203125,123.69288635253906
516,6,520.820556640625,197.30093383789062,49.5162353515625,143.11822509765625
517,4,596.2312622070312,190.36717224121094,42.76800537109375,124.01356506347656
517,6,517.0335693359375,195.5769805908203,45.679443359375,144.1549835205078
518,4,596.64111328125,190.8118896484375,43.24896240234375,123.30911254882812
518,6,515.0863037109375,195.0243682861328,41.7255859375,145.2785186767578
519,4,597.6029052734375,191.12928771972656,43.06439208984375,124.65065002441406
519,6,510.3518371582031,195.49896240234375,48.813385009765625,144.81961059570312
520,4,599.4637451171875,191.19664001464844,41.32061767578125,129.90635681152344
520,6,499.5785217285156,196.30262756347656,53.611907958984375,144.00718688964844
521,4,600.6608276367188,192.71202087402344,39.9759521484375,130.54637145996094
521,6,486.722412109375,197.14207458496094,66.281982421875,144.00706481933594
522,4,602.349609375,193.90077209472656,39.605712890625,133.58482360839844
522,6,478.6819763183594,198.24436950683594,73.78707885742188,144.09947204589844
523,4,603.3903198242188,195.53053283691406,40.4698486328125,133.4242706298828
523,6,473.3760986328125,200.40921020507812,77.9095458984375,142.8013916015625
524,4,603.862060546875,195.3180694580078,40.89019775390625,134.7364044189453
524,6,472.31793212890625,201.05743408203125,76.28900146484375,142.70465087890625
525,4,603.85595703125,195.00836181640625,42.469482421875,135.21441650390625
525,6,472.4848327636719,201.1536407470703,72.06265258789062,143.2473602294922
526,4,603.9736938476562,194.83717346191406,44.51007080078125,135.48008728027344
526,6,471.923828125,201.2384796142578,66.05865478515625,143.49818420410156
527,4,602.3277587890625,194.05197143554688,48.63604736328125,136.23806762695312
527,6,469.84100341796875,200.92538452148438,57.34088134765625,144.03909301757812
528,4,600.1856079101562,193.38075256347656,52.5382080078125,136.7094268798828
528,6,465.2178955078125,200.39756774902344,51.42413330078125,145.51011657714844
529,4,598.125,194.44215393066406,55.82635498046875,135.96681213378906
529,6,459.14715576171875,198.96795654296875,49.71331787109375,148.45419311523438
530,4,598.19140625,194.9521484375,57.239990234375,135.09042358398438
530,6,453.8482971191406,199.35256958007812,49.57476806640625,149.75112915039062
531,4,598.3471069335938,195.616455078125,59.09381103515625,135.31546020507812
531,6,447.6407165527344,199.57237243652344,50.940185546875,150.3573760986328
532,4,598.6942749023438,197.00430297851562,61.24151611328125,138.66485595703125
532,6,436.30621337890625,200.03033447265625,59.29034423828125,149.75546264648438
533,4,600.2688598632812,198.63995361328125,62.11114501953125,138.71469116210938
533,6,423.8151550292969,200.1119842529297,71.17575073242188,148.6261444091797
534,4,601.034912109375,200.78358459472656,63.38525390625,141.09532165527344
534,6,416.22418212890625,202.08047485351562,78.51004028320312,146.5167236328125
535,4,601.8472290039062,201.60433959960938,64.21722412109375,141.06149291992188
535,6,411.309814453125,201.88677978515625,81.47567749023438,147.4931640625
536,4,603.468994140625,203.49111938476562,65.04241943359375,139.93582153320312
536,6,410.22515869140625,202.06153869628906,79.57809448242188,149.0020294189453
537,4,605.3180541992188,203.8662109375,64.28436279296875,142.31573486328125
537,6,408.8807373046875,200.8935089111328,74.24807739257812,149.9954376220703
538,4,607.6222534179688,203.42230224609375,63.7303466796875,143.63763427734375
538,6,406.9085693359375,201.77516174316406,65.48150634765625,149.03529357910156
539,4,608.6546020507812,202.6442108154297,64.1392822265625,144.41688537597656
539,6,402.1893615722656,199.16195678710938,59.292388916015625,152.17636108398438
540,4,610.032470703125,201.82620239257812,65.00640869140625,145.51702880859375
540,6,399.00006103515625,197.400390625,44.26983642578125,152.68716430664062
541,4,612.1444091796875,201.43829345703125,64.36395263671875,145.70321655273438
541,6,393.9538269042969,196.40298461914062,42.81854248046875,154.3135986328125
542,4,616.6168823242188,201.32241821289062,60.375244140625,145.63272094726562
542,6,389.8330383300781,196.39691162109375,44.359039306640625,154.2816162109375
543,4,622.3861083984375,201.01551818847656,56.3843994140625,146.02931213378906
543,6,376.5607604980469,197.31983947753906,57.8477783203125,153.3609161376953
544,4,628.7528686523438,201.29566955566406,50.75408935546875,146.3334503173828
544,6,360.0067443847656,199.55679321289062,73.29385375976562,150.87338256835938
545,4,631.2835693359375,202.33056640625,48.70654296875,146.24002075195312
545,6,349.5570068359375,201.85520935058594,83.22763061523438,148.8490753173828
546,4,634.1744995117188,203.93809509277344,47.1483154296875,150.3165740966797
546,6,344.45904541015625,201.24562072753906,88.65902709960938,150.2571563720703
547,4,636.3629150390625,206.04830932617188,48.65704345703125,151.22332763671875
547,6,342.30419921875,200.98748779296875,88.430908203125,151.03790283203125
548,4,637.013427734375,207.92897033691406,50.22906494140625,150.96730041503906
548,6,340.5964660644531,200.98739624023438,86.37911987304688,151.0372314453125
549,4,638.6262817382812,208.5421600341797,49.23455810546875,152.68751525878906
549,6,339.400146484375,200.9056396484375,79.16757202148438,150.8853759765625
550,4,638.8434448242188,209.56419372558594,51.3526611328125,155.32679748535156
550,6,338.0289611816406,199.59332275390625,68.79379272460938,152.20654296875
551,4,639.1099853515625,210.505615234375,52.963623046875,157.33200073242188
551,6,335.3440246582031,198.1884307861328,59.20111083984375,154.9477996826172
552,4,639.3118896484375,210.48626708984375,55.87255859375,156.80245971679688
552,6,331.6383361816406,197.4322052001953,50.4822998046875,155.89015197753906
553,4,640.8237915039062,211.44854736328125,56.4814453125,156.2698974609375
553,6,326.7707824707031,197.36318969726562,42.050079345703125,157.33340454101562
554,4,644.3076782226562,210.821044921875,57.1934814453125,156.77667236328125
554,6,320.9118347167969,196.76051330566406,46.326385498046875,159.07679748535156
555,4,647.8984375,211.0654754638672,55.57635498046875,157.43702697753906
555,6,307.412109375,197.92930603027344,59.41754150390625,158.1355743408203
556,4,652.9400634765625,211.92843627929688,54.097412109375,157.63882446289062
556,6,291.0762023925781,199.17459106445312,75.34600830078125,155.619140625
557,4,655.552490234375,212.60890197753906,53.50250244140625,156.73231506347656
557,6,280.7768859863281,199.91172790527344,84.95919799804688,152.6414337158203
558,4,654.7329711914062,207.94674682617188,60.509521484375,162.31716918945312
558,6,275.33929443359375,201.5001220703125,89.666259765625,152.08029174804688
559,4,653.553955078125,207.8428955078125,64.21356201171875,168.20962524414062
559,6,271.97589111328125,201.8727569580078,91.11331176757812,153.5636749267578
560,4,653.1090087890625,209.37545776367188,66.00299072265625,171.83038330078125
560,6,270.67645263671875,201.65248107910156,88.58367919921875,154.69554138183594
561,4,653.2388305664062,218.71572875976562,67.52545166015625,167.63986206054688
561,6,270.2578430175781,202.44717407226562,79.2694091796875,154.35488891601562
562,4,653.9482421875,221.3701171875,69.15863037109375,166.39962768554688
562,6,270.5290222167969,200.99557495117188,69.525634765625,155.21893310546875
563,4,653.9913940429688,223.0952911376953,72.423095703125,168.81446838378906
563,6,265.66937255859375,199.63143920898438,62.61578369140625,156.89834594726562
564,4,655.472900390625,224.33494567871094,74.07586669921875,169.2183074951172
564,6,260.356201171875,198.3465118408203,54.105194091796875,158.7817840576172
565,4,657.7658081054688,224.91079711914062,74.1983642578125,170.13687133789062
565,6,255.2380828857422,197.8775177001953,44.20692443847656,158.19309997558594
566,4,661.7627563476562,225.44740295410156,73.39337158203125,169.63304138183594
566,6,250.91880798339844,197.49008178710938,47.89750671386719,157.94747924804688
567,4,665.4681396484375,224.2513885498047,71.73651123046875,170.93992614746094
567,6,241.27000427246094,197.50929260253906,56.40080261230469,158.3154754638672
568,4,672.8471069335938,223.2351837158203,66.51312255859375,172.6216583251953
568,6,228.16136169433594,199.34422302246094,68.94639587402344,156.5480194091797
569,4,680.4940185546875,223.8590850830078,61.5899658203125,171.7138214111328
569,6,217.5272216796875,200.42735290527344,78.83993530273438,155.52391052246094
570,4,689.2949829101562,224.39898681640625,55.88262939453125,170.25747680664062
570,6,206.84490966796875,202.09365844726562,88.30691528320312,153.97625732421875
571,4,691.6176147460938,225.2932891845703,55.5733642578125,168.8105010986328
571,6,204.01084899902344,203.0785675048828,90.27134704589844,153.21339416503906
572,4,693.4332885742188,226.46771240234375,55.15509033203125,172.37860107421875
572,6,203.36366271972656,203.54896545410156,86.86518859863281,153.00465393066406
573,4,696.0740966796875,228.21495056152344,56.0377197265625,174.7312774658203
573,6,202.48568725585938,201.70494079589844,77.97525024414062,154.38536071777344
574,4,696.9801025390625,230.37989807128906,60.17767333984375,178.1770782470703
574,6,200.27452087402344,201.0586700439453,68.85350036621094,154.4061737060547
575,4,697.5620727539062,232.27120971679688,65.5509033203125,178.91549682617188
575,6,196.5146484375,200.0182647705078,57.81190490722656,156.6648712158203
576,4,697.4908447265625,234.93600463867188,67.46478271484375,179.1455078125
576,6,190.3369140625,197.8658905029297,53.78059387207031,159.1387176513672
577,4,697.4802856445312,236.472900390625,68.67291259765625,182.36676025390625
577,6,187.41070556640625,197.7859344482422,43.28010559082031,159.4056854248047
578,4,698.1471557617188,237.26377868652344,71.9361572265625,186.28187561035156
578,6,182.31649780273438,198.18995666503906,47.21858215332031,158.4797821044922
579,4,700.5136108398438,237.91717529296875,74.5609130859375,186.69039916992188
579,6,168.93411254882812,199.07489013671875,60.38575744628906,158.61111450195312
580,4,702.3854370117188,238.60792541503906,77.42657470703125,185.9020233154297
580,6,152.92787170410156,200.03616333007812,76.02540588378906,156.33145141601562
581,4,707.8239135742188,239.08871459960938,76.343017578125,185.62210083007812
581,6,142.07505798339844,202.1116943359375,86.77534484863281,153.66064453125
582,4,714.89892578125,239.6492919921875,73.65576171875,184.63095092773438
582,6,138.219970703125,203.6477508544922,90.685791015625,152.51744079589844
583,4,722.1483154296875,239.79176330566406,69.609130859375,185.37342834472656
583,6,136.4441375732422,204.5017547607422,91.20315551757812,152.00782775878906
584,4,732.6881103515625,240.42054748535156,61.5450439453125,184.9674530029297
584,6,135.3241729736328,204.2760009765625,85.54856872558594,152.43655395507812
585,4,734.2086791992188,240.56907653808594,64.47265625,187.99595642089844
585,6,134.727783203125,203.4588165283203,79.30995178222656,152.9267120361328
586,4,733.8898315429688,242.6531219482422,68.3243408203125,194.80137634277344
586,6,131.9800262451172,202.29725646972656,73.28509521484375,153.9795684814453
587,4,734.719482421875,244.990234375,71.9461669921875,197.09317016601562
587,6,127.09315490722656,201.22549438476562,63.522613525390625,155.10284423828125
588,4,734.4786376953125,249.2431640625,76.457763671875,194.25534057617188
588,6,119.70980834960938,199.78262329101562,59.3897705078125,156.55801391601562
589,4,734.5736083984375,252.07778930664062,81.62066650390625,197.329345703125
589,6,116.49528503417969,198.4930877685547,51.1361083984375,157.9629364013672
590,4,736.1029663085938,254.9697723388672,84.86004638671875,196.8185577392578
590,6,112.72279357910156,198.74664306640625,49.577789306640625,158.332275390625
591,4,739.419921875,256.1025390625,85.09515380859375,200.962646484375
591,6,107.05643463134766,198.27001953125,54.33051300048828,157.9501953125
592,4,741.4363403320312,256.7163391113281,88.20220947265625,205.165283203125
592,6,101.05118560791016,197.9434814453125,60.675743103027344,158.38546752929688
593,4,746.9450073242188,258.806396484375,86.56085205078125,203.38516235351562
593,6,89.44949340820312,201.5084686279297,71.75938415527344,154.8411102294922
594,4,752.9695434570312,257.9295349121094,83.770263671875,204.61920166015625
594,6,83.60884857177734,203.4685516357422,77.19315338134766,153.18858337402344
595,4,761.4876708984375,257.0187072753906,80.1458740234375,205.55902099609375
595,6,80.41738891601562,202.7108154296875,77.88236999511719,153.53421020507812
596,4,771.1624145507812,255.7554168701172,72.61834716796875,206.92198181152344
596,6,79.6368179321289,203.05401611328125,73.59552764892578,152.34683227539062
597,4,781.4691162109375,255.4741973876953,65.95465087890625,206.9513702392578
597,6,77.39598083496094,201.46392822265625,65.94755554199219,152.930419921875
598,4,783.8958129882812,255.97816467285156,70.26690673828125,206.87046813964844
598,6,75.43396759033203,201.1924591064453,58.06452178955078,152.90428161621094
599,4,784.5419311523438,257.24249267578125,69.8345947265625,207.54605102539062
599,6,69.4331283569336,199.96206665039062,51.811309814453125,152.37301635742188
