0,1,6.19691276550293,318.5274658203125,92.89903450012207,159.06088256835938
0,2,48.5314826965332,392.4943542480469,64.67380905151367,85.0892333984375
1,1,25.742942810058594,320.0550537109375,85.7889633178711,156.80645751953125
1,2,59.86260986328125,388.4237365722656,70.4178466796875,90.0601806640625
2,1,39.45076370239258,319.43511962890625,84.28126907348633,157.30255126953125
2,2,69.57398986816406,387.6205749511719,74.89810180664062,90.77490234375
3,1,54.91111755371094,319.9027404785156,81.70030212402344,154.5809326171875
3,2,84.17874145507812,388.64324951171875,74.05693054199219,89.73562622070312
4,1,65.342041015625,317.87640380859375,82.6495361328125,158.79595947265625
4,2,99.85941314697266,390.5567626953125,73.51905059814453,87.83050537109375
5,1,80.4578628540039,316.6343994140625,78.73883819580078,159.365234375
5,2,112.22110748291016,392.7247314453125,76.59149932861328,85.448486328125
6,1,93.71832275390625,315.5345458984375,76.41830444335938,159.00006103515625
6,2,125.8839111328125,393.3270568847656,80.52796936035156,85.1429443359375
7,1,75.3398666381836,309.26995849609375,105.8814926147461,168.20907592773438
7,2,154.1891326904297,392.1334533691406,67.57693481445312,86.09365844726562
8,1,91.7359619140625,304.6673889160156,99.53355407714844,172.7281494140625
8,2,168.25057983398438,388.92095947265625,70.37054443359375,89.32278442382812
9,1,105.99085235595703,302.5984802246094,95.85308074951172,173.83834838867188
9,2,183.76344299316406,386.2597351074219,70.68304443359375,92.42724609375
10,1,117.13782501220703,301.645263671875,94.25841522216797,175.542236328125
10,2,197.07728576660156,382.2928466796875,70.66291809082031,96.49307250976562
11,1,126.64579772949219,298.9579772949219,96.63072204589844,177.83084106445312
11,2,207.6753387451172,377.9463806152344,76.07298278808594,100.66305541992188
12,1,159.91201782226562,294.9360046386719,72.39407348632812,181.369384765625
12,2,221.35659790039062,372.4544372558594,76.3668212890625,105.4691162109375
13,1,175.40281677246094,300.699951171875,66.19871520996094,174.93759155273438
13,2,233.29237365722656,368.9503479003906,77.98982238769531,109.43875122070312
14,1,186.08253479003906,300.2333679199219,70.28199768066406,174.97097778320312
14,2,235.5030059814453,366.7099304199219,87.06355285644531,111.47503662109375
15,1,195.46873474121094,299.69207763671875,77.44966125488281,176.34100341796875
15,2,248.59103393554688,367.7364501953125,87.89797973632812,110.6729736328125
16,1,211.59744262695312,294.97662353515625,80.65240478515625,181.80319213867188
16,2,262.30194091796875,370.3705749511719,89.7064208984375,107.72354125976562
17,1,226.11380004882812,293.06500244140625,81.61044311523438,183.42666625976562
17,2,277.7326965332031,372.0855712890625,89.44235229492188,106.20864868164062
18,1,230.67750549316406,293.63165283203125,96.07298278808594,183.38394165039062
18,2,293.97918701171875,373.2817687988281,88.23757934570312,105.03628540039062
19,1,243.82066345214844,290.94744873046875,99.69056701660156,186.64306640625
19,2,317.1820068359375,373.2640380859375,80.5478515625,105.48709106445312
20,1,259.0279541015625,289.6474304199219,92.92025756835938,187.30715942382812
20,2,326.7104797363281,371.0597839355469,87.23587036132812,107.34451293945312
21,1,270.3990173339844,287.0643615722656,82.34823608398438,189.81427001953125
21,2,339.8256530761719,367.9581298828125,87.89138793945312,110.03826904296875
22,1,281.91400146484375,284.75811767578125,72.63082885742188,192.46908569335938
22,2,351.99371337890625,364.161865234375,87.97305297851562,113.995361328125
23,1,288.71014404296875,282.287841796875,77.0284423828125,194.98397827148438
23,2,363.165283203125,359.6064453125,90.56948852539062,118.3470458984375
24,1,302.9703674316406,281.7466735839844,75.13888549804688,195.82073974609375
24,2,375.2565612792969,355.6422119140625,90.7059326171875,122.30288696289062
25,1,311.6039123535156,281.3992004394531,79.2470703125,195.05230712890625
25,2,387.6455078125,352.3750305175781,90.54739379882812,125.571533203125
26,1,325.68353271484375,282.1491394042969,76.34164428710938,195.04998779296875
26,2,400.0638122558594,350.83978271484375,90.03012084960938,126.93603515625
27,1,333.25640869140625,281.7436218261719,81.16143798828125,195.03067016601562
27,2,411.5257263183594,350.9133605957031,90.01776123046875,127.16317749023438
28,1,324.5169982910156,282.31585693359375,101.12387084960938,194.656982421875
28,2,424.1057434082031,352.23870849609375,89.91806030273438,125.85031127929688
29,1,318.53997802734375,280.8935852050781,119.75418090820312,196.022216796875
29,2,436.91864013671875,353.6663513183594,89.98492431640625,124.62564086914062
30,1,326.8646545410156,279.8294372558594,120.53109741210938,198.24862670898438
30,2,448.8992004394531,354.41387939453125,90.68112182617188,123.97323608398438
31,1,340.22821044921875,278.1605224609375,112.61099243164062,198.72894287109375
31,2,459.9141540527344,354.2712707519531,92.28494262695312,124.15557861328125
32,1,366.01068115234375,273.8398132324219,98.4923095703125,203.84698486328125
32,2,472.5851745605469,351.0055236816406,90.97671508789062,127.0404052734375
33,1,398.80291748046875,271.8815612792969,78.07901000976562,205.01315307617188
33,2,480.60736083984375,348.72430419921875,94.28021240234375,130.10183715820312
34,1,411.8385314941406,267.8360900878906,78.58987426757812,209.39935302734375
34,2,494.85760498046875,344.65655517578125,90.8123779296875,133.22216796875
35,1,419.3068542480469,267.66064453125,82.82931518554688,208.71298217773438
35,2,500.5730895996094,339.2542419433594,95.87789916992188,138.82098388671875
36,1,431.9107666015625,267.6569519042969,81.33966064453125,209.55413818359375
36,2,517.4520263671875,334.26031494140625,89.585693359375,142.78860473632812
37,1,438.8238830566406,266.453125,85.25277709960938,209.82122802734375
37,2,537.469482421875,330.4281311035156,79.7664794921875,146.4990234375
38,1,444.8138732910156,267.30743408203125,88.65005493164062,209.2550048828125
38,2,545.6016235351562,329.4452209472656,81.3599853515625,147.87765502929688
39,1,455.7451477050781,268.5904235839844,85.01437377929688,207.8707275390625
39,2,553.2176513671875,329.7956237792969,83.413330078125,147.4747314453125
40,1,461.0803527832031,270.1457824707031,89.06045532226562,205.99038696289062
40,2,564.0994262695312,331.1950378417969,81.5841064453125,145.87680053710938
41,1,466.41253662109375,270.84368896484375,97.4945068359375,205.70236206054688
41,2,572.2192993164062,332.9674377441406,82.8177490234375,144.01956176757812
42,1,474.10662841796875,271.309326171875,100.756103515625,204.43154907226562
42,2,582.3438110351562,332.93133544921875,81.9854736328125,144.4976806640625
43,1,485.6470947265625,270.95172119140625,95.65716552734375,205.58294677734375
43,2,593.6138916015625,332.7244873046875,80.677490234375,144.76724243164062
44,1,497.6190490722656,269.3098449707031,88.38070678710938,207.21072387695312
44,2,606.4095458984375,330.765625,77.5118408203125,146.04736328125
45,1,513.9622192382812,267.6463928222656,80.6754150390625,209.16415405273438
45,2,609.7010498046875,327.63201904296875,82.7620849609375,150.16812133789062
46,1,529.0701293945312,266.5570983886719,76.76544189453125,210.42166137695312
46,2,620.6547241210938,325.2882080078125,80.50457763671875,152.75509643554688
47,1,540.77978515625,262.6686096191406,75.1553955078125,214.61907958984375
47,2,628.6633911132812,320.8946838378906,80.1531982421875,156.5576171875
48,1,546.9125366210938,261.67718505859375,78.177490234375,216.00527954101562
48,2,631.0245971679688,315.7671813964844,84.93218994140625,161.3365478515625
49,2,639.70263671875,312.81024169921875,84.7265625,165.39947509765625
49,1,553.939697265625,261.9918518066406,80.78668212890625,214.66036987304688
50,1,553.2490234375,263.0476379394531,89.26055908203125,213.74636840820312
50,2,650.6507568359375,311.3733825683594,87.02276611328125,165.46340942382812
51,1,559.530029296875,262.045166015625,88.20404052734375,215.26251220703125
51,2,657.6243896484375,311.1909484863281,90.53582763671875,166.77352905273438
52,1,548.637451171875,262.84124755859375,106.50921630859375,214.65036010742188
52,2,661.8399658203125,311.57818603515625,94.7491455078125,165.8138427734375
53,1,553.6296997070312,263.3848571777344,107.314697265625,213.48162841796875
53,2,669.1688842773438,312.9515380859375,84.57012939453125,164.44705200195312
54,1,563.3975830078125,263.39862060546875,103.6114501953125,213.96792602539062
54,2,676.407470703125,313.80615234375,94.43096923828125,163.24282836914062
55,1,576.3302001953125,262.29779052734375,99.69061279296875,214.35455322265625
55,2,684.4166870117188,312.5725402832031,90.40960693359375,164.48086547851562
56,1,590.5244750976562,261.49658203125,94.21026611328125,215.56216430664062
56,2,692.1604614257812,309.8790588378906,89.73297119140625,167.31005859375
57,1,608.4373779296875,258.88525390625,86.3209228515625,218.76321411132812
57,2,696.8341064453125,308.4010009765625,88.52642822265625,169.52340698242188
58,1,626.2968139648438,256.9232177734375,77.2518310546875,220.07376098632812
58,2,703.0723876953125,305.2027893066406,82.88665771484375,172.26629638671875
59,1,637.6005249023438,255.18336486816406,72.639892578125,223.0848846435547
59,2,711.6322631835938,300.8172607421875,74.95452880859375,176.946533203125
60,1,642.1666870117188,253.77232360839844,75.23040771484375,224.38710021972656
60,2,718.5773315429688,297.51788330078125,73.4232177734375,180.32064819335938
61,1,643.793212890625,252.7738037109375,81.448486328125,224.5841064453125
61,2,725.04541015625,294.698486328125,73.06011962890625,183.26998901367188
62,1,644.8400268554688,254.2596893310547,86.3433837890625,223.66908264160156
62,2,730.489501953125,293.82806396484375,72.796630859375,184.40667724609375
63,1,646.8351440429688,254.6541748046875,90.80657958984375,222.79833984375
63,2,732.0086669921875,294.4515075683594,76.36517333984375,182.97274780273438
64,1,646.8156127929688,256.5227966308594,97.9111328125,220.58154296875
64,2,735.73193359375,296.3951416015625,78.8927001953125,181.01443481445312
65,1,646.5306396484375,257.46527099609375,105.77276611328125,220.52056884765625
65,2,737.8228149414062,297.3305969238281,83.125,179.55120849609375
66,1,652.1721801757812,257.0101318359375,105.6783447265625,221.17947387695312
66,2,739.420654296875,298.2145690917969,87.07952880859375,179.53170776367188
67,1,659.4295654296875,257.4189758300781,106.8330078125,220.84344482421875
67,2,743.3463134765625,297.2287292480469,89.04608154296875,181.02755737304688
68,1,661.9933471679688,256.409912109375,112.15643310546875,221.392333984375
68,2,749.3546142578125,294.8212890625,92.90887451171875,182.69488525390625
69,1,676.317138671875,254.0133819580078,104.96240234375,223.48155212402344
69,2,756.979736328125,294.5705871582031,91.31689453125,183.48519897460938
70,1,691.66650390625,252.21383666992188,95.946044921875,225.52035522460938
70,2,762.2089233398438,291.52911376953125,90.4263916015625,185.53109741210938
71,1,707.136474609375,251.2982940673828,86.45538330078125,226.56968688964844
71,2,773.44189453125,286.88787841796875,81.4998779296875,190.71499633789062
72,1,721.3628540039062,249.3389892578125,78.35540771484375,228.55398559570312
72,2,781.7412109375,283.6333312988281,73.54376220703125,194.0035400390625
73,1,732.2799682617188,248.78387451171875,71.98095703125,228.40737915039062
73,2,789.9043579101562,281.5251159667969,65.66400146484375,196.87136840820312
74,1,721.9484252929688,248.29757690429688,86.7662353515625,230.19989013671875
74,2,801.5086059570312,281.2076416015625,53.93988037109375,196.44378662109375
75,1,720.3519897460938,248.72921752929688,92.99462890625,229.66986083984375
75,2,808.8580932617188,280.92547607421875,46.733154296875,196.45111083984375
76,1,721.9186401367188,249.07400512695312,96.2349853515625,228.53021240234375
76,2,810.1746215820312,283.1004638671875,45.40740966796875,193.38272094726562
77,1,725.8040771484375,248.9265594482422,98.33563232421875,228.6267852783203
77,2,810.9061889648438,286.5218505859375,44.63189697265625,189.96746826171875
78,1,729.8876953125,249.27609252929688,99.109375,227.62808227539062
78,2,813.9683837890625,292.85809326171875,41.90496826171875,185.38406372070312
79,1,736.2066040039062,248.74391174316406,96.34442138671875,229.0699920654297
79,2,816.2984008789062,304.0771179199219,39.50689697265625,175.333984375
79,3,820.4376220703125,303.0799865722656,34.59326171875,103.69354248046875
80,1,743.3369750976562,248.13087463378906,94.840576171875,228.7086944580078
80,2,816.533447265625,306.0318908691406,39.152587890625,173.73687744140625
81,1,751.7598876953125,247.0044403076172,92.45599365234375,231.3251495361328
81,2,819.3458251953125,305.63568115234375,36.21551513671875,173.86233520507812
81,3,818.3157958984375,394.4292907714844,37.32440185546875,84.42138671875
82,1,763.2071533203125,244.9009246826172,88.0245361328125,228.22264099121094
82,2,828.0790405273438,306.0760498046875,27.78070068359375,170.78073120117188
83,1,776.3026123046875,242.62379455566406,78.42254638671875,226.11634826660156
84,1,791.1677856445312,241.36038208007812,64.38616943359375,230.54391479492188
85,1,792.3097534179688,241.561767578125,63.15411376953125,230.4312744140625
86,1,792.2784423828125,241.2315216064453,63.1854248046875,228.49095153808594
87,1,792.0158081054688,241.7177276611328,63.47802734375,229.34205627441406
88,1,791.6033325195312,242.8894500732422,63.92730712890625,231.59886169433594
89,1,793.1445922851562,244.87847900390625,62.2957763671875,229.038330078125
90,1,793.966552734375,246.16429138183594,61.4176025390625,226.79335021972656
91,1,795.798583984375,249.94908142089844,59.57098388671875,218.11936950683594
92,1,801.6348876953125,278.6189270019531,53.99798583984375,183.52545166015625
93,1,809.5941162109375,280.52313232421875,45.95989990234375,178.84893798828125
94,1,819.0479736328125,277.1716003417969,36.5185546875,172.21847534179688
95,1,829.9591064453125,277.1012878417969,25.868408203125,168.13995361328125
98,1,834.642822265625,295.5952453613281,20.82269287109375,114.4847412109375
99,1,834.489990234375,300.2572326660156,21.0836181640625,109.692626953125
100,1,834.1156616210938,299.5855407714844,21.46234130859375,110.05352783203125
101,1,834.89404296875,300.77740478515625,20.50592041015625,108.46835327148438
102,1,834.402099609375,307.1440124511719,21.15887451171875,101.92333984375
165,4,0.0,324.7504577636719,21.036245346069336,27.392578125
166,5,151.48828125,119.33143615722656,11.305953979492188,24.874237060546875
166,4,0.16522063314914703,313.28350830078125,28.317546471953392,43.816314697265625
167,4,0.13220329582691193,306.52532958984375,30.84994201362133,48.470489501953125
168,4,0.21636976301670074,238.0654296875,31.86312471330166,120.52252197265625
169,4,0.024401070550084114,239.76229858398438,33.41820680908859,116.3536376953125
170,5,154.59033203125,116.31105041503906,11.435791015625,28.123077392578125
170,4,0.0,239.03709411621094,35.003116607666016,118.89927673339844
171,4,0.11151658743619919,206.7848358154297,31.68899381905794,155.45591735839844
172,4,0.07269299775362015,207.99685668945312,31.250913493335247,149.05264282226562
172,5,155.2451629638672,115.67738342285156,11.629165649414062,28.455123901367188
172,6,0.18851707875728607,287.1396179199219,15.453904643654823,91.1063232421875
173,4,0.0923209935426712,209.5274658203125,34.75350038707256,147.10635375976562
173,6,0.05357839912176132,273.6656188964844,15.984448410570621,103.192626953125
174,4,0.0,227.21856689453125,19.838764190673828,152.67913818359375
175,4,0.0,204.46897888183594,29.068891525268555,177.0705108642578
176,4,0.10469117760658264,203.6238250732422,44.18223890662193,176.58885192871094
177,4,0.011852312833070755,201.04351806640625,60.433429669588804,175.21173095703125
178,4,21.901357650756836,215.0456085205078,54.23776435852051,137.94346618652344
179,4,0.2735649645328522,204.14794921875,83.22441324591637,174.32522583007812
179,5,159.4808807373047,117.971435546875,12.48907470703125,26.700057983398438
180,4,0.34552833437919617,204.4208526611328,86.66759422421455,174.0771026611328
180,5,160.15478515625,117.67577362060547,12.844757080078125,26.749366760253906
181,4,0.19393302500247955,205.24916076660156,88.61714027822018,172.66319274902344
181,5,160.54598999023438,117.6816635131836,12.78411865234375,26.478721618652344
182,4,1.8101129531860352,205.33387756347656,87.57623195648193,172.63145446777344
182,5,161.58392333984375,117.9000015258789,13.250137329101562,26.00157928466797
183,4,12.44521713256836,204.08909606933594,77.22916793823242,172.51393127441406
183,5,162.35694885253906,118.43702697753906,12.64385986328125,25.368011474609375
184,4,22.590604782104492,203.4585418701172,65.78940773010254,173.15113830566406
184,5,163.4875946044922,118.15850830078125,12.14324951171875,25.636306762695312
185,4,34.87839126586914,200.83522033691406,53.63314437866211,177.47987365722656
186,4,44.800289154052734,198.7000732421875,49.9163932800293,178.70703125
187,4,50.26471710205078,197.6685791015625,49.54017639160156,179.62448120117188
188,4,53.089176177978516,197.03684997558594,50.86753463745117,181.0745391845703
189,4,56.952125549316406,198.13339233398438,59.81037139892578,179.41879272460938
190,4,58.47795486450195,197.8167724609375,75.11075973510742,178.51300048828125
191,4,59.22085952758789,199.7718048095703,86.91721725463867,176.30580139160156
192,4,59.86505126953125,199.46380615234375,92.46916198730469,177.150634765625
193,4,62.74653244018555,200.1833953857422,94.22212600708008,177.15513610839844
194,4,66.52855682373047,200.40631103515625,91.4572982788086,175.64566040039062
195,4,74.84656524658203,200.58750915527344,85.31880950927734,174.56105041503906
196,4,79.08940124511719,199.29774475097656,80.95597839355469,172.9302215576172
197,4,84.39555358886719,197.46392822265625,75.64274597167969,173.17922973632812
198,4,94.72090911865234,195.35069274902344,64.60291290283203,174.4461212158203
199,4,106.1147232055664,195.06085205078125,56.697532653808594,173.97860717773438
200,4,114.36164855957031,194.74087524414062,55.81219482421875,175.71044921875
201,4,123.91371154785156,193.30337524414062,58.804931640625,177.00234985351562
202,4,128.42869567871094,194.1548614501953,66.67324829101562,174.2396697998047
203,4,129.53631591796875,194.72479248046875,81.71697998046875,172.65740966796875
204,4,129.55494689941406,195.2998504638672,93.49696350097656,171.84889221191406
205,4,130.8553466796875,196.86746215820312,99.0850830078125,169.37393188476562
205,7,142.555908203125,200.17308044433594,28.592926025390625,106.34202575683594
206,4,133.5660400390625,198.22496032714844,99.55029296875,167.52711486816406
206,7,134.00540161132812,198.9159698486328,43.883636474609375,157.79380798339844
207,4,136.93063354492188,198.21092224121094,98.60594177246094,167.43849182128906
207,7,140.21002197265625,199.810791015625,43.16313171386719,148.73382568359375
208,4,143.4618682861328,199.10092163085938,93.03245544433594,167.18692016601562
208,7,138.815673828125,201.4197235107422,49.29248046875,146.73585510253906
209,4,155.40017700195312,197.97625732421875,81.4864501953125,166.4085693359375
209,7,145.9078826904297,198.59420776367188,48.371185302734375,150.41708374023438
210,4,168.199951171875,195.9817657470703,69.34480285644531,168.52525329589844
210,7,151.04177856445312,199.3675537109375,48.104034423828125,147.6734619140625
211,4,178.48934936523438,193.3708038330078,57.85765075683594,171.08216857910156
211,7,159.4287109375,198.411865234375,46.97746276855469,145.43472290039062
212,4,169.24684143066406,194.14974975585938,66.5457763671875,170.96920776367188
212,7,180.9637451171875,198.82716369628906,30.542205810546875,118.69166564941406
213,4,181.4618377685547,192.40316772460938,63.36814880371094,172.70913696289062
213,7,185.4897918701172,198.32925415039062,31.338592529296875,123.04025268554688
214,4,205.53976440429688,192.1886749267578,52.721405029296875,173.04820251464844
214,7,190.70962524414062,195.13754272460938,31.032424926757812,146.25494384765625
215,4,208.14224243164062,192.57666015625,64.43939208984375,171.81924438476562
215,7,195.01800537109375,195.36587524414062,33.03068542480469,146.05679321289062
216,4,208.79342651367188,193.46484375,72.78570556640625,170.8096923828125
216,7,198.4679718017578,194.75875854492188,35.65162658691406,147.70272827148438
217,4,209.1548614501953,192.9342041015625,83.23027038574219,170.60198974609375
217,7,204.1857452392578,194.64833068847656,34.76316833496094,149.03111267089844
218,4,209.99169921875,194.0772705078125,89.25079345703125,170.47235107421875
218,7,206.0149688720703,195.51039123535156,40.19268798828125,148.2290802001953
219,4,210.85400390625,195.8717041015625,93.87625122070312,168.34603881835938
219,7,206.32913208007812,196.9628143310547,44.662078857421875,144.96412658691406
220,4,214.67153930664062,195.06932067871094,95.7818603515625,168.01527404785156
220,7,206.1126251220703,197.0257110595703,50.45054626464844,145.66490173339844
221,4,225.5955047607422,194.77957153320312,89.33949279785156,167.23342895507812
221,7,206.33963012695312,196.794921875,54.778533935546875,145.73873901367188
222,4,235.00198364257812,193.66322326660156,81.53897094726562,164.43019104003906
222,7,208.892578125,196.60296630859375,57.30584716796875,145.89767456054688
223,7,215.87071228027344,196.30770874023438,54.11247253417969,146.79281616210938
223,4,245.1989288330078,192.49996948242188,72.34599304199219,163.55337524414062
224,4,260.62786865234375,191.4824981689453,53.008331298828125,164.44602966308594
224,7,225.8165283203125,194.6832733154297,52.023223876953125,155.08116149902344
225,7,238.6213836669922,194.4945068359375,42.22746276855469,151.40731811523438
225,4,269.1865539550781,190.88534545898438,43.16571044921875,165.28155517578125
226,4,275.4349365234375,189.5467529296875,43.560272216796875,166.894287109375
226,7,245.4831085205078,194.6439208984375,42.43904113769531,141.68905639648438
227,4,277.2284851074219,190.7976531982422,47.62579345703125,165.73497009277344
227,7,256.99609375,194.0760498046875,34.400054931640625,130.80221557617188
228,4,279.3957214355469,191.68270874023438,58.09228515625,163.08975219726562
228,7,262.30230712890625,192.9383544921875,34.703338623046875,141.42254638671875
229,4,279.58843994140625,190.67137145996094,73.45083618164062,163.00465393066406
229,7,267.16253662109375,192.23667907714844,34.82122802734375,142.1552276611328
230,4,279.12310791015625,192.86036682128906,86.59860229492188,160.8021697998047
230,7,268.17596435546875,192.86376953125,39.10791015625,139.89077758789062
231,4,279.00775146484375,193.3402557373047,89.68292236328125,160.5651092529297
231,7,266.8926086425781,194.11380004882812,45.802032470703125,138.49151611328125
232,4,280.4625549316406,194.24468994140625,88.491943359375,159.26885986328125
232,7,267.06787109375,195.30491638183594,51.014068603515625,135.80213928222656
233,4,282.92803955078125,193.42352294921875,89.5704345703125,158.8203125
233,7,268.7210388183594,194.69314575195312,55.522979736328125,137.17782592773438
234,4,291.6468505859375,192.26254272460938,81.27395629882812,159.019775390625
234,7,269.1800231933594,195.30197143554688,65.58120727539062,136.64688110351562
235,7,272.37005615234375,195.60247802734375,64.46771240234375,138.3426513671875
235,4,300.50482177734375,192.9884033203125,72.493408203125,157.0634765625
236,7,280.6924133300781,194.74314880371094,59.835235595703125,136.2777862548828
236,4,309.6013488769531,193.03646850585938,63.423919677734375,154.83538818359375
237,7,289.0602722167969,193.0387725830078,55.439788818359375,135.93226623535156
237,4,321.8550109863281,188.24057006835938,52.737152099609375,159.16091918945312
238,4,334.5294494628906,186.78952026367188,44.774658203125,160.6007080078125
238,7,299.1034851074219,194.00518798828125,51.999664306640625,134.61920166015625
239,4,344.2157897949219,186.6011199951172,45.14959716796875,161.94032287597656
239,7,311.1644592285156,192.6294403076172,43.259674072265625,132.86622619628906
240,4,345.8248291015625,187.78933715820312,55.650115966796875,161.28546142578125
240,7,322.3082275390625,191.21705627441406,36.111114501953125,136.8453826904297
241,4,348.7640380859375,186.9052276611328,66.7242431640625,162.52928161621094
241,7,327.2231750488281,190.36724853515625,35.941986083984375,139.95516967773438
242,4,347.0617980957031,187.2459716796875,78.88330078125,162.087890625
242,7,331.95574951171875,191.11756896972656,35.892974853515625,137.83058166503906
243,4,347.05584716796875,188.6295928955078,85.93585205078125,160.9151153564453
243,7,331.54876708984375,191.2779083251953,41.217010498046875,137.39146423339844
244,4,348.8758850097656,189.6531982421875,92.02301025390625,160.44647216796875
244,7,331.98388671875,192.6158905029297,45.855926513671875,135.8889923095703
245,4,351.74920654296875,190.2379150390625,94.3072509765625,159.54824829101562
245,7,333.5058288574219,192.716796875,49.651214599609375,134.73345947265625
246,4,357.618408203125,189.980712890625,92.42367553710938,156.65460205078125
246,7,333.80975341796875,191.87081909179688,55.16314697265625,136.539794921875
247,4,365.4355773925781,188.7460479736328,88.23843383789062,158.00367736816406
247,7,335.07659912109375,192.51461791992188,59.202239990234375,136.05133056640625
248,4,373.8174133300781,189.33326721191406,78.87738037109375,154.4568328857422
248,7,340.10064697265625,191.79541015625,57.31195068359375,138.02084350585938
249,4,385.97613525390625,185.5018310546875,65.14468383789062,153.18414306640625
249,7,349.8953857421875,191.68191528320312,50.7147216796875,138.65191650390625
250,4,393.207275390625,185.38558959960938,56.32470703125,154.59979248046875
250,7,360.762939453125,190.77215576171875,42.482208251953125,135.66326904296875
251,7,368.80731201171875,190.14222717285156,40.501190185546875,134.9491424560547
251,4,403.9830017089844,184.70663452148438,42.212554931640625,157.85995483398438
252,4,404.4053955078125,184.29476928710938,46.16973876953125,155.49014282226562
252,7,376.3639831542969,191.66969299316406,38.458038330078125,130.4371795654297
253,7,383.78863525390625,190.23916625976562,35.832916259765625,131.502685546875
253,4,405.6493835449219,185.65797424316406,50.6982421875,152.98182678222656
254,4,405.6979675292969,185.51622009277344,63.3851318359375,152.40916442871094
254,7,387.35333251953125,188.8263397216797,36.299285888671875,132.72596740722656
255,7,387.2785339355469,187.9163360595703,43.081298828125,134.5735321044922
255,4,405.84368896484375,186.5653076171875,75.30532836914062,150.52056884765625
256,7,386.8632507324219,188.20162963867188,47.065155029296875,134.46456909179688
256,4,407.4156799316406,189.17544555664062,80.19906616210938,149.5855712890625
257,7,387.22418212890625,188.9008026123047,51.7835693359375,133.2576446533203
257,4,409.2462158203125,190.32008361816406,81.47998046875,148.42311096191406
258,7,387.043701171875,189.03973388671875,56.22979736328125,131.04525756835938
258,4,410.7856750488281,189.14334106445312,83.29202270507812,148.8812255859375
259,7,388.7139892578125,190.2388153076172,60.0955810546875,130.82740783691406
259,4,417.9520568847656,190.3926544189453,77.24740600585938,147.07350158691406
260,7,391.4841003417969,189.63116455078125,63.338836669921875,133.08526611328125
260,4,425.5395202636719,189.9851531982422,69.39859008789062,145.2311248779297
261,4,431.8675842285156,188.61097717285156,65.66650390625,145.6826934814453
261,7,395.5687255859375,189.51905822753906,61.38677978515625,132.05418395996094
262,7,403.9665832519531,189.43841552734375,58.23529052734375,136.68072509765625
262,4,447.5125732421875,187.00474548339844,53.108795166015625,146.96095275878906
263,4,454.4413757324219,185.16929626464844,48.17913818359375,149.4781951904297
263,7,411.987060546875,189.329345703125,53.579437255859375,127.97857666015625
264,4,467.7815246582031,183.88002014160156,41.4168701171875,150.79920959472656
264,7,421.20318603515625,188.55389404296875,46.995849609375,128.66683959960938
265,4,471.4133605957031,183.56468200683594,50.142547607421875,151.5410614013672
265,7,431.739501953125,186.5252685546875,37.621185302734375,131.41256713867188
266,4,473.0848693847656,182.66973876953125,59.644805908203125,150.24578857421875
266,7,439.97552490234375,185.64430236816406,34.772247314453125,128.94712829589844
267,4,472.3366394042969,183.23812866210938,69.96243286132812,149.90960693359375
267,7,443.9986572265625,184.78143310546875,34.048614501953125,127.00418090820312
268,4,473.34710693359375,184.36001586914062,75.995361328125,149.552001953125
268,7,444.3243103027344,186.18186950683594,38.3292236328125,129.0734405517578
269,4,473.45318603515625,185.5530548095703,80.26007080078125,148.4049530029297
269,7,443.5726623535156,187.63986206054688,44.80316162109375,126.69485473632812
270,4,474.3753662109375,186.13442993164062,87.72747802734375,148.24368286132812
270,7,443.59564208984375,187.21719360351562,49.73126220703125,128.42147827148438
271,4,480.6648254394531,186.25875854492188,82.48715209960938,146.41046142578125
271,7,443.5798034667969,187.63375854492188,55.292877197265625,128.170166015625
272,4,490.7750549316406,186.48411560058594,76.77035522460938,140.04844665527344
272,7,444.73870849609375,188.0695037841797,58.4517822265625,128.73704528808594
273,4,495.6756286621094,185.42788696289062,79.44155883789062,142.68563842773438
273,7,445.7835388183594,187.7351837158203,59.645782470703125,128.35267639160156
274,4,502.29150390625,184.41160583496094,72.596923828125,142.21363830566406
274,7,453.91180419921875,186.23341369628906,55.423736572265625,128.20057678222656
275,4,514.203857421875,182.63633728027344,57.44927978515625,143.3473358154297
275,7,460.73291015625,185.55746459960938,52.73565673828125,129.2115478515625
276,4,523.2710571289062,181.39112854003906,43.1138916015625,144.02235412597656
276,7,469.667724609375,185.4473114013672,46.23492431640625,126.39781188964844
277,4,524.8543090820312,181.15899658203125,39.63043212890625,145.18692016601562
277,7,477.9694519042969,184.7589111328125,43.136077880859375,126.09841918945312
278,4,525.2110595703125,180.8163604736328,43.81842041015625,144.87486267089844
278,7,487.1240539550781,184.9167938232422,38.331390380859375,125.77061462402344
279,4,525.132568359375,181.614013671875,52.42669677734375,143.39410400390625
279,7,491.5989990234375,183.33804321289062,37.5316162109375,127.68606567382812
279,5,161.4161376953125,120.5840835571289,13.234786987304688,22.594261169433594
280,7,493.17724609375,184.13143920898438,40.96746826171875,125.90011596679688
280,4,524.8523559570312,183.107421875,66.1405029296875,140.642822265625
280,5,161.5309295654297,120.50899505615234,12.839935302734375,22.767051696777344
281,7,492.63726806640625,183.7444610595703,45.8546142578125,125.73597717285156
281,4,525.273681640625,183.5530242919922,73.30218505859375,140.5237579345703
282,7,492.3600769042969,184.38543701171875,50.114349365234375,124.7349853515625
282,4,526.1795043945312,183.51571655273438,73.320556640625,139.78231811523438
283,7,492.15472412109375,185.50360107421875,55.13629150390625,122.58358764648438
283,4,527.0405883789062,184.28651428222656,73.80120849609375,139.6477813720703
283,5,161.08721923828125,120.44190979003906,12.51068115234375,22.998916625976562
284,7,493.1813659667969,185.8166961669922,58.995635986328125,122.31809997558594
284,4,533.7540283203125,185.36485290527344,66.28009033203125,139.11915588378906
285,7,494.3921203613281,186.1815948486328,60.451568603515625,123.03627014160156
285,4,540.6641845703125,184.9011993408203,59.26513671875,136.9461212158203
286,7,496.878173828125,185.45404052734375,62.91119384765625,124.46224975585938
286,4,545.2740478515625,184.18177795410156,57.82061767578125,136.3890838623047
287,7,504.3327331542969,185.8282928466797,59.208831787109375,124.80979919433594
287,4,551.707763671875,182.9104461669922,55.11798095703125,136.92845153808594
287,5,159.85186767578125,121.69234466552734,12.42572021484375,22.07311248779297
288,4,560.026123046875,182.12559509277344,51.04620361328125,137.5979766845703
288,7,511.8363342285156,185.3134307861328,54.937164306640625,120.52360534667969
289,4,570.93603515625,181.44296264648438,52.1710205078125,137.5584716796875
289,7,520.3587036132812,185.74745178222656,49.3377685546875,119.78779602050781
290,4,581.83203125,180.85227966308594,51.1728515625,138.5547332763672
290,7,531.6288452148438,185.05007934570312,43.2071533203125,120.52468872070312
290,8,0.0,341.2425231933594,21.34696388244629,127.30062866210938
291,4,582.2786865234375,180.8900146484375,58.59503173828125,139.09744262695312
291,7,538.8912963867188,183.53933715820312,39.6148681640625,122.08822631835938
291,8,0.02051577717065811,321.1216735839844,46.969775818288326,143.25723266601562
292,4,581.5983276367188,181.59400939941406,62.03271484375,138.16810607910156
292,7,545.4386596679688,183.52037048339844,32.8631591796875,121.72264099121094
292,8,0.006905770860612392,254.4191131591797,67.7215640777722,207.4112091064453
293,4,581.6268920898438,182.35606384277344,68.7080078125,137.2884979248047
293,7,547.320068359375,183.7705841064453,34.375732421875,121.67643737792969
293,8,0.12476307153701782,252.85049438476562,85.23936504125595,208.39892578125
294,4,581.8883666992188,182.8282928466797,72.94342041015625,137.15455627441406
294,7,547.2957763671875,183.2569580078125,42.41693115234375,122.24697875976562
294,8,0.18840228021144867,254.98899841308594,94.70390881597996,205.85801696777344
295,4,582.24267578125,183.70751953125,76.84124755859375,135.38375854492188
295,8,0.0,254.96969604492188,100.2464828491211,205.50570678710938
295,7,547.2105102539062,185.6975555419922,44.68157958984375,118.67774963378906
296,4,584.1651611328125,184.67587280273438,78.7657470703125,134.370361328125
296,8,0.011158419772982597,255.0218505859375,106.86578707583249,206.02767944335938
296,7,547.662109375,186.37501525878906,48.82061767578125,118.98927307128906
297,4,589.65673828125,184.76937866210938,74.41583251953125,130.46353149414062
297,8,0.0,254.50924682617188,106.9381103515625,206.78826904296875
297,7,547.7928466796875,185.9853973388672,55.12554931640625,120.32737731933594
298,4,597.9281005859375,183.90196228027344,68.44403076171875,129.8007354736328
298,8,0.38013628125190735,254.33338928222656,106.91843244433403,205.1770477294922
298,7,548.3671875,185.8394775390625,56.2706298828125,124.05300903320312
299,4,602.8810424804688,182.59690856933594,62.48260498046875,131.0827178955078
299,8,3.219099521636963,250.56028747558594,104.01699209213257,204.06263732910156
299,7,551.3670043945312,186.0904083251953,55.70361328125,118.69313049316406
300,4,610.1672973632812,181.8866729736328,53.6129150390625,129.8090057373047
300,7,558.4036254882812,185.92579650878906,53.63739013671875,118.54371643066406
300,8,17.35986328125,248.4698028564453,89.64551544189453,205.1852569580078
301,4,619.13330078125,180.644287109375,39.8642578125,131.45404052734375
301,7,568.3742065429688,184.62110900878906,44.8956298828125,118.28114318847656
301,8,32.698509216308594,245.2509002685547,74.90283966064453,208.5773468017578
302,4,622.9205322265625,180.0483856201172,36.2191162109375,132.4100799560547
302,7,574.1041870117188,184.73023986816406,42.25384521484375,117.12513732910156
302,8,47.98101806640625,244.55520629882812,59.296363830566406,209.03353881835938
303,4,623.6376953125,181.01644897460938,39.20953369140625,130.31918334960938
303,8,55.449241638183594,241.81886291503906,59.92931365966797,210.80491638183594
303,7,582.5106201171875,183.75689697265625,36.4686279296875,117.89175415039062
304,4,623.7922973632812,181.20652770996094,43.34356689453125,129.70252990722656
304,7,590.3095703125,182.9510955810547,32.16595458984375,117.50267028808594
304,8,58.758445739746094,239.9856719970703,73.3836441040039,213.37086486816406
305,4,622.57080078125,181.49624633789062,54.29736328125,129.17056274414062
305,7,593.2816772460938,183.2696533203125,32.79766845703125,115.15859985351562
305,8,58.9547119140625,242.49217224121094,91.15873718261719,211.0273895263672
306,7,593.6807861328125,182.45974731445312,36.76446533203125,117.843017578125
306,4,622.6636962890625,182.2500762939453,63.9029541015625,129.7339630126953
306,8,59.961788177490234,242.64718627929688,107.93494033813477,210.82192993164062
307,7,593.0623168945312,182.7965087890625,42.28082275390625,116.82901000976562
307,4,622.9862060546875,183.48143005371094,66.66717529296875,128.1646270751953
307,8,66.0522232055664,246.24705505371094,112.2022933959961,207.07191467285156
308,4,626.1369018554688,184.3826141357422,63.70086669921875,125.79347229003906
308,7,593.1072387695312,184.03512573242188,45.40606689453125,115.53237915039062
308,8,60.2614860534668,246.52615356445312,125.15350723266602,207.32998657226562
309,4,628.6593627929688,185.1075897216797,61.85479736328125,124.38127136230469
309,7,593.363037109375,184.1055145263672,49.3253173828125,115.90547180175781
309,8,72.29281616210938,245.68603515625,118.2335205078125,202.58523559570312
310,4,634.0453491210938,185.2238311767578,57.3929443359375,122.41273498535156
310,7,593.8430786132812,184.09735107421875,52.18121337890625,114.52175903320312
310,8,66.09136962890625,244.71484375,127.35107421875,207.5712890625
311,7,594.7674560546875,183.9020233154297,53.7435302734375,116.19453430175781
311,4,638.5442504882812,183.9638214111328,55.698486328125,123.13984680175781
311,8,84.26439666748047,242.10678100585938,109.72447967529297,209.87698364257812
312,7,597.973876953125,183.93438720703125,53.75103759765625,115.11782836914062
312,4,642.3114013671875,183.17453002929688,53.495361328125,122.77890014648438
312,8,98.52749633789062,240.0074920654297,95.37838745117188,203.21852111816406
313,4,649.0280151367188,182.54466247558594,51.4178466796875,124.96745300292969
313,7,604.4483032226562,183.862060546875,50.54296875,115.3143310546875
313,8,112.5290756225586,238.0762176513672,82.12276458740234,202.19593811035156
314,4,660.6218872070312,181.3773956298828,45.7540283203125,125.96446228027344
314,7,613.135986328125,184.4631805419922,43.8197021484375,112.64128112792969
314,8,129.6441650390625,233.7255859375,64.45849609375,202.5330810546875
315,4,667.3129272460938,179.7427215576172,48.1949462890625,127.12336730957031
315,8,139.01991271972656,230.82046508789062,56.299285888671875,206.06808471679688
315,7,618.6740112304688,182.8610076904297,40.49688720703125,114.57670593261719
316,8,150.25270080566406,229.19993591308594,53.16798400878906,202.98158264160156
316,4,669.9081420898438,179.0398712158203,48.55560302734375,127.19560241699219
316,7,626.51904296875,182.86917114257812,34.8505859375,114.20663452148438
316,9,700.6707763671875,197.57266235351562,19.6280517578125,49.729827880859375
317,4,671.0030517578125,179.45562744140625,57.01959228515625,126.505615234375
317,8,156.4365997314453,228.9803924560547,62.16398620605469,200.0975799560547
317,7,633.7803955078125,182.11410522460938,30.0504150390625,114.61074829101562
318,8,157.72084045410156,229.329833984375,81.67094421386719,198.55734252929688
318,4,671.0283203125,179.50563049316406,61.17901611328125,126.16346740722656
318,7,637.088623046875,181.54327392578125,29.7154541015625,113.69235229492188
319,8,159.57101440429688,229.5937957763672,97.71002197265625,197.52760314941406
319,4,671.9791259765625,180.00762939453125,64.8115234375,126.67483520507812
319,7,639.8167114257812,180.935302734375,29.4686279296875,114.19293212890625
320,8,160.1612548828125,232.1711883544922,109.08255004882812,195.2667999267578
320,4,672.7023315429688,181.6061553955078,68.32122802734375,124.36241149902344
320,7,639.7648315429688,181.26365661621094,32.677978515625,114.74302673339844
321,4,673.4986572265625,182.4713897705078,70.350341796875,124.80549621582031
321,8,161.86956787109375,234.72930908203125,113.76995849609375,192.1275634765625
321,7,639.449951171875,182.1411590576172,37.60186767578125,112.43363952636719
322,8,163.38485717773438,235.462890625,113.78570556640625,191.15188598632812
322,4,678.095458984375,183.05970764160156,68.73223876953125,124.66081237792969
322,7,638.0519409179688,183.51226806640625,43.98834228515625,112.21255493164062
323,8,164.30191040039062,235.56658935546875,116.2667236328125,190.383056640625
323,4,686.0872802734375,183.1927032470703,62.774169921875,117.58207702636719
323,7,638.5342407226562,183.77236938476562,45.2294921875,111.1400146484375
324,8,169.90692138671875,235.85733032226562,111.81082153320312,188.9261474609375
324,4,689.9736938476562,181.5002899169922,58.893310546875,118.75840759277344
324,7,639.6604614257812,184.06857299804688,45.9908447265625,111.04653930664062
325,4,694.27734375,180.46932983398438,54.0423583984375,119.9427490234375
325,8,175.3728485107422,234.4248046875,106.86244201660156,189.93612670898438
325,7,645.5725708007812,184.04684448242188,41.2117919921875,110.18704223632812
326,4,700.6353759765625,179.54379272460938,47.73236083984375,120.14126586914062
326,8,187.41961669921875,232.45889282226562,94.56903076171875,185.626953125
326,7,650.1516723632812,183.02378845214844,41.35308837890625,109.99452209472656
326,5,139.20986938476562,119.86788177490234,13.8060302734375,24.29814910888672
327,4,705.428955078125,178.19784545898438,41.2100830078125,121.69403076171875
327,7,657.0940551757812,182.7467498779297,36.0133056640625,109.83836364746094
327,8,202.672119140625,225.98867797851562,80.73013305664062,189.94412231445312
327,5,139.04542541503906,120.47991180419922,13.736557006835938,23.797279357910156
328,4,704.8635864257812,178.6006317138672,39.1182861328125,122.34608459472656
328,8,214.9547119140625,225.16757202148438,68.4046630859375,190.21673583984375
328,7,663.7404174804688,182.3185272216797,30.3326416015625,110.20457458496094
328,5,139.46383666992188,120.85652160644531,13.007156372070312,22.9163818359375
329,4,705.0152587890625,178.09765625,40.36016845703125,122.67666625976562
329,8,232.196533203125,225.0085906982422,54.915252685546875,190.42356872558594
329,7,668.5586547851562,181.40899658203125,29.2607421875,110.27926635742188
330,4,704.6018676757812,178.25299072265625,47.71051025390625,121.61508178710938
330,7,672.153076171875,181.11080932617188,30.0142822265625,110.24923706054688
330,8,244.19960021972656,223.58380126953125,56.34175109863281,192.14035034179688
331,4,706.1827392578125,179.32640075683594,51.74505615234375,120.96122741699219
331,7,672.513916015625,180.4253692626953,32.9185791015625,110.83976745605469
331,8,247.49798583984375,223.5403594970703,65.73812866210938,192.4821014404297
332,4,706.0439453125,180.4286346435547,54.9893798828125,118.66450500488281
332,8,246.33518981933594,225.2994842529297,76.96879577636719,190.71669006347656
332,7,672.0579833984375,181.19769287109375,37.31298828125,109.986572265625
333,4,708.1277465820312,180.1875,54.87591552734375,119.8060302734375
333,7,671.9450073242188,181.92369079589844,45.2626953125,109.27986145019531
333,8,247.75848388671875,225.67713928222656,87.06680297851562,190.20713806152344
334,4,709.1203002929688,180.80459594726562,54.9097900390625,119.72250366210938
334,7,671.8535766601562,182.61331176757812,46.4854736328125,108.92062377929688
334,8,248.82748413085938,227.0147705078125,96.146484375,188.92672729492188
335,4,712.9223022460938,181.0978240966797,51.052001953125,117.71562194824219
335,7,671.9393310546875,182.37400817871094,49.15460205078125,109.28547668457031
335,8,249.49208068847656,228.90501403808594,102.64653015136719,186.7135467529297
336,7,673.7510375976562,183.92330932617188,47.88958740234375,105.78030395507812
336,4,711.3616943359375,180.780517578125,55.36553955078125,117.67196655273438
336,8,249.14157104492188,229.7119140625,107.24301147460938,185.22274780273438
337,7,674.8241577148438,183.52166748046875,50.47052001953125,106.65890502929688
337,4,719.92724609375,181.11842346191406,50.26885986328125,115.10624694824219
337,8,254.3872833251953,228.7781982421875,106.18470764160156,185.98941040039062
338,4,727.6386108398438,180.77572631835938,46.693115234375,115.5506591796875
338,7,677.9719848632812,182.8555450439453,52.04510498046875,108.37086486816406
338,8,264.41912841796875,228.50888061523438,98.64193725585938,185.55780029296875
339,4,734.214111328125,178.38497924804688,48.81707763671875,118.0108642578125
339,7,682.426513671875,182.72137451171875,48.53192138671875,106.01446533203125
339,8,277.51348876953125,225.09475708007812,85.73272705078125,186.10369873046875
340,4,741.9544067382812,177.88719177246094,45.7930908203125,117.88105773925781
340,7,689.5592651367188,182.39227294921875,43.452880859375,105.31854248046875
340,8,291.43719482421875,222.66065979003906,70.39910888671875,185.9884796142578
341,4,747.2430419921875,178.7913360595703,47.20550537109375,116.82115173339844
341,7,696.3878784179688,181.39491271972656,39.0006103515625,106.47560119628906
341,8,305.29742431640625,220.71226501464844,55.93560791015625,183.4598846435547
342,4,746.586181640625,177.30682373046875,53.24664306640625,119.53042602539062
342,7,703.5569458007812,180.84762573242188,33.51031494140625,107.05081176757812
342,8,320.1521911621094,217.72152709960938,47.121917724609375,185.52001953125
343,4,747.7662963867188,177.52239990234375,55.03948974609375,116.456298828125
343,7,709.3250122070312,181.00704956054688,30.1295166015625,104.27853393554688
343,8,324.21368408203125,218.29676818847656,51.824066162109375,185.3253936767578
344,4,748.3146362304688,179.20774841308594,57.67236328125,116.00837707519531
344,8,327.6032409667969,218.53587341308594,59.97662353515625,182.7420196533203
344,7,711.858642578125,180.94570922851562,29.7720947265625,106.11349487304688
345,4,748.1583862304688,181.32432556152344,60.025390625,114.66941833496094
345,8,327.5110168457031,220.09228515625,79.65805053710938,179.9554443359375
345,7,713.2288818359375,180.8156280517578,32.15142822265625,105.04716491699219
346,4,750.6591186523438,181.84364318847656,59.59796142578125,114.19935607910156
346,8,329.6304931640625,221.5412139892578,93.42111206054688,177.81141662597656
346,7,710.3927001953125,180.73309326171875,39.62506103515625,105.90658569335938
347,4,752.2765502929688,181.55316162109375,58.25830078125,115.92144775390625
347,8,329.3248596191406,223.83094787597656,103.5465087890625,176.03968811035156
347,7,710.5963134765625,180.75637817382812,41.69122314453125,105.67315673828125
348,4,757.4071044921875,181.14308166503906,58.14093017578125,114.84376525878906
348,8,330.2889709472656,223.10067749023438,107.08377075195312,176.22161865234375
348,7,710.9537963867188,181.74085998535156,45.2769775390625,105.53678894042969
349,4,761.7969360351562,180.96670532226562,54.39422607421875,113.30877685546875
349,7,709.9669189453125,182.14309692382812,47.84710693359375,105.34317016601562
349,8,330.7522888183594,224.30992126464844,109.26461791992188,174.2082977294922
350,4,766.9862670898438,180.93508911132812,49.63671875,111.39337158203125
350,7,713.4221801757812,181.5957794189453,45.7550048828125,105.99214172363281
350,8,333.5236511230469,222.8796844482422,107.13528442382812,173.2751922607422
351,4,772.0209350585938,179.22608947753906,43.470703125,112.05592346191406
351,7,722.1949462890625,182.35848999023438,38.39990234375,103.90576171875
351,8,340.5762939453125,221.0747833251953,100.65792846679688,174.04783630371094
352,4,778.6759033203125,178.2588348388672,35.80377197265625,113.71379089355469
352,8,352.5344543457031,220.38841247558594,89.09707641601562,172.72560119628906
352,7,728.1565551757812,182.70008850097656,34.194580078125,101.18754577636719
353,4,780.092529296875,178.08726501464844,34.4306640625,114.13526916503906
353,7,736.0440063476562,182.45022583007812,28.63037109375,100.02484130859375
353,8,365.4465026855469,218.4488525390625,76.09588623046875,173.07388305664062
354,4,780.555908203125,178.1282958984375,33.2528076171875,114.2210693359375
354,8,379.0875549316406,218.92767333984375,63.609130859375,173.04464721679688
354,7,740.6903686523438,182.3616943359375,26.40570068359375,99.92337036132812
355,4,779.6380004882812,178.41348266601562,35.864501953125,114.48165893554688
355,7,742.58544921875,181.15731811523438,28.1397705078125,101.73583984375
355,8,390.6075744628906,216.1180419921875,56.94989013671875,175.56735229492188
356,4,779.8340454101562,177.6322479248047,41.22760009765625,114.90751647949219
356,7,744.8665161132812,180.28028869628906,28.2811279296875,102.02833557128906
356,8,406.7657775878906,214.66937255859375,50.64508056640625,176.81219482421875
357,4,780.1355590820312,179.462890625,45.8077392578125,112.7720947265625
357,7,745.2599487304688,180.02598571777344,30.80511474609375,101.46568298339844
357,8,408.98809814453125,214.101318359375,59.402984619140625,176.4296875
358,4,779.9215087890625,178.68141174316406,47.4840087890625,112.93205261230469
358,7,744.6914672851562,180.0989532470703,34.73809814453125,101.86750793457031
358,8,411.20892333984375,214.43411254882812,65.35723876953125,175.9271240234375
359,4,780.2631225585938,179.63148498535156,46.19195556640625,111.81776428222656
359,7,744.691650390625,181.3247528076172,37.55792236328125,100.65476989746094
359,8,411.9226379394531,214.88775634765625,72.26983642578125,175.93869018554688
360,4,781.1851806640625,180.5032196044922,46.258056640625,109.95060729980469
360,7,744.4760131835938,181.4216766357422,42.4310302734375,100.47822570800781
360,8,412.43609619140625,216.81971740722656,82.35076904296875,173.4943389892578
361,4,786.0772094726562,181.2890167236328,43.1954345703125,108.56947326660156
361,7,744.5983276367188,181.8214569091797,45.29608154296875,100.28117370605469
361,8,413.180419921875,217.64927673339844,87.49957275390625,172.42381286621094
362,7,745.0076293945312,182.06593322753906,45.64385986328125,99.67469787597656
362,4,788.705810546875,181.40016174316406,42.83831787109375,107.79518127441406
362,8,414.0692138671875,218.17556762695312,92.58547973632812,171.66162109375
363,8,417.32855224609375,217.626708984375,95.02801513671875,171.88485717773438
363,4,791.8577880859375,181.25308227539062,42.6875,106.437744140625
363,7,750.1506958007812,182.5310516357422,43.37567138671875,98.21958923339844
364,8,426.6245422363281,215.99957275390625,88.66983032226562,173.10018920898438
364,4,794.4647827148438,181.1846466064453,42.93255615234375,106.27067565917969
364,7,753.9566650390625,182.13246154785156,40.71392822265625,98.23783874511719
365,7,758.4061279296875,181.79013061523438,38.7587890625,98.45068359375
365,4,795.196533203125,180.0620574951172,48.66888427734375,107.85038757324219
365,8,437.5724182128906,215.10169982910156,78.91995239257812,170.36326599121094
366,4,804.9636840820312,180.57620239257812,42.65142822265625,108.33578491210938
366,7,764.3650512695312,181.4586181640625,35.4305419921875,98.5960693359375
366,8,451.2398681640625,212.84576416015625,65.7841796875,168.21792602539062
367,4,808.4829711914062,179.57553100585938,44.64019775390625,108.67230224609375
367,7,768.6328125,181.604736328125,32.79180908203125,99.07162475585938
367,8,461.2518005371094,211.6179656982422,55.341522216796875,168.6742706298828
368,7,774.8050537109375,181.0614013671875,28.42218017578125,99.06143188476562
368,4,810.271728515625,179.91148376464844,44.69183349609375,108.03410339355469
368,8,470.8692321777344,210.60116577148438,45.417999267578125,165.83135986328125
369,4,811.0326538085938,179.13262939453125,44.298828125,108.68856811523438
369,7,779.2984619140625,180.84310913085938,25.935302734375,98.74276733398438
369,8,477.20556640625,208.52882385253906,45.60797119140625,169.66639709472656
370,8,480.036376953125,208.6099395751953,48.48516845703125,167.5341339111328
370,7,781.30224609375,180.04678344726562,26.2420654296875,99.07357788085938
370,4,811.6975708007812,179.52122497558594,44.08642578125,105.71562194824219
371,7,782.17578125,181.4431610107422,26.3572998046875,95.78248596191406
371,8,480.94622802734375,208.6385040283203,63.56585693359375,166.64833068847656
371,4,814.1009521484375,180.00823974609375,41.79901123046875,104.2418212890625
372,7,781.7760009765625,182.0748291015625,28.548095703125,96.40261840820312
372,8,481.44219970703125,208.94818115234375,77.10723876953125,166.72955322265625
372,4,815.96337890625,179.70343017578125,39.80206298828125,104.81082153320312
373,8,482.507080078125,211.15206909179688,82.4727783203125,164.2977294921875
373,7,779.7626342773438,182.45579528808594,33.12030029296875,96.43424987792969
373,4,816.9736328125,180.52513122558594,38.753173828125,102.64750671386719
374,8,483.7181396484375,212.51560974121094,84.28466796875,161.95814514160156
374,7,780.3602294921875,182.41986083984375,35.08892822265625,97.2784423828125
374,4,818.5471801757812,182.0532684326172,37.44989013671875,103.23994445800781
375,7,782.08642578125,182.51837158203125,35.3203125,97.69729614257812
375,8,483.3385314941406,213.62969970703125,84.21432495117188,160.08145141601562
375,4,822.4025268554688,181.29052734375,33.15325927734375,101.60528564453125
376,8,484.20233154296875,212.35243225097656,84.51654052734375,160.51698303222656
376,7,786.5492553710938,182.6082763671875,32.733642578125,96.44363403320312
376,4,824.4762573242188,180.1676025390625,31.05621337890625,104.1005859375
377,8,489.4000244140625,212.57025146484375,78.940185546875,159.29388427734375
377,7,790.4393920898438,181.70901489257812,29.71331787109375,94.95941162109375
377,4,825.6593017578125,179.45889282226562,29.72998046875,105.86297607421875
378,7,796.0820922851562,179.71453857421875,25.99688720703125,95.68011474609375
378,8,495.9995422363281,210.4417266845703,71.68032836914062,158.2943572998047
378,4,829.4531860351562,178.65089416503906,26.257568359375,105.64735412597656
379,7,798.385498046875,178.22711181640625,25.44305419921875,97.18258666992188
379,8,504.8592224121094,209.6626739501953,64.44253540039062,155.70301818847656
379,4,830.4108276367188,177.07090759277344,25.3045654296875,105.65544128417969
380,7,800.7854614257812,178.00506591796875,25.04730224609375,97.00146484375
380,8,514.5399169921875,207.1170654296875,57.4437255859375,157.56649780273438
380,4,830.2262573242188,178.76220703125,25.50018310546875,104.03231811523438
381,7,803.0191040039062,177.42269897460938,25.20281982421875,97.51910400390625
381,8,523.7057495117188,206.72903442382812,53.41009521484375,158.1063232421875
381,4,830.4422607421875,179.99234008789062,25.313232421875,102.46112060546875
382,7,804.3245239257812,178.0201416015625,25.43841552734375,97.02261352539062
382,8,535.192626953125,206.57322692871094,46.1571044921875,157.79872131347656
382,4,829.7249145507812,181.29954528808594,26.1617431640625,100.39189147949219
383,7,804.5933837890625,178.1092987060547,26.49908447265625,95.38072204589844
383,8,540.6535034179688,206.07301330566406,53.161376953125,157.85643005371094
383,4,829.7355346679688,191.25051879882812,25.883544921875,91.54049682617188
384,7,804.79931640625,178.85362243652344,28.91021728515625,94.77311706542969
384,8,542.2508544921875,205.57945251464844,59.3544921875,158.96531677246094
384,4,830.30859375,191.36361694335938,25.4417724609375,92.1444091796875
385,7,805.012451171875,180.14874267578125,30.7174072265625,93.5416259765625
385,8,543.3643188476562,205.98297119140625,64.1761474609375,158.16232299804688
385,4,831.3478393554688,190.3441619873047,24.29345703125,93.19929504394531
386,7,804.3642578125,180.63099670410156,33.0306396484375,93.06660461425781
386,8,543.678955078125,207.50999450683594,67.30755615234375,157.0381622314453
386,4,832.3289184570312,194.16421508789062,23.3056640625,89.4937744140625
387,8,543.8240966796875,207.94859313964844,73.917724609375,156.0708770751953
387,7,804.7278442382812,180.5568389892578,33.931396484375,92.67445373535156
387,4,834.5199584960938,213.56881713867188,21.0584716796875,69.66375732421875
388,8,545.4031982421875,208.40513610839844,75.38470458984375,155.0021514892578
388,7,805.64404296875,180.42189025878906,35.8016357421875,93.43836975097656
389,8,547.9196166992188,208.34983825683594,76.591064453125,154.56040954589844
389,7,807.3031616210938,181.8333740234375,35.8798828125,92.23818969726562
390,7,809.6333618164062,179.96360778808594,36.340087890625,91.30082702636719
390,8,552.4361572265625,207.662353515625,74.16314697265625,153.82733154296875
391,8,560.66796875,207.4480743408203,67.33929443359375,150.27516174316406
391,7,814.4324340820312,177.1991424560547,33.5367431640625,93.35578918457031
392,7,818.974609375,177.23947143554688,30.414306640625,92.97512817382812
392,8,571.093017578125,206.5347442626953,55.42718505859375,146.4131622314453
393,7,822.4180908203125,176.69256591796875,28.7054443359375,92.84857177734375
393,8,579.4950561523438,205.15867614746094,47.84417724609375,147.47630310058594
394,7,826.76953125,177.73297119140625,27.87591552734375,91.54949951171875
394,8,583.978515625,203.05470275878906,46.4793701171875,148.97254943847656
395,7,825.3855590820312,178.04327392578125,30.0875244140625,91.63467407226562
395,8,588.0734252929688,202.33590698242188,44.92608642578125,149.4072265625
396,8,590.3010864257812,202.20387268066406,45.53631591796875,149.0564422607422
396,7,823.8198852539062,178.64418029785156,31.888427734375,90.87870788574219
397,7,823.6898803710938,179.4152374267578,32.00152587890625,90.91935729980469
397,8,591.694091796875,201.83802795410156,52.04193115234375,148.37818908691406
398,8,591.8712158203125,204.88702392578125,61.99896240234375,144.72946166992188
398,7,824.2999877929688,179.51870727539062,31.36004638671875,91.14724731445312
399,8,592.7359619140625,204.6533966064453,69.0926513671875,144.6830291748047
399,7,825.9005126953125,180.67657470703125,29.93359375,89.9923095703125
400,8,593.3576049804688,206.45315551757812,72.13287353515625,142.94351196289062
400,7,827.1671752929688,179.96939086914062,28.49334716796875,90.57568359375
401,8,592.9837036132812,206.94166564941406,69.97760009765625,140.18067932128906
401,7,830.0103759765625,181.78878784179688,25.74346923828125,87.69012451171875
402,8,594.4035034179688,207.46987915039062,71.51641845703125,139.4814453125
402,7,834.0272827148438,188.85714721679688,21.75970458984375,76.78131103515625
403,8,598.1399536132812,206.4656982421875,68.42437744140625,140.35540771484375
403,7,837.171142578125,188.8875274658203,18.5299072265625,75.06040954589844
404,8,603.6595458984375,204.81358337402344,65.4122314453125,142.33177185058594
404,7,841.09619140625,189.34646606445312,14.5350341796875,74.70126342773438
405,8,610.5262451171875,205.04148864746094,61.8021240234375,136.5658721923828
406,8,618.5144653320312,203.3377227783203,56.86090087890625,137.58009338378906
407,8,626.3848876953125,200.98245239257812,52.0872802734375,140.31411743164062
408,8,635.3702392578125,200.50564575195312,48.328857421875,140.04391479492188
409,8,641.2559814453125,199.7068634033203,46.91241455078125,140.33497619628906
410,8,643.7916259765625,200.06005859375,52.75946044921875,139.54165649414062
411,8,645.1251220703125,200.5598907470703,55.28302001953125,140.09559631347656
412,8,645.080322265625,200.75914001464844,59.58026123046875,140.13340759277344
413,8,645.3281860351562,201.53643798828125,63.166259765625,139.2091064453125
414,8,645.7506103515625,202.95089721679688,66.10565185546875,137.79269409179688
415,8,647.1636352539062,203.5369110107422,68.55206298828125,137.07557678222656
416,8,650.1826171875,203.68746948242188,67.95550537109375,134.01953125
417,8,657.6815185546875,202.64805603027344,61.79718017578125,132.6058807373047
418,8,665.5242919921875,201.73583984375,54.75341796875,132.46099853515625
419,8,672.4183349609375,200.0453338623047,48.27667236328125,132.0917510986328
420,8,676.538818359375,198.69456481933594,45.01446533203125,132.9480438232422
421,8,680.74755859375,198.43136596679688,41.42462158203125,131.40829467773438
422,8,683.760498046875,198.2549591064453,41.89862060546875,132.3369598388672
423,8,684.6229248046875,197.99008178710938,44.5399169921875,132.34295654296875
424,8,684.9140625,198.7345428466797,51.1024169921875,131.70188903808594
425,8,685.5397338867188,199.62440490722656,57.96441650390625,130.4567108154297
426,8,686.7396240234375,201.6829833984375,60.7012939453125,128.28317260742188
427,8,685.994384765625,201.53466796875,60.82977294921875,127.86102294921875
428,8,687.54150390625,201.38204956054688,60.90557861328125,126.38446044921875
429,8,689.8074340820312,201.2960968017578,59.9146728515625,126.73567199707031
430,8,696.1355590820312,199.5748748779297,55.88616943359375,126.05476379394531
431,8,702.359130859375,198.84352111816406,52.93133544921875,126.34886169433594
432,8,708.5255126953125,198.3154754638672,50.05224609375,127.50889587402344
433,8,714.24853515625,196.7765655517578,48.37322998046875,128.9463348388672
434,8,720.711181640625,195.85049438476562,45.911376953125,129.38067626953125
435,8,726.3409423828125,195.4986572265625,44.2666015625,129.8563232421875
436,8,729.3362426757812,197.0396270751953,45.19598388671875,128.1902618408203
437,8,731.8054809570312,195.81497192382812,47.4913330078125,129.8966064453125
438,8,732.60009765625,197.28297424316406,50.40899658203125,127.87617492675781
439,8,733.88818359375,197.81130981445312,52.49462890625,126.41677856445312
440,8,734.0924682617188,199.34922790527344,54.5841064453125,123.78492736816406
441,8,735.302001953125,199.78001403808594,55.99005126953125,120.19697570800781
442,8,738.7831420898438,198.76478576660156,54.3919677734375,120.12287902832031
443,8,743.5330810546875,199.45201110839844,50.7802734375,116.29838562011719
444,8,748.7695922851562,198.64254760742188,45.72772216796875,116.91232299804688
445,8,754.3248901367188,197.87005615234375,40.4136962890625,117.36215209960938
446,8,757.7772216796875,196.2928466796875,37.9063720703125,119.73526000976562
447,8,760.3457641601562,194.96270751953125,37.58685302734375,123.69491577148438
448,8,762.009765625,194.126708984375,37.6917724609375,123.82778930664062
449,8,763.3445434570312,194.79986572265625,39.36517333984375,121.97079467773438
450,8,764.660400390625,195.1539764404297,41.2742919921875,120.54109191894531
451,8,765.312744140625,195.1445770263672,45.1468505859375,119.70674133300781
452,8,766.3707275390625,196.72943115234375,45.89935302734375,118.39212036132812
453,8,766.7628173828125,198.3612518310547,46.28106689453125,116.52851867675781
454,8,767.5743408203125,198.06842041015625,46.2919921875,116.64471435546875
455,8,768.6116943359375,197.7738494873047,46.9605712890625,116.01277160644531
456,8,770.399169921875,198.15773010253906,47.4036865234375,115.10939025878906
457,8,773.4480590820312,198.19012451171875,47.34375,113.302734375
458,8,776.9951171875,197.6347198486328,46.12078857421875,112.75209045410156
459,8,781.1807861328125,195.4350128173828,44.531494140625,114.30516052246094
460,8,786.07470703125,195.6073455810547,40.96600341796875,114.64576721191406
460,10,803.2020263671875,441.38238525390625,52.6180419921875,37.347625732421875
461,8,790.3642578125,193.3284454345703,39.39276123046875,115.56431579589844
461,10,810.3319702148438,433.8285827636719,45.4124755859375,45.06036376953125
462,8,794.3164672851562,192.1726531982422,38.93310546875,116.89567565917969
462,10,815.4910278320312,427.50189208984375,40.17041015625,51.066314697265625
463,8,793.7937622070312,192.05955505371094,41.58984375,116.76899719238281
463,10,820.2056884765625,423.6182556152344,35.5054931640625,54.92755126953125
464,8,794.5380249023438,194.21176147460938,43.52764892578125,114.81838989257812
464,10,825.0267944335938,421.3317565917969,30.63055419921875,57.37420654296875
465,8,794.7207641601562,194.99774169921875,44.49951171875,114.0404052734375
465,10,830.0547485351562,420.9170227050781,25.6112060546875,57.801239013671875
466,8,795.0643920898438,195.8135986328125,45.7752685546875,112.70034790039062
466,10,832.8748168945312,420.1412048339844,22.77032470703125,59.000274658203125
467,8,796.8531494140625,195.68992614746094,46.23468017578125,111.93247985839844
467,10,835.3410034179688,418.9579162597656,20.39013671875,60.120147705078125
468,8,797.3809814453125,195.7953338623047,48.04827880859375,111.76850891113281
468,10,824.7017822265625,416.3800048828125,31.0360107421875,62.57293701171875
469,8,800.1984252929688,195.9267578125,46.25640869140625,112.28042602539062
470,8,803.4248657226562,195.4059295654297,44.9683837890625,111.22782897949219
471,8,808.8656616210938,194.41473388671875,40.69287109375,109.30487060546875
472,8,814.1243896484375,192.6766815185547,35.87744140625,109.79695129394531
473,8,816.7637329101562,191.01165771484375,34.8074951171875,112.24215698242188
474,8,816.3360595703125,190.69259643554688,37.63336181640625,112.416015625
475,8,818.5538940429688,192.05435180664062,36.046875,110.50482177734375
476,8,834.0594482421875,192.35726928710938,21.6279296875,108.57546997070312
476,10,830.5007934570312,443.83636474609375,25.20709228515625,34.88665771484375
477,8,820.239501953125,192.99794006347656,35.33453369140625,109.05677795410156
478,8,820.6439819335938,193.79469299316406,34.500244140625,107.84162902832031
479,8,821.2936401367188,193.61203002929688,34.201904296875,108.06399536132812
480,8,822.3452758789062,193.2609405517578,33.209228515625,108.17448425292969
481,8,821.9131469726562,191.6980743408203,33.65087890625,109.42436218261719
482,8,824.2186889648438,206.4645233154297,31.52789306640625,94.76551818847656
483,8,826.010009765625,207.1441192626953,29.8978271484375,93.34132385253906
484,8,828.3134765625,207.2155303955078,27.40765380859375,90.71351623535156
485,8,831.49755859375,200.83009338378906,24.16754150390625,97.48417663574219
486,8,836.7178955078125,202.6732177734375,18.8907470703125,95.42440795898438
487,8,841.12353515625,204.4584503173828,14.5843505859375,90.44795227050781
