0,1,608.5653076171875,193.58840942382812,42.29296875,79.522216796875
0,2,607.5042114257812,182.8953857421875,16.71917724609375,58.556396484375
0,3,627.224853515625,192.24122619628906,16.7110595703125,25.219070434570312
0,4,0.0,161.65731811523438,10.744211196899414,59.32777404785156
1,1,607.9691162109375,193.97747802734375,41.557861328125,79.70138549804688
1,2,607.5371704101562,182.66622924804688,15.8363037109375,59.24699401855469
1,3,626.4976806640625,191.89773559570312,15.70257568359375,19.457061767578125
1,5,608.2216186523438,184.53927612304688,14.893310546875,21.281585693359375
2,1,607.7120971679688,198.92169189453125,39.80413818359375,74.49105834960938
2,3,625.428466796875,192.23558044433594,17.438720703125,44.03962707519531
2,5,607.4485473632812,185.50082397460938,16.24517822265625,22.720535278320312
3,1,607.8526611328125,198.61802673339844,37.01678466796875,74.58958435058594
3,3,624.40869140625,192.20755004882812,17.4451904296875,47.61763000488281
3,5,607.8718872070312,184.76771545410156,14.658447265625,23.386611938476562
4,1,606.2907104492188,194.6497802734375,36.63006591796875,78.6517333984375
4,3,623.4226684570312,192.4428253173828,17.5953369140625,51.77012634277344
5,3,622.69287109375,192.43014526367188,17.49285888671875,52.312103271484375
5,1,606.5772094726562,194.8551483154297,29.12982177734375,77.78669738769531
6,3,622.2625732421875,192.32156372070312,17.004638671875,52.20751953125
6,1,606.2907104492188,194.33419799804688,24.8177490234375,78.53506469726562
7,3,621.6312255859375,192.25311279296875,16.90155029296875,51.53456115722656
7,1,606.3638916015625,194.51010131835938,19.6756591796875,77.08413696289062
8,3,620.2508544921875,191.94342041015625,17.24609375,51.55877685546875
8,1,605.7324829101562,193.53079223632812,19.09539794921875,78.97406005859375
9,3,619.410888671875,192.3265838623047,17.8104248046875,51.23777770996094
9,1,605.0462036132812,193.27003479003906,17.04339599609375,80.24259948730469
10,3,618.0841674804688,192.3369903564453,17.8297119140625,52.33335876464844
10,1,604.71826171875,191.89337158203125,16.28509521484375,80.81906127929688
11,3,617.2646484375,191.90377807617188,18.23260498046875,53.96147155761719
11,1,604.3265991210938,193.02235412597656,15.483154296875,79.01808166503906
12,3,616.5399169921875,191.79017639160156,18.88970947265625,54.40509033203125
12,1,598.0711669921875,193.8843231201172,20.44610595703125,77.47093200683594
12,5,578.6076049804688,179.08743286132812,13.04486083984375,32.65826416015625
12,2,604.7271728515625,190.6221160888672,12.70513916015625,51.24822998046875
13,3,615.7626953125,191.56239318847656,18.6260986328125,53.08580017089844
13,1,577.5523071289062,189.7738494873047,40.6331787109375,83.90257263183594
13,2,604.343505859375,190.6673583984375,12.43060302734375,50.67010498046875
14,3,614.76025390625,191.60850524902344,18.9676513671875,52.941131591796875
14,1,576.4026489257812,189.68568420410156,39.9952392578125,84.22416687011719
14,5,574.9932861328125,175.33465576171875,12.32666015625,36.98150634765625
14,2,603.8214721679688,191.0701446533203,12.72930908203125,48.73490905761719
15,3,614.2222290039062,192.05494689941406,19.009521484375,54.04768371582031
15,5,573.67626953125,175.83193969726562,11.966552734375,36.51597595214844
15,1,573.6493530273438,194.19129943847656,40.66729736328125,80.31074523925781
15,2,603.9928588867188,190.90283203125,12.142822265625,49.80375671386719
16,3,613.560791015625,192.16773986816406,19.58648681640625,54.24871826171875
16,1,572.1989135742188,197.3939666748047,35.2049560546875,77.16181945800781
16,5,572.6050415039062,173.65054321289062,12.11279296875,39.163177490234375
17,3,613.390380859375,192.41954040527344,19.141845703125,54.89002990722656
17,1,570.4175415039062,197.544677734375,22.771240234375,76.9189453125
17,5,570.6959838867188,175.03836059570312,12.7900390625,37.67169189453125
18,3,613.27685546875,192.73495483398438,19.03277587890625,54.41169738769531
18,1,569.3126831054688,197.7068634033203,24.13482666015625,77.25679016113281
18,5,568.6386108398438,174.786376953125,12.9486083984375,38.20960998535156
19,3,613.3328857421875,192.9772491455078,18.0535888671875,54.35838317871094
19,1,568.28564453125,196.35385131835938,25.12994384765625,78.53298950195312
19,5,567.1207885742188,170.8630828857422,14.115478515625,42.36665344238281
20,3,612.5708618164062,193.0443878173828,18.46099853515625,54.64439392089844
20,1,569.5687255859375,195.7938232421875,22.8187255859375,79.28994750976562
20,5,566.3872680664062,169.46292114257812,13.64825439453125,44.37528991699219
21,3,612.4979248046875,193.17262268066406,18.29571533203125,54.507568359375
21,1,569.9305419921875,194.58724975585938,22.68475341796875,79.7841796875
21,5,564.324951171875,169.02621459960938,13.628173828125,45.22607421875
22,3,612.3333129882812,193.06373596191406,17.74578857421875,54.34031677246094
22,1,569.3695068359375,196.34320068359375,23.78875732421875,77.553955078125
22,5,562.3421630859375,171.38848876953125,13.5484619140625,43.1944580078125
23,3,612.3881225585938,192.96148681640625,17.473876953125,53.58262634277344
23,1,566.10693359375,197.05319213867188,25.821044921875,76.66787719726562
23,5,560.27880859375,170.97756958007812,14.2528076171875,43.172088623046875
24,3,611.6046752929688,193.1322784423828,18.16107177734375,53.804290771484375
24,1,560.0577392578125,196.61224365234375,30.17181396484375,77.064453125
24,5,558.3728637695312,172.271728515625,14.74041748046875,42.196929931640625
25,3,610.9357299804688,192.69776916503906,18.6796875,54.47027587890625
25,1,553.3627319335938,196.26852416992188,35.47296142578125,77.11956787109375
25,5,557.0989990234375,175.73060607910156,14.3251953125,39.1451416015625
26,3,610.1404418945312,192.57852172851562,18.79766845703125,54.92146301269531
26,5,555.4832153320312,175.00289916992188,14.43853759765625,40.12785339355469
26,1,548.2636108398438,197.39016723632812,40.05718994140625,76.32290649414062
27,3,609.5189208984375,192.32968139648438,18.95684814453125,55.38507080078125
27,1,546.4617919921875,197.71282958984375,41.65936279296875,76.10836791992188
27,5,554.2315673828125,175.36822509765625,14.984130859375,39.99320983886719
28,3,609.0299682617188,192.94761657714844,18.98919677734375,54.155731201171875
28,1,544.9208984375,197.24009704589844,42.371337890625,77.05433654785156
28,5,552.7739868164062,176.22531127929688,13.97210693359375,33.957916259765625
29,3,608.267822265625,193.17147827148438,18.74267578125,54.463287353515625
29,1,544.6029663085938,197.4293975830078,40.65472412109375,77.04371643066406
29,5,551.1802368164062,175.26690673828125,14.306640625,38.2596435546875
30,3,607.8098754882812,193.1116943359375,18.70635986328125,54.77154541015625
30,1,544.6734619140625,198.57969665527344,38.4912109375,75.76969909667969
30,5,550.0242309570312,174.71978759765625,13.80926513671875,39.351226806640625
31,3,607.4445190429688,193.43321228027344,18.6005859375,54.473785400390625
31,1,544.3834838867188,197.55938720703125,36.01593017578125,76.9459228515625
31,5,549.8020629882812,175.157470703125,13.3946533203125,22.349533081054688
32,3,607.0330200195312,193.72647094726562,18.17254638671875,54.299163818359375
32,1,544.2844848632812,198.3389434814453,31.78558349609375,75.57826232910156
32,5,548.5006103515625,177.2997283935547,13.513427734375,27.440460205078125
33,3,606.5610961914062,193.8043212890625,17.93035888671875,54.171539306640625
33,1,544.083984375,198.37594604492188,26.47125244140625,75.03665161132812
33,2,582.8716430664062,191.09317016601562,12.57470703125,53.58416748046875
34,1,542.7020263671875,196.49383544921875,23.63201904296875,76.55584716796875
34,3,606.10595703125,194.85220336914062,17.7296142578125,53.30216979980469
34,2,582.6228637695312,190.38108825683594,12.90863037109375,54.00584411621094
34,5,545.3361206054688,177.6684112548828,12.63311767578125,24.741546630859375
35,1,537.9899291992188,195.51136779785156,25.009033203125,77.77940368652344
35,3,605.9547119140625,194.9712371826172,17.1961669921875,53.19651794433594
35,2,582.064697265625,189.721923828125,13.63360595703125,55.42430114746094
35,5,543.0010986328125,177.53135681152344,13.57476806640625,30.813934326171875
36,1,532.198486328125,191.21163940429688,28.331787109375,82.41558837890625
36,2,581.1865234375,187.6597442626953,14.79241943359375,57.38056945800781
36,3,605.2705688476562,194.60203552246094,17.06134033203125,53.42420959472656
36,5,540.7879028320312,176.00514221191406,13.62225341796875,31.382797241210938
37,1,527.4395751953125,192.72703552246094,31.4031982421875,81.19569396972656
37,2,580.8046264648438,186.75453186035156,15.28765869140625,58.49449157714844
37,3,605.100830078125,193.97047424316406,15.911376953125,54.525543212890625
37,5,539.3384399414062,175.42330932617188,14.353515625,31.78289794921875
38,1,524.1234130859375,198.1737060546875,33.65447998046875,75.96478271484375
38,2,580.5834350585938,185.95704650878906,14.5494384765625,59.23924255371094
38,3,605.7688598632812,192.684814453125,14.0191650390625,55.43147277832031
38,5,538.3873291015625,175.37661743164062,14.11968994140625,30.784957885742188
39,1,522.3578491210938,198.6942138671875,34.06927490234375,75.57574462890625
39,2,581.0281372070312,185.73492431640625,13.9561767578125,59.18922424316406
39,5,535.9892578125,175.4723358154297,15.957275390625,32.99021911621094
39,3,606.0192260742188,194.84596252441406,13.29986572265625,53.58457946777344
40,1,520.825927734375,197.45498657226562,35.050537109375,77.08099365234375
40,2,581.0798950195312,184.94790649414062,13.583251953125,59.41070556640625
40,6,606.322998046875,196.4468231201172,11.9259033203125,51.765716552734375
40,5,536.3412475585938,175.8963623046875,14.71087646484375,26.859512329101562
40,3,583.289794921875,189.36241149902344,33.0250244140625,59.17230224609375
41,1,521.502197265625,195.72178649902344,33.2589111328125,78.89344787597656
41,2,580.5415649414062,185.6793212890625,13.70989990234375,58.6575927734375
41,5,532.0302734375,177.6546630859375,18.29193115234375,32.1168212890625
41,6,606.1089477539062,197.5771026611328,11.7489013671875,50.897125244140625
42,1,522.9944458007812,188.768798828125,30.92498779296875,85.23779296875
42,2,579.7798461914062,185.58485412597656,14.44744873046875,58.596160888671875
42,5,530.3899536132812,177.1074981689453,18.57183837890625,31.751785278320312
42,6,604.9486083984375,199.5193634033203,11.64678955078125,48.05926513671875
42,3,580.917236328125,191.53309631347656,35.11004638671875,57.081878662109375
43,1,523.057373046875,195.62612915039062,29.2542724609375,78.61270141601562
43,2,579.25927734375,186.79884338378906,14.38824462890625,58.00917053222656
43,5,528.5956420898438,176.58642578125,19.35565185546875,57.88160705566406
43,6,585.44189453125,198.37118530273438,29.390380859375,51.25456237792969
44,1,518.888671875,192.61363220214844,29.99884033203125,81.89366149902344
44,2,578.1305541992188,187.79393005371094,15.35980224609375,56.95330810546875
44,5,527.4266967773438,177.0933074951172,18.3333740234375,54.02009582519531
45,1,516.7897338867188,197.32313537597656,29.5042724609375,77.20185852050781
45,2,577.4439086914062,187.6179656982422,15.95654296875,56.553741455078125
45,5,526.4209594726562,177.1771697998047,17.9415283203125,41.70356750488281
46,1,515.7630615234375,192.81900024414062,27.16015625,81.56301879882812
46,2,576.2083740234375,187.81690979003906,17.06536865234375,56.42463684082031
46,5,527.49609375,176.9985809326172,16.22314453125,40.7261962890625
47,1,516.4627685546875,190.969970703125,24.17535400390625,82.93051147460938
47,2,574.3932495117188,187.9525604248047,18.71173095703125,56.773223876953125
47,5,526.3309936523438,178.2846221923828,15.30474853515625,38.931060791015625
48,2,569.4896240234375,188.2376251220703,22.66552734375,57.103973388671875
48,5,523.4887084960938,177.14141845703125,14.91668701171875,38.233489990234375
48,1,511.9588928222656,195.7667999267578,26.007110595703125,79.09541320800781
49,2,568.4222412109375,189.3973846435547,23.30145263671875,55.94920349121094
49,1,509.6911315917969,197.0654296875,27.024871826171875,77.545654296875
49,5,521.951416015625,176.49432373046875,15.859375,37.8253173828125
50,2,568.1443481445312,188.1167449951172,23.06317138671875,57.466094970703125
50,1,505.33294677734375,195.7144775390625,29.97625732421875,78.41342163085938
50,5,521.4063110351562,177.69699096679688,15.19415283203125,38.57203674316406
51,2,568.9866333007812,187.6434783935547,21.248046875,58.16352844238281
51,1,502.3198547363281,194.3901824951172,32.160491943359375,80.21931457519531
51,5,517.693603515625,177.99485778808594,17.22735595703125,37.47779846191406
52,2,569.8099975585938,187.0773162841797,19.96197509765625,59.019439697265625
52,1,499.7043762207031,196.5977020263672,34.127960205078125,78.45832824707031
52,5,517.2412719726562,178.37379455566406,16.693115234375,38.21144104003906
53,2,569.8522338867188,185.229248046875,19.3951416015625,60.956268310546875
53,1,498.50177001953125,193.59608459472656,34.407470703125,81.79316711425781
53,5,515.1406860351562,178.76806640625,16.00860595703125,44.621551513671875
54,1,498.08343505859375,188.59979248046875,34.6318359375,86.89920043945312
54,2,568.9329223632812,185.5352020263672,20.756591796875,60.87968444824219
55,1,497.1003112792969,197.59915161132812,33.159393310546875,77.45675659179688
55,2,568.9768676757812,187.6935577392578,20.23065185546875,58.523345947265625
55,5,513.4496459960938,178.31195068359375,16.29534912109375,39.486328125
56,2,569.1167602539062,188.1533660888672,19.2408447265625,57.82981872558594
56,1,496.9234924316406,197.451904296875,31.731475830078125,77.26419067382812
56,5,511.25244140625,177.8086395263672,17.041015625,36.689453125
57,1,496.3514709472656,196.14698791503906,30.170257568359375,78.67887878417969
57,2,568.765380859375,188.1627655029297,19.30078125,57.74638366699219
57,5,510.10968017578125,179.81529235839844,16.2593994140625,32.44197082519531
58,1,496.8750305175781,196.27322387695312,27.545684814453125,78.6651611328125
58,2,568.3362426757812,188.0267791748047,19.2330322265625,57.920318603515625
58,3,584.7161865234375,192.93597412109375,12.386474609375,51.736541748046875
58,5,508.7287902832031,180.52957153320312,17.420318603515625,31.666244506835938
59,1,497.0907287597656,196.09152221679688,24.771026611328125,78.92971801757812
59,2,567.7537841796875,187.446044921875,17.95111083984375,58.616119384765625
59,3,584.0101318359375,193.79270935058594,11.59051513671875,52.96644592285156
59,5,508.2265319824219,179.23828125,14.109161376953125,32.925689697265625
60,1,495.12451171875,194.1142578125,24.3511962890625,80.9271240234375
60,2,567.11083984375,187.6462860107422,17.72882080078125,59.38810729980469
60,3,582.8618774414062,194.4249725341797,12.5447998046875,55.53678894042969
60,5,506.3768615722656,179.52381896972656,14.751922607421875,29.479278564453125
61,1,490.2837829589844,195.37203979492188,27.398529052734375,78.15365600585938
61,2,566.417724609375,189.29014587402344,17.4521484375,57.94500732421875
61,3,580.010009765625,194.6260223388672,15.2066650390625,57.78120422363281
61,5,505.31866455078125,180.31155395507812,13.95294189453125,28.452194213867188
62,1,486.5453796386719,195.08761596679688,28.523406982421875,80.7540283203125
62,2,565.4903564453125,189.90882873535156,18.33612060546875,58.569671630859375
62,3,577.6281127929688,194.6144256591797,16.86029052734375,57.69757080078125
62,5,504.48040771484375,180.21754455566406,13.290771484375,28.04248046875
63,1,489.2073669433594,195.76910400390625,24.946868896484375,81.2918701171875
63,2,564.8964233398438,189.3740692138672,18.72918701171875,59.360015869140625
63,3,576.7391967773438,195.60455322265625,17.95709228515625,56.739593505859375
63,5,503.3028259277344,180.511474609375,13.267913818359375,29.570877075195312
64,1,486.3232421875,196.25746154785156,27.45916748046875,81.01985168457031
64,2,563.9127197265625,186.2724151611328,19.58807373046875,62.943572998046875
64,3,576.9163208007812,195.89996337890625,17.754638671875,56.88758850097656
64,5,501.4384460449219,179.63937377929688,14.300689697265625,31.986846923828125
65,1,484.8702392578125,195.54727172851562,28.38531494140625,81.56259155273438
65,2,563.5634155273438,186.3380584716797,18.90545654296875,63.304107666015625
65,3,577.05419921875,195.91172790527344,17.74749755859375,57.254486083984375
65,5,500.16290283203125,179.86390686035156,14.02099609375,30.599563598632812
66,1,477.2074890136719,195.20225524902344,35.514129638671875,81.59226989746094
66,2,562.4055786132812,187.78782653808594,19.44232177734375,61.667816162109375
66,3,576.705322265625,196.5897216796875,17.998779296875,56.64451599121094
66,5,500.0572509765625,180.21713256835938,12.70697021484375,27.82537841796875
67,1,476.58868408203125,195.87025451660156,35.11175537109375,81.27244567871094
67,2,562.11376953125,187.01580810546875,18.39739990234375,61.89692687988281
67,3,576.1007080078125,196.9523162841797,18.322265625,55.98590087890625
68,1,473.6265563964844,199.40362548828125,37.285980224609375,77.83697509765625
68,2,561.4402465820312,186.90908813476562,18.245849609375,62.366241455078125
68,3,576.6065673828125,196.2089080810547,16.81829833984375,55.88148498535156
68,5,491.2215270996094,182.00181579589844,18.78924560546875,29.053024291992188
69,1,471.8401794433594,201.15335083007812,37.814178466796875,76.3072509765625
69,2,561.2106323242188,187.84988403320312,17.5697021484375,61.750518798828125
69,3,576.9966430664062,195.93653869628906,16.14337158203125,55.629364013671875
69,5,488.33502197265625,181.9517059326172,19.289398193359375,29.77227783203125
70,1,472.03533935546875,201.26393127441406,36.294036865234375,75.85572814941406
70,2,560.9344482421875,186.86984252929688,17.04046630859375,62.53352355957031
70,3,576.1069946289062,195.54498291015625,16.7760009765625,56.855743408203125
70,5,487.4714050292969,181.71194458007812,18.76654052734375,31.333419799804688
71,1,472.42974853515625,199.16531372070312,34.506988525390625,78.05264282226562
71,2,560.4307861328125,187.46795654296875,16.95947265625,61.1151123046875
71,3,574.7546997070312,195.31890869140625,18.125732421875,57.39613342285156
71,5,486.5368347167969,182.4396514892578,18.81536865234375,33.89552307128906
72,1,476.5757141113281,194.67205810546875,27.03802490234375,83.2249755859375
72,2,559.05908203125,188.21473693847656,16.5859375,59.88340759277344
72,3,573.34814453125,195.62295532226562,18.00885009765625,57.027313232421875
72,5,484.0489196777344,182.96600341796875,19.236419677734375,55.305633544921875
73,1,477.4805908203125,196.1367950439453,24.279571533203125,81.21272277832031
73,2,558.480712890625,188.03826904296875,16.752685546875,59.9208984375
73,3,572.5126342773438,195.57522583007812,18.27398681640625,57.54621887207031
73,5,484.7633056640625,183.4811553955078,17.381683349609375,56.40940856933594
74,1,477.0545959472656,193.04795837402344,24.15704345703125,84.55696105957031
74,3,571.9353637695312,195.7745361328125,18.77655029296875,57.55564880371094
74,2,557.5586547851562,188.95220947265625,16.79827880859375,59.57929992675781
75,1,474.74481201171875,183.4038848876953,25.257171630859375,94.06428527832031
75,3,570.3128051757812,195.7240447998047,19.87060546875,58.85224914550781
75,2,556.5886840820312,187.00918579101562,17.03033447265625,63.0565185546875
76,1,473.712890625,193.06251525878906,25.5374755859375,84.76530456542969
76,2,555.5238037109375,186.10794067382812,17.57586669921875,63.0845947265625
76,3,569.6802368164062,195.74066162109375,19.23529052734375,58.517303466796875
76,5,479.86572265625,184.2705535888672,15.0076904296875,29.776321411132812
77,1,472.6064147949219,197.5927276611328,24.974029541015625,80.41566467285156
77,2,553.7714233398438,186.0245361328125,18.6361083984375,63.63929748535156
77,3,569.1056518554688,195.8544158935547,18.89141845703125,57.891326904296875
77,5,476.312744140625,183.79762268066406,16.139801025390625,27.893417358398438
78,1,469.0931396484375,187.80821228027344,27.494415283203125,90.04530334472656
78,3,566.7408447265625,195.63204956054688,20.42889404296875,59.07637023925781
78,2,551.8432006835938,185.98516845703125,19.97564697265625,63.61424255371094
78,5,473.2187805175781,184.52459716796875,19.2679443359375,49.46717834472656
79,2,548.5820922851562,186.5673065185547,22.4930419921875,62.57244873046875
79,1,465.4515380859375,199.4709930419922,30.45538330078125,78.32383728027344
79,3,565.6144409179688,195.56907653808594,20.31866455078125,59.181121826171875
79,5,472.57049560546875,184.3165740966797,17.557464599609375,28.584945678710938
80,1,462.4593505859375,198.7841796875,32.483673095703125,78.97482299804688
80,2,546.3519897460938,188.79251098632812,23.7049560546875,60.73963928222656
80,3,565.2595825195312,195.7072296142578,20.04608154296875,59.0369873046875
80,5,471.5997314453125,184.42201232910156,16.8624267578125,27.65087890625
81,2,544.8126831054688,188.11965942382812,24.78277587890625,61.609222412109375
81,3,564.422119140625,196.3811798095703,20.67169189453125,57.986846923828125
81,1,461.54345703125,200.61961364746094,32.329559326171875,77.29054260253906
81,5,470.8252868652344,184.9080352783203,16.16314697265625,27.970001220703125
82,3,564.5986938476562,195.81906127929688,19.992431640625,59.092620849609375
82,2,545.3294067382812,188.0933380126953,23.36590576171875,62.149017333984375
82,1,460.1537170410156,199.37139892578125,33.23529052734375,78.93267822265625
82,5,470.2787170410156,184.6621856689453,15.095703125,27.629730224609375
83,3,564.599853515625,196.21929931640625,18.90032958984375,58.43211364746094
83,1,460.2178649902344,201.6494903564453,32.517578125,77.44459533691406
83,2,545.375,188.18524169921875,22.44940185546875,62.58110046386719
83,5,466.348876953125,185.41819763183594,17.262359619140625,30.589767456054688
84,2,544.9878540039062,187.69805908203125,22.58013916015625,63.22132873535156
84,1,460.32708740234375,198.94509887695312,31.268890380859375,80.16351318359375
84,3,564.6099853515625,196.2850799560547,18.5289306640625,57.80888366699219
84,5,463.4561767578125,185.5848388671875,16.691253662109375,32.39326477050781
85,1,460.162353515625,201.7704620361328,30.48602294921875,77.36933898925781
85,2,545.404541015625,188.40054321289062,20.296142578125,62.4564208984375
85,3,563.832275390625,196.45034790039062,18.89739990234375,58.14268493652344
85,5,461.4237060546875,185.6643829345703,17.640899658203125,35.73735046386719
86,2,544.9046020507812,188.31228637695312,20.06292724609375,62.79914855957031
86,1,459.8471374511719,198.2298126220703,29.53070068359375,80.92985534667969
86,3,562.6500244140625,196.64324951171875,19.32525634765625,57.744964599609375
86,5,459.375732421875,185.0251922607422,17.70709228515625,27.984146118164062
87,2,544.7540893554688,188.52865600585938,18.6148681640625,62.95588684082031
87,1,458.01190185546875,198.86831665039062,28.793548583984375,80.32504272460938
87,3,561.3033447265625,196.40341186523438,21.16717529296875,58.57847595214844
87,5,458.05010986328125,185.3107452392578,17.171173095703125,26.560775756835938
88,1,456.33880615234375,196.26048278808594,27.505035400390625,82.85990905761719
88,2,544.4925537109375,188.68588256835938,18.03082275390625,62.03141784667969
88,3,560.8887329101562,196.05264282226562,20.27294921875,59.35618591308594
88,5,455.565673828125,185.4176483154297,14.1458740234375,22.593215942382812
89,1,454.2701721191406,196.37149047851562,26.61810302734375,82.78546142578125
89,2,543.1707763671875,188.40487670898438,18.4637451171875,62.58665466308594
89,3,559.2291259765625,196.10523986816406,21.15863037109375,59.309722900390625
89,5,452.2337646484375,185.4284210205078,15.464691162109375,25.63250732421875
90,1,451.0872497558594,195.30482482910156,28.22161865234375,83.63279724121094
90,3,557.9425659179688,196.0421905517578,21.03033447265625,59.66581726074219
90,2,542.1832885742188,188.42628479003906,18.63250732421875,62.938751220703125
91,1,448.6664123535156,196.0017852783203,29.5238037109375,83.00047302246094
91,2,541.522216796875,187.8576202392578,18.79266357421875,64.05697631835938
91,3,557.8765869140625,196.09854125976562,20.10601806640625,58.96870422363281
92,1,445.4927673339844,194.91539001464844,31.03851318359375,85.06031799316406
92,2,540.568603515625,187.7700653076172,18.5601806640625,65.20994567871094
92,3,556.400146484375,196.11660766601562,20.99615478515625,59.46601867675781
93,1,443.6784362792969,194.4458465576172,30.601348876953125,87.08628845214844
93,2,540.3961181640625,188.16195678710938,17.92724609375,65.86195373535156
93,3,553.608642578125,196.11215209960938,23.5166015625,59.75736999511719
94,1,441.7058410644531,195.6387939453125,31.07861328125,86.43020629882812
94,2,539.7007446289062,188.35594177246094,17.29901123046875,64.98968505859375
94,3,551.7571411132812,196.19015502929688,24.93243408203125,60.065704345703125
95,1,440.0329284667969,194.45260620117188,32.341064453125,87.87322998046875
95,2,537.7213134765625,188.84335327148438,18.29388427734375,63.466766357421875
95,3,550.57763671875,196.2172393798828,25.57452392578125,60.04484558105469
96,1,437.6331481933594,199.4558868408203,32.71575927734375,82.79676818847656
96,2,531.50732421875,187.60610961914062,22.83868408203125,64.5626220703125
96,3,549.16845703125,196.5230255126953,25.29779052734375,59.94288635253906
96,5,434.19189453125,186.59385681152344,17.33990478515625,62.89369201660156
97,1,437.8998107910156,199.764892578125,31.93853759765625,82.95455932617188
97,2,530.2189331054688,188.5767822265625,23.30621337890625,64.43821716308594
97,3,548.8667602539062,197.25344848632812,24.26727294921875,59.105316162109375
97,5,431.5797424316406,188.04884338378906,17.464569091796875,64.86720275878906
98,1,435.6746520996094,199.9267578125,33.290313720703125,82.9810791015625
98,2,529.15771484375,190.0275115966797,23.4146728515625,62.981109619140625
98,3,548.6989135742188,196.86537170410156,24.27459716796875,59.0343017578125
98,5,429.13031005859375,187.47373962402344,16.639312744140625,64.33256530761719
99,1,436.9737854003906,201.9658966064453,30.686676025390625,80.40129089355469
99,2,528.1273803710938,189.10824584960938,24.98974609375,63.7138671875
99,3,547.9193725585938,196.42208862304688,24.07720947265625,59.45849609375
99,5,426.3058776855469,187.90377807617188,17.30511474609375,65.42555236816406
100,3,547.5618896484375,196.5410614013672,23.42828369140625,59.54655456542969
100,2,527.904541015625,188.25755310058594,24.1800537109375,64.95936584472656
100,1,434.9902648925781,201.87783813476562,29.288604736328125,80.0631103515625
100,5,423.8676452636719,191.8821563720703,18.033966064453125,61.31573486328125
101,1,433.87261962890625,201.28529357910156,27.454986572265625,80.17131042480469
101,3,547.196044921875,196.63319396972656,22.6641845703125,59.172576904296875
101,2,527.5643310546875,187.69326782226562,23.93646240234375,65.09811401367188
101,5,421.286376953125,186.7106475830078,17.717041015625,66.26512145996094
102,3,545.9579467773438,196.3325958251953,22.07427978515625,59.96067810058594
102,2,527.7262573242188,187.77279663085938,22.451416015625,65.09121704101562
102,5,417.8783264160156,188.20574951171875,19.087066650390625,65.83709716796875
102,1,432.7917785644531,202.27796936035156,25.01861572265625,78.72132873535156
103,3,545.7384643554688,196.38583374023438,20.83233642578125,59.86724853515625
103,2,527.9810180664062,187.8599090576172,20.54046630859375,64.77095031738281
103,1,429.0923767089844,200.6729736328125,26.98028564453125,80.91607666015625
103,5,414.7491149902344,189.15660095214844,19.82257080078125,67.83531188964844
104,2,527.8629760742188,188.1735382080078,18.77471923828125,64.1959228515625
104,1,428.8282165527344,198.82838439941406,27.148223876953125,83.49949645996094
104,3,544.5018310546875,195.994873046875,20.54010009765625,60.309783935546875
104,5,412.291015625,189.5655517578125,19.96063232421875,66.76129150390625
105,3,542.7439575195312,196.04296875,21.081787109375,60.54296875
105,1,426.56329345703125,199.3370819091797,28.22882080078125,83.07096862792969
105,2,527.1502075195312,189.1917266845703,16.8607177734375,63.48594665527344
105,5,410.7887878417969,189.58035278320312,17.84112548828125,67.40988159179688
106,1,424.3070983886719,199.07896423339844,28.489776611328125,83.37361145019531
106,3,542.3164672851562,196.36607360839844,20.72344970703125,60.47648620605469
106,5,407.7062683105469,189.906005859375,19.070220947265625,67.50601196289062
106,2,526.0908813476562,188.79214477539062,16.77899169921875,63.57710266113281
107,1,421.9567565917969,200.1421661376953,29.678558349609375,82.73786926269531
107,3,540.863525390625,196.79635620117188,21.49615478515625,61.029998779296875
107,2,523.9727783203125,188.4868927001953,18.42742919921875,63.91685485839844
107,5,404.7719421386719,190.94357299804688,19.829437255859375,68.05960083007812
108,1,418.3066101074219,198.1068878173828,32.88812255859375,85.67433166503906
108,3,539.861328125,196.5706787109375,21.43023681640625,60.548828125
108,2,522.5604248046875,188.35842895507812,18.4869384765625,64.52616882324219
108,5,401.4286193847656,190.66204833984375,20.083465576171875,68.8880615234375
109,1,415.4410095214844,197.578369140625,34.8629150390625,86.36248779296875
109,3,538.1543579101562,197.16387939453125,21.99737548828125,60.98028564453125
109,2,519.569091796875,188.4978790283203,20.4188232421875,63.74546813964844
109,5,397.6099853515625,191.56402587890625,21.2799072265625,69.06100463867188
110,1,414.9739685058594,197.4706573486328,35.15191650390625,86.66236877441406
110,3,536.8212280273438,197.27427673339844,22.05194091796875,60.93803405761719
110,2,518.892822265625,188.15145874023438,20.145751953125,64.27740478515625
110,5,394.2680358886719,190.30538940429688,22.29962158203125,70.6131591796875
111,1,414.34588623046875,198.3444366455078,35.209442138671875,85.95118713378906
111,2,516.1586303710938,187.73068237304688,22.4761962890625,64.65992736816406
111,5,391.7180480957031,190.5659637451172,21.341156005859375,70.80397033691406
111,3,534.8570556640625,198.05450439453125,22.87481689453125,59.9774169921875
112,5,387.9107360839844,191.83302307128906,22.463226318359375,69.07679748535156
112,2,512.1049194335938,187.53358459472656,25.55126953125,64.77133178710938
112,3,533.5997314453125,197.64425659179688,23.59423828125,60.809173583984375
112,1,414.1735534667969,198.82167053222656,33.927154541015625,85.08338928222656
113,1,413.8200378417969,198.483642578125,32.471038818359375,85.28326416015625
113,5,385.5802917480469,192.60792541503906,22.01544189453125,69.54420471191406
113,3,532.7724609375,197.7071990966797,23.56756591796875,61.11589050292969
113,2,508.7779235839844,187.6574249267578,28.063446044921875,64.2703857421875
114,5,382.5022888183594,191.39898681640625,22.58673095703125,72.18112182617188
114,1,412.96551513671875,199.04547119140625,29.6474609375,85.24713134765625
114,3,532.9965209960938,197.5279998779297,22.26654052734375,61.04585266113281
114,2,507.8201599121094,188.6937255859375,28.040496826171875,63.481048583984375
115,1,412.35223388671875,198.17019653320312,28.104248046875,86.33013916015625
115,3,533.2872314453125,197.72256469726562,21.389404296875,60.507965087890625
115,2,508.8104553222656,188.84559631347656,26.781036376953125,64.47932434082031
115,5,379.41864013671875,191.43418884277344,22.7135009765625,73.08885192871094
116,3,533.5143432617188,197.20809936523438,19.84527587890625,60.753509521484375
116,2,507.1605529785156,189.0924835205078,27.206268310546875,64.46124267578125
116,1,411.2762145996094,196.794677734375,27.122344970703125,88.08273315429688
116,5,375.841064453125,192.2071533203125,23.451171875,72.51107788085938
117,5,371.699462890625,192.55638122558594,23.78961181640625,72.80137634277344
117,1,408.08990478515625,197.3954315185547,27.468963623046875,87.21711730957031
117,3,532.0088500976562,197.33702087402344,20.27337646484375,61.20237731933594
117,2,506.6686096191406,189.78578186035156,28.403594970703125,64.52401733398438
118,1,406.32537841796875,197.9666290283203,27.309600830078125,87.30662536621094
118,5,367.31884765625,192.829833984375,25.519195556640625,73.7703857421875
118,3,530.4129028320312,197.06980895996094,20.9693603515625,61.36082458496094
118,2,506.060546875,189.87530517578125,27.84490966796875,64.29440307617188
119,1,401.7241516113281,198.4136962890625,29.379791259765625,88.70376586914062
119,5,363.8671569824219,193.04959106445312,24.640899658203125,73.2435302734375
119,3,529.6166381835938,197.2237091064453,21.16973876953125,60.81654357910156
119,2,506.306884765625,189.88723754882812,26.1583251953125,64.25942993164062
120,1,396.0207214355469,199.00872802734375,32.04229736328125,88.66976928710938
120,2,505.93341064453125,189.611328125,21.3778076171875,63.42689514160156
120,3,526.9752197265625,197.54457092285156,21.40130615234375,60.43836975097656
120,5,356.0641784667969,194.27488708496094,25.099517822265625,73.16377258300781
121,1,394.16693115234375,198.99285888671875,33.112091064453125,88.81463623046875
121,5,352.2812805175781,194.41542053222656,24.7791748046875,73.57502746582031
121,3,526.0159301757812,197.4297332763672,21.758056640625,61.06532287597656
121,2,504.1888427734375,189.94688415527344,22.87890625,62.94316101074219
122,1,392.44293212890625,199.5644989013672,33.895782470703125,88.52171325683594
122,5,347.8341064453125,194.09388732910156,26.74127197265625,74.82560729980469
122,2,504.6103210449219,190.12399291992188,21.339935302734375,62.775726318359375
122,3,522.7349243164062,197.6304931640625,23.58636474609375,60.995361328125
123,1,389.3497619628906,200.3786163330078,36.63641357421875,88.14109802246094
123,3,520.0108032226562,197.4258575439453,25.98309326171875,61.68946838378906
123,2,503.8871154785156,189.43116760253906,20.560821533203125,64.53074645996094
123,5,341.7635498046875,195.02572631835938,27.47418212890625,73.8922119140625
124,1,387.8796691894531,199.615478515625,37.3123779296875,88.81182861328125
124,5,337.07421875,194.55691528320312,27.802703857421875,75.35202026367188
124,3,518.11962890625,197.96524047851562,26.9322509765625,60.9827880859375
124,2,504.1095275878906,188.90008544921875,18.804107666015625,65.853271484375
125,1,387.060546875,199.51901245117188,35.97528076171875,88.88595581054688
125,5,334.3861999511719,195.50018310546875,26.2615966796875,76.88446044921875
125,3,516.3081665039062,198.0966339111328,27.2076416015625,61.01753234863281
125,2,502.77581787109375,188.73989868164062,19.3878173828125,65.60220336914062
126,1,386.3791198730469,199.27145385742188,33.561492919921875,89.2576904296875
126,5,328.538330078125,196.26095581054688,26.621124267578125,75.14083862304688
126,3,516.4081420898438,198.33001708984375,25.30181884765625,61.043975830078125
126,2,501.8871154785156,189.28138732910156,19.294219970703125,64.98638916015625
127,1,389.038330078125,199.72532653808594,27.038665771484375,88.92521667480469
127,5,323.7763671875,196.52537536621094,25.85394287109375,74.09498596191406
127,3,514.9703369140625,199.2362518310547,26.113037109375,60.36506652832031
127,2,498.8999938964844,189.51776123046875,20.986541748046875,64.72511291503906
128,1,389.1534729003906,199.5903778076172,25.2774658203125,88.94261169433594
128,5,319.18218994140625,196.17152404785156,26.4727783203125,73.90046691894531
128,3,514.7630615234375,199.24368286132812,25.49945068359375,60.45263671875
128,2,496.51531982421875,189.5848388671875,23.453369140625,65.28424072265625
129,1,386.0859680175781,199.68980407714844,26.419464111328125,89.67268371582031
129,3,514.3480224609375,199.04824829101562,25.19659423828125,60.668853759765625
129,5,314.3417663574219,197.4557342529297,22.897430419921875,74.03071594238281
129,2,495.3270568847656,189.83851623535156,24.280303955078125,65.11280822753906
130,1,383.06646728515625,199.68894958496094,27.284637451171875,90.31187438964844
130,5,310.0068664550781,196.18666076660156,22.042022705078125,76.11976623535156
130,3,514.061767578125,198.7956085205078,24.4735107421875,60.90379333496094
130,2,495.44281005859375,191.07093811035156,23.464111328125,65.09880065917969
131,1,381.2654113769531,200.07716369628906,28.16912841796875,89.51020812988281
131,5,304.0199279785156,196.48403930664062,22.45343017578125,76.1707763671875
131,3,513.7543334960938,198.9166259765625,23.98297119140625,61.111328125
131,2,494.27239990234375,191.8385009765625,23.86920166015625,64.70431518554688
132,1,379.1695556640625,200.98011779785156,29.89849853515625,88.26286315917969
132,5,298.9349365234375,196.67282104492188,22.1585693359375,76.81314086914062
132,3,512.7957763671875,199.15626525878906,22.884765625,60.88343811035156
132,2,493.1857604980469,191.07534790039062,23.233612060546875,64.75944519042969
133,3,512.897705078125,199.62643432617188,21.2066650390625,60.40069580078125
133,5,293.7738952636719,196.64825439453125,21.985443115234375,76.77053833007812
133,1,374.30438232421875,201.4381103515625,34.315643310546875,87.91909790039062
133,2,493.34552001953125,191.19081115722656,22.322265625,64.66908264160156
134,1,369.5345153808594,202.1154022216797,38.19110107421875,86.85893249511719
134,3,511.5292053222656,198.89305114746094,19.790191650390625,61.47279357910156
134,5,287.71490478515625,197.14242553710938,21.1162109375,75.81460571289062
134,2,493.6999206542969,190.39230346679688,21.086273193359375,65.57820129394531
135,1,365.7877502441406,201.66085815429688,42.040802001953125,87.4881591796875
135,5,282.3019104003906,196.94610595703125,21.07000732421875,75.14486694335938
135,3,510.8067626953125,197.89710998535156,18.64202880859375,62.09568786621094
135,2,493.49609375,190.3898468017578,20.1956787109375,66.21134948730469
136,1,365.4485168457031,202.2005615234375,41.2095947265625,86.97161865234375
136,5,274.4347839355469,196.89968872070312,23.72027587890625,76.05337524414062
136,3,509.1711120605469,198.53504943847656,18.977996826171875,61.45195007324219
136,2,492.4665832519531,190.13951110839844,19.576385498046875,66.14607238769531
137,1,364.5832824707031,202.59999084472656,41.53955078125,86.90074157714844
137,2,491.5013122558594,189.6968994140625,18.7896728515625,66.64593505859375
137,3,508.2215881347656,197.92254638671875,19.191558837890625,63.055145263671875
137,5,270.2710266113281,197.3094482421875,21.764892578125,75.11865234375
138,1,362.5299987792969,202.7705535888672,40.551300048828125,86.72279357910156
138,5,262.69482421875,197.6065216064453,23.7535400390625,74.95350646972656
138,3,507.49737548828125,198.19509887695312,18.99615478515625,61.956390380859375
138,2,490.4697570800781,190.7250518798828,18.6888427734375,65.40718078613281
139,1,361.1622619628906,202.16180419921875,39.109619140625,87.42828369140625
139,3,506.1785888671875,199.10057067871094,19.56195068359375,62.38639831542969
139,2,489.20526123046875,190.11900329589844,18.987152099609375,65.88804626464844
139,5,258.8880920410156,197.94509887695312,21.589385986328125,73.46243286132812
140,1,358.4253845214844,202.02459716796875,39.32220458984375,87.51992797851562
140,3,504.1435852050781,198.5005340576172,20.486724853515625,63.96376037597656
140,5,251.10450744628906,196.9070587158203,24.016677856445312,75.89378356933594
140,2,488.1564636230469,192.57041931152344,19.038665771484375,62.38706970214844
141,1,358.5187683105469,200.8452606201172,34.104766845703125,88.71672058105469
141,3,501.9513244628906,198.65594482421875,22.127838134765625,64.16360473632812
141,2,486.88946533203125,191.46743774414062,20.041290283203125,63.90550231933594
141,5,245.67539978027344,196.49183654785156,26.463821411132812,75.47486877441406
142,1,357.267822265625,200.66220092773438,30.936737060546875,88.95498657226562
142,3,500.6938171386719,198.98410034179688,22.854583740234375,63.89300537109375
142,5,239.55389404296875,196.93357849121094,27.910552978515625,74.89418029785156
142,2,485.9434509277344,191.54379272460938,18.89495849609375,63.40214538574219
143,1,355.33935546875,200.6623992919922,28.808319091796875,87.54624938964844
143,5,235.67530822753906,196.94808959960938,26.193222045898438,72.94171142578125
143,2,483.92645263671875,189.56390380859375,20.609466552734375,66.28054809570312
143,3,499.7126159667969,200.2950439453125,22.904510498046875,62.0313720703125
144,1,348.3690490722656,198.46949768066406,29.334228515625,91.62394714355469
144,2,477.4761962890625,190.5216827392578,25.497161865234375,65.50355529785156
144,5,224.50437927246094,195.63314819335938,23.726333618164062,74.25177001953125
144,3,499.3760681152344,199.75062561035156,21.107208251953125,62.36485290527344
145,1,345.8372497558594,199.0395050048828,30.29425048828125,91.85179138183594
145,2,475.87042236328125,190.7384796142578,26.784637451171875,65.17076110839844
145,3,499.0095520019531,200.5813446044922,19.620086669921875,61.35990905761719
145,5,219.84161376953125,195.1864013671875,26.597793579101562,75.17813110351562
146,1,341.4391784667969,201.06959533691406,35.321807861328125,91.50617980957031
146,3,497.095458984375,199.89695739746094,18.340087890625,62.66426086425781
146,2,474.94915771484375,192.10787963867188,25.57855224609375,64.15069580078125
146,5,216.10061645507812,194.23597717285156,25.448333740234375,74.07981872558594
147,1,337.2653503417969,203.7322235107422,38.173919677734375,86.66093444824219
147,3,496.4480895996094,200.0067138671875,17.477203369140625,61.929473876953125
147,2,475.053955078125,191.35691833496094,24.022918701171875,65.35908508300781
147,5,210.35906982421875,193.50668334960938,27.279281616210938,76.27386474609375
148,1,331.3293151855469,199.83946228027344,44.007049560546875,90.10334777832031
148,3,494.83123779296875,199.3905792236328,18.15087890625,62.62776184082031
148,2,474.8716735839844,189.8627471923828,23.693115234375,66.95271301269531
148,5,207.45330810546875,191.8052215576172,26.502243041992188,77.83860778808594
149,1,329.4671630859375,201.03208923339844,45.613433837890625,89.46122741699219
149,3,493.248046875,199.72552490234375,18.2432861328125,62.199066162109375
149,2,475.0211486816406,190.8199462890625,22.52191162109375,66.01144409179688
149,5,204.38446044921875,193.50729370117188,25.304061889648438,75.72378540039062
150,1,328.3928527832031,202.05291748046875,44.8773193359375,88.94363403320312
150,3,491.8849792480469,199.1053924560547,18.969879150390625,62.76432800292969
150,2,475.000244140625,190.99618530273438,21.775299072265625,66.03146362304688
150,5,200.64430236816406,191.53494262695312,24.309295654296875,74.8282470703125
151,1,330.0395202636719,203.84165954589844,41.3201904296875,86.83265686035156
151,3,490.6169738769531,199.4279022216797,19.725921630859375,63.12895202636719
151,5,198.18663024902344,191.01393127441406,22.005203247070312,74.84861755371094
151,2,475.0971984863281,189.52896118164062,20.491485595703125,67.31558227539062
152,1,329.76922607421875,201.34840393066406,37.01263427734375,89.40040588378906
152,3,488.374267578125,199.7901153564453,20.48065185546875,63.13798522949219
152,5,195.1145782470703,191.58213806152344,22.186019897460938,75.29383850097656
152,2,474.42498779296875,188.14642333984375,19.910980224609375,69.17816162109375
153,1,327.5447998046875,201.4580078125,36.763519287109375,89.43447875976562
153,3,484.84332275390625,200.64085388183594,22.928131103515625,62.02241516113281
153,5,190.77963256835938,191.60317993164062,23.0181884765625,72.29638671875
153,2,474.2261657714844,187.84982299804688,19.803619384765625,70.46124267578125
154,1,326.96685791015625,200.3983612060547,32.207672119140625,90.57765197753906
154,3,481.9393615722656,200.29876708984375,24.612884521484375,62.6175537109375
154,2,472.8695983886719,188.33523559570312,20.191162109375,69.39593505859375
154,5,188.39024353027344,190.02268981933594,21.535476684570312,75.79573059082031
155,3,479.62579345703125,200.01268005371094,26.72845458984375,63.43833923339844
155,1,325.0484619140625,199.65663146972656,29.249298095703125,91.85087585449219
155,5,181.04495239257812,191.29176330566406,25.975906372070312,74.21571350097656
155,2,472.12139892578125,188.5054473876953,20.041290283203125,68.52268981933594
156,3,479.4830627441406,199.60470581054688,26.672607421875,63.992584228515625
156,1,320.5264587402344,200.1852264404297,28.80938720703125,91.46745300292969
156,5,175.22630310058594,192.10980224609375,27.02764892578125,71.57916259765625
156,2,471.7792663574219,188.655517578125,18.8668212890625,67.64840698242188
157,3,479.88623046875,198.99642944335938,26.639404296875,64.5120849609375
157,1,318.77557373046875,201.1861572265625,28.413665771484375,90.14285278320312
157,2,471.3063659667969,188.36746215820312,19.550079345703125,70.22491455078125
157,5,168.52223205566406,193.92144775390625,31.066497802734375,69.98037719726562
158,3,479.44219970703125,198.97496032714844,26.893341064453125,64.26118469238281
158,1,316.59857177734375,199.3102264404297,29.24969482421875,92.01896667480469
158,2,470.5629577636719,188.2626953125,18.381805419921875,72.66928100585938
158,5,164.12530517578125,195.11566162109375,32.97364807128906,68.95950317382812
159,3,476.0511779785156,200.15469360351562,29.11651611328125,63.244598388671875
159,1,314.2958679199219,199.0639190673828,30.735809326171875,92.09397888183594
159,2,469.4493408203125,187.60540771484375,17.371917724609375,72.36590576171875
159,5,164.22085571289062,196.52587890625,30.5108642578125,67.56326293945312
160,3,472.4609375,199.7539520263672,31.096282958984375,63.72117614746094
160,1,308.5105895996094,200.22317504882812,35.331878662109375,90.10659790039062
160,2,468.7337951660156,185.55335998535156,17.68170166015625,74.01066589355469
160,5,163.58753967285156,199.24061584472656,25.585952758789062,63.98036193847656
161,3,474.19085693359375,200.36370849609375,27.75091552734375,63.335968017578125
161,1,303.4184875488281,201.41058349609375,40.074920654296875,88.4869384765625
161,5,162.3938751220703,202.1218719482422,21.522430419921875,60.31434631347656
161,2,467.40716552734375,187.0997314453125,17.964508056640625,71.0728759765625
162,3,476.1799621582031,200.06861877441406,23.444610595703125,63.83375549316406
162,1,300.622802734375,201.7377166748047,40.725128173828125,88.36116027832031
162,5,159.41708374023438,202.33975219726562,22.609954833984375,59.7330322265625
162,2,465.989013671875,187.14463806152344,19.482666015625,72.27763366699219
163,3,466.3989562988281,190.88621520996094,19.5760498046875,68.64228820800781
163,1,298.66650390625,201.168701171875,42.67352294921875,89.57913208007812
163,5,158.11924743652344,202.1241912841797,18.9736328125,58.19831848144531
163,7,826.178466796875,209.89471435546875,22.646728515625,66.42153930664062
164,3,473.4871520996094,199.34262084960938,19.99090576171875,64.16519165039062
164,1,296.3384704589844,201.89459228515625,43.320892333984375,88.85073852539062
164,5,155.81072998046875,202.8510284423828,26.1981201171875,57.50572204589844
165,1,294.8609924316406,201.89035034179688,41.77099609375,88.49993896484375
165,3,464.953369140625,190.77334594726562,26.1072998046875,72.806884765625
165,5,152.10714721679688,204.17921447753906,26.881301879882812,56.53800964355469
166,1,293.1857604980469,201.9537811279297,40.484130859375,88.00843811035156
166,3,463.7925109863281,187.5729217529297,26.06103515625,75.48249816894531
166,5,149.70741271972656,205.37155151367188,27.403549194335938,55.50836181640625
167,1,292.9256286621094,200.02606201171875,37.230255126953125,89.7445068359375
167,3,463.669189453125,187.77175903320312,25.524810791015625,76.95034790039062
167,5,148.74110412597656,208.7732391357422,26.53411865234375,52.38996887207031
168,1,290.6151123046875,199.98342895507812,28.189208984375,89.12387084960938
168,3,463.68145751953125,195.33705139160156,23.808868408203125,69.51661682128906
168,5,144.07470703125,206.9707794189453,28.355911254882812,54.91044616699219
169,3,462.00787353515625,194.927490234375,25.306060791015625,70.73321533203125
169,1,287.29791259765625,199.71817016601562,27.901641845703125,91.49508666992188
169,5,143.80572509765625,204.7734375,27.223770141601562,57.085174560546875
170,3,460.7589111328125,191.0493927001953,26.10321044921875,74.91441345214844
170,1,285.4742736816406,199.52638244628906,27.892669677734375,90.79502868652344
170,5,143.61744689941406,211.02041625976562,26.398345947265625,50.807861328125
171,1,284.2481994628906,199.32208251953125,28.80401611328125,91.502685546875
171,3,460.7505798339844,200.1168212890625,25.865570068359375,66.2315673828125
171,2,458.63861083984375,192.79701232910156,19.302001953125,68.48051452636719
171,5,142.4884490966797,215.51852416992188,26.378646850585938,46.226409912109375
172,1,278.2351989746094,199.48861694335938,34.83355712890625,91.81170654296875
172,3,460.45416259765625,199.3901824951172,25.67529296875,66.95875549316406
172,2,457.09649658203125,192.30227661132812,16.556365966796875,67.08905029296875
172,5,142.1773223876953,216.17819213867188,25.521942138671875,45.235809326171875
173,1,271.7714538574219,200.86109924316406,40.958709716796875,89.82460021972656
173,3,462.06121826171875,195.64414978027344,23.13262939453125,70.51618957519531
173,2,455.4719543457031,192.6460418701172,16.850921630859375,70.33439636230469
173,5,141.5709991455078,216.7481231689453,25.41363525390625,45.62870788574219
174,1,267.83148193359375,200.39071655273438,44.08856201171875,90.33163452148438
174,8,775.689208984375,207.88458251953125,19.87152099609375,66.72012329101562
174,3,452.0163269042969,192.74697875976562,31.765716552734375,71.85202026367188
174,5,139.56130981445312,216.64878845214844,26.504409790039062,46.08583068847656
175,1,265.7088928222656,200.29005432128906,45.19671630859375,91.08277893066406
175,3,447.59307861328125,197.15167236328125,33.749267578125,66.048583984375
175,8,772.5742797851562,210.42709350585938,19.89678955078125,49.247711181640625
175,5,139.25575256347656,217.70887756347656,26.0823974609375,44.66966247558594
176,1,266.51239013671875,202.30149841308594,42.506195068359375,88.87303161621094
176,8,767.7357788085938,209.92991638183594,23.4677734375,53.39915466308594
176,3,462.9693298339844,214.9010009765625,16.88641357421875,51.730865478515625
176,5,139.23374938964844,218.96304321289062,25.898651123046875,42.75885009765625
176,9,137.9809112548828,215.5722198486328,15.05865478515625,24.373855590820312
177,1,266.89691162109375,202.68812561035156,39.591949462890625,88.65373229980469
177,8,761.7242431640625,209.65328979492188,23.37164306640625,62.64703369140625
177,3,444.16278076171875,191.2712860107422,33.744110107421875,74.33680725097656
177,5,136.6817169189453,214.82493591308594,27.611007690429688,46.43357849121094
178,8,753.5042114257812,208.5189666748047,28.50927734375,65.01179504394531
178,1,264.923828125,201.04490661621094,40.135467529296875,89.92173767089844
178,2,457.4101257324219,205.93838500976562,19.372222900390625,60.090606689453125
178,3,444.5224914550781,195.12344360351562,32.118133544921875,67.9832763671875
178,5,135.7423858642578,214.8253173828125,29.725173950195312,45.840850830078125
179,1,263.2398986816406,200.6079559326172,35.7652587890625,90.18495178222656
179,8,748.1138305664062,208.46490478515625,30.50714111328125,65.24990844726562
179,3,445.69805908203125,196.77017211914062,30.147552490234375,68.008056640625
179,5,134.34703063964844,214.2155303955078,29.328353881835938,46.49464416503906
180,1,263.0379638671875,200.8589630126953,30.192718505859375,89.99681091308594
180,8,745.9913330078125,208.8327178955078,31.0733642578125,65.90864562988281
180,3,446.25482177734375,197.30369567871094,28.2838134765625,68.72309875488281
180,5,131.75608825683594,214.17539978027344,34.154083251953125,45.49012756347656
181,1,260.0341796875,200.5060272216797,27.372772216796875,90.41719055175781
181,3,447.82012939453125,198.2259521484375,26.0111083984375,68.50814819335938
181,8,745.4706420898438,209.14256286621094,28.05712890625,65.91151428222656
181,5,128.68353271484375,213.75262451171875,32.08793640136719,46.608978271484375
181,2,447.7976989746094,192.46217346191406,14.992431640625,51.57987976074219
182,1,257.4714050292969,200.477783203125,25.143463134765625,90.45126342773438
182,3,446.1671142578125,193.82789611816406,27.076934814453125,73.30247497558594
182,8,742.7271728515625,209.9137420654297,26.56683349609375,65.07328796386719
182,5,125.41699981689453,213.2279510498047,37.39563751220703,47.21464538574219
183,3,444.9255065917969,196.2322540283203,27.41998291015625,71.46809387207031
183,1,254.9834442138672,200.2394561767578,25.830459594726562,90.43186950683594
183,8,741.9010620117188,210.3695831298828,21.92388916015625,64.42805480957031
184,3,443.23968505859375,198.37655639648438,28.49542236328125,69.54327392578125
184,8,738.4893798828125,209.6033172607422,20.14447021484375,65.67546081542969
184,1,252.27304077148438,199.68270874023438,28.031890869140625,91.19195556640625
185,3,441.99871826171875,197.5941619873047,29.626312255859375,70.62400817871094
185,8,733.7757568359375,209.55262756347656,21.44427490234375,64.81712341308594
185,1,248.26722717285156,200.71287536621094,30.628829956054688,90.04136657714844
185,5,115.34918212890625,205.95957946777344,41.47174072265625,52.69682312011719
186,8,726.9099731445312,208.69915771484375,27.699462890625,66.64382934570312
186,3,442.344970703125,191.51861572265625,28.95855712890625,76.9661865234375
186,1,241.38247680664062,199.90618896484375,37.8265380859375,91.01901245117188
186,5,112.6632080078125,202.5513916015625,41.62347412109375,55.4644775390625
187,3,442.28485107421875,190.96275329589844,28.6707763671875,77.54545593261719
187,1,237.86753845214844,200.5826873779297,40.80329895019531,89.91487121582031
187,8,721.0578002929688,208.69357299804688,31.42388916015625,66.28369140625
187,5,109.94891357421875,200.6971435546875,40.10975646972656,56.338134765625
188,3,441.5740966796875,190.92164611816406,28.78948974609375,77.40190124511719
188,8,716.9493408203125,209.15469360351562,32.93316650390625,65.99789428710938
188,1,235.5921630859375,199.770751953125,42.247039794921875,90.73837280273438
188,5,107.35948181152344,198.97109985351562,37.68156433105469,57.72308349609375
189,3,441.30596923828125,191.97315979003906,28.48114013671875,76.10502624511719
189,1,234.15750122070312,201.45359802246094,42.203704833984375,88.96971130371094
189,8,717.6611328125,208.8493194580078,27.2420654296875,65.41584777832031
189,5,105.51673126220703,196.61819458007812,35.13823699951172,54.39854431152344
190,3,440.4533386230469,189.53359985351562,28.05279541015625,78.69097900390625
190,1,230.85452270507812,200.83497619628906,42.77313232421875,88.90058898925781
190,8,716.8812866210938,209.94699096679688,21.50347900390625,64.57232666015625
190,5,101.22077941894531,193.70877075195312,34.60096740722656,59.64427185058594
191,1,230.2779998779297,200.9379119873047,39.85603332519531,88.52735900878906
191,3,438.4168701171875,198.91796875,27.483673095703125,68.40325927734375
191,5,100.48499298095703,190.43795776367188,29.729103088378906,60.70976257324219
191,8,711.1802368164062,210.64990234375,24.10894775390625,63.56390380859375
192,1,226.28280639648438,199.73321533203125,32.620025634765625,87.60699462890625
192,8,701.8274536132812,208.5087432861328,26.6507568359375,66.26292419433594
192,3,435.2314147949219,192.28416442871094,25.0401611328125,74.63777160644531
192,5,96.42008972167969,187.48728942871094,29.562576293945312,61.21315002441406
193,1,227.5161590576172,198.14854431152344,29.452346801757812,91.15666198730469
193,3,433.0033264160156,192.1046600341797,24.97674560546875,75.88304138183594
193,5,93.94500732421875,185.7931671142578,23.33679962158203,60.987152099609375
193,8,695.4931640625,210.18218994140625,30.38275146484375,64.5726318359375
194,1,222.73146057128906,200.31541442871094,29.791915893554688,87.80903625488281
194,5,91.3525161743164,186.13490295410156,26.31146240234375,62.602294921875
194,8,692.3536987304688,208.61227416992188,33.75421142578125,66.59375
194,3,429.8738708496094,193.9447784423828,25.851531982421875,73.88432312011719
195,5,89.5486068725586,186.71994018554688,22.367942810058594,61.13908386230469
195,1,222.0615692138672,200.43594360351562,28.074356079101562,88.4107666015625
195,8,691.0361328125,208.21658325195312,32.30145263671875,66.75396728515625
195,3,427.7475891113281,196.1238555908203,26.5294189453125,72.36125183105469
196,1,219.17807006835938,199.53675842285156,29.310104370117188,89.29380798339844
196,3,427.21575927734375,198.5354766845703,25.8369140625,68.22361755371094
196,5,86.64407348632812,188.20542907714844,22.553131103515625,58.3472900390625
196,8,690.70458984375,209.24574279785156,29.20770263671875,65.90373229980469
197,3,426.33892822265625,193.91165161132812,25.946380615234375,72.22647094726562
197,1,216.8301239013672,200.26097106933594,30.746292114257812,87.49922180175781
197,8,690.6983032226562,208.68115234375,24.06866455078125,65.786865234375
197,5,82.71371459960938,186.6104736328125,23.70409393310547,58.68183898925781
198,1,210.27374267578125,200.31222534179688,37.12522888183594,88.28469848632812
198,8,689.8889770507812,207.60337829589844,19.19537353515625,66.12580871582031
198,5,79.91133117675781,185.4024658203125,23.811241149902344,62.006195068359375
198,3,425.2781677246094,195.4835968017578,27.0400390625,75.44694519042969
199,1,204.9933319091797,200.54991149902344,41.28425598144531,88.14308166503906
199,8,686.2205810546875,207.4615936279297,17.11224365234375,64.55793762207031
199,3,424.635986328125,195.7151336669922,27.6195068359375,74.75611877441406
199,5,78.6467514038086,185.35601806640625,22.719711303710938,60.74249267578125
200,1,201.19656372070312,200.5779571533203,45.31561279296875,88.24894714355469
200,5,75.32212829589844,183.40158081054688,24.678810119628906,65.56448364257812
200,3,424.0577392578125,195.3535919189453,27.304962158203125,75.00682067871094
200,8,673.4478149414062,206.1294708251953,29.72454833984375,68.29988098144531
201,1,200.1656951904297,201.2589111328125,45.045684814453125,87.59915161132812
201,3,422.48541259765625,198.37896728515625,28.27044677734375,72.80630493164062
201,5,71.30413055419922,183.40771484375,28.22650146484375,65.29737854003906
201,8,673.4219970703125,215.57290649414062,28.4798583984375,58.729583740234375
202,1,200.04129028320312,201.53810119628906,43.701812744140625,86.86570739746094
202,5,69.35098266601562,184.05882263183594,28.264144897460938,63.86317443847656
202,3,421.50604248046875,196.1617889404297,29.080596923828125,74.99769592285156
202,8,668.648193359375,213.94883728027344,29.00384521484375,61.90959167480469
203,1,200.65737915039062,201.67701721191406,39.6649169921875,86.42878723144531
203,8,662.8300170898438,206.79835510253906,30.2672119140625,68.84684753417969
203,5,68.93042755126953,184.16787719726562,26.09307861328125,63.40403747558594
203,3,420.5506896972656,193.25595092773438,28.99951171875,77.72634887695312
204,8,660.2824096679688,207.22512817382812,27.9354248046875,68.41531372070312
204,3,420.6768493652344,198.4705810546875,27.30438232421875,72.4085693359375
204,1,199.35365295410156,201.60292053222656,39.94590759277344,86.43138122558594
204,5,66.65052032470703,184.18653869628906,24.283905029296875,60.48876953125
205,8,657.980224609375,208.3529815673828,28.2674560546875,68.07691955566406
205,1,198.3171844482422,199.9158477783203,37.45465087890625,88.45420837402344
205,3,421.1540222167969,195.7020263671875,24.552581787109375,75.6370849609375
205,5,66.85799407958984,187.9443817138672,20.375343322753906,55.718658447265625
206,8,655.879150390625,208.63401794433594,29.68231201171875,67.35832214355469
206,1,197.7291259765625,199.39759826660156,32.13526916503906,88.99263000488281
206,3,419.92742919921875,203.64944458007812,22.8922119140625,67.081787109375
206,5,65.08478546142578,191.66416931152344,19.952957153320312,50.24708557128906
207,1,196.25341796875,199.7610321044922,28.9825439453125,88.82023620605469
207,8,655.5795288085938,208.80975341796875,27.8834228515625,67.31072998046875
207,3,419.78375244140625,193.41812133789062,21.678131103515625,75.31832885742188
207,5,64.37023162841797,192.15780639648438,17.904403686523438,52.49348449707031
208,1,192.9495391845703,199.5377197265625,27.2083740234375,88.63717651367188
208,8,652.888671875,208.25990295410156,25.43878173828125,67.41712951660156
208,3,417.9209899902344,193.1542510986328,22.891448974609375,70.26823425292969
208,5,64.61431884765625,193.89405822753906,14.982612609863281,48.342254638671875
209,8,649.3788452148438,206.16763305664062,24.840087890625,69.12991333007812
209,1,189.79119873046875,198.5546875,27.486953735351562,89.31048583984375
209,3,415.8443298339844,192.79698181152344,23.984466552734375,72.19642639160156
209,5,64.17373657226562,195.86643981933594,13.738243103027344,45.1561279296875
210,8,648.33935546875,205.566162109375,23.791748046875,69.95529174804688
210,1,187.54283142089844,197.58224487304688,27.332992553710938,91.58865356445312
210,3,413.7817077636719,193.37335205078125,25.4840087890625,75.1494140625
211,8,646.465087890625,205.84291076660156,22.95361328125,69.80522155761719
211,3,412.2754211425781,194.16502380371094,25.590789794921875,77.02226257324219
211,1,180.1126251220703,197.9760284423828,34.1558837890625,89.45185852050781
212,8,640.20166015625,206.39881896972656,26.920654296875,69.52772521972656
212,1,176.2834930419922,198.218017578125,37.31861877441406,89.50177001953125
212,3,409.47259521484375,194.63424682617188,27.670501708984375,76.04742431640625
213,1,173.35546875,199.35035705566406,38.77232360839844,87.70597839355469
213,8,632.5140991210938,207.38302612304688,33.04071044921875,67.95846557617188
213,3,404.85272216796875,197.56517028808594,30.823638916015625,74.26475524902344
214,1,171.9338836669922,199.03562927246094,39.46270751953125,88.44154357910156
214,3,403.4812316894531,196.8389129638672,30.94036865234375,74.93150329589844
214,8,629.0438842773438,207.9270782470703,36.08740234375,67.72608947753906
215,1,170.12074279785156,198.9485626220703,40.571746826171875,88.74040222167969
215,8,628.2272338867188,207.76248168945312,37.019287109375,68.4259033203125
215,3,401.2393798828125,195.74539184570312,33.512451171875,76.09222412109375
216,8,627.1238403320312,207.98953247070312,31.20941162109375,67.99029541015625
216,1,165.38272094726562,199.36801147460938,44.30021667480469,88.38275146484375
216,3,400.4854736328125,193.61280822753906,33.0025634765625,79.28688049316406
217,8,626.3005981445312,207.45103454589844,26.9212646484375,67.67906188964844
217,1,165.9312286376953,199.50747680664062,41.79597473144531,88.54367065429688
217,3,402.32086181640625,192.57464599609375,29.086639404296875,80.0928955078125
218,8,623.648681640625,206.76434326171875,23.96478271484375,69.01913452148438
218,1,165.17938232421875,199.18516540527344,38.03062438964844,86.45634460449219
218,3,401.2916259765625,192.47201538085938,29.4014892578125,80.22396850585938
219,8,619.9404907226562,205.69302368164062,23.46209716796875,69.59487915039062
219,1,167.8770751953125,198.51060485839844,30.494583129882812,86.18278503417969
219,3,400.55340576171875,191.65802001953125,28.36962890625,81.02716064453125
220,8,617.3190307617188,205.966796875,23.9742431640625,70.04159545898438
220,1,167.645263671875,196.8439483642578,27.296798706054688,86.13728332519531
220,3,400.9937744140625,191.45831298828125,26.350311279296875,81.4783935546875
220,5,27.157184600830078,179.3046112060547,18.044200897216797,55.41188049316406
221,8,615.3106689453125,206.2644500732422,23.4412841796875,68.98414611816406
221,1,165.22915649414062,197.09017944335938,26.264541625976562,85.50021362304688
221,5,24.646121978759766,178.57797241210938,20.768226623535156,59.582427978515625
221,3,398.97381591796875,193.0167999267578,26.93743896484375,80.50834655761719
222,8,609.3255615234375,207.20736694335938,27.336181640625,68.56719970703125
222,1,164.28311157226562,196.63072204589844,25.1943359375,86.89982604980469
222,5,22.35379981994629,179.58489990234375,21.65506935119629,57.18363952636719
222,3,396.1759948730469,195.9725799560547,27.500640869140625,77.40483093261719
223,8,605.6760864257812,207.8859405517578,29.56036376953125,68.90415954589844
223,1,162.23988342285156,196.8913116455078,24.9334716796875,86.25856018066406
223,5,18.024900436401367,179.07769775390625,23.748605728149414,60.27105712890625
223,10,402.68218994140625,196.7993927001953,19.5560302734375,50.29560852050781
223,3,392.7098388671875,203.1930694580078,28.947845458984375,68.81224060058594
224,8,605.7963256835938,207.7060089111328,28.420654296875,68.25569152832031
224,5,13.677794456481934,178.06808471679688,26.14486026763916,61.02214050292969
224,1,157.91140747070312,196.2311553955078,27.935348510742188,86.56733703613281
224,10,391.58001708984375,194.85671997070312,30.72381591796875,78.3172607421875
225,8,605.517333984375,208.24722290039062,28.4652099609375,67.43234252929688
225,1,152.5001678466797,196.0660858154297,32.78865051269531,86.98997497558594
225,5,11.243793487548828,178.12818908691406,26.782794952392578,59.91761779785156
225,3,383.69329833984375,203.5399627685547,36.021087646484375,70.61473083496094
225,10,399.6356201171875,203.1842803955078,22.175537109375,66.89878845214844
226,1,148.33172607421875,197.15087890625,37.32060241699219,85.14163208007812
226,5,10.5932035446167,177.61561584472656,25.25509738922119,58.94012451171875
226,10,392.28326416015625,194.94366455078125,26.491607666015625,78.47946166992188
226,8,606.1817016601562,207.3297576904297,25.0748291015625,67.21665954589844
226,3,390.3440246582031,203.66355895996094,20.60504150390625,70.77803039550781
227,1,144.4324493408203,197.81576538085938,41.02598571777344,84.83013916015625
227,5,10.116453170776367,177.0933074951172,25.970991134643555,58.89796447753906
227,3,383.4502258300781,208.15383911132812,23.31024169921875,63.640228271484375
227,10,400.847412109375,195.7126922607422,19.248443603515625,70.72465515136719
227,8,606.02001953125,207.8784942626953,19.44110107421875,65.50047302246094
228,1,143.06784057617188,199.0773468017578,42.43388366699219,83.13456726074219
228,3,384.40179443359375,200.2451934814453,26.6058349609375,75.99797058105469
228,5,9.894463539123535,177.7760009765625,25.29011821746826,53.53053283691406
228,10,399.9944152832031,196.98077392578125,19.23065185546875,69.20785522460938
228,8,605.7039794921875,205.6771697998047,14.6170654296875,68.14299011230469
229,1,142.24400329589844,198.68174743652344,42.708648681640625,83.52790832519531
229,10,398.37591552734375,196.4997100830078,20.31207275390625,69.76841735839844
229,3,381.65142822265625,199.84564208984375,27.483795166015625,76.166015625
229,5,9.246188163757324,180.27536010742188,25.76659107208252,51.105621337890625
229,8,605.47265625,206.9851531982422,10.39788818359375,64.73176574707031
230,1,140.7481689453125,198.9717559814453,46.6993408203125,83.60792541503906
230,3,379.2343444824219,201.95022583007812,29.708587646484375,73.28359985351562
230,10,397.0151062011719,198.01577758789062,21.6920166015625,68.76211547851562
230,5,10.881256103515625,181.7984619140625,21.912395477294922,50.64561462402344
231,1,140.77650451660156,196.54989624023438,45.04156494140625,85.93560791015625
231,10,394.7366027832031,196.28598022460938,24.338775634765625,70.68670654296875
231,3,378.3829345703125,201.5378875732422,29.7943115234375,73.99873352050781
231,5,9.232985496520996,179.75193786621094,20.97084331512451,49.50852966308594
232,10,390.7257080078125,195.02127075195312,27.93499755859375,73.1282958984375
232,1,141.9632110595703,197.39495849609375,34.28532409667969,83.34909057617188
232,3,377.98736572265625,200.3073272705078,30.12127685546875,75.38688659667969
232,5,7.495702743530273,176.8556365966797,24.9827823638916,50.84254455566406
232,8,581.0628662109375,224.9344024658203,11.691162109375,49.16673278808594
233,10,389.6361999511719,195.5788116455078,27.75860595703125,72.16496276855469
233,1,141.51629638671875,195.96876525878906,32.684478759765625,85.11607360839844
233,5,4.4043707847595215,176.47621154785156,17.395140171051025,55.46614074707031
233,8,572.5321044921875,205.7774658203125,20.71051025390625,69.3455810546875
233,3,378.8218078613281,202.03955078125,27.111053466796875,73.466552734375
234,10,387.94244384765625,195.40989685058594,28.752838134765625,71.92585754394531
234,5,1.436942458152771,175.65638732910156,23.681776642799377,54.66900634765625
234,8,568.247314453125,206.97666931152344,24.92706298828125,67.64994812011719
234,1,139.48817443847656,195.8949432373047,33.23211669921875,84.70860290527344
234,3,378.5447998046875,206.0509490966797,25.8997802734375,69.11170959472656
235,10,387.2610168457031,194.27178955078125,28.00128173828125,72.36514282226562
235,1,137.3780517578125,195.3833770751953,26.799591064453125,85.74061584472656
235,5,0.14162059128284454,175.40577697753906,21.44020466506481,56.00373840332031
235,8,565.4989013671875,207.3134307861328,27.29534912109375,68.00288391113281
235,3,377.7309875488281,206.55125427246094,22.353424072265625,68.91676330566406
236,1,134.9007568359375,194.05606079101562,25.820144653320312,86.856201171875
236,10,383.18023681640625,194.73715209960938,28.88800048828125,73.84600830078125
236,8,565.6289672851562,206.621826171875,27.06524658203125,68.8460693359375
236,5,0.20712465047836304,175.10540771484375,19.339660704135895,51.36906433105469
236,3,377.774169921875,205.9600372314453,19.181365966796875,69.14228820800781
237,1,132.98846435546875,193.2632293701172,26.737289428710938,86.60978698730469
237,8,566.0911865234375,206.91746520996094,26.31170654296875,68.29975891113281
237,10,382.834228515625,195.08294677734375,26.799224853515625,73.07427978515625
237,3,375.73583984375,204.01513671875,16.923492431640625,70.35794067382812
237,5,0.10689658671617508,173.6034698486328,17.82874947041273,54.88816833496094
238,1,129.51063537597656,194.619384765625,28.17388916015625,86.54257202148438
238,10,386.0763854980469,194.91116333007812,21.82586669921875,73.25784301757812
238,8,564.1004638671875,207.23976135253906,27.17974853515625,68.41603088378906
238,3,373.3761291503906,203.57614135742188,17.457611083984375,72.63320922851562
238,5,0.0723096951842308,173.92044067382812,15.453072346746922,52.43389892578125
239,8,561.332275390625,206.04244995117188,24.2977294921875,69.8665771484375
239,10,385.5525207519531,193.6435089111328,19.40338134765625,74.71110534667969
239,1,124.95455932617188,194.53273010253906,30.78839111328125,87.25328063964844
239,3,372.83251953125,205.06201171875,17.028472900390625,70.89816284179688
239,5,0.10699990391731262,174.4244384765625,13.789453953504562,51.39292907714844
240,8,555.2946166992188,205.23602294921875,24.1202392578125,70.9716796875
240,10,384.3116760253906,194.53468322753906,18.593902587890625,74.69087219238281
240,1,124.8642578125,195.6854705810547,29.793563842773438,86.02992248535156
240,3,363.0079345703125,204.7699737548828,26.33209228515625,70.89466857910156
240,5,0.006514179985970259,177.2935791015625,11.72787131043151,52.5986328125
241,10,383.06884765625,193.9764404296875,19.241668701171875,75.23870849609375
241,8,552.7280883789062,205.2621612548828,24.2989501953125,70.35011291503906
241,1,118.9254150390625,195.60293579101562,35.03765869140625,87.648681640625
241,3,361.0856628417969,204.31610107421875,28.55126953125,71.68527221679688
241,5,0.0,178.3810577392578,10.461613655090332,53.88526916503906
242,8,546.5680541992188,205.59963989257812,28.89544677734375,70.34176635742188
242,1,115.97280883789062,196.18466186523438,37.12355041503906,85.9368896484375
242,10,381.59356689453125,193.61720275878906,19.825042724609375,74.74620056152344
242,3,358.7164306640625,204.3765869140625,30.585784912109375,71.61907958984375
243,8,540.2265014648438,206.1637725830078,34.7542724609375,69.28327941894531
243,1,112.90690612792969,195.8580322265625,39.70515441894531,86.31643676757812
243,10,380.1689758300781,193.86224365234375,21.131591796875,74.96127319335938
243,3,357.0998229980469,204.9990692138672,31.686859130859375,71.22825622558594
244,8,537.6448364257812,206.25267028808594,37.67816162109375,69.13609313964844
244,1,112.05770874023438,194.35870361328125,40.21051025390625,86.87081909179688
244,10,377.6978454589844,194.45355224609375,22.644927978515625,74.8980712890625
244,3,355.8226623535156,204.77796936035156,32.80303955078125,71.10746765136719
245,8,534.7156372070312,206.20541381835938,35.81396484375,69.38156127929688
245,10,375.7021789550781,195.1968536376953,24.1744384765625,73.81871032714844
245,3,354.31646728515625,204.5551300048828,34.59759521484375,71.78840637207031
245,1,110.3316879272461,195.03709411621094,34.053428649902344,67.47355651855469
246,10,374.51165771484375,194.5971221923828,25.38067626953125,74.13218688964844
246,8,534.5240478515625,206.36270141601562,33.94207763671875,69.10763549804688
246,3,354.1714782714844,204.33685302734375,34.266998291015625,71.88455200195312
246,1,110.12610626220703,194.3466033935547,30.30956268310547,59.36888122558594
247,8,533.6104736328125,205.97935485839844,28.50518798828125,69.52302551269531
247,10,373.08477783203125,194.89723205566406,26.781585693359375,73.74504089355469
247,3,355.365234375,204.81826782226562,32.268157958984375,72.08749389648438
247,1,110.49962615966797,192.7899169921875,28.499366760253906,59.63153076171875
248,10,370.8826904296875,195.289794921875,29.11029052734375,73.96929931640625
248,8,531.4429931640625,206.61080932617188,25.46014404296875,67.86331176757812
248,1,110.34617614746094,193.39564514160156,26.41644287109375,58.73396301269531
249,10,366.5107727050781,194.95875549316406,33.46527099609375,75.21974182128906
249,8,528.6116333007812,205.57537841796875,23.29754638671875,68.90750122070312
249,3,355.365966796875,202.5816650390625,28.429046630859375,73.72921752929688
249,1,109.64374542236328,192.6138458251953,25.096702575683594,58.98588562011719
250,10,368.6961669921875,195.2205047607422,30.085693359375,74.44587707519531
250,8,525.0507202148438,205.80133056640625,22.7564697265625,69.64788818359375
250,3,353.39361572265625,203.82501220703125,26.87408447265625,72.7364501953125
250,1,108.2876205444336,192.0854949951172,24.312400817871094,58.64869689941406
251,8,521.9613647460938,205.7329864501953,24.47125244140625,69.69273376464844
251,10,365.5752868652344,194.96591186523438,31.652069091796875,74.33782958984375
251,3,351.65728759765625,203.4061737060547,24.842864990234375,73.17216491699219
251,1,106.85253143310547,192.04080200195312,24.773902893066406,58.252960205078125
252,10,364.710205078125,194.7684783935547,29.813507080078125,74.58448791503906
252,8,516.8543701171875,206.63287353515625,27.383056640625,68.55136108398438
252,3,351.5089416503906,203.82223510742188,20.2393798828125,72.77655029296875
252,1,103.43588256835938,191.44686889648438,27.130447387695312,63.73002624511719
253,10,364.7808532714844,194.9512939453125,27.3856201171875,73.611083984375
253,8,508.7593688964844,206.0548553466797,34.924652099609375,69.02793884277344
253,1,99.0042953491211,191.0794677734375,30.751976013183594,77.36111450195312
253,3,350.146484375,203.81353759765625,18.03167724609375,72.7265625
254,8,505.58294677734375,207.38076782226562,37.7132568359375,67.79476928710938
254,10,363.4686279296875,194.40948486328125,25.042205810546875,74.23553466796875
254,1,96.23193359375,191.48565673828125,31.331146240234375,63.64241027832031
254,3,349.2744140625,203.11672973632812,16.639984130859375,75.22213745117188
255,10,362.5650634765625,194.42379760742188,24.269775390625,74.656494140625
255,8,504.44500732421875,206.76905822753906,36.90826416015625,68.68818664550781
255,1,95.41966247558594,191.45655822753906,32.047691345214844,75.23936462402344
255,3,347.4428405761719,203.77133178710938,17.377777099609375,72.76092529296875
256,10,361.3038024902344,194.3888702392578,23.95941162109375,75.86491394042969
256,8,502.4415283203125,205.97763061523438,35.8836669921875,69.73123168945312
256,1,90.48477172851562,191.7472381591797,34.21227264404297,73.98039245605469
256,3,344.695068359375,203.37132263183594,19.54058837890625,73.67707824707031
257,10,360.5024719238281,194.36566162109375,21.656005859375,75.89205932617188
257,1,87.01637268066406,190.046875,36.188568115234375,81.07717895507812
257,8,502.1606750488281,206.44720458984375,33.045928955078125,69.4300537109375
257,3,339.2667541503906,203.4047088623047,25.597747802734375,74.69752502441406
258,10,359.717529296875,194.4039306640625,21.34906005859375,75.15582275390625
258,8,500.82135009765625,206.57090759277344,27.43182373046875,69.03965759277344
258,3,336.0938720703125,203.4575653076172,28.69879150390625,74.40623474121094
258,1,87.35108947753906,191.27589416503906,32.38494873046875,78.80070495605469
259,10,358.97174072265625,194.36834716796875,20.6429443359375,76.047607421875
259,8,497.69073486328125,205.19830322265625,25.887939453125,70.40670776367188
259,3,334.5180358886719,204.5390625,30.617034912109375,73.18368530273438
259,1,88.70026397705078,192.52383422851562,29.3428955078125,75.54080200195312
260,10,358.2505798339844,194.4066619873047,20.894439697265625,75.65501403808594
260,8,494.5506286621094,204.34130859375,25.020660400390625,72.0716552734375
260,1,86.82897186279297,192.78350830078125,28.640594482421875,73.63980102539062
260,3,332.22760009765625,204.3461456298828,32.486236572265625,73.50343322753906
261,10,355.9456787109375,195.45277404785156,23.2840576171875,74.44612121582031
261,8,491.21343994140625,204.036376953125,24.651123046875,72.37606811523438
261,1,85.05455017089844,192.45713806152344,28.987518310546875,73.73356628417969
261,3,331.8390808105469,204.84854125976562,31.843353271484375,73.59201049804688
262,10,354.7934875488281,195.38632202148438,24.619354248046875,74.4234619140625
262,8,488.76849365234375,205.87939453125,24.8497314453125,70.28683471679688
262,1,83.6993637084961,192.69677734375,29.487937927246094,73.07666015625
262,3,330.7746887207031,205.4563751220703,31.19085693359375,72.86692810058594
263,8,482.99920654296875,205.8633575439453,29.23956298828125,70.19203186035156
263,3,330.3647766113281,205.0196533203125,30.30755615234375,73.18795776367188
263,10,351.91473388671875,194.2842559814453,27.175567626953125,75.56471252441406
263,1,82.23497772216797,191.28204345703125,29.355514526367188,75.73974609375
264,8,474.55816650390625,206.10015869140625,37.61187744140625,69.59466552734375
264,10,348.3887634277344,193.73036193847656,29.39471435546875,76.95173645019531
264,3,330.9513244628906,205.32989501953125,26.50286865234375,72.42529296875
264,1,79.08428955078125,189.66094970703125,25.155227661132812,75.982421875
265,8,474.0574035644531,206.5697021484375,34.401947021484375,68.758056640625
265,10,346.3606872558594,193.88739013671875,31.641693115234375,76.815185546875
265,1,77.23191833496094,189.56497192382812,25.73650360107422,76.8328857421875
265,3,329.678466796875,205.37147521972656,25.014617919921875,71.98539733886719
266,10,344.1165466308594,193.16282653808594,33.553680419921875,77.50529479980469
266,3,329.4739685058594,205.31051635742188,23.3165283203125,72.40872192382812
266,1,73.8575210571289,189.44654846191406,27.699661254882812,75.87779235839844
266,8,473.1190185546875,206.49876403808594,31.142852783203125,69.09208679199219
267,8,470.2708435058594,206.26547241210938,27.809051513671875,68.86203002929688
267,10,343.3548889160156,194.2565155029297,31.86090087890625,76.07279968261719
267,3,328.3601989746094,205.8767547607422,15.878204345703125,71.26060485839844
267,1,72.43567657470703,189.75656127929688,28.134353637695312,76.9676513671875
268,8,467.83526611328125,205.8939666748047,24.450042724609375,68.27317810058594
268,1,68.99903869628906,189.36041259765625,30.011245727539062,78.564208984375
268,3,326.5111389160156,205.10595703125,17.00665283203125,72.26974487304688
268,10,344.0583801269531,194.17880249023438,28.573822021484375,76.73016357421875
269,1,67.69811248779297,189.79991149902344,30.279617309570312,77.26765441894531
269,10,343.6068420410156,194.6310577392578,25.54742431640625,76.50630187988281
269,8,465.6533508300781,205.39529418945312,24.2052001953125,68.57611083984375
269,3,324.608642578125,205.2041473388672,17.271087646484375,73.13005065917969
270,10,342.64019775390625,194.3509979248047,21.81011962890625,77.45793151855469
270,1,65.37384033203125,190.7748565673828,31.044944763183594,77.71446228027344
270,8,462.51702880859375,205.25563049316406,22.56671142578125,70.05543518066406
270,3,320.8114318847656,204.66331481933594,20.017974853515625,72.66557312011719
271,10,342.32659912109375,195.51846313476562,21.007080078125,75.22125244140625
271,3,317.7256774902344,205.39955139160156,22.934295654296875,72.66471862792969
271,1,66.07243347167969,191.0829315185547,28.44306182861328,76.58836364746094
271,8,458.74200439453125,206.4214324951172,24.395416259765625,68.69383239746094
272,8,451.10650634765625,206.94381713867188,30.883819580078125,68.16220092773438
272,10,339.7589416503906,195.35777282714844,22.386138916015625,76.30848693847656
272,3,314.46881103515625,204.90597534179688,26.192596435546875,73.36862182617188
272,1,66.25946044921875,191.7611846923828,26.663406372070312,74.99229431152344
273,10,337.9783020019531,195.46885681152344,23.3675537109375,76.19273376464844
273,8,446.24853515625,206.02346801757812,35.682861328125,68.7982177734375
273,3,310.1563720703125,205.53761291503906,30.954345703125,72.52330017089844
273,1,64.66458892822266,192.34910583496094,28.543960571289062,78.96064758300781
274,10,336.24468994140625,194.45004272460938,24.227020263671875,76.82681274414062
274,3,308.10137939453125,205.74212646484375,32.695526123046875,72.12252807617188
274,8,443.2390441894531,205.98097229003906,38.6219482421875,69.84294128417969
274,1,65.04993438720703,193.81834411621094,25.351844787597656,75.89363098144531
275,10,336.26239013671875,194.3068084716797,23.0595703125,76.91685485839844
275,8,442.1943664550781,206.66404724121094,37.36834716796875,69.18339538574219
275,3,303.9612731933594,206.03274536132812,36.60894775390625,71.78875732421875
275,1,66.15206146240234,197.86343383789062,19.804176330566406,44.05278015136719
276,10,333.4297790527344,193.43423461914062,25.030517578125,78.56695556640625
276,3,303.4388732910156,205.78097534179688,36.2049560546875,72.3104248046875
276,8,442.41961669921875,204.7942657470703,31.453948974609375,70.79408264160156
276,1,65.65511322021484,201.24209594726562,18.80510711669922,41.75038146972656
277,10,332.932373046875,193.94924926757812,24.998687744140625,77.99957275390625
277,3,302.8643798828125,205.59996032714844,35.702667236328125,72.37501525878906
277,8,441.17657470703125,205.0852813720703,28.345062255859375,69.97767639160156
277,1,64.56929016113281,198.82867431640625,19.61522674560547,65.20111083984375
278,10,329.6899108886719,194.58558654785156,27.82342529296875,78.02397155761719
278,8,437.2492980957031,205.07705688476562,25.20172119140625,70.18124389648438
278,3,303.3831787109375,205.2117156982422,35.283050537109375,73.26252746582031
278,1,64.10169219970703,200.2875213623047,17.050994873046875,64.86265563964844
279,10,327.4132995605469,195.7159881591797,30.141937255859375,77.06391906738281
279,8,434.3583068847656,204.19662475585938,24.186492919921875,70.6585693359375
279,3,303.77264404296875,205.51124572753906,33.59869384765625,72.71208190917969
279,1,63.71516799926758,201.1449432373047,15.70199203491211,65.49128723144531
280,10,325.44281005859375,195.60690307617188,32.2625732421875,77.39694213867188
280,8,432.199462890625,204.7934112548828,21.808013916015625,70.74943542480469
280,3,304.0478210449219,204.500732421875,31.48516845703125,73.65509033203125
280,1,63.67667007446289,200.82699584960938,14.37887954711914,62.273895263671875
281,10,323.223388671875,195.70028686523438,34.360626220703125,78.89688110351562
281,8,427.75885009765625,205.44168090820312,25.668975830078125,69.97207641601562
281,3,303.28607177734375,205.18809509277344,29.104095458984375,72.67942810058594
281,1,64.35476684570312,205.05035400390625,12.657081604003906,33.42204284667969
282,10,322.02740478515625,195.4674835205078,35.179168701171875,80.37547302246094
282,8,420.1121826171875,205.1442413330078,32.194854736328125,70.33796691894531
282,3,302.856201171875,203.98223876953125,25.286346435546875,74.22793579101562
283,10,319.654052734375,195.5345458984375,36.2252197265625,76.9571533203125
283,8,414.0920715332031,204.76437377929688,37.098175048828125,70.84567260742188
283,3,301.67181396484375,203.66177368164062,22.7755126953125,74.64065551757812
284,10,318.7385559082031,196.05528259277344,35.78375244140625,76.70890808105469
284,8,412.2739562988281,204.4333038330078,38.8331298828125,71.14002990722656
284,3,300.279052734375,204.50997924804688,21.659332275390625,73.89361572265625
285,10,317.7391662597656,195.22503662109375,33.144927978515625,77.09747314453125
285,8,411.9189758300781,205.3275909423828,37.42486572265625,69.80635070800781
285,3,298.1107482910156,203.9653778076172,19.458709716796875,74.06986999511719
286,8,411.9518737792969,204.6436767578125,30.640380859375,70.5203857421875
286,10,316.8223571777344,195.74574279785156,30.905426025390625,76.47138977050781
286,3,295.65740966796875,203.57742309570312,19.834503173828125,75.7821044921875
287,3,293.15716552734375,203.77978515625,21.10076904296875,75.75662231445312
287,10,316.32012939453125,195.0780487060547,29.731170654296875,76.38294982910156
287,8,409.6929626464844,204.6953582763672,27.220855712890625,69.98652648925781
288,3,285.23382568359375,204.51788330078125,27.935272216796875,74.57763671875
288,10,316.0398254394531,195.09207153320312,23.013580322265625,76.86233520507812
288,8,403.4230041503906,203.53053283691406,22.474395751953125,70.03218078613281
