25,1,823.3355712890625,303.0396423339844,32.18212890625,38.946197509765625
26,1,816.1605224609375,293.50714111328125,39.17431640625,50.954986572265625
27,1,813.2537841796875,282.982421875,42.20587158203125,62.830535888671875
28,1,809.81884765625,256.610107421875,45.60546875,89.1708984375
29,1,808.0386352539062,243.2273406982422,47.54217529296875,103.67683410644531
30,1,808.4752807617188,193.93177795410156,47.048095703125,153.66197204589844
31,1,807.99951171875,180.76527404785156,47.59814453125,166.8177947998047
32,1,807.7322387695312,160.52389526367188,48.04437255859375,187.286865234375
33,1,807.4622802734375,129.87677001953125,48.1849365234375,224.92916870117188
34,1,806.1754760742188,128.6010284423828,49.3477783203125,228.9168243408203
35,1,787.64697265625,127.8408432006836,67.98785400390625,230.1928482055664
36,1,767.4627075195312,128.83053588867188,88.10467529296875,229.77468872070312
37,1,750.3424682617188,130.73326110839844,104.95245361328125,229.03916931152344
38,1,738.9260864257812,132.47921752929688,116.08135986328125,226.28662109375
39,1,733.0731811523438,134.01931762695312,121.968017578125,226.77508544921875
40,1,728.2041625976562,134.25665283203125,124.4720458984375,226.93646240234375
41,1,725.6775512695312,133.9259490966797,119.6837158203125,228.03965759277344
42,1,724.008056640625,132.02203369140625,114.0347900390625,229.81109619140625
43,1,723.93017578125,131.12074279785156,109.037109375,231.3701934814453
44,1,724.0201416015625,129.3272705078125,97.28338623046875,233.01043701171875
45,1,724.2037963867188,127.93356323242188,94.072021484375,234.2266845703125
46,1,723.853515625,126.83360290527344,85.3743896484375,234.72813415527344
47,1,716.40283203125,125.96448516845703,83.37335205078125,235.80553436279297
48,1,695.3206787109375,126.63032531738281,96.55279541015625,235.4632110595703
49,1,671.2670288085938,127.78702545166016,115.22088623046875,234.5648422241211
50,1,651.7784423828125,129.5928192138672,124.366455078125,232.33644104003906
51,1,638.6519775390625,131.11111450195312,129.93377685546875,231.31509399414062
52,1,631.21435546875,132.42929077148438,136.44720458984375,229.71640014648438
53,1,628.1373291015625,132.47454833984375,135.9306640625,229.5860595703125
54,1,624.865478515625,131.7395782470703,135.53045654296875,229.8196563720703
55,1,623.7355346679688,129.98670959472656,129.35626220703125,230.9093780517578
56,1,623.4628295898438,128.67202758789062,117.533447265625,232.71762084960938
57,1,622.8343505859375,126.31800079345703,103.66632080078125,234.75374603271484
58,1,622.9456176757812,123.96467590332031,91.89935302734375,239.20030212402344
59,1,622.8638305664062,123.85916900634766,78.31878662109375,239.18230438232422
60,1,610.8302001953125,122.81922912597656,83.33441162109375,242.86439514160156
61,1,593.9647216796875,123.03138732910156,98.40887451171875,243.41212463378906
62,1,570.7285766601562,124.16146087646484,111.85009765625,242.8255386352539
63,1,550.5111083984375,126.66468048095703,123.47686767578125,239.96520233154297
64,1,536.4924926757812,129.63494873046875,129.99127197265625,236.41583251953125
65,1,531.0580444335938,131.4186248779297,133.87921142578125,236.88771057128906
66,1,525.4375610351562,131.64535522460938,136.544677734375,237.48745727539062
67,1,522.914306640625,132.00479125976562,134.8524169921875,237.76455688476562
68,1,522.911376953125,131.53775024414062,125.49957275390625,237.42593383789062
69,1,522.3307495117188,127.6246109008789,112.14959716796875,242.61461639404297
70,1,521.229736328125,126.11967468261719,97.71533203125,243.5072479248047
71,1,520.4099731445312,125.16340637207031,79.51031494140625,244.3852081298828
72,1,519.907958984375,123.48384857177734,63.5572509765625,246.35892486572266
73,1,510.5853576660156,123.28984069824219,63.983734130859375,246.7757110595703
74,1,488.4230651855469,124.49468231201172,81.66946411132812,244.97196197509766
75,1,465.0776062011719,125.0432357788086,101.40457153320312,244.69397735595703
76,1,444.1566467285156,126.77445220947266,120.75558471679688,242.8482894897461
77,1,431.384521484375,128.0911102294922,133.587158203125,242.0817413330078
78,1,424.7506103515625,129.22422790527344,139.12811279296875,240.47682189941406
79,1,421.13427734375,128.93545532226562,140.3953857421875,240.55490112304688
80,1,418.57843017578125,128.5841064453125,139.16973876953125,240.70211791992188
81,1,418.380859375,127.35553741455078,130.2017822265625,240.92516326904297
82,1,418.2146301269531,125.81684112548828,113.61337280273438,235.9717025756836
83,1,418.2973937988281,123.3990249633789,97.50820922851562,238.62166595458984
84,1,415.1332092285156,121.4822998046875,83.17913818359375,239.53091430664062
85,1,408.177490234375,120.88549041748047,68.13192749023438,240.97956085205078
86,1,397.7688903808594,120.45061492919922,66.41925048828125,239.8235855102539
87,1,383.4833679199219,120.47271728515625,77.54782104492188,238.2857666015625
88,1,357.2949523925781,123.16539764404297,102.11505126953125,234.23749542236328
89,1,335.80615234375,124.88906860351562,123.10723876953125,230.54965209960938
90,1,323.68890380859375,126.99998474121094,134.93304443359375,227.04579162597656
91,1,319.4704895019531,127.87146759033203,137.79415893554688,227.72460174560547
92,1,316.8603820800781,128.1576690673828,138.82882690429688,228.32936096191406
93,1,315.6818542480469,128.1707763671875,136.82928466796875,228.35586547851562
94,1,315.7536926269531,126.7393798828125,127.25442504882812,230.02645874023438
95,1,315.65631103515625,124.96028900146484,112.52877807617188,232.1686782836914
96,1,308.9842224121094,123.79598236083984,103.24002075195312,233.47455596923828
97,1,301.4591979980469,121.32405090332031,93.3148193359375,236.0050811767578
98,1,293.9311218261719,120.7146987915039,82.90237426757812,235.94853973388672
99,1,284.4034729003906,120.00691986083984,71.05551147460938,236.59223175048828
100,1,277.2308654785156,120.29883575439453,77.64663696289062,236.5832748413086
101,1,267.4281311035156,121.52124786376953,86.94613647460938,235.15413665771484
102,1,253.44578552246094,123.28104400634766,100.54753112792969,233.56481170654297
103,1,238.9453582763672,125.25761413574219,114.67863464355469,231.49989318847656
104,1,233.08477783203125,126.22921752929688,119.55148315429688,229.91265869140625
105,1,228.13217163085938,126.13223266601562,122.73562622070312,230.3970947265625
106,1,222.34059143066406,125.70480346679688,123.86253356933594,230.37521362304688
107,1,220.12631225585938,125.48401641845703,115.498291015625,228.5017318725586
108,1,214.0612030029297,122.61780548095703,104.23872375488281,229.07649993896484
109,1,206.29576110839844,120.53009033203125,98.87641906738281,226.37728881835938
110,1,198.02670288085938,119.73529052734375,91.57052612304688,225.12832641601562
111,1,192.33245849609375,118.39705657958984,87.59164428710938,227.6449966430664
112,1,183.7850341796875,118.8367691040039,91.22723388671875,226.2138900756836
113,1,177.19015502929688,119.65333557128906,96.19326782226562,225.41319274902344
114,1,166.6475067138672,120.38021087646484,99.38230895996094,223.3689956665039
115,1,146.25741577148438,123.01512908935547,119.05419921875,219.99674224853516
116,1,135.9027862548828,125.7198486328125,128.67320251464844,216.57379150390625
117,1,133.61865234375,127.20271301269531,131.354736328125,216.5084991455078
118,1,130.1072998046875,127.63591766357422,141.89666748046875,217.1886978149414
119,1,128.66416931152344,127.45393371582031,150.02418518066406,217.3677520751953
120,1,121.06214904785156,127.38457489013672,125.23973083496094,217.19263458251953
121,1,112.93474578857422,126.29969787597656,119.8033676147461,218.2814483642578
122,1,106.7918472290039,125.05408477783203,110.0525131225586,219.87059783935547
123,1,99.94292449951172,123.18506622314453,100.96460723876953,221.90996551513672
124,1,93.23049926757812,121.7500228881836,93.84367370605469,223.63187408447266
125,1,86.7144775390625,122.13018798828125,82.9979248046875,223.07391357421875
126,1,79.93033599853516,122.82218933105469,87.3823471069336,222.09056091308594
127,1,72.07862091064453,125.07342529296875,94.41223907470703,219.75799560546875
128,1,64.40148162841797,127.02595520019531,101.00724029541016,217.6151885986328
129,1,57.21116638183594,128.25364685058594,107.40293884277344,216.4558868408203
130,1,50.78237533569336,128.2921600341797,113.41926956176758,215.8576202392578
131,1,44.51079177856445,128.70286560058594,116.44204330444336,215.2400665283203
132,1,40.52753829956055,129.06735229492188,114.71408462524414,214.38470458984375
133,1,36.769554138183594,128.1767120361328,109.21668243408203,213.62132263183594
134,1,32.10514450073242,125.52973175048828,102.05826187133789,213.53527069091797
135,1,25.626062393188477,124.14434051513672,94.13254356384277,206.06708526611328
136,1,19.510244369506836,122.70101928710938,88.07299995422363,210.15078735351562
137,1,13.578804016113281,121.50664520263672,83.7215347290039,212.63324737548828
138,1,8.215167999267578,121.51021575927734,86.33565902709961,213.7797622680664
139,1,3.1954100131988525,122.45909881591797,89.78324294090271,210.74088287353516
140,1,0.4462602436542511,125.03905487060547,92.4318525493145,208.18036651611328
141,1,0.0,126.73812103271484,93.17940521240234,204.26065826416016
141,2,832.4431762695312,184.84811401367188,23.37298583984375,35.297393798828125
142,1,0.0,128.05551147460938,92.29889678955078,200.93258666992188
142,3,832.6846923828125,76.67640686035156,23.09930419921875,144.2720947265625
142,2,832.3746948242188,175.6334991455078,23.272216796875,44.63739013671875
143,1,0.39373353123664856,131.1546630859375,90.5549359023571,198.88885498046875
143,3,832.0921630859375,79.14026641845703,23.56756591796875,142.17032623291016
143,2,832.6470336914062,167.6232452392578,23.056884765625,52.54804992675781
144,1,0.0,152.46006774902344,23.414682388305664,188.49256896972656
144,3,835.0445556640625,74.53469848632812,20.82891845703125,146.5199737548828
145,3,832.6148681640625,44.93796157836914,23.2935791015625,176.37282943725586
145,1,0.0,141.8602752685547,84.77287292480469,189.5432586669922
146,3,830.2725830078125,44.483184814453125,25.39898681640625,177.16392517089844
146,1,0.0,155.48196411132812,78.9241714477539,175.93075561523438
147,3,827.2960815429688,43.69041061401367,28.27850341796875,177.87373733520508
147,1,0.0,160.2075958251953,68.65465545654297,171.46046447753906
148,3,822.9161987304688,43.65655517578125,32.60223388671875,177.10958862304688
148,1,0.028449632227420807,168.76710510253906,57.35002937167883,163.59645080566406
149,3,819.5191650390625,43.56855010986328,36.32342529296875,176.72870635986328
149,1,0.010660959407687187,169.8489227294922,45.020024465397,162.39903259277344
150,3,798.4727783203125,43.83665084838867,56.94354248046875,175.5292854309082
150,1,0.0,175.29811096191406,31.741069793701172,156.3805389404297
150,4,0.12098619341850281,258.1647033691406,30.801193982362747,73.335205078125
151,3,784.7249755859375,43.557273864746094,70.72015380859375,177.58551788330078
151,1,0.0,181.5477752685547,18.291486740112305,149.74891662597656
152,3,775.7863159179688,44.340538024902344,79.6734619140625,176.40007781982422
152,1,0.0,195.26705932617188,13.916498184204102,137.616455078125
153,3,771.4480590820312,44.65301513671875,84.01776123046875,175.89942932128906
154,3,770.2161865234375,44.48476791381836,84.74273681640625,175.89519119262695
155,3,769.6962890625,43.940406799316406,85.2481689453125,176.1284408569336
156,3,768.22705078125,42.475189208984375,83.17218017578125,177.53831481933594
157,3,768.046630859375,40.96799087524414,78.27020263671875,178.52607345581055
158,3,767.92578125,40.80194854736328,71.46405029296875,175.03961944580078
159,3,767.0093383789062,39.29623031616211,64.50469970703125,175.79858779907227
160,3,767.500732421875,38.37050247192383,56.33892822265625,175.76858139038086
161,3,768.4102172851562,36.67399597167969,51.1285400390625,175.2869873046875
162,3,765.5942993164062,36.47526550292969,51.488525390625,178.68508911132812
163,3,759.6882934570312,36.901824951171875,52.4627685546875,178.9735870361328
164,3,745.8689575195312,37.46875762939453,61.24615478515625,178.60892486572266
165,3,732.2499389648438,37.8646354675293,70.3802490234375,176.77846145629883
166,3,723.0702514648438,36.667667388916016,76.0142822265625,175.2902946472168
167,3,717.1097412109375,38.09831237792969,79.26141357421875,173.27462768554688
168,3,714.0801391601562,39.814208984375,82.95635986328125,172.4279327392578
169,3,709.9222412109375,38.966373443603516,85.7237548828125,173.07351303100586
170,3,709.50732421875,38.4530143737793,83.69024658203125,174.29455947875977
171,3,709.55810546875,36.62895202636719,77.7586669921875,175.56735229492188
172,3,709.4705200195312,35.07118225097656,70.80145263671875,176.720703125
173,3,709.8053588867188,34.996864318847656,62.48760986328125,176.81615447998047
174,3,710.1275634765625,34.72494125366211,55.08734130859375,177.30733108520508
175,3,709.1953735351562,33.2077522277832,49.62860107421875,178.08097457885742
176,3,703.0856323242188,34.07965850830078,51.9945068359375,176.72356414794922
177,3,698.7769165039062,34.160255432128906,51.705078125,177.71887969970703
178,3,689.9409790039062,33.92825698852539,55.88031005859375,177.55924606323242
179,3,675.4453125,34.197601318359375,65.8968505859375,177.6777801513672
180,3,663.3594360351562,33.58402633666992,75.4764404296875,177.7962532043457
181,3,653.4832153320312,34.6961555480957,85.19775390625,176.69250106811523
182,3,651.388916015625,34.137916564941406,85.96868896484375,177.53514862060547
183,3,649.71337890625,34.416290283203125,87.2647705078125,177.25216674804688
184,3,647.6737060546875,34.14396667480469,88.4486083984375,177.8041229248047
185,3,647.2650756835938,34.54728317260742,85.2342529296875,177.31152725219727
186,3,647.253173828125,32.53989028930664,77.8887939453125,179.02898788452148
187,3,646.8811645507812,32.88026428222656,70.75994873046875,176.8999786376953
188,3,647.6605224609375,32.472572326660156,62.25592041015625,174.88529205322266
189,3,646.751220703125,31.685697555541992,53.39300537109375,174.71643257141113
190,3,642.7833862304688,31.32535743713379,48.5941162109375,169.0790615081787
191,3,638.1567993164062,31.172378540039062,49.348388671875,176.7823944091797
192,3,637.7410278320312,31.1825008392334,46.38604736328125,178.3059787750244
193,3,624.2183227539062,30.36617660522461,55.10986328125,178.95952224731445
194,3,610.489990234375,31.60932731628418,67.833251953125,178.05984687805176
195,3,601.2349853515625,31.49569320678711,76.0894775390625,175.89453506469727
196,3,594.6220703125,32.05002212524414,82.26568603515625,174.64162826538086
197,3,591.89111328125,32.35834503173828,83.77764892578125,174.8597183227539
198,3,590.489013671875,32.651954650878906,83.85186767578125,175.43758392333984
199,3,589.4414672851562,31.642114639282227,81.62481689453125,176.2326717376709
200,3,589.1334838867188,32.33768081665039,76.13531494140625,175.89384078979492
201,3,588.8917846679688,30.584875106811523,67.6800537109375,177.28736305236816
202,3,588.8157348632812,30.45075035095215,60.20404052734375,177.93702125549316
203,3,588.0120239257812,28.644535064697266,52.38629150390625,179.03751754760742
204,3,580.4307250976562,28.107471466064453,49.23541259765625,179.37226486206055
205,3,577.2708740234375,28.511388778686523,48.23309326171875,179.9519748687744
206,3,573.4888305664062,28.820701599121094,47.6038818359375,179.04029083251953
207,3,564.7061157226562,28.396753311157227,54.4105224609375,180.24124717712402
208,3,551.0646362304688,28.750078201293945,68.071533203125,179.621732711792
209,3,540.0777587890625,29.655384063720703,78.8428955078125,178.73638534545898
210,3,533.0956420898438,29.9934024810791,84.57269287109375,178.59641075134277
211,3,530.2628173828125,30.808279037475586,86.52197265625,177.63775062561035
212,3,528.2218017578125,31.244064331054688,87.35528564453125,176.7816925048828
213,3,528.4976806640625,31.342330932617188,85.74383544921875,177.12863159179688
214,3,527.59814453125,30.528854370117188,81.220703125,177.54342651367188
215,3,527.4727783203125,30.714265823364258,71.584228515625,177.16847038269043
216,3,527.250244140625,29.07963752746582,63.7508544921875,175.38227653503418
217,3,524.6727294921875,26.376155853271484,58.0120849609375,177.55293655395508
218,3,519.559326171875,27.785465240478516,50.18548583984375,172.04687118530273
219,3,514.7464599609375,27.257482528686523,48.002685546875,172.92261695861816
220,3,510.7564697265625,27.626083374023438,48.6612548828125,177.7178497314453
221,3,505.8262939453125,26.781002044677734,50.79547119140625,178.62134170532227
222,3,494.533203125,27.97903060913086,62.99688720703125,178.2056007385254
223,3,482.2328186035156,28.81867218017578,75.01998901367188,176.89058685302734
223,1,0.0,103.95243072509766,21.11628532409668,154.07659149169922
224,3,473.9296875,29.877094268798828,82.722900390625,173.85837936401367
224,1,0.06790206581354141,99.89167785644531,35.214885257184505,154.91976928710938
224,5,0.0020727517548948526,188.04925537109375,34.71080642915331,66.44438171386719
225,3,471.5420837402344,30.715246200561523,83.98782348632812,172.9353427886963
225,1,0.22817616164684296,96.6922836303711,43.82480616867542,157.01555633544922
226,3,468.9388427734375,30.955976486206055,85.756591796875,173.23436164855957
226,1,0.13708223402500153,93.87786102294922,50.747607097029686,161.31612396240234
227,3,467.45782470703125,30.428831100463867,86.10223388671875,174.13488960266113
227,1,0.2047751098871231,89.05192565917969,57.9883820861578,167.5884552001953
228,3,467.2236328125,30.556262969970703,83.23883056640625,174.22843551635742
228,1,0.09638997167348862,74.36036682128906,60.87661723047495,182.6105499267578
229,3,466.8702392578125,29.851154327392578,76.55694580078125,174.95469284057617
229,1,0.0,71.70415496826172,61.195255279541016,185.21561431884766
230,3,465.2098693847656,27.694461822509766,70.26126098632812,177.40383529663086
230,1,0.10647182911634445,69.00836181640625,63.31381244212389,187.97689819335938
231,3,461.28521728515625,27.8955078125,65.97039794921875,177.0475616455078
231,1,0.1462814211845398,68.06231689453125,63.72098237276077,188.54571533203125
232,1,0.24586789309978485,65.67218780517578,65.86790163815022,191.36116790771484
232,3,455.9355163574219,26.94887351989746,63.283172607421875,178.48110389709473
233,1,0.421818345785141,64.42381286621094,67.1611513197422,192.4712371826172
233,3,453.5641174316406,26.530118942260742,52.0455322265625,178.8675708770752
234,1,0.8368151187896729,63.066673278808594,79.61883521080017,193.69812774658203
234,3,448.2922668457031,26.876760482788086,53.756561279296875,177.94614601135254
235,1,3.594919204711914,63.38240432739258,95.63439750671387,192.80537033081055
235,3,443.52935791015625,26.2092342376709,54.783050537109375,180.0816593170166
236,3,442.7756042480469,26.179744720458984,53.9049072265625,179.65620803833008
236,1,8.2344388961792,64.02989959716797,106.41463947296143,192.11151885986328
237,1,16.566436767578125,65.6847152709961,109.77550506591797,190.4545669555664
237,3,432.6456604003906,26.666601181030273,64.69265747070312,179.2188205718994
238,1,20.32111930847168,66.95362854003906,112.18390083312988,190.1123809814453
238,3,420.2515563964844,27.111112594604492,76.509765625,178.73977851867676
239,1,28.22398567199707,67.3905258178711,106.31286430358887,189.68775177001953
239,3,412.9436950683594,28.233964920043945,82.99813842773438,177.89925956726074
240,1,34.817527770996094,66.9605712890625,102.5044174194336,190.3858642578125
240,3,410.6955871582031,27.733993530273438,85.39617919921875,178.87246704101562
241,1,37.92586135864258,67.37163543701172,102.16703414916992,190.16828155517578
241,3,408.40771484375,27.206064224243164,86.37445068359375,179.13356590270996
242,3,407.4493103027344,26.97329330444336,84.953857421875,178.85274124145508
242,1,44.70155334472656,65.04232025146484,95.73617553710938,193.0933609008789
243,1,52.759864807128906,63.942867279052734,87.66840362548828,193.90277481079102
243,3,407.6640930175781,26.615692138671875,79.02239990234375,178.60252380371094
244,1,60.35480499267578,61.78487777709961,80.4206771850586,196.51214981079102
244,3,408.0053405761719,24.511032104492188,70.00942993164062,180.3170928955078
245,3,404.8630065917969,24.263505935668945,64.21804809570312,177.6982707977295
245,1,65.6648941040039,59.346351623535156,75.98824310302734,200.13518524169922
246,1,70.30377960205078,57.793521881103516,72.73871612548828,204.31890487670898
246,3,402.3645324707031,24.588207244873047,57.464111328125,175.9848518371582
247,1,77.95021057128906,57.027889251708984,70.88493347167969,208.9046974182129
247,3,391.4132995605469,24.50052261352539,55.54022216796875,173.46593856811523
248,1,82.4697036743164,57.43621826171875,78.40682220458984,210.78872680664062
248,3,388.8592224121094,24.659515380859375,49.585052490234375,173.66944885253906
249,1,81.49083709716797,58.29887008666992,93.6369857788086,209.78139114379883
249,3,382.5361633300781,24.358171463012695,52.98382568359375,178.82678031921387
250,1,81.50007629394531,59.967079162597656,109.75645446777344,203.45442962646484
250,3,376.0958251953125,24.190860748291016,59.227813720703125,179.89460372924805
251,1,82.39239501953125,62.047515869140625,117.97314453125,199.88528442382812
251,3,372.2984924316406,24.853796005249023,63.77813720703125,180.5438938140869
251,5,0.0515853688120842,141.3382110595703,19.354082889854908,39.703033447265625
252,1,87.27420806884766,63.814422607421875,120.76175689697266,200.50341796875
252,3,359.76904296875,25.098024368286133,76.40328979492188,178.78773307800293
252,5,0.0,137.74696350097656,24.753372192382812,43.107086181640625
253,1,93.1064224243164,63.73644256591797,121.60430145263672,206.39612579345703
253,3,350.8644714355469,26.584651947021484,84.45376586914062,174.76840591430664
253,5,0.04605845361948013,116.23175048828125,34.48873921483755,67.33207702636719
254,1,101.5582504272461,63.2172966003418,115.26578521728516,207.12086868286133
254,3,345.0945739746094,27.14432716369629,89.51583862304688,174.2353572845459
254,5,0.03709778934717178,116.86011505126953,39.13602461665869,67.21614837646484
255,1,113.80442810058594,62.61246871948242,104.4434814453125,206.9725227355957
255,3,344.322509765625,26.52307891845703,89.57391357421875,175.93302154541016
255,5,0.044286731630563736,91.6116714477539,36.9332675896585,91.59395599365234
256,1,129.7858123779297,61.48733139038086,90.22100830078125,208.79352188110352
256,3,343.235595703125,26.961660385131836,88.91036987304688,175.18116188049316
256,5,0.07050799578428268,84.16683959960938,36.29613400250673,98.98475646972656
257,1,140.69967651367188,59.37986373901367,80.22294616699219,211.3268928527832
257,3,342.4373779296875,26.68634796142578,85.0706787109375,175.64275360107422
257,5,0.03664752468466759,52.575706481933594,37.61298779025674,130.9890365600586
258,1,146.4668731689453,57.77146911621094,73.69406127929688,212.53077697753906
258,3,343.12591552734375,25.87135887145996,76.63040161132812,176.65647315979004
258,5,0.0,54.31763458251953,37.007659912109375,130.48674774169922
259,1,154.21437072753906,55.95426559448242,72.15878295898438,213.91704177856445
259,5,0.0,50.328121185302734,35.548057556152344,135.3537940979004
259,3,342.0410461425781,26.2286319732666,68.73751831054688,176.2219753265381
260,1,158.36692810058594,55.34334182739258,81.98680114746094,213.9311637878418
260,5,0.047851864248514175,49.89213180541992,37.951659854501486,134.95978164672852
260,3,339.6019287109375,25.010421752929688,61.732421875,177.7703094482422
261,1,163.42083740234375,55.99384689331055,98.1796875,213.50600051879883
261,3,331.7326354980469,25.588424682617188,60.383758544921875,177.81988525390625
261,5,0.23768402636051178,49.762351989746094,48.54353927075863,137.1400375366211
262,5,0.7737396955490112,49.63182830810547,58.417548298835754,136.4099349975586
262,3,327.2838134765625,25.416797637939453,49.441650390625,178.20412826538086
262,1,173.4076690673828,56.95258331298828,108.62184143066406,212.69322967529297
263,5,5.4597859382629395,50.26850128173828,59.2600474357605,133.53958892822266
263,1,181.43414306640625,58.96490478515625,114.18017578125,210.86734008789062
263,3,321.7979736328125,24.5665225982666,50.437713623046875,178.95839500427246
264,5,10.642744064331055,50.92066955566406,64.97356605529785,132.37847900390625
264,3,316.7168884277344,25.240089416503906,55.0333251953125,178.51618194580078
264,1,184.986328125,60.77825164794922,118.26611328125,210.25263214111328
265,5,13.122666358947754,50.128379821777344,67.48721218109131,133.96147918701172
265,3,311.6942443847656,25.60452651977539,60.167205810546875,178.11306381225586
265,1,186.92330932617188,61.7116813659668,119.12362670898438,209.71333694458008
266,5,16.1796817779541,50.31140899658203,66.43916893005371,134.94782257080078
266,3,301.2967224121094,26.838809967041016,70.519775390625,176.7188377380371
266,1,187.25094604492188,62.148834228515625,123.59646606445312,210.3675537109375
267,5,20.989032745361328,49.63547134399414,62.92165756225586,135.45071029663086
267,1,192.42333984375,60.929317474365234,119.03109741210938,210.5871925354004
267,3,293.3625183105469,28.39174461364746,77.65847778320312,174.73630714416504
268,5,25.11956214904785,48.888484954833984,59.048627853393555,136.1717872619629
268,1,204.21356201171875,60.12177658081055,107.26361083984375,212.19868850708008
268,3,288.4656677246094,29.10143280029297,82.44561767578125,174.08719635009766
269,5,29.574697494506836,48.04581832885742,55.1976261138916,137.00244522094727
269,1,216.619384765625,58.56646728515625,95.39517211914062,213.63748168945312
269,3,289.8897705078125,29.047861099243164,80.45037841796875,174.4252223968506
270,5,33.61500930786133,46.4781379699707,51.437068939208984,139.2135887145996
270,1,230.72027587890625,56.14192199707031,81.36456298828125,216.43836975097656
270,3,287.78851318359375,29.481279373168945,80.97427368164062,174.41430473327637
271,5,36.612911224365234,44.943458557128906,47.13008499145508,140.84064483642578
271,1,241.2857666015625,53.869041442871094,71.83822631835938,220.9767837524414
271,3,287.8258056640625,30.82131004333496,77.80780029296875,174.2429904937744
272,5,41.5267219543457,44.22865295410156,45.30598831176758,141.26983642578125
272,1,249.26828002929688,53.63710021972656,66.232666015625,225.3697967529297
272,3,281.5404357910156,29.495349884033203,77.94577026367188,174.34934616088867
273,5,45.44609451293945,44.310691833496094,47.192386627197266,140.14403533935547
273,1,264.45379638671875,53.57415008544922,61.469970703125,228.97504425048828
273,3,277.390625,32.14430618286133,46.12713623046875,81.37821578979492
274,5,49.547603607177734,44.15394592285156,55.2172737121582,140.1294708251953
274,1,263.0398254394531,53.814910888671875,81.44143676757812,230.86737060546875
274,3,263.9797058105469,30.993940353393555,70.55679321289062,128.4748249053955
275,1,261.7406921386719,55.912139892578125,105.52572631835938,227.67620849609375
275,5,54.95500564575195,44.98502731323242,64.5979118347168,139.31598281860352
275,3,259.1045227050781,30.148569107055664,45.74395751953125,132.17885398864746
276,1,263.2909851074219,59.10057067871094,120.114501953125,222.2427520751953
276,5,58.551822662353516,44.84124755859375,69.31916427612305,139.32528686523438
276,3,254.5535125732422,30.668964385986328,51.52592468261719,135.67446517944336
277,5,61.852821350097656,45.653282165527344,65.51324462890625,139.16480255126953
277,1,266.3423156738281,60.84428405761719,128.64694213867188,220.46498107910156
277,3,250.55612182617188,30.645938873291016,52.442779541015625,171.31130599975586
278,1,273.9212646484375,64.54786682128906,127.5684814453125,219.65501403808594
278,5,63.08036804199219,45.3322868347168,70.88917541503906,139.2675666809082
278,3,246.73036193847656,30.720792770385742,62.59138488769531,170.8412799835205
279,1,280.6062316894531,64.43021392822266,125.5845947265625,223.85015106201172
279,3,242.09927368164062,31.705686569213867,65.71127319335938,177.5710620880127
279,5,64.55805206298828,44.818260192871094,72.7650375366211,139.58512115478516
280,1,288.80364990234375,63.21210479736328,118.59832763671875,225.51110076904297
280,3,242.5406494140625,32.5068473815918,64.89437866210938,179.02284622192383
280,5,69.75385284423828,44.6761474609375,64.0917739868164,139.7595977783203
281,1,304.9931945800781,62.58126449584961,104.47714233398438,225.6417579650879
281,5,76.08629608154297,43.406593322753906,59.441200256347656,137.4872055053711
281,3,230.95864868164062,33.802764892578125,78.79290771484375,176.1675262451172
282,1,319.42578125,61.35515213012695,93.18997192382812,226.94395065307617
282,5,84.18953704833984,42.67051696777344,50.00641632080078,136.58059692382812
282,3,222.6743927001953,35.80731201171875,86.76322937011719,172.5917205810547
283,5,88.81012725830078,42.866031646728516,43.463722229003906,136.7242546081543
283,1,336.923583984375,59.17377853393555,76.83694458007812,230.06203079223633
283,3,218.4744110107422,35.360984802246094,90.91056823730469,173.4903335571289
284,1,344.12652587890625,55.89399719238281,74.814208984375,233.34849548339844
284,5,92.33366394042969,41.03572463989258,42.801483154296875,141.58918380737305
284,3,217.38450622558594,36.097572326660156,90.58073425292969,173.44149017333984
285,5,96.77857971191406,40.536048889160156,42.16041564941406,143.16034698486328
285,1,351.71710205078125,55.68980026245117,75.94998168945312,232.88801956176758
285,3,214.50440979003906,37.500308990478516,91.10704040527344,172.92683029174805
286,5,100.5581283569336,40.454437255859375,51.654319763183594,144.51748657226562
286,1,360.2674560546875,56.19438171386719,85.0946044921875,231.61912536621094
286,3,209.3716583251953,37.5015754699707,90.44264221191406,172.58398056030273
287,5,104.408203125,41.75718307495117,59.57806396484375,142.49109268188477
287,1,367.0732727050781,56.92509078979492,103.59429931640625,230.55598831176758
287,3,206.7172088623047,36.438499450683594,86.10011291503906,173.74747467041016
288,5,109.96158599853516,42.37886428833008,63.490074157714844,140.12438583374023
288,3,200.47830200195312,36.28715896606445,82.4989013671875,173.92632675170898
288,1,370.0551452636719,60.91382598876953,121.9365234375,227.58870697021484
289,5,112.33732604980469,41.77391815185547,66.66172790527344,140.9361343383789
289,3,196.79763793945312,36.96974563598633,76.10189819335938,173.55451583862305
289,1,370.5585632324219,62.10225296020508,134.92495727539062,226.87498092651367
290,5,114.46478271484375,41.43720626831055,67.9169921875,141.89230728149414
290,3,193.95372009277344,36.48137664794922,68.92753601074219,173.96541595458984
290,1,371.28143310546875,63.13410186767578,140.8077392578125,227.4826889038086
291,5,117.29710388183594,40.97396469116211,66.02302551269531,142.8891944885254
291,3,191.8955078125,36.483001708984375,59.580108642578125,173.88632202148438
291,1,373.35772705078125,63.957183837890625,143.54229736328125,228.728759765625
292,5,120.71908569335938,40.77863693237305,65.11677551269531,142.95566177368164
292,3,189.6136932373047,37.87446212768555,59.77586364746094,173.32777786254883
292,1,380.2281188964844,64.134033203125,139.89138793945312,228.88723754882812
293,5,127.2836685180664,39.75088119506836,58.025550842285156,144.32796096801758
293,3,185.13525390625,37.55247497558594,63.623291015625,173.63194274902344
293,1,391.5240478515625,63.02452850341797,132.27032470703125,230.64871978759766
294,5,132.96725463867188,38.81202697753906,54.24635314941406,145.65480041503906
294,1,406.3560791015625,62.852901458740234,121.702392578125,231.03049087524414
294,3,181.19427490234375,37.91816711425781,67.29130554199219,173.1262664794922
295,5,136.88436889648438,38.087303161621094,46.455413818359375,146.05225372314453
295,1,424.7991027832031,62.444515228271484,103.39328002929688,231.6013526916504
295,3,177.8418426513672,38.540283203125,69.97343444824219,172.32891845703125
296,1,441.77679443359375,60.77229309082031,84.3050537109375,234.5811004638672
296,5,141.78018188476562,36.66167449951172,45.583953857421875,148.12346649169922
296,3,171.55807495117188,39.73566818237305,76.63780212402344,171.03650283813477
297,1,461.9339599609375,60.155208587646484,70.224365234375,238.33594131469727
297,5,145.0854949951172,36.87277603149414,44.42919921875,145.3252830505371
297,3,166.60585021972656,40.174591064453125,80.84262084960938,170.779541015625
298,1,472.1090393066406,59.652767181396484,73.36184692382812,244.42981338500977
298,3,163.01351928710938,39.36970901489258,83.48435974121094,171.52692794799805
298,5,150.75082397460938,40.335205078125,32.09666442871094,140.92254638671875
299,1,479.8206787109375,61.97102355957031,76.39581298828125,243.13206481933594
299,3,159.97964477539062,37.890716552734375,84.242919921875,173.14102172851562
299,5,153.2090301513672,41.8221549987793,26.1759033203125,139.0011329650879
300,1,480.9574890136719,61.93128967285156,102.39212036132812,244.50730895996094
300,3,155.0175323486328,38.058658599853516,85.50660705566406,172.83063888549805
300,5,149.29281616210938,43.88481903076172,30.760894775390625,136.74066925048828
301,1,481.276123046875,64.41510009765625,121.33795166015625,237.62435913085938
301,3,153.55735778808594,38.661800384521484,78.02098083496094,170.97749710083008
302,1,481.9375915527344,66.91130065917969,134.77896118164062,235.39515686035156
302,3,149.81539916992188,39.501399993896484,73.872314453125,169.95793533325195
302,5,161.76368713378906,36.78484344482422,74.47709655761719,143.3277359008789
303,1,482.40924072265625,70.38363647460938,141.873291015625,234.87460327148438
303,3,142.91551208496094,39.65812301635742,69.87091064453125,168.89348220825195
303,5,178.79222106933594,37.458900451660156,63.27215576171875,141.40914154052734
304,1,485.821044921875,71.84501647949219,143.99114990234375,236.6648712158203
304,3,138.51585388183594,40.598506927490234,63.323028564453125,168.04797744750977
304,5,179.29180908203125,37.052223205566406,63.8582763671875,141.43401336669922
305,1,492.7772216796875,72.7624282836914,138.4638671875,237.99962615966797
305,5,180.8148651123047,36.62532043457031,61.94309997558594,142.4959716796875
305,3,134.62716674804688,40.717613220214844,60.59376525878906,167.37334442138672
306,1,508.705078125,72.23746490478516,125.44549560546875,238.75045013427734
306,5,181.4112091064453,35.943058013916016,62.123016357421875,143.95368576049805
306,3,131.5695037841797,41.194061279296875,58.19378662109375,170.91844177246094
307,5,187.51220703125,35.18628692626953,55.8902587890625,146.10131072998047
307,3,125.0455551147461,42.02326965332031,64.8786849975586,172.72540283203125
307,1,526.9692993164062,71.26223754882812,112.662353515625,239.60037231445312
308,1,542.9794311523438,68.97795867919922,99.09564208984375,241.79273223876953
308,5,197.465576171875,34.52850341796875,44.83735656738281,145.8775634765625
308,3,122.57040405273438,41.60642623901367,66.98062133789062,174.6139259338379
309,5,201.03265380859375,34.16259002685547,43.13813781738281,148.48552703857422
309,1,563.44091796875,67.36927032470703,86.74908447265625,243.37279510498047
309,3,113.69803619384766,42.96617126464844,75.90288543701172,175.503173828125
310,5,205.8141326904297,33.60039520263672,44.20738220214844,150.7064437866211
310,3,107.4698257446289,44.33041763305664,82.2450942993164,172.01585006713867
310,1,584.31884765625,67.33326721191406,75.3447265625,243.6844940185547
311,5,209.99424743652344,34.43339157104492,54.03602600097656,149.70593643188477
311,1,589.3645629882812,67.13827514648438,78.09429931640625,243.84262084960938
311,3,100.74700927734375,45.44424819946289,88.04217529296875,169.72106552124023
312,5,214.32765197753906,34.751686096191406,63.30412292480469,147.1522445678711
312,3,99.81389617919922,46.419586181640625,88.75940704345703,169.9359130859375
312,1,589.6084594726562,69.44873046875,97.21734619140625,240.66845703125
313,5,216.67755126953125,35.96493911743164,69.02566528320312,145.85392379760742
313,3,97.42420959472656,47.34892272949219,89.20918273925781,170.17645263671875
313,1,589.86767578125,72.60936737060547,117.6431884765625,238.21076202392578
314,5,217.5220489501953,36.21531677246094,72.90699768066406,145.8787078857422
314,1,590.2559814453125,74.83030700683594,135.63848876953125,236.79405212402344
314,3,94.04753875732422,48.20795440673828,88.98229217529297,169.95537567138672
315,5,220.61917114257812,35.68684387207031,73.62368774414062,147.91465759277344
315,3,90.19258880615234,48.13604736328125,87.6148452758789,169.93716430664062
315,1,591.3460083007812,76.8427734375,147.7630615234375,236.13583374023438
316,5,224.28439331054688,36.564884185791016,73.21173095703125,147.7481803894043
316,3,85.55956268310547,47.9447135925293,85.0910415649414,169.45708084106445
316,1,594.4972534179688,79.50471496582031,157.11676025390625,234.63475036621094
317,5,229.3512420654297,35.55000686645508,70.74501037597656,148.5515251159668
317,3,81.14501953125,47.461753845214844,80.305419921875,171.25000762939453
317,1,597.7877807617188,80.0357437133789,164.02227783203125,234.8746566772461
318,5,238.49993896484375,34.922908782958984,63.15704345703125,149.4443244934082
318,3,76.65784454345703,47.32403564453125,75.82514190673828,171.5226287841797
318,1,608.7973022460938,80.5242691040039,159.09283447265625,235.1794662475586
319,5,247.7117462158203,33.70354080200195,54.17897033691406,151.1844139099121
319,3,71.9983139038086,48.12852478027344,70.50244903564453,170.46217346191406
319,1,623.8941040039062,80.6359634399414,151.22906494140625,235.37218475341797
320,5,252.81802368164062,32.64645004272461,47.907012939453125,152.60063552856445
320,1,642.6707153320312,77.90795135498047,134.328369140625,238.65436553955078
320,3,68.83714294433594,48.216827392578125,64.26667785644531,169.70742797851562
321,5,257.84442138671875,33.27294921875,44.3682861328125,151.92506408691406
321,1,659.64599609375,76.7131576538086,116.3138427734375,240.90833282470703
321,3,66.66484069824219,48.6372184753418,62.53221130371094,169.60925674438477
322,5,262.3659973144531,32.80268096923828,46.622894287109375,151.92400360107422
322,3,62.34272766113281,48.89012145996094,66.07818603515625,169.5109405517578
322,1,681.8837280273438,74.83338165283203,98.447021484375,246.97264862060547
323,5,266.7429504394531,32.728424072265625,57.912811279296875,151.22283935546875
323,1,704.6119995117188,75.35005950927734,85.05206298828125,247.2533950805664
323,3,59.872955322265625,49.439876556396484,68.52877807617188,169.19116592407227
324,5,270.8294372558594,32.816402435302734,67.5401611328125,151.11369705200195
324,1,704.9278564453125,75.47291564941406,96.361572265625,256.45225524902344
324,3,55.44670104980469,50.053897857666016,72.37437438964844,168.66173934936523
325,5,271.4322204589844,34.13349914550781,80.28997802734375,150.2704315185547
325,3,51.954315185546875,51.775856018066406,75.7630844116211,167.05074310302734
325,1,704.8389282226562,78.4388198852539,104.47930908203125,256.34920501708984
326,5,271.44659423828125,35.04986572265625,82.20718383789062,149.85252380371094
326,3,48.75700759887695,52.72786331176758,78.60839462280273,166.16137313842773
326,1,704.73193359375,82.6410903930664,121.185302734375,250.1343002319336
327,3,46.47439193725586,53.59159851074219,79.87668991088867,165.5116729736328
327,5,272.86859130859375,36.02899169921875,81.447265625,149.4744110107422
327,1,705.61669921875,85.48917388916016,137.94537353515625,245.00359344482422
328,5,275.7586669921875,34.979248046875,80.11392211914062,150.6319122314453
328,1,707.3823852539062,88.543212890625,145.61865234375,241.81869506835938
328,3,41.61259078979492,53.01052474975586,82.56174087524414,165.7388801574707
329,1,710.3084106445312,92.58870697021484,144.54876708984375,242.38809967041016
329,5,282.197265625,35.14931106567383,73.68862915039062,150.30712509155273
329,3,38.52845001220703,52.69304275512695,81.46260833740234,165.79645919799805
330,1,718.3975830078125,94.23869323730469,137.6024169921875,242.1488800048828
330,5,290.8875732421875,34.86066436767578,65.44580078125,149.7645492553711
330,3,34.21686553955078,52.819576263427734,77.72480773925781,165.30592727661133
331,5,301.4491271972656,33.77481460571289,54.78546142578125,151.25251388549805
331,3,31.05629539489746,52.42122268676758,70.41954231262207,164.32098007202148
331,1,732.1673583984375,94.48580169677734,123.51971435546875,241.6227798461914
332,3,28.174177169799805,52.38414764404297,67.78309059143066,163.11322784423828
332,5,309.53515625,32.7274055480957,47.88134765625,152.29107284545898
332,1,749.93115234375,96.86341857910156,105.90289306640625,239.9859161376953
333,5,313.864990234375,32.4637336730957,43.604278564453125,155.17841720581055
333,3,24.568721771240234,52.30586242675781,63.30482864379883,162.61099243164062
333,1,769.6983032226562,126.44395446777344,85.7991943359375,210.3098602294922
334,5,317.9421691894531,32.783390045166016,50.609405517578125,157.5546531677246
334,3,21.3653621673584,51.62181091308594,57.96201515197754,162.35369873046875
334,1,791.7392578125,127.3716812133789,63.93499755859375,210.0605697631836
335,5,323.0843811035156,33.53104019165039,56.360260009765625,158.0582389831543
335,3,16.695205688476562,51.548606872558594,61.67369842529297,166.9203872680664
335,1,813.4536743164062,135.13299560546875,42.18792724609375,202.71286010742188
336,5,326.94482421875,34.855064392089844,64.4217529296875,156.03472137451172
336,3,12.118147850036621,51.79526901245117,65.750412940979,169.1011848449707
336,1,817.55126953125,141.9694366455078,38.0980224609375,195.95738220214844
337,5,328.9234924316406,35.27035140991211,71.41552734375,155.0949592590332
337,3,9.494717597961426,53.44929504394531,68.2454481124878,167.93283081054688
337,1,817.3723754882812,140.06468200683594,38.2406005859375,197.81968688964844
338,5,329.4365539550781,36.04831314086914,77.23260498046875,155.77082443237305
338,3,6.157233238220215,53.751121520996094,71.5354471206665,167.33399200439453
338,1,817.6064453125,170.35447692871094,38.14031982421875,167.5362091064453
339,5,330.3274841308594,35.61972427368164,84.1883544921875,158.37481307983398
339,3,1.016770839691162,54.82543182373047,76.75645303726196,163.94750213623047
339,1,818.1630249023438,187.3396453857422,37.60333251953125,149.4769744873047
340,5,333.5318603515625,35.595882415771484,85.72955322265625,159.4973487854004
340,3,0.18046842515468597,56.15583038330078,77.39343751966953,161.47234344482422
340,1,820.0647583007812,272.8865966796875,35.587158203125,63.533203125
341,5,337.9549865722656,35.575958251953125,84.29922485351562,159.9435272216797
341,3,0.0,56.17173767089844,77.78350830078125,161.94290161132812
341,1,822.3866577148438,278.3226623535156,33.3194580078125,58.388427734375
341,6,824.7554321289062,133.00540161132812,30.7135009765625,207.54391479492188
342,5,344.9796447753906,34.863426208496094,78.54278564453125,160.15155792236328
342,3,0.0,57.23213577270508,75.0458984375,161.05987167358398
342,1,828.9888305664062,252.84304809570312,26.62835693359375,84.8597412109375
343,5,352.7518005371094,34.5638542175293,70.15353393554688,160.12414932250977
343,3,0.0,57.7077522277832,72.49945831298828,161.2504539489746
344,5,362.8330383300781,33.858455657958984,59.5733642578125,160.70802688598633
344,3,0.0,57.766815185546875,68.00096130371094,161.6058807373047
345,5,369.9852600097656,33.927032470703125,50.374481201171875,161.27813720703125
345,3,0.0,59.374237060546875,61.79623031616211,160.20872497558594
346,5,375.3473815917969,33.66043472290039,47.9967041015625,160.37333297729492
346,3,0.0,71.10578918457031,55.48453903198242,148.57884216308594
347,5,379.0996398925781,34.093528747558594,59.85443115234375,160.91344451904297
347,3,0.0,74.05604553222656,48.13148880004883,145.78550720214844
348,5,383.49810791015625,35.50862121582031,70.12030029296875,159.91676330566406
348,3,0.0,72.58548736572266,38.73158645629883,146.74871063232422
349,5,384.5628662109375,36.970890045166016,78.0640869140625,159.6963768005371
349,3,0.0,74.00613403320312,29.74128532409668,145.7408447265625
350,5,383.77032470703125,37.78705596923828,84.12814331054688,160.34313201904297
350,3,0.0,75.55741882324219,25.22776222229004,145.22695922851562
351,5,384.1344909667969,37.641109466552734,85.17340087890625,161.6586036682129
351,3,0.0,81.61529541015625,25.439746856689453,138.45606994628906
352,5,385.72076416015625,38.47104263305664,84.47109985351562,161.35024642944336
352,3,0.0,86.89321899414062,25.38866424560547,133.5280303955078
353,5,390.9081115722656,38.14068603515625,80.376708984375,162.46153259277344
353,3,0.08473153412342072,95.46250915527344,25.258322283625603,124.639404296875
354,5,398.4461669921875,37.687721252441406,73.3690185546875,163.36260223388672
354,3,0.05255095288157463,105.07459259033203,24.917129833251238,114.8500747680664
355,5,408.5181579589844,36.90705490112305,62.6171875,164.85007095336914
355,3,0.0,106.67308044433594,24.02591896057129,113.21168518066406
356,5,420.6252746582031,36.747406005859375,50.62451171875,165.71095275878906
356,3,0.0,92.1411361694336,22.7248477935791,127.97936248779297
356,7,0.04638371616601944,172.3107147216797,23.812268398702145,47.20429992675781
357,5,428.2802429199219,36.4638786315918,44.88446044921875,166.5274543762207
357,7,0.03853660076856613,174.29420471191406,22.67894882708788,45.37467956542969
357,3,0.0,77.98635864257812,21.536048889160156,146.0251922607422
358,5,433.05560302734375,37.510826110839844,51.0042724609375,169.78156280517578
358,7,0.05789482593536377,184.49240112304688,19.514952540397644,35.03546142578125
359,5,435.95751953125,37.8317756652832,63.94989013671875,173.09678268432617
360,5,439.1301574707031,38.890342712402344,75.10958862304688,175.53234100341797
361,5,440.6607666015625,40.72631072998047,81.26531982421875,173.92400360107422
362,5,441.67022705078125,41.18857955932617,87.76617431640625,174.45447158813477
363,5,443.4898681640625,41.866275787353516,93.7000732421875,175.28303146362305
364,5,445.6112365722656,42.76962661743164,98.13027954101562,176.38291549682617
365,5,452.5787658691406,42.9061393737793,93.33407592773438,176.64902114868164
366,5,460.81854248046875,42.6124153137207,86.35797119140625,177.51484298706055
367,5,470.3204040527344,42.14244842529297,76.61544799804688,177.62035369873047
368,5,480.5306701660156,41.43671798706055,64.50637817382812,177.86639785766602
369,5,490.4532165527344,41.46141052246094,52.458587646484375,177.9910125732422
370,5,495.4763488769531,41.38745880126953,47.458160400390625,178.3556900024414
371,5,498.19873046875,42.576934814453125,56.3760986328125,177.17843627929688
372,5,498.3434753417969,43.91468048095703,72.74136352539062,177.06549835205078
373,5,498.3067321777344,45.28664016723633,87.71334838867188,177.74271774291992
374,5,498.8398132324219,47.624298095703125,95.32357788085938,176.8496856689453
375,5,499.7467346191406,48.70410919189453,96.58834838867188,177.41826629638672
376,5,502.40216064453125,49.27378463745117,94.74542236328125,178.99121475219727
377,5,506.7570495605469,49.95227813720703,90.69827270507812,179.7781753540039
378,5,513.6760864257812,49.27541732788086,83.986328125,180.65130996704102
379,5,523.5862426757812,48.89087677001953,74.384765625,181.4662857055664
380,5,535.261962890625,48.67416000366211,62.4017333984375,181.65071487426758
381,5,548.7831420898438,48.748558044433594,50.92913818359375,182.2927017211914
382,5,560.1640625,48.45315170288086,47.69195556640625,186.76739883422852
383,5,566.5457763671875,49.28184509277344,58.22900390625,193.1842498779297
384,5,567.232421875,51.90871047973633,73.777099609375,189.6143913269043
385,5,566.3727416992188,53.693336486816406,87.65985107421875,193.32355499267578
386,5,566.57861328125,55.479373931884766,97.47802734375,191.17625045776367
387,5,566.9412841796875,57.3422966003418,105.34906005859375,193.00001907348633
388,5,568.032958984375,58.979026794433594,111.19635009765625,194.88231658935547
389,5,573.2957153320312,59.669708251953125,111.659423828125,195.8195037841797
390,5,579.2471923828125,60.0489616394043,107.863525390625,195.41608047485352
391,5,589.4085693359375,57.205631256103516,99.43060302734375,198.27354049682617
392,5,599.1683349609375,59.026180267333984,87.88885498046875,196.32532119750977
393,5,624.7556762695312,58.725826263427734,60.3739013671875,197.52685928344727
394,5,625.0245361328125,59.32036209106445,58.38922119140625,196.1117820739746
395,5,629.1886596679688,59.980018615722656,54.08538818359375,196.0558090209961
396,5,628.7140502929688,60.92142868041992,62.575927734375,195.27312088012695
397,5,628.0921630859375,62.417259216308594,82.82733154296875,194.27362823486328
398,5,628.3360595703125,64.32481384277344,97.8385009765625,193.3219451904297
399,5,629.1587524414062,65.00823974609375,104.3494873046875,195.08193969726562
400,5,630.2262573242188,66.5503921508789,105.2904052734375,195.89672088623047
401,5,633.6145629882812,68.67801666259766,102.6439208984375,195.80504608154297
402,5,640.4736328125,67.68455505371094,96.57232666015625,198.3702850341797
403,5,649.7958374023438,68.33953094482422,88.9287109375,199.11243438720703
404,5,661.845947265625,67.60214233398438,79.3621826171875,199.43063354492188
405,5,675.9984741210938,66.40261840820312,71.299560546875,200.60662841796875
406,5,689.8412475585938,68.90202331542969,61.68023681640625,198.96217346191406
407,5,702.2959594726562,68.9140625,56.6259765625,205.74905395507812
408,5,702.6306762695312,71.89704132080078,67.6993408203125,207.82555389404297
409,5,702.2408447265625,72.68455505371094,82.85595703125,211.98362731933594
410,5,702.4430541992188,74.18670654296875,97.712646484375,211.15029907226562
411,5,703.114990234375,76.62278747558594,110.1365966796875,209.2666473388672
412,5,703.5189819335938,77.86250305175781,119.4049072265625,210.4806365966797
413,5,706.0235595703125,79.9844970703125,123.69097900390625,211.376220703125
414,5,712.8482055664062,81.19139099121094,123.66729736328125,212.86134338378906
415,5,722.8516235351562,81.9845962524414,116.42816162109375,212.09685516357422
416,5,735.7111206054688,82.7197494506836,105.85333251953125,211.2894058227539
417,5,748.8056640625,83.9385986328125,91.8800048828125,209.94842529296875
418,5,764.2462768554688,83.19752502441406,77.27178955078125,210.6964569091797
419,5,777.2100219726562,84.1828384399414,68.95440673828125,210.32408905029297
420,5,777.4302368164062,85.3362045288086,76.242431640625,209.2629165649414
421,5,777.3909301757812,86.9352035522461,78.00830078125,207.6835708618164
422,5,777.9737548828125,89.53569793701172,77.77587890625,206.2571792602539
423,5,778.3923950195312,93.06037139892578,77.2264404296875,205.58123016357422
424,5,779.1702270507812,111.71146392822266,76.52288818359375,185.0023422241211
425,5,781.8703002929688,125.40925598144531,73.75238037109375,171.2834014892578
426,5,788.5311889648438,139.230224609375,67.003173828125,156.19406127929688
427,5,798.832275390625,165.46469116210938,56.79742431640625,130.02447509765625
428,5,811.1864624023438,190.1961212158203,44.36102294921875,108.26292419433594
