35,1,814.0406494140625,143.7707061767578,41.6739501953125,144.8666229248047
35,2,814.4656982421875,232.4160919189453,41.16668701171875,54.70906066894531
36,1,801.628173828125,130.97354125976562,54.26300048828125,155.64364624023438
36,2,802.2688598632812,202.56210327148438,53.44384765625,83.424072265625
37,1,793.4227294921875,137.62332153320312,62.24273681640625,149.28009033203125
38,1,787.6967163085938,123.24848175048828,67.8353271484375,164.4074935913086
39,1,784.83935546875,86.60938262939453,70.77349853515625,203.3196029663086
40,1,784.2166137695312,70.25424194335938,71.40655517578125,220.45352172851562
41,1,783.760986328125,68.0507583618164,71.85211181640625,222.88570404052734
42,1,783.5499267578125,64.39178466796875,72.06121826171875,226.67169189453125
43,1,783.3765258789062,61.46246337890625,71.72308349609375,229.8489990234375
44,1,781.3028564453125,60.338539123535156,70.30511474609375,230.84688568115234
45,1,773.2113037109375,60.17782974243164,72.80999755859375,230.79162216186523
46,1,750.165771484375,60.15162658691406,88.6953125,230.6254425048828
47,1,726.3033447265625,61.702396392822266,105.6390380859375,228.95403671264648
48,1,707.8872680664062,60.68621826171875,116.55078125,230.54916381835938
49,1,694.33349609375,62.42129898071289,122.225830078125,228.31716537475586
50,1,687.2318725585938,63.099510192871094,128.87872314453125,227.70240020751953
51,1,681.544189453125,64.92485046386719,133.765380859375,225.97035217285156
52,1,679.8656616210938,63.92886734008789,132.13299560546875,226.83800888061523
53,1,678.5038452148438,61.5844841003418,126.0399169921875,228.1043586730957
54,1,679.0532836914062,60.534481048583984,113.55853271484375,228.13794326782227
55,1,678.6774291992188,59.37759780883789,98.82501220703125,228.32055282592773
56,1,678.0283813476562,55.612430572509766,81.8333740234375,235.14110946655273
57,1,678.2366943359375,55.46099853515625,69.739990234375,238.65176391601562
58,1,677.8008422851562,52.96232986450195,63.54974365234375,241.21198654174805
59,1,657.2222900390625,52.42421340942383,77.16094970703125,244.4123649597168
60,1,634.0156860351562,54.58595657348633,93.220458984375,243.46775436401367
61,1,612.5887451171875,57.08230209350586,107.01861572265625,237.82373428344727
62,1,599.1131591796875,59.859107971191406,118.9754638671875,234.26024627685547
63,1,590.672119140625,61.36457061767578,126.41278076171875,232.98604583740234
64,1,584.5524291992188,60.6108512878418,131.18035888671875,235.75178909301758
65,1,583.1094970703125,60.169002532958984,127.381103515625,238.76123428344727
66,1,581.806884765625,60.992401123046875,120.45416259765625,238.18023681640625
67,1,581.7130737304688,58.31739044189453,106.05438232421875,240.80120086669922
68,1,580.6770629882812,55.91678237915039,93.6375732421875,244.27733993530273
69,1,579.7316284179688,55.3663444519043,75.95733642578125,245.29719924926758
70,1,574.1070556640625,51.906558990478516,65.58795166015625,248.13650131225586
71,1,565.2264404296875,53.08159637451172,67.20880126953125,246.0011978149414
72,1,545.3075561523438,53.91877746582031,79.2177734375,245.6946258544922
73,1,518.8304443359375,54.813758850097656,102.03790283203125,245.1270980834961
74,1,498.85821533203125,58.337493896484375,122.76824951171875,242.79153442382812
75,1,484.5444641113281,60.186004638671875,135.61471557617188,240.38763427734375
76,1,477.2475280761719,61.13665008544922,143.28298950195312,239.09943389892578
77,1,472.7154235839844,61.36901092529297,144.92056274414062,238.36798858642578
78,1,471.0936584472656,61.46143341064453,143.42929077148438,238.11983489990234
79,1,468.46197509765625,60.8909797668457,136.9959716796875,237.8869743347168
80,1,468.83978271484375,60.01831817626953,120.80438232421875,236.24852752685547
81,1,469.1655578613281,56.84440612792969,104.68673706054688,239.5186309814453
82,1,466.2620849609375,53.42222595214844,89.80029296875,244.8686065673828
83,1,460.15411376953125,51.32684326171875,72.40948486328125,250.41580200195312
84,1,452.376953125,51.81493377685547,64.44586181640625,254.21009063720703
85,1,436.8898620605469,51.24592208862305,75.25277709960938,256.7206916809082
86,1,416.19378662109375,54.22883605957031,94.88995361328125,254.37779235839844
87,1,391.9419860839844,57.242366790771484,119.65826416015625,250.0227394104004
88,1,374.9991455078125,59.96625518798828,136.05136108398438,245.75203704833984
89,1,367.51251220703125,62.01763916015625,141.82064819335938,244.97933959960938
90,1,362.4928894042969,63.18580627441406,146.36663818359375,245.8705596923828
91,1,360.3854064941406,63.61137771606445,142.49993896484375,247.15656661987305
92,1,359.69677734375,64.37207794189453,132.27847290039062,247.4632797241211
93,1,359.6304626464844,63.99205017089844,116.06265258789062,248.8079376220703
94,1,356.6493225097656,63.157981872558594,103.5115966796875,249.62671661376953
95,1,345.49658203125,60.17427062988281,97.42584228515625,252.1053924560547
96,1,335.3083801269531,58.881778717041016,84.81521606445312,253.69060897827148
97,1,322.40814208984375,59.766841888427734,79.2880859375,252.86267471313477
98,1,318.4257507324219,60.228126525878906,82.1356201171875,252.38253021240234
99,1,305.716796875,61.287235260009766,96.04690551757812,251.24773788452148
100,1,280.6988220214844,65.49896240234375,120.91424560546875,247.2421875
101,1,264.1952819824219,67.41897583007812,138.39227294921875,245.72714233398438
102,1,255.82130432128906,69.49400329589844,146.4175567626953,243.1193084716797
103,1,252.4763641357422,70.94601440429688,148.7410125732422,241.96347045898438
104,1,249.1429901123047,69.34452819824219,146.37266540527344,243.81922912597656
105,1,248.72244262695312,70.0140151977539,136.28729248046875,242.72985076904297
106,1,242.0921630859375,70.01649475097656,129.80377197265625,241.26930236816406
107,1,235.16226196289062,68.89865112304688,119.57275390625,241.42279052734375
108,1,226.02195739746094,63.5325813293457,110.13899230957031,248.55424118041992
109,1,221.41030883789062,65.29515075683594,95.65603637695312,250.26905822753906
109,3,0.1463286131620407,394.2106018066406,33.28131039440632,36.38189697265625
110,1,208.9348602294922,64.38600158691406,84.02482604980469,254.43922424316406
110,3,0.11767745018005371,382.9435119628906,35.55835175514221,47.00042724609375
111,1,201.1136016845703,65.298828125,88.53034973144531,258.051513671875
111,3,0.047631196677684784,380.0130920410156,36.15072924643755,49.57330322265625
112,1,192.484619140625,68.06461334228516,97.32086181640625,258.3214645385742
112,3,0.049165669828653336,371.9886169433594,36.055250223726034,57.57391357421875
113,1,173.5886993408203,71.20297241210938,115.50331115722656,254.8125
113,3,0.015050090849399567,365.168701171875,36.09879954904318,65.21719360351562
114,1,153.1397247314453,75.09439086914062,135.63670349121094,250.6973876953125
114,3,0.04300098866224289,358.6257019042969,36.246935077011585,71.3546142578125
115,1,141.60354614257812,78.72283935546875,146.6822509765625,248.3402099609375
115,3,0.10415034741163254,335.5289306640625,36.29361958056688,94.13790893554688
116,1,137.08502197265625,79.72627258300781,149.83016967773438,249.06568908691406
116,3,0.10216306149959564,309.93389892578125,36.2553923279047,126.51358032226562
117,1,133.9061737060547,81.39275360107422,148.77088928222656,250.96430206298828
117,3,0.09670630097389221,237.1947479248047,45.05769357085228,202.00254821777344
118,1,132.46336364746094,84.04624938964844,141.49269104003906,249.9535675048828
118,3,0.07734106481075287,236.53787231445312,67.70889092981815,203.14468383789062
119,1,126.25960540771484,83.21206665039062,130.56580352783203,250.89886474609375
119,3,0.0,218.49221801757812,90.5544662475586,216.71786499023438
120,1,118.9889144897461,82.80419921875,121.1091079711914,251.45001220703125
120,3,0.0,183.7493133544922,108.17711639404297,251.94056701660156
121,3,0.0,179.22068786621094,118.14334869384766,253.91102600097656
121,1,112.96673583984375,79.69371032714844,111.489990234375,254.8900604248047
122,3,0.0,178.300048828125,123.40518188476562,255.8026123046875
122,1,105.17523956298828,78.81617736816406,100.1483383178711,255.0380096435547
123,3,0.20379039645195007,178.6394500732422,129.09630420804024,256.6160125732422
123,1,95.97793579101562,78.8173828125,87.34439086914062,255.60284423828125
124,3,0.055996183305978775,176.6019744873047,130.72748159989715,259.2782440185547
124,1,87.95848083496094,79.83145904541016,87.56236267089844,255.46263885498047
125,1,78.17202758789062,81.88219451904297,97.37025451660156,252.35379791259766
125,3,0.286327987909317,175.2686309814453,130.27455458045006,261.06248474121094
126,1,68.1018295288086,85.44374084472656,108.29357147216797,249.45326232910156
126,3,3.9656522274017334,175.314208984375,126.68992638587952,261.5650329589844
127,3,8.220525741577148,172.630615234375,121.69491004943848,263.85638427734375
127,1,61.21059799194336,88.23567962646484,114.85405349731445,246.85187530517578
128,3,12.529562950134277,171.72488403320312,118.54525089263916,264.6932067871094
128,1,50.13092041015625,89.8674087524414,126.69822692871094,246.8020248413086
129,3,19.306529998779297,170.52435302734375,114.60283279418945,265.63739013671875
129,1,42.8234977722168,92.9781265258789,132.97920608520508,241.89168548583984
130,3,32.84621810913086,173.8623809814453,116.15874099731445,261.4521942138672
130,1,29.89602279663086,94.94285583496094,138.31349563598633,239.49256896972656
131,3,43.22208786010742,172.2266845703125,131.71074295043945,264.1588134765625
131,1,24.29684829711914,94.55535125732422,73.96294021606445,216.79251861572266
132,3,52.59938430786133,171.3628387451172,148.67889022827148,264.50660705566406
132,1,15.084596633911133,95.02547454833984,64.31081199645996,240.6459732055664
133,3,60.007484436035156,170.66973876953125,163.02765655517578,265.9418029785156
133,1,6.2809834480285645,95.10794067382812,63.67912244796753,242.7598876953125
134,3,61.184608459472656,171.74908447265625,172.1919174194336,264.2391357421875
134,1,0.7670533061027527,93.54826354980469,67.17957144975662,243.5275115966797
135,3,78.81700134277344,171.66934204101562,157.66659545898438,264.60321044921875
135,1,0.2559880316257477,91.47728729248047,66.47403058409691,245.20154571533203
136,3,88.4943618774414,170.63275146484375,148.16695404052734,265.7349548339844
136,1,0.13518677651882172,91.12139892578125,74.65493620932102,250.26260375976562
137,3,95.20787048339844,167.94102478027344,141.58103942871094,267.9231414794922
137,1,0.0,95.89459991455078,66.5261001586914,251.91661834716797
138,3,104.69468688964844,164.6562957763672,132.3970184326172,269.96421813964844
138,1,0.0,131.42481994628906,66.72777557373047,216.55711364746094
139,3,114.30176544189453,162.58685302734375,122.2698745727539,271.56842041015625
139,1,0.0,140.64154052734375,67.10940551757812,203.3502197265625
140,3,119.53858184814453,160.48504638671875,117.3360824584961,273.9185485839844
140,1,0.052279260009527206,178.55116271972656,67.32345316186547,158.4955291748047
141,3,128.7346954345703,159.5780487060547,107.52291870117188,274.71910095214844
141,1,0.07540734112262726,192.91526794433594,66.22783820331097,143.4457550048828
142,3,139.14654541015625,159.39794921875,98.20600891113281,277.73907470703125
142,1,0.022548986598849297,202.1232452392578,66.18288771994412,133.8802947998047
143,3,148.1412811279297,159.3018035888672,99.85244750976562,281.8235626220703
143,1,0.010076762177050114,206.45936584472656,62.57550978567451,129.7926483154297
144,3,157.8190155029297,160.5570068359375,116.43724060058594,283.3246154785156
144,1,0.18210622668266296,213.5917205810547,56.84006479382515,122.83964538574219
145,3,165.0444793701172,162.18067932128906,138.4867401123047,283.16883850097656
145,1,0.09004543721675873,217.9283905029297,45.07364322245121,118.02156066894531
146,3,175.06561279296875,163.47299194335938,145.226318359375,279.1722717285156
147,3,179.57118225097656,167.03871154785156,153.50242614746094,273.7504425048828
148,3,188.54830932617188,168.21253967285156,151.51629638671875,274.9333953857422
149,3,194.08670043945312,169.84535217285156,150.24114990234375,274.3611602783203
150,3,201.97154235839844,169.30616760253906,143.31797790527344,276.62965393066406
151,3,212.65823364257812,170.00135803222656,132.64202880859375,276.43190002441406
152,3,230.92758178710938,168.05128479003906,113.25616455078125,277.80235290527344
153,3,246.29446411132812,167.81642150878906,98.0440673828125,278.1082305908203
154,3,251.51393127441406,165.6872100830078,100.88621520996094,280.15184020996094
155,3,261.9290466308594,166.18673706054688,101.77902221679688,279.76153564453125
156,3,273.2235107421875,167.8997802734375,110.98031616210938,278.2301330566406
157,3,288.06072998046875,169.45587158203125,124.7464599609375,276.398193359375
158,3,296.0057678222656,171.35830688476562,143.82110595703125,274.9325256347656
159,3,300.6988830566406,173.31785583496094,150.28668212890625,273.51893615722656
160,3,300.25494384765625,174.7721405029297,165.14828491210938,274.5138397216797
161,3,302.1252136230469,174.3695526123047,165.49685668945312,280.74205017089844
162,3,307.5402526855469,174.26657104492188,160.9022216796875,282.16998291015625
163,3,318.33050537109375,173.3603057861328,150.08425903320312,283.63328552246094
164,3,335.9886779785156,172.4912109375,132.10305786132812,285.1028137207031
165,3,354.10028076171875,170.49343872070312,114.01904296875,287.1261291503906
166,3,374.1485900878906,168.9042205810547,99.69241333007812,288.5265350341797
167,3,382.7112731933594,170.0928497314453,102.50146484375,287.9175567626953
168,3,391.5713195800781,169.9672393798828,107.7474365234375,288.0644989013672
169,3,397.7528991699219,172.0948028564453,114.53689575195312,285.2556610107422
170,3,408.0000305175781,176.09912109375,118.88711547851562,281.2568359375
171,3,412.9923400878906,175.9124298095703,134.20791625976562,281.5061492919922
172,3,420.398193359375,178.2033233642578,140.4979248046875,281.05186462402344
173,3,422.2548522949219,178.6935272216797,149.76089477539062,285.3610076904297
174,3,427.6326904296875,178.24609375,149.4041748046875,290.12518310546875
175,3,432.6551513671875,176.6916046142578,144.59600830078125,292.48863220214844
176,3,441.10693359375,175.20289611816406,136.88519287109375,294.5806121826172
177,3,454.9166564941406,172.7884979248047,129.15420532226562,297.60328674316406
178,3,467.59613037109375,171.25396728515625,125.95318603515625,298.6159973144531
179,3,488.45660400390625,168.13470458984375,113.05963134765625,302.1275939941406
180,3,508.5638427734375,165.5479278564453,103.2210693359375,304.4665069580078
181,3,519.8136596679688,163.9803924560547,100.85223388671875,306.24925231933594
182,3,518.4192504882812,162.78475952148438,113.40081787109375,307.2295837402344
183,3,525.3847045898438,163.32223510742188,115.2667236328125,306.6136169433594
184,3,526.4232177734375,165.93235778808594,127.81121826171875,304.40928649902344
185,3,526.971435546875,169.5142059326172,146.70428466796875,302.0164031982422
186,3,527.3141479492188,172.0945281982422,159.12603759765625,300.5124053955078
187,3,530.018798828125,171.52761840820312,158.14459228515625,302.7206115722656
188,3,534.4900512695312,171.9879150390625,160.18951416015625,302.7954406738281
189,3,543.6049194335938,171.83033752441406,163.74822998046875,302.0125274658203
190,3,556.927490234375,169.9903564453125,160.8323974609375,305.42108154296875
191,3,579.9069213867188,169.05697631835938,149.84393310546875,305.8614501953125
192,3,601.8335571289062,167.8682861328125,135.99072265625,308.5824890136719
193,3,621.29931640625,167.80047607421875,128.75872802734375,308.5989074707031
194,3,630.3043212890625,167.0361785888672,131.044189453125,309.06858825683594
195,3,640.044677734375,168.99868774414062,131.55621337890625,307.65728759765625
196,3,641.9761352539062,172.38453674316406,139.40087890625,303.6663055419922
197,3,643.609375,173.9629669189453,149.1614990234375,302.7284393310547
198,3,643.38623046875,177.33346557617188,159.76837158203125,300.18304443359375
199,3,646.781494140625,177.51708984375,168.28375244140625,300.1966552734375
200,3,651.8927612304688,178.95802307128906,174.3094482421875,298.24742126464844
201,3,662.202392578125,176.52572631835938,175.3839111328125,300.38482666015625
202,3,675.0755004882812,174.0558319091797,173.16510009765625,302.84214782714844
203,3,693.2769775390625,170.18077087402344,162.32763671875,306.4257354736328
204,3,714.2628173828125,167.1404266357422,141.7371826171875,310.6536102294922
205,3,735.0348510742188,165.0939178466797,120.96514892578125,313.9361114501953
206,3,753.87451171875,163.3242645263672,101.6944580078125,315.0021514892578
207,3,758.154541015625,166.0083770751953,97.614990234375,313.1287078857422
208,3,758.7462158203125,182.45046997070312,96.90838623046875,296.459228515625
209,3,758.0511474609375,187.25698852539062,97.61773681640625,291.3289794921875
210,3,758.2459716796875,196.8022918701172,97.33251953125,281.9438018798828
211,3,758.1748657226562,212.40692138671875,97.36553955078125,266.35565185546875
212,3,762.0154418945312,368.5940856933594,93.00445556640625,110.81243896484375
213,3,769.1798706054688,373.93853759765625,86.05975341796875,104.51055908203125
214,3,775.4143676757812,407.2115478515625,79.7154541015625,71.05029296875
390,4,0.12123939394950867,378.3472900390625,16.57366493344307,101.11279296875
391,4,0.29646217823028564,357.677490234375,23.812857508659363,121.24032592773438
392,4,0.0,342.4469909667969,39.74485397338867,136.90847778320312
393,4,0.0,337.3185119628906,50.79564666748047,140.31732177734375
394,4,0.19506825506687164,316.88970947265625,61.9309006780386,160.60360717773438
395,4,0.0,266.00140380859375,63.244205474853516,210.53485107421875
396,4,0.17136362195014954,203.47486877441406,67.11512777209282,275.2089385986328
397,4,0.0296205785125494,177.49639892578125,77.17934853769839,299.6485595703125
398,4,0.0,173.1760711669922,88.72297668457031,302.67845153808594
399,4,0.021898461505770683,172.04908752441406,103.05660800822079,304.0244903564453
400,4,0.27976661920547485,170.94923400878906,116.44281333684921,304.59605407714844
401,4,0.6299073100090027,168.31141662597656,128.68923026323318,307.7843780517578
402,4,0.8323354125022888,165.2633819580078,139.72270303964615,310.9835968017578
403,4,1.986555814743042,162.0561065673828,152.60746884346008,314.0229034423828
404,4,11.162858009338379,158.91294860839844,160.64034938812256,316.26918029785156
405,4,21.467666625976562,156.66513061523438,167.4793701171875,318.57794189453125
406,4,32.22643280029297,155.4906463623047,172.12261199951172,320.64366149902344
407,4,44.66840362548828,154.35659790039062,172.60576629638672,321.7141418457031
408,4,54.65369415283203,155.16299438476562,174.9947280883789,320.7809143066406
409,4,66.46031951904297,154.7107696533203,166.04813385009766,321.2531280517578
410,4,78.69580078125,154.3572235107422,157.42208862304688,321.8986358642578
411,4,91.842529296875,154.94964599609375,146.75613403320312,321.373046875
412,4,103.00875091552734,155.6256866455078,144.87389373779297,319.64613342285156
413,4,116.26043701171875,156.11996459960938,147.180419921875,319.2143249511719
414,4,129.9016876220703,154.3341522216797,145.23658752441406,321.26426696777344
415,4,140.44207763671875,150.6525115966797,147.42874145507812,324.63121032714844
416,4,153.0151824951172,148.36582946777344,145.3290557861328,326.27723693847656
417,4,165.0841522216797,146.3176727294922,145.78038024902344,329.04710388183594
418,4,178.00462341308594,144.77230834960938,141.96961975097656,330.2165222167969
419,4,188.07858276367188,143.7292022705078,143.49630737304688,331.72251892089844
420,4,199.4261016845703,142.96224975585938,144.88975524902344,332.43548583984375
421,4,213.26675415039062,143.34934997558594,140.51019287109375,332.3106231689453
422,4,224.90135192871094,143.03155517578125,145.82801818847656,332.94110107421875
423,4,238.07904052734375,143.08119201660156,146.22195434570312,332.08787536621094
424,4,251.6990203857422,146.03701782226562,144.91456604003906,328.65447998046875
425,4,265.5952453613281,147.2836456298828,143.86810302734375,328.9304656982422
426,4,280.036865234375,149.8617401123047,139.02401733398438,324.58424377441406
427,4,294.90399169921875,151.36129760742188,136.44091796875,325.3487548828125
428,4,307.3254699707031,151.23104858398438,135.51812744140625,323.7760925292969
429,4,322.14154052734375,149.95802307128906,130.61953735351562,329.3268280029297
430,4,334.4706115722656,147.09278869628906,133.7451171875,328.2472686767578
431,4,347.90545654296875,145.75234985351562,131.93780517578125,329.27862548828125
432,4,361.57757568359375,143.78298950195312,130.35064697265625,332.7615966796875
433,4,372.6124267578125,142.49545288085938,131.95462036132812,336.0673828125
434,4,384.7584228515625,143.37100219726562,128.20391845703125,332.6558837890625
435,4,396.2102355957031,141.63980102539062,130.18374633789062,336.22235107421875
436,4,407.1042175292969,141.85977172851562,128.08798217773438,334.701904296875
437,4,418.0643005371094,143.00515747070312,131.27053833007812,332.0779113769531
438,4,428.50970458984375,142.41098022460938,131.24114990234375,333.4187927246094
439,4,439.9805908203125,144.6575469970703,132.94140625,331.2378692626953
440,4,451.5840759277344,148.27606201171875,132.11160278320312,327.48211669921875
441,4,463.39276123046875,149.1572265625,133.55133056640625,326.6513977050781
442,4,478.08221435546875,149.4614715576172,132.19403076171875,326.0319061279297
443,4,492.2657470703125,150.34507751464844,134.13800048828125,326.02064514160156
444,4,507.2757263183594,147.401611328125,135.12234497070312,328.6541748046875
445,4,522.212158203125,142.0535125732422,133.80029296875,333.81080627441406
446,4,535.6295776367188,139.0529022216797,135.91754150390625,336.4060516357422
447,4,546.8379516601562,139.077880859375,141.6529541015625,336.8052978515625
448,4,558.8518676757812,139.53636169433594,142.065185546875,336.02439880371094
449,4,569.0291748046875,139.09393310546875,147.208251953125,337.29840087890625
450,4,580.176025390625,137.67201232910156,145.59490966796875,338.1925506591797
451,4,591.2412719726562,138.62779235839844,147.14495849609375,338.52503967285156
452,4,601.0635375976562,138.74063110351562,148.11749267578125,337.8621520996094
453,4,608.06103515625,140.93821716308594,153.41949462890625,335.6195831298828
454,4,614.7166748046875,143.26223754882812,159.17144775390625,333.5465087890625
455,4,620.9635009765625,147.02130126953125,164.6705322265625,329.4669189453125
456,4,629.3543090820312,149.46095275878906,168.98260498046875,327.6165008544922
457,4,638.56982421875,150.51686096191406,173.46588134765625,325.79722595214844
458,4,651.9255981445312,151.55564880371094,172.24688720703125,324.7399139404297
459,4,669.0789794921875,150.64112854003906,166.5380859375,325.5548553466797
460,4,689.6344604492188,148.7955780029297,156.67376708984375,327.1886444091797
461,4,706.6875610351562,148.37725830078125,148.01092529296875,328.0626525878906
462,4,723.6796264648438,145.8534393310547,131.43798828125,330.5872039794922
463,4,737.837646484375,145.07958984375,117.7384033203125,331.7107849121094
464,4,752.9698486328125,143.34197998046875,102.60284423828125,333.6610107421875
465,4,763.2473754882812,144.5238037109375,92.51531982421875,332.1353759765625
466,4,773.773681640625,145.15423583984375,81.99700927734375,330.46002197265625
467,4,781.9075317382812,154.9293670654297,73.79461669921875,320.2046356201172
468,4,790.4428100585938,224.00506591796875,65.09423828125,253.09991455078125
469,4,797.3668823242188,225.68685913085938,58.177001953125,250.484619140625
470,4,803.3516845703125,227.54342651367188,52.268310546875,248.12210083007812
471,4,813.5360107421875,234.33966064453125,41.980224609375,241.93731689453125
472,4,826.0289916992188,285.42364501953125,29.70831298828125,192.69430541992188
525,5,0.18899668753147125,232.831787109375,39.23839055001736,155.07394409179688
526,6,0.30426210165023804,325.17578125,43.397195875644684,63.67291259765625
526,5,0.10718103498220444,231.57925415039062,44.545364893972874,158.50894165039062
527,5,0.030013443902134895,228.1277313232422,47.864464400336146,162.7990264892578
528,5,0.03233237564563751,225.9443359375,48.0501604527235,165.06109619140625
529,5,0.02398524433374405,222.00611877441406,47.692994736135006,168.7924346923828
530,5,0.07947376370429993,219.1841278076172,47.56751796603203,171.5471649169922
531,5,0.09196384251117706,216.87396240234375,47.21692745387554,173.716796875
532,5,0.15725871920585632,191.35484313964844,47.3170340359211,199.43943786621094
533,5,0.07655277848243713,173.34141540527344,52.82472667098045,251.72764587402344
534,5,0.0,139.03431701660156,56.084266662597656,293.40516662597656
534,6,21.95694351196289,245.47711181640625,54.37082290649414,131.10916137695312
535,5,0.0,126.20869445800781,94.42990112304688,298.97853088378906
536,5,0.22742359340190887,127.27269744873047,117.53182323276997,253.1233901977539
536,6,0.47295984625816345,269.9501647949219,89.4593063890934,161.91644287109375
537,5,0.15069223940372467,126.35552215576172,132.23773549497128,253.9581069946289
537,6,0.44838783144950867,281.23077392578125,97.66980674862862,151.90435791015625
538,5,0.0,126.17068481445312,143.0861053466797,253.8135986328125
538,6,0.37439635396003723,257.01055908203125,102.30053040385246,176.1201171875
539,5,0.7586092352867126,124.38459777832031,145.59971290826797,256.2069854736328
539,6,0.0,216.2317352294922,109.5245590209961,216.8781280517578
540,5,5.8245673179626465,124.12397003173828,145.7433648109436,255.51143646240234
540,6,0.10824228078126907,170.47145080566406,110.34543966501951,264.8863067626953
541,6,0.0,163.52090454101562,110.27281951904297,272.3687438964844
541,5,15.880353927612305,122.39295959472656,140.67317390441895,257.0738067626953
542,6,0.0,159.1488494873047,110.13150787353516,283.38624572753906
542,5,24.956878662109375,121.02013397216797,132.07501220703125,259.3132095336914
543,6,0.0,156.9529266357422,110.11420440673828,285.58409118652344
543,5,30.96645164489746,118.51797485351562,126.6636905670166,261.49853515625
544,6,0.0,152.05174255371094,109.95087432861328,292.86582946777344
544,5,38.77699661254883,117.92827606201172,118.31599044799805,260.8145523071289
545,6,0.520746648311615,152.93374633789062,109.48167949914932,293.8872985839844
545,5,47.740814208984375,115.7046890258789,108.71743774414062,263.8918991088867
546,6,1.142220139503479,151.69175720214844,110.12344300746918,285.10154724121094
546,5,55.162601470947266,111.86332702636719,101.86825180053711,271.76344299316406
547,6,6.556416034698486,151.33978271484375,118.57013273239136,299.9020080566406
547,5,62.84394454956055,110.6309814453125,96.46460342407227,280.0676574707031
548,5,72.71482849121094,109.94840240478516,101.54713439941406,282.2832565307617
548,6,14.600013732910156,153.2822723388672,130.5886001586914,296.95237731933594
549,5,80.39512634277344,110.41594696044922,112.21833801269531,282.3852310180664
549,6,23.613262176513672,153.06997680664062,150.5548439025879,293.14691162109375
550,6,33.82557678222656,155.69512939453125,163.0585174560547,284.5873107910156
550,5,90.4890365600586,111.28427124023438,125.00003814697266,278.3123779296875
551,5,98.88841247558594,111.77175903320312,135.56529235839844,273.4128112792969
551,6,42.11309814453125,154.7500762939453,164.1839599609375,284.21546936035156
552,6,51.1097297668457,159.4528350830078,159.13634872436523,284.4558563232422
552,5,107.10447692871094,114.78851318359375,140.944580078125,266.0489196777344
553,6,59.761783599853516,158.67648315429688,156.52424240112305,288.9869079589844
553,5,115.45291900634766,116.03086853027344,139.83336639404297,265.9811248779297
554,6,64.85957336425781,159.25143432617188,154.6308135986328,290.126220703125
554,5,125.92630004882812,116.20130920410156,135.577880859375,268.2569122314453
555,6,72.1701889038086,160.3850555419922,147.9410629272461,290.1967315673828
555,5,134.70901489257812,114.38045501708984,128.27078247070312,272.9223403930664
556,5,145.35751342773438,115.07238006591797,117.96234130859375,271.3004837036133
556,6,83.58995819091797,157.71095275878906,135.98836517333984,293.8546905517578
557,5,152.80599975585938,114.1731185913086,110.47994995117188,272.87085723876953
557,6,95.7791748046875,157.98452758789062,124.10958862304688,293.8948669433594
558,6,103.52031707763672,154.33868408203125,117.59748077392578,297.2451477050781
558,5,162.2005157470703,111.31541442871094,100.74085998535156,274.6515350341797
559,6,112.62362670898438,152.01129150390625,111.95893859863281,299.11279296875
559,5,170.11033630371094,108.48609924316406,91.70375061035156,277.4097137451172
560,6,121.74298095703125,151.4919891357422,110.748291015625,299.64817810058594
560,5,179.50975036621094,107.02875518798828,84.30970764160156,278.2722396850586
561,6,128.7471160888672,150.469482421875,116.44454956054688,302.22686767578125
561,5,188.2200927734375,104.76274108886719,85.4876708984375,279.4292755126953
562,6,141.65692138671875,150.0460662841797,129.47763061523438,302.17149353027344
562,5,197.09693908691406,104.4513168334961,90.29078674316406,273.55982208251953
563,6,148.0928192138672,152.5492401123047,151.78321838378906,298.59230041503906
563,5,207.6741180419922,105.23519897460938,107.03013610839844,260.5122985839844
564,6,159.1770782470703,152.76710510253906,164.7243194580078,297.59523010253906
564,5,215.49070739746094,105.63796997070312,122.86146545410156,261.3783264160156
565,5,229.55235290527344,108.28368377685547,128.58042907714844,259.29541778564453
565,6,167.5597381591797,155.72984313964844,169.74940490722656,295.1581268310547
566,6,171.4450225830078,157.6732177734375,173.2695770263672,291.7707824707031
566,5,237.83389282226562,110.40773010253906,131.54708862304688,258.27513122558594
567,6,174.9790802001953,157.07041931152344,172.1210479736328,292.9971466064453
567,5,252.8246612548828,108.29228973388672,119.46730041503906,262.80521392822266
568,6,179.8220672607422,157.6071319580078,170.04441833496094,292.61927795410156
568,5,261.286376953125,110.11514282226562,117.74151611328125,260.60223388671875
569,5,275.2874755859375,109.34410095214844,106.83889770507812,262.80091857910156
569,6,189.39920043945312,155.23483276367188,161.43341064453125,293.7807312011719
570,5,284.594482421875,106.85824584960938,98.99847412109375,264.4933776855469
570,6,204.12315368652344,152.40879821777344,147.4384307861328,295.9632110595703
571,6,220.3165283203125,152.6925048828125,132.0714111328125,294.93017578125
571,5,295.0210876464844,105.03975677490234,88.65621948242188,265.86731719970703
572,6,235.2581329345703,146.8548583984375,126.70512390136719,300.7262878417969
572,5,303.1849060058594,104.1151123046875,81.3675537109375,268.8905029296875
573,6,247.536376953125,150.21449279785156,120.65927124023438,298.05857849121094
573,5,313.1334228515625,102.04606628417969,71.1287841796875,269.43275451660156
574,5,320.7357177734375,98.95462799072266,61.96343994140625,271.69686126708984
574,6,254.73133850097656,146.5288543701172,121.18748474121094,302.74855041503906
575,6,263.9084167480469,151.41551208496094,125.26156616210938,299.3509063720703
575,5,326.5069580078125,96.58895874023438,66.41650390625,272.65704345703125
576,6,273.68035888671875,153.45419311523438,125.853515625,298.0892028808594
576,5,334.8468017578125,97.18533325195312,69.98223876953125,287.43060302734375
577,6,281.6096496582031,156.57850646972656,127.45010375976562,299.5010223388672
577,5,343.6071472167969,97.04046630859375,86.60861206054688,285.0079345703125
578,6,291.4699401855469,157.05477905273438,141.70864868164062,303.4100646972656
578,5,349.7042236328125,96.01883697509766,106.56832885742188,282.1895065307617
579,6,297.05682373046875,160.96200561523438,153.6927490234375,306.4745178222656
579,5,362.0152587890625,99.8572998046875,114.10171508789062,273.8733215332031
580,6,299.9471435546875,164.13681030273438,161.7637939453125,309.4129943847656
580,5,369.6441955566406,103.10758209228516,121.28173828125,270.4893112182617
581,6,301.4224853515625,164.1140899658203,163.42703247070312,313.60621643066406
581,5,381.4938659667969,106.52096557617188,114.19168090820312,267.3995666503906
582,6,305.7164611816406,166.2821502685547,160.70751953125,311.2379608154297
582,5,390.6019592285156,104.47701263427734,108.519287109375,274.07999420166016
583,6,312.0052185058594,166.5800018310547,159.46994018554688,310.7730255126953
583,5,401.4658203125,107.3178939819336,99.84213256835938,269.7763442993164
584,6,320.6678466796875,166.4704132080078,163.21200561523438,311.2526397705078
584,5,410.4071044921875,106.69229888916016,89.82009887695312,271.42394256591797
585,6,332.96722412109375,166.66635131835938,158.57550048828125,310.9018249511719
585,5,420.7308349609375,107.78213500976562,81.49478149414062,269.82977294921875
586,5,430.54376220703125,105.54882049560547,72.6048583984375,273.6112747192383
586,6,344.83270263671875,165.20306396484375,156.18609619140625,312.2359924316406
587,6,360.7840270996094,160.5191650390625,144.47256469726562,317.4677734375
587,5,431.2178955078125,102.74769592285156,79.58453369140625,277.32167053222656
588,5,442.26898193359375,98.45085906982422,74.05426025390625,281.3433303833008
588,6,381.0147399902344,164.15455627441406,139.46780395507812,314.1372833251953
589,6,393.8158874511719,155.84970092773438,136.01992797851562,322.8372497558594
589,5,456.3738708496094,98.42826843261719,69.77993774414062,283.74974060058594
590,6,404.566650390625,156.60543823242188,135.52728271484375,322.3358154296875
590,5,468.5188293457031,97.91634368896484,68.78512573242188,266.19593048095703
591,6,410.8812561035156,150.6533966064453,138.60757446289062,327.8402862548828
591,5,476.47796630859375,99.41927337646484,71.52197265625,266.90235137939453
592,6,412.1112060546875,152.89805603027344,148.57379150390625,326.38902282714844
592,5,490.57598876953125,104.02965545654297,81.73876953125,262.2323989868164
593,6,412.74505615234375,150.3443145751953,164.6551513671875,328.5846710205078
593,5,502.6724853515625,107.11263275146484,90.4771728515625,260.8526382446289
594,6,415.1836242675781,156.3557586669922,182.18716430664062,322.27354431152344
594,5,504.96282958984375,108.40899658203125,102.35711669921875,263.71368408203125
595,6,415.4572448730469,151.25369262695312,192.32962036132812,326.7618408203125
595,5,516.7937622070312,110.8497314453125,96.1983642578125,266.58343505859375
596,6,415.7895202636719,157.61228942871094,199.46243286132812,319.7198028564453
596,5,514.619140625,110.67415618896484,104.05767822265625,269.0615921020508
597,6,418.8030700683594,159.05111694335938,203.57089233398438,318.6075744628906
597,5,515.6453247070312,109.95155334472656,107.869384765625,271.6387176513672
597,7,552.693359375,109.060546875,39.79833984375,50.15399169921875
598,6,431.3516540527344,152.7053680419922,198.08126831054688,323.9145050048828
598,5,534.130126953125,109.26769256591797,93.6986083984375,273.4697036743164
599,6,446.6221008300781,153.12893676757812,198.16299438476562,323.22540283203125
599,5,535.2286376953125,108.75868225097656,106.36212158203125,272.14295959472656
600,6,464.77484130859375,147.44647216796875,184.48077392578125,328.85833740234375
600,5,557.236328125,106.21223449707031,89.187255859375,276.0244903564453
600,7,583.1152954101562,106.3831558227539,40.7650146484375,46.648109436035156
601,6,483.8793640136719,146.0702667236328,179.73715209960938,330.7951202392578
601,5,553.97412109375,104.32130432128906,93.228271484375,165.3729705810547
602,6,513.4588623046875,143.3175811767578,160.6644287109375,334.28639221191406
602,5,561.8592529296875,103.14524841308594,90.98529052734375,152.7399139404297
603,6,536.6822509765625,144.14154052734375,148.9197998046875,332.3511047363281
603,5,570.095947265625,103.4118423461914,95.92669677734375,170.45671844482422
603,7,611.0820922851562,102.50296783447266,40.77044677734375,47.47553253173828
604,6,554.5701904296875,143.96006774902344,139.987548828125,334.38221740722656
604,5,578.8344116210938,103.1870346069336,104.31744384765625,154.96292877197266
605,6,554.8057861328125,144.44723510742188,151.92840576171875,333.01904296875
605,5,587.22216796875,104.13565826416016,112.989501953125,168.18770599365234
606,6,554.8861083984375,148.18157958984375,161.5400390625,330.0360107421875
606,5,596.0396118164062,108.15367889404297,119.809814453125,143.4496841430664
607,6,556.2722778320312,150.77369689941406,171.4833984375,327.17481994628906
607,5,604.56640625,110.25968170166016,123.7935791015625,157.8310775756836
608,6,557.591796875,157.1432647705078,182.7366943359375,320.71400451660156
608,5,614.9139404296875,114.17180633544922,127.88336181640625,124.6639175415039
609,6,557.375732421875,157.46070861816406,197.68878173828125,319.2806854248047
609,5,625.5567016601562,117.45191192626953,126.3822021484375,128.79639434814453
610,6,562.4165649414062,161.3512725830078,206.54058837890625,314.6013641357422
610,5,637.3553466796875,120.13367462158203,116.29608154296875,134.17340850830078
611,6,566.1006469726562,157.9364776611328,211.47412109375,318.96876525878906
611,5,647.8782958984375,121.46280670166016,96.5115966796875,130.22200775146484
612,6,572.3671264648438,157.9694061279297,219.78887939453125,319.84596252441406
612,5,659.9749145507812,122.94182586669922,87.92413330078125,121.23963165283203
613,6,581.2298583984375,157.8258514404297,223.30682373046875,319.04469299316406
613,5,669.2606201171875,122.6253890991211,89.70037841796875,120.07401275634766
614,6,596.8421630859375,155.22540283203125,220.4365234375,322.7077331542969
614,5,679.3231201171875,121.54926300048828,90.24017333984375,119.6751937866211
615,6,616.185546875,149.35897827148438,211.06707763671875,327.0430603027344
615,5,687.1509399414062,119.68140411376953,92.031982421875,119.74359893798828
616,6,631.4208374023438,146.25340270996094,208.60369873046875,331.21824645996094
616,5,697.1083984375,117.96800231933594,92.2781982421875,119.91395568847656
617,6,655.5538940429688,142.59986877441406,190.84515380859375,335.6399383544922
617,5,706.7122802734375,118.2676773071289,94.01885986328125,119.4108657836914
618,6,675.066162109375,140.8130645751953,178.4931640625,337.16697692871094
618,5,715.0252075195312,119.25055694580078,96.0543212890625,118.97077178955078
619,6,700.5095825195312,137.4564666748047,155.49041748046875,342.5435333251953
619,5,723.8265991210938,121.3834228515625,94.564453125,118.45005798339844
620,6,703.90087890625,138.70994567871094,152.09912109375,340.7248992919922
620,5,732.6347045898438,124.02631378173828,95.15252685546875,119.95299530029297
621,6,705.6029663085938,141.78170776367188,150.36639404296875,338.2182922363281
621,5,697.2418212890625,125.93694305419922,138.72967529296875,269.2017593383789
621,8,697.9788208007812,343.91796875,47.4051513671875,63.59649658203125
622,6,706.2310180664062,148.31646728515625,149.322265625,331.68353271484375
622,5,741.5240478515625,130.5951690673828,105.11639404296875,125.12759399414062
623,6,705.717529296875,154.51248168945312,149.35687255859375,325.1178894042969
623,5,749.6631469726562,133.80789184570312,105.82513427734375,123.75863647460938
623,8,700.4508056640625,341.9497375488281,53.5576171875,65.44427490234375
624,6,704.8623657226562,159.23507690429688,151.13763427734375,320.4191589355469
624,5,767.6575317382812,133.6685333251953,87.61199951171875,126.31361389160156
624,8,705.5442504882812,344.47222900390625,59.4075927734375,62.986358642578125
