19,1,0.0,271.1560363769531,31.019901275634766,42.164886474609375
20,1,0.019754279404878616,266.7901611328125,38.3124791495502,47.261199951171875
21,1,0.15470507740974426,253.63436889648438,42.151996582746506,60.204620361328125
22,1,0.1325055956840515,242.3782196044922,43.56712132692337,73.24613952636719
23,1,0.448581725358963,231.9391632080078,28.174329727888107,123.81169128417969
24,1,0.15129683911800385,217.49197387695312,47.823663488030434,99.8817138671875
25,1,0.12937286496162415,201.68655395507812,48.407362669706345,117.5928955078125
26,1,0.0,187.60450744628906,47.89590072631836,130.16355895996094
27,1,0.0,163.96533203125,47.072696685791016,152.8057861328125
28,1,0.0398835688829422,157.81707763671875,47.39591507613659,158.66314697265625
29,1,0.13232190907001495,156.2872772216797,47.206674978137016,163.1584930419922
29,2,0.006078583654016256,233.1604766845703,20.720504897180945,125.13999938964844
30,1,0.15154173970222473,133.4417724609375,53.048863381147385,188.1832275390625
30,2,0.0,212.25152587890625,23.202972412109375,144.93280029296875
31,1,0.08214729279279709,131.03062438964844,63.24004966765642,196.69190979003906
32,1,0.002002597087994218,131.6406707763672,71.14249813533388,193.54054260253906
32,2,0.15982764959335327,209.76524353027344,41.284859240055084,148.18666076660156
33,1,0.18746858835220337,132.6857452392578,82.63189023733139,192.68907165527344
34,1,0.1745295226573944,132.74932861328125,92.3262486755848,192.34857177734375
35,1,0.0,132.372802734375,98.16437530517578,195.40542602539062
36,1,0.31032344698905945,131.72129821777344,100.51648166775703,198.79222106933594
36,2,0.0,187.0917205810547,87.49527740478516,170.92604064941406
37,2,0.0,151.4663543701172,90.38391876220703,207.97325134277344
38,2,0.0,147.7087860107422,92.3780288696289,212.81324768066406
39,1,16.232439041137695,129.17723083496094,91.37429618835449,198.5010528564453
39,2,0.09887982159852982,145.1663360595703,92.43564318865538,213.8739776611328
40,2,0.0,144.91891479492188,92.06864166259766,214.56787109375
40,1,22.64817237854004,128.64923095703125,84.8349666595459,198.02658081054688
41,2,0.0,145.9710693359375,91.44757080078125,215.5765380859375
41,1,27.80532455444336,128.52464294433594,79.7376823425293,197.49342346191406
42,2,0.0,144.0789031982422,91.48661041259766,217.5360565185547
42,1,32.996917724609375,129.40098571777344,73.83702850341797,197.4289093017578
43,2,0.0,142.37493896484375,91.06661224365234,219.97555541992188
43,1,38.04249954223633,128.00270080566406,71.40279006958008,199.2800750732422
44,2,0.45119914412498474,142.3972930908203,90.62668934464455,222.4037628173828
44,1,44.301597595214844,128.220458984375,70.3281021118164,199.00643920898438
45,2,2.1913869380950928,142.25595092773438,89.57692360877991,227.67535400390625
45,1,47.62890625,127.60316467285156,80.460205078125,197.83595275878906
46,2,9.189757347106934,143.6476593017578,97.79090213775635,230.6538848876953
46,1,53.520938873291016,128.7522735595703,92.80002975463867,196.14183044433594
47,2,14.465653419494629,144.866943359375,108.59065914154053,233.50030517578125
47,1,57.24515151977539,128.57965087890625,104.90206527709961,195.59637451171875
48,2,18.73560333251953,145.8438262939453,117.21251678466797,231.6094207763672
48,1,62.61123275756836,128.85914611816406,109.72883987426758,194.38014221191406
49,2,24.099746704101562,148.89646911621094,121.00294494628906,229.3852081298828
49,1,67.1920394897461,130.55751037597656,111.94637298583984,191.18983459472656
49,3,0.0,392.9794006347656,32.222450256347656,84.98275756835938
50,2,30.224449157714844,150.16209411621094,120.5147476196289,229.20936584472656
50,1,73.80933380126953,131.04104614257812,108.0335922241211,192.82247924804688
50,3,0.1070203110575676,375.1501770019531,49.294571943581104,103.16342163085938
51,2,34.082298278808594,150.77743530273438,122.4810562133789,228.87210083007812
51,1,78.24144744873047,129.64088439941406,106.59679412841797,194.9487762451172
51,3,0.012875295244157314,343.5923767089844,64.88559272233397,135.05410766601562
52,2,37.8721809387207,150.57810974121094,119.43343734741211,229.7553253173828
52,1,85.86627960205078,127.48394012451172,99.79895782470703,196.0361099243164
52,3,0.05717988312244415,335.36712646484375,86.98263792693615,142.55624389648438
53,2,43.90531539916992,150.75950622558594,113.38576126098633,229.6472625732422
53,1,88.89381408691406,126.48213195800781,97.20582580566406,198.3472137451172
53,3,0.0,288.7427978515625,104.15399169921875,187.667724609375
54,2,50.73072052001953,148.98825073242188,107.62244415283203,230.67892456054688
54,1,95.98358917236328,125.43057250976562,90.3706283569336,198.94171142578125
54,3,0.05805235356092453,264.6723327636719,126.46949739009142,211.10458374023438
55,2,55.27101516723633,149.11996459960938,102.22224044799805,232.25247192382812
55,1,99.18035888671875,126.15089416503906,86.9266357421875,198.78721618652344
55,3,0.03481712564826012,263.40240478515625,143.89291724935174,212.16058349609375
56,2,58.9859619140625,147.70382690429688,99.62686157226562,233.94247436523438
56,1,106.81695556640625,125.31216430664062,79.33335876464844,199.0947265625
56,3,0.06023097410798073,265.3685302734375,160.73275303468108,209.85079956054688
57,1,111.57906341552734,124.9461441040039,75.3749008178711,201.00157928466797
57,2,63.33579635620117,147.12799072265625,95.64154434204102,233.1387939453125
57,3,1.2558248043060303,263.8702392578125,181.51372170448303,211.76263427734375
58,1,116.5872802734375,123.5902328491211,74.68736267089844,204.13516998291016
58,2,68.12029266357422,145.46533203125,100.69718170166016,182.27499389648438
58,3,6.805176734924316,261.6217346191406,196.66078090667725,214.14431762695312
58,4,0.0924982950091362,345.96112060546875,26.132364757359028,104.88754272460938
59,1,119.93465423583984,123.37609100341797,85.89049530029297,207.25125885009766
59,2,73.03118896484375,144.6218719482422,93.34133911132812,153.9678497314453
59,3,32.52289962768555,256.9999694824219,191.17273330688477,218.5615234375
59,4,0.12326813489198685,309.3961486816406,49.510089866817,164.1331787109375
60,1,126.51500701904297,122.67477416992188,91.91185760498047,208.8631591796875
60,2,78.84464263916016,145.3612823486328,77.67833709716797,139.1836395263672
60,3,41.2508659362793,249.67037963867188,206.34248733520508,225.67056274414062
60,4,0.19556571543216705,279.85675048828125,73.43420265614986,195.75698852539062
61,1,131.61386108398438,123.45439910888672,96.09953308105469,129.13347625732422
61,2,86.34027099609375,146.10552978515625,76.06388854980469,146.93826293945312
61,3,61.672813415527344,242.66197204589844,210.67853546142578,233.67942810058594
61,4,0.26951128244400024,256.2210998535156,96.15623182058334,219.97021484375
62,2,95.25005340576172,147.924560546875,72.31360626220703,231.52349853515625
62,1,135.42715454101562,124.78998565673828,101.96763610839844,118.40839385986328
62,4,0.0,200.4266815185547,117.66988372802734,277.06614685058594
62,3,80.19156646728516,239.18699645996094,214.82634735107422,236.13023376464844
63,2,100.0409927368164,148.64695739746094,74.3356704711914,231.12586975097656
63,1,142.87306213378906,124.99195098876953,101.15184020996094,125.74578094482422
63,4,0.038541700690984726,173.0448760986328,137.25651750341058,302.79542541503906
63,3,103.16893005371094,236.13011169433594,207.1356964111328,240.0529327392578
64,2,107.09521484375,149.20457458496094,81.88279724121094,225.08607482910156
64,1,148.65452575683594,125.17643737792969,99.76664733886719,146.72764587402344
64,4,0.01984739489853382,169.73350524902344,156.25896119885147,307.3383331298828
64,3,120.0962142944336,235.81704711914062,213.32917022705078,240.42550659179688
65,2,115.83590698242188,149.9516143798828,100.27503967285156,214.0312042236328
65,1,153.63162231445312,125.84645080566406,99.28297424316406,163.8049774169922
65,4,0.26040393114089966,173.09817504882812,174.67581433057785,303.7205810546875
65,3,141.38265991210938,237.33343505859375,211.97576904296875,238.70892333984375
66,2,121.42153930664062,151.10662841796875,110.1053466796875,228.25576782226562
66,1,160.74652099609375,125.26612091064453,94.35110473632812,206.23876190185547
66,4,0.032500747591257095,175.27288818359375,192.2734227143228,302.0247497558594
66,3,170.0487518310547,240.74307250976562,211.17955017089844,235.27774047851562
67,2,128.0850830078125,149.78341674804688,118.06936645507812,231.5330810546875
67,1,166.83740234375,124.43269348144531,90.49298095703125,208.9824676513672
67,4,0.6567906141281128,177.0612030029297,211.04729568958282,297.67176818847656
67,3,193.21189880371094,247.459716796875,208.05860900878906,228.05453491210938
68,2,137.3053436279297,147.52511596679688,108.56954956054688,231.27761840820312
68,1,172.2928466796875,123.12812042236328,85.43756103515625,210.4420394897461
68,4,11.446150779724121,177.9995574951172,217.2922067642212,298.02610778808594
68,3,219.87135314941406,252.80657958984375,205.06312561035156,223.30734252929688
69,2,141.9197540283203,147.6793670654297,103.21015930175781,232.9785614013672
69,1,178.95188903808594,122.91928100585938,78.75437927246094,210.04376220703125
69,4,29.291549682617188,179.736572265625,215.08140563964844,296.5685119628906
69,3,286.52056884765625,255.31044006347656,158.91207885742188,219.6917266845703
70,2,148.29759216308594,145.06954956054688,97.44596862792969,237.12432861328125
70,1,186.92324829101562,122.65230560302734,70.16748046875,209.69983673095703
70,4,47.95301818847656,176.4834442138672,208.59022521972656,297.7124481201172
70,3,313.8448791503906,256.9237976074219,153.72198486328125,219.02737426757812
71,1,191.99273681640625,122.12724304199219,66.71109008789062,211.6142120361328
71,2,156.9522705078125,144.6041717529297,83.0655517578125,218.32554626464844
71,4,65.70823669433594,172.62786865234375,195.3690643310547,303.2796325683594
71,3,350.0511474609375,256.8609619140625,139.10186767578125,219.77117919921875
72,2,165.93011474609375,143.52346801757812,90.20687866210938,198.63616943359375
72,1,196.1794891357422,121.08633422851562,70.33699035644531,173.20071411132812
72,4,79.77568054199219,169.177490234375,184.7377471923828,305.01837158203125
72,3,374.4104309082031,254.90968322753906,136.22213745117188,221.6988983154297
73,1,202.10525512695312,120.9126968383789,74.01870727539062,203.18248748779297
73,2,176.07215881347656,142.47213745117188,78.53266906738281,205.690673828125
73,4,90.98847961425781,165.95126342773438,171.1123809814453,306.06317138671875
73,3,397.13275146484375,249.3133087158203,142.65264892578125,227.6001739501953
74,1,208.49693298339844,120.76053619384766,85.18824768066406,204.50353240966797
74,2,186.5482177734375,143.44061279296875,85.62493896484375,250.9635009765625
74,4,98.89059448242188,159.64588928222656,174.64645385742188,316.52391052246094
74,3,411.9822082519531,241.90049743652344,150.74923706054688,234.97755432128906
75,1,214.22557067871094,121.38240814208984,96.27363586425781,202.37769317626953
75,4,119.11019134521484,151.3964080810547,175.41632843017578,322.55113220214844
75,3,403.7860107421875,236.057861328125,183.30975341796875,240.61614990234375
76,1,220.50953674316406,122.4424057006836,105.28974914550781,200.61426544189453
76,4,144.49244689941406,149.26193237304688,170.0874481201172,326.1331481933594
76,3,445.1763916015625,230.94921875,166.3382568359375,245.94500732421875
77,4,164.70811462402344,154.786376953125,165.12525939941406,319.3718566894531
77,1,186.83908081054688,124.79429626464844,147.47445678710938,198.4403839111328
77,3,426.0546875,230.21449279785156,208.58203125,246.5096893310547
78,4,190.7286834716797,158.6908721923828,148.6439971923828,315.8114471435547
78,5,227.18121337890625,122.8312759399414,46.6668701171875,85.59717559814453
78,3,456.095947265625,230.1632080078125,202.29473876953125,246.1954345703125
78,2,196.54981994628906,123.19168853759766,75.83226013183594,171.44100189208984
78,1,202.70452880859375,129.29029846191406,134.69076538085938,193.7726593017578
79,4,214.2117919921875,161.37306213378906,137.6978759765625,314.31727600097656
79,2,203.46649169921875,151.20474243164062,52.07115173339844,156.40365600585938
79,3,465.94482421875,231.32020568847656,216.28955078125,245.22474670410156
79,5,239.05284118652344,122.39997100830078,41.80732727050781,107.8365249633789
80,2,208.9628143310547,151.88009643554688,73.48377990722656,173.94195556640625
80,4,225.06765747070312,161.6392364501953,143.66067504882812,313.4210968017578
80,5,246.49732971191406,121.71268463134766,42.21443176269531,110.73078155517578
80,3,485.8376159667969,234.3977508544922,218.92575073242188,241.91102600097656
81,2,213.16360473632812,150.89707946777344,88.91629028320312,209.8471221923828
81,4,243.2168426513672,163.18930053710938,141.5677032470703,310.1636047363281
81,5,254.59188842773438,119.83805847167969,48.603118896484375,141.73353576660156
81,3,509.6703186035156,236.06103515625,216.91445922851562,240.3714599609375
82,2,220.87315368652344,151.69390869140625,92.84700012207031,225.25637817382812
82,5,258.7220764160156,119.63729858398438,59.677642822265625,159.50970458984375
82,4,290.9225769042969,162.19940185546875,117.9609375,311.1209411621094
82,3,536.8111572265625,235.6490020751953,211.97308349609375,240.8628387451172
83,2,232.52366638183594,150.38580322265625,86.78153991699219,229.066650390625
83,5,264.51873779296875,119.17760467529297,60.51019287109375,205.7403335571289
83,4,315.8273620605469,159.73074340820312,114.95513916015625,313.2628173828125
83,3,567.9190063476562,231.05783081054688,202.48724365234375,245.35501098632812
84,2,242.63214111328125,148.45606994628906,83.8372802734375,231.46986389160156
84,5,271.5398864746094,118.98226165771484,61.399322509765625,200.76880645751953
84,4,335.54681396484375,155.97274780273438,111.89602661132812,318.000732421875
84,3,591.7418212890625,227.92576599121094,199.0870361328125,248.9326629638672
85,2,250.3721160888672,148.23709106445312,87.75483703613281,242.55645751953125
85,5,278.0723876953125,119.10800170898438,59.88128662109375,163.41390991210938
85,4,351.3735046386719,150.67620849609375,111.3985595703125,323.91827392578125
85,3,615.5280151367188,222.08767700195312,197.4840087890625,254.23046875
86,2,257.2888488769531,148.5054473876953,88.22384643554688,246.13523864746094
86,5,282.7695617675781,118.5560073852539,65.18084716796875,164.0802230834961
86,4,365.65985107421875,145.89932250976562,115.13873291015625,327.52215576171875
86,3,633.3529663085938,216.82359313964844,200.89892578125,259.32252502441406
87,2,264.7718505859375,147.67420959472656,88.50057983398438,248.45765686035156
87,5,288.45068359375,119.2608642578125,69.23443603515625,162.81668090820312
87,4,378.4296569824219,141.14859008789062,120.06643676757812,333.6116943359375
87,3,654.548828125,212.7270050048828,197.46966552734375,263.86082458496094
88,2,273.185302734375,146.68524169921875,88.272705078125,248.55941772460938
88,5,295.16845703125,116.36654663085938,81.07369995117188,211.74090576171875
88,4,398.5727844238281,139.00323486328125,125.86233520507812,336.22467041015625
88,3,665.409423828125,210.08326721191406,189.682373046875,265.89256286621094
89,2,280.7352600097656,148.23260498046875,91.640869140625,248.177734375
89,5,300.3110046386719,117.84422302246094,89.06466674804688,213.3787384033203
89,4,419.10540771484375,137.3670196533203,141.34454345703125,336.51792907714844
89,3,682.5519409179688,211.06080627441406,172.257568359375,264.6458282470703
90,2,288.6953125,148.79295349121094,102.99945068359375,247.3051300048828
90,5,306.3198547363281,117.89640045166016,96.78213500976562,212.2383041381836
90,4,435.5568542480469,139.30581665039062,157.79653930664062,335.9054260253906
90,3,767.1873168945312,218.093994140625,88.2340087890625,255.5433349609375
91,2,290.8897399902344,150.37518310546875,126.83221435546875,245.61514282226562
91,5,315.4088134765625,119.75743103027344,98.31240844726562,204.07154846191406
91,4,451.0298156738281,141.89125061035156,170.73471069335938,332.94544982910156
91,3,794.7197875976562,227.82308959960938,60.98150634765625,248.81430053710938
92,2,289.8869323730469,151.4976043701172,135.54296875,244.61985778808594
92,5,319.947021484375,122.10108184814453,99.59918212890625,207.70500946044922
92,4,467.13116455078125,146.09559631347656,179.5733642578125,329.6106719970703
92,3,727.8832397460938,308.4765930175781,128.11676025390625,169.31246948242188
93,2,289.7823181152344,152.2304229736328,138.03167724609375,243.26658630371094
93,5,325.33251953125,119.04141998291016,97.55856323242188,210.2013168334961
93,4,486.48504638671875,150.31578063964844,184.1068115234375,323.60792541503906
93,3,746.81689453125,315.030029296875,109.18310546875,163.71701049804688
94,2,292.5552978515625,150.60296630859375,136.36981201171875,245.37091064453125
94,5,332.2967224121094,117.67369842529297,94.34756469726562,214.1467056274414
94,4,506.8304138183594,153.19189453125,185.57388305664062,319.8211669921875
94,3,766.1943969726562,326.8893737792969,89.15960693359375,151.533203125
95,2,298.1928405761719,150.9121856689453,131.09048461914062,243.9921417236328
95,4,529.4898071289062,156.67333984375,174.08258056640625,316.8416442871094
95,5,319.51141357421875,117.81124877929688,107.78720092773438,210.60910034179688
95,3,788.3792724609375,372.2406311035156,67.23480224609375,106.370849609375
96,2,310.083984375,149.60464477539062,120.52423095703125,244.60317993164062
96,4,548.885009765625,157.96005249023438,161.38140869140625,315.83245849609375
96,5,338.9806213378906,114.84659576416016,89.15966796875,219.83129119873047
96,3,807.3236083984375,381.3291320800781,48.33123779296875,97.41390991210938
97,2,325.1220397949219,148.39288330078125,104.4776611328125,244.054931640625
97,4,570.2818603515625,159.01422119140625,147.74688720703125,315.2192687988281
97,5,345.322998046875,116.6350326538086,84.251708984375,208.3976821899414
97,3,825.1190795898438,387.8918151855469,30.5740966796875,90.26901245117188
98,2,341.1521911621094,145.86302185058594,90.49310302734375,245.4553985595703
98,4,587.07421875,158.95181274414062,133.15875244140625,315.4070739746094
98,5,357.3614807128906,117.19495391845703,74.2086181640625,108.95316314697266
98,6,359.46234130859375,117.53239440917969,39.91510009765625,47.32878112792969
99,2,356.2699279785156,145.14353942871094,85.88949584960938,247.65342712402344
99,4,604.2006225585938,156.95652770996094,135.80126953125,318.4807586669922
99,5,352.47650146484375,116.35604858398438,54.29962158203125,120.93000793457031
100,2,362.32318115234375,145.1353759765625,82.494873046875,249.88116455078125
100,4,622.2301635742188,150.56764221191406,137.43121337890625,325.0995330810547
100,5,357.7332763671875,114.46257019042969,56.622039794921875,122.40443420410156
101,2,370.86553955078125,144.8564453125,82.4931640625,251.58334350585938
101,4,640.7722778320312,146.17315673828125,137.15972900390625,332.8356628417969
101,5,362.35089111328125,115.44081115722656,59.085113525390625,124.08476257324219
102,2,379.1719970703125,145.56051635742188,88.467529296875,251.62942504882812
102,4,660.7747802734375,141.86614990234375,140.45526123046875,338.13385009765625
102,5,370.9150085449219,117.04570770263672,56.615509033203125,124.0240249633789
102,6,390.82037353515625,117.57188415527344,36.3516845703125,35.469268798828125
103,2,385.0887145996094,146.5786895751953,106.19281005859375,250.63368225097656
103,4,676.2549438476562,139.8858184814453,144.6470947265625,340.1141815185547
103,5,377.3454895019531,117.73543548583984,58.37176513671875,128.47270965576172
104,2,385.6399230957031,147.0576171875,126.47390747070312,245.91128540039062
104,4,684.2064819335938,139.64761352539062,153.048095703125,340.3523864746094
104,5,379.6273193359375,119.1043472290039,63.50872802734375,208.2945785522461
105,2,386.0213928222656,148.333740234375,135.17959594726562,243.13595581054688
105,4,671.3191528320312,141.4540557861328,180.74188232421875,334.5726776123047
105,5,380.2726135253906,118.16352081298828,70.05908203125,212.78292083740234
106,2,386.72186279296875,148.4513397216797,138.14276123046875,243.4420623779297
106,4,677.2168579101562,144.6770782470703,178.502197265625,330.9818572998047
106,5,384.0799255371094,119.74647521972656,75.17019653320312,213.3983612060547
107,2,387.9347839355469,150.4980926513672,139.16537475585938,241.3671417236328
107,4,683.5761108398438,148.88214111328125,171.69879150390625,325.56915283203125
107,5,388.9699401855469,119.25858306884766,76.1807861328125,212.3244857788086
108,2,391.0979919433594,149.6036376953125,136.87741088867188,242.98538208007812
108,5,392.15496826171875,119.14024353027344,79.19119262695312,211.4589080810547
108,4,693.3087158203125,152.66748046875,161.98382568359375,321.6799011230469
108,7,393.7387390136719,276.579833984375,35.676422119140625,54.631103515625
109,2,399.8158874511719,149.22589111328125,128.55471801757812,243.22360229492188
109,4,706.8262939453125,154.85520935058594,148.21575927734375,321.25425720214844
109,5,399.85400390625,119.0606689453125,75.93038940429688,211.11688232421875
110,2,412.4317932128906,146.29795837402344,121.94473266601562,246.2273712158203
110,4,726.8624267578125,158.1979217529297,128.60260009765625,238.71315002441406
110,5,418.0995178222656,116.5491943359375,66.6031494140625,194.43682861328125
111,2,427.5862731933594,145.0675811767578,109.65072631835938,247.38536071777344
111,5,435.4268798828125,116.74585723876953,53.47021484375,195.83953094482422
111,4,748.2650756835938,230.91905212402344,106.92999267578125,177.0766143798828
112,2,442.2919921875,145.29434204101562,106.3055419921875,246.7354736328125
112,5,439.3509521484375,114.10889434814453,57.5418701171875,200.18563079833984
112,4,774.5975952148438,228.98138427734375,81.14654541015625,246.16278076171875
113,2,460.5580139160156,142.59017944335938,95.33676147460938,248.8701171875
113,5,457.0701599121094,114.89058685302734,46.248077392578125,208.2157974243164
113,4,804.7348022460938,228.08445739746094,50.88897705078125,246.98902893066406
114,2,477.3941345214844,143.55543518066406,85.18740844726562,249.00502014160156
114,5,463.11474609375,113.19586181640625,44.629852294921875,217.0380859375
114,4,815.7920532226562,235.0242156982422,39.7037353515625,242.4380645751953
115,2,482.6856384277344,142.1090545654297,85.00399780273438,249.9522247314453
115,5,462.8841247558594,130.620849609375,31.704010009765625,197.6046142578125
115,4,826.338623046875,275.2240295410156,29.31512451171875,201.093505859375
116,2,483.3343200683594,144.57656860351562,92.32162475585938,246.87832641601562
116,5,469.705322265625,117.21403503417969,51.2120361328125,205.2425079345703
116,4,832.7468872070312,339.7218017578125,22.8818359375,137.48699951171875
117,2,484.1544494628906,143.9317169189453,103.02810668945312,247.89649963378906
117,5,472.1734924316406,118.4160385131836,54.015472412109375,205.31729888916016
118,2,484.4317321777344,145.2667236328125,119.10879516601562,246.36056518554688
118,5,473.22674560546875,119.18909454345703,59.10540771484375,204.75533294677734
119,2,485.29302978515625,145.8000946044922,127.11419677734375,246.1518096923828
119,5,474.29632568359375,119.88179016113281,64.64923095703125,205.1230010986328
120,2,486.0547790527344,146.34597778320312,128.92001342773438,245.77670288085938
120,5,474.4058837890625,120.11634063720703,70.14398193359375,204.20967864990234
121,2,486.5700988769531,145.89735412597656,130.22683715820312,247.29908752441406
121,5,474.26141357421875,120.3491439819336,78.025634765625,203.87308502197266
122,2,491.6077880859375,145.9082794189453,128.2943115234375,245.88148498535156
122,5,476.6446228027344,120.0619125366211,82.96524047851562,206.02912139892578
123,2,501.5420837402344,145.32955932617188,120.99508666992188,245.64236450195312
123,5,484.01983642578125,119.35591125488281,82.93817138671875,205.46861267089844
124,2,515.5751953125,144.03968811035156,120.9840087890625,244.0935516357422
124,5,493.8365478515625,119.11083984375,79.43109130859375,204.70816040039062
125,2,530.5850219726562,142.25729370117188,114.194580078125,243.09854125976562
125,5,506.3536376953125,118.88158416748047,74.54180908203125,196.4485855102539
126,2,547.4993286132812,139.56121826171875,102.8446044921875,244.96792602539062
126,5,518.5003662109375,119.4586181640625,69.9896240234375,215.06396484375
127,2,563.0717163085938,137.41595458984375,94.8587646484375,251.43679809570312
127,5,534.0496826171875,118.57333374023438,59.97479248046875,217.1280517578125
128,2,574.6500244140625,139.40016174316406,85.7861328125,251.70921325683594
128,5,547.4041137695312,117.7044677734375,54.15576171875,217.51687622070312
129,2,575.3099365234375,139.3278350830078,95.0015869140625,251.9915313720703
129,5,555.6111450195312,119.85514831542969,52.285400390625,215.85374450683594
130,2,577.0477905273438,140.62538146972656,101.75311279296875,251.8538360595703
130,5,555.2659912109375,119.48582458496094,59.7139892578125,215.5229034423828
131,2,577.0712280273438,140.4000244140625,117.5159912109375,248.97576904296875
131,5,556.993408203125,121.38004302978516,66.21282958984375,215.40062713623047
132,2,575.1192626953125,142.5875244140625,130.669677734375,245.746826171875
132,5,557.5266723632812,121.31356811523438,71.08746337890625,215.05303955078125
133,5,556.098388671875,122.49861145019531,78.4437255859375,212.5234832763672
133,2,575.5977172851562,145.3103790283203,134.76055908203125,242.2669219970703
134,2,576.0845336914062,147.4502410888672,134.9010009765625,240.9403839111328
134,5,557.223876953125,123.65764617919922,85.14227294921875,213.49646759033203
135,5,559.130859375,123.6556167602539,89.0257568359375,213.83898162841797
135,2,577.1546630859375,145.57366943359375,136.86517333984375,242.17556762695312
136,5,563.6887817382812,123.30867004394531,90.575439453125,214.40440368652344
136,2,584.4423217773438,145.84326171875,141.11376953125,241.69607543945312
137,5,570.5457763671875,124.36793518066406,91.27642822265625,212.8800811767578
137,2,592.7456665039062,145.18316650390625,138.76654052734375,243.69369506835938
138,5,580.8718872070312,122.6646499633789,87.8741455078125,214.43114471435547
138,2,609.3992309570312,144.22756958007812,132.15789794921875,244.11526489257812
139,5,594.5423583984375,124.76643371582031,79.70245361328125,210.65724182128906
139,2,624.6043090820312,144.63543701171875,118.80865478515625,243.64315795898438
140,5,608.2626953125,124.85606384277344,73.347412109375,211.2710418701172
140,2,640.084228515625,142.80909729003906,111.7470703125,245.8075714111328
141,2,655.3632202148438,141.91824340820312,104.8603515625,245.73995971679688
141,5,620.5123291015625,123.2464599609375,67.6795654296875,212.99649047851562
142,5,634.4022827148438,123.80537414550781,59.1341552734375,215.83152770996094
142,2,668.7033081054688,142.66140747070312,95.10009765625,245.46963500976562
143,5,639.4942626953125,123.54695129394531,59.8028564453125,216.87135314941406
143,2,670.403564453125,142.70118713378906,102.58343505859375,245.39332580566406
144,5,640.727294921875,125.6533432006836,65.54998779296875,210.51859283447266
144,2,670.245849609375,143.78677368164062,106.770751953125,243.562744140625
145,2,669.6779174804688,144.2069549560547,112.45037841796875,243.56324768066406
145,5,641.5867919921875,125.59256744384766,71.27423095703125,210.10543060302734
146,2,670.8336181640625,146.33897399902344,117.9571533203125,240.28868103027344
146,5,642.1553955078125,126.24337768554688,76.404296875,208.47271728515625
147,2,671.5361328125,147.47222900390625,121.0831298828125,239.74139404296875
147,5,642.6879272460938,129.00100708007812,81.73248291015625,205.74703979492188
148,2,673.2667236328125,146.5988311767578,128.600341796875,240.41343688964844
148,5,641.9290771484375,129.3130340576172,91.132568359375,206.43263244628906
149,2,675.7383422851562,146.1131134033203,122.21099853515625,240.0824737548828
149,5,643.4946899414062,129.92648315429688,95.5687255859375,205.74887084960938
150,2,685.06640625,145.08863830566406,118.990966796875,240.5392303466797
150,5,647.4918212890625,128.46368408203125,98.1689453125,207.2864990234375
151,2,695.7506103515625,142.55270385742188,124.32086181640625,239.74700927734375
151,5,654.9058837890625,129.54904174804688,99.3458251953125,206.07778930664062
152,2,714.0828247070312,143.1934051513672,107.591552734375,232.58204650878906
152,5,667.2014770507812,128.72433471679688,93.3250732421875,208.89239501953125
153,2,724.87158203125,141.9808349609375,101.53521728515625,234.82888793945312
153,5,680.5416870117188,128.6001739501953,86.17877197265625,213.01539611816406
154,2,734.9706420898438,141.83685302734375,101.36920166015625,236.76193237304688
154,5,691.8131103515625,128.95233154296875,81.683837890625,214.51712036132812
155,2,747.6224975585938,141.07595825195312,94.3720703125,236.898681640625
155,5,706.194091796875,128.18753051757812,74.65771484375,216.41500854492188
156,2,747.7295532226562,142.34872436523438,98.711669921875,236.03530883789062
156,5,716.17578125,128.00784301757812,71.1654052734375,216.66925048828125
157,2,748.0949096679688,140.32049560546875,93.15411376953125,238.13259887695312
157,5,723.5733642578125,130.51895141601562,69.77154541015625,214.1639404296875
158,2,749.1513061523438,142.53070068359375,103.90460205078125,233.83401489257812
158,5,724.1563720703125,129.97512817382812,75.27618408203125,214.79873657226562
159,2,748.9193115234375,144.2614288330078,106.05078125,229.7268829345703
159,5,724.2482299804688,129.76942443847656,82.26177978515625,215.30030822753906
160,5,721.3377075195312,133.18504333496094,92.2811279296875,211.48793029785156
160,2,749.249755859375,145.40367126464844,106.25732421875,227.3739776611328
161,5,721.4149169921875,135.2924041748047,98.23004150390625,207.54432678222656
161,2,749.3497924804688,147.07615661621094,106.65020751953125,225.90623474121094
162,5,724.6820068359375,136.62359619140625,100.1116943359375,207.47891235351562
162,2,750.750732421875,147.50637817382812,104.96417236328125,225.465576171875
163,5,727.6475830078125,134.68356323242188,102.46026611328125,211.2042236328125
163,2,752.20263671875,148.4439239501953,103.79736328125,224.19981384277344
164,5,734.0879516601562,135.0176239013672,105.7872314453125,213.62571716308594
164,2,760.9029541015625,146.59149169921875,94.81585693359375,226.5076904296875
165,5,742.9005126953125,136.3556365966797,105.75128173828125,220.0092010498047
166,5,756.0753173828125,134.7296142578125,97.779052734375,228.8045654296875
167,5,769.3558959960938,134.00173950195312,85.61517333984375,216.7510986328125
167,2,809.8207397460938,146.97352600097656,45.67529296875,228.3166961669922
168,5,788.0150146484375,134.6668701171875,67.2857666015625,208.6953125
169,5,793.4371337890625,133.77313232421875,62.15020751953125,210.82742309570312
169,2,823.779296875,199.8586883544922,32.0838623046875,173.61045837402344
170,5,800.3878173828125,133.0767822265625,55.24456787109375,218.5400390625
170,2,824.3414306640625,244.06642150878906,31.43731689453125,128.9689178466797
171,5,799.8865356445312,134.5706024169922,55.75030517578125,206.86036682128906
171,2,825.2316284179688,281.7116394042969,30.54254150390625,90.15695190429688
171,4,824.6904296875,225.21646118164062,30.87384033203125,147.71243286132812
172,5,820.611083984375,150.4488983154297,35.31756591796875,219.6026153564453
172,4,827.0653686523438,258.240478515625,28.66058349609375,115.2470703125
173,5,822.6946411132812,164.51625061035156,33.25433349609375,207.9304962158203
173,4,827.6229248046875,312.3617858886719,28.1829833984375,59.063140869140625
174,5,801.95947265625,147.5039520263672,53.66900634765625,194.68589782714844
174,4,828.2314453125,316.989990234375,27.55865478515625,54.351959228515625
175,5,801.5093994140625,167.35365295410156,54.06951904296875,178.0328826904297
175,4,827.8057861328125,257.0116271972656,27.9849853515625,116.401611328125
176,5,802.8582763671875,190.18035888671875,52.64154052734375,154.29180908203125
176,4,830.040771484375,305.05157470703125,25.85888671875,66.61068725585938
177,5,806.1439819335938,203.076416015625,49.36175537109375,160.94378662109375
178,5,813.2662353515625,207.35833740234375,42.73095703125,137.57626342773438
179,5,818.7428588867188,230.973388671875,36.950927734375,108.49639892578125
307,8,0.09806092828512192,332.5450744628906,35.80894438177347,45.5885009765625
308,8,0.10940812528133392,320.78851318359375,45.869778886437416,56.932403564453125
309,8,0.1805526167154312,310.34442138671875,50.81454549729824,67.80670166015625
310,8,0.2729782164096832,304.6513671875,54.32862243056297,74.22201538085938
311,8,0.31623175740242004,294.2587585449219,57.17935463786125,84.95599365234375
312,8,0.10963772237300873,281.9212341308594,60.25016833841801,97.68756103515625
313,8,0.20529808104038239,232.72286987304688,60.40077720582485,149.32720947265625
314,8,0.17100903391838074,229.37452697753906,60.50540545582771,152.7209014892578
315,8,0.17438921332359314,200.889892578125,60.77483716607094,180.448974609375
316,8,0.0,196.72506713867188,60.7524299621582,183.2596435546875
317,8,0.06687653809785843,165.3814697265625,61.062506549060345,215.97897338867188
318,8,0.028176667168736458,154.12750244140625,60.86978399567306,229.75225830078125
319,8,0.14152365922927856,143.9561767578125,61.32082146406174,241.9791259765625
320,8,0.08943317830562592,143.32688903808594,61.948267474770546,249.6196746826172
320,9,0.052339211106300354,290.66644287109375,20.85974918305874,139.57192993164062
321,8,0.0,142.9326629638672,79.69451141357422,250.18226623535156
321,9,0.077186718583107,289.2235107421875,42.21223817765713,133.16082763671875
322,8,0.0,141.08534240722656,99.22620391845703,252.0491485595703
322,9,0.3198211193084717,285.76495361328125,62.38898777961731,143.79608154296875
323,8,0.0,141.18031311035156,114.04621124267578,248.74171447753906
323,9,0.1335591822862625,247.59115600585938,80.21788124740124,183.3919677734375
324,8,0.25767427682876587,142.64198303222656,124.31475919485092,241.1536102294922
324,9,0.06581273674964905,242.05335998535156,90.78564295172691,188.8372344970703
325,8,0.4070705771446228,143.3673095703125,131.18652683496475,240.906982421875
325,9,0.07776199281215668,223.27769470214844,98.19706405699253,207.96824645996094
326,8,5.269136428833008,143.0791473388672,131.43829154968262,245.8829803466797
326,9,0.0,224.85897827148438,102.03495788574219,206.3055419921875
327,8,12.634443283081055,144.4595947265625,128.76436042785645,248.23028564453125
327,9,0.23360741138458252,224.05068969726562,106.35944068431854,206.51123046875
328,8,18.818973541259766,142.82232666015625,123.67911911010742,249.47451782226562
328,9,0.0,186.7920684814453,108.11668395996094,242.1991729736328
329,8,25.572948455810547,142.52896118164062,117.24014663696289,249.27291870117188
329,9,0.0,183.052490234375,107.95968627929688,245.75811767578125
330,9,0.0,181.04434204101562,108.1233901977539,247.61325073242188
330,8,32.81165313720703,142.30186462402344,109.85836029052734,249.3711700439453
331,9,0.0,175.93661499023438,108.41959381103516,250.18603515625
331,8,37.35847473144531,141.9489288330078,104.71859741210938,250.3722381591797
332,9,0.19821883738040924,176.03175354003906,107.12619064748287,249.13587951660156
332,8,42.46932601928711,140.7319793701172,100.43210220336914,251.8837432861328
333,9,0.2760777771472931,175.452880859375,107.27366587519646,250.3775634765625
333,8,47.67441177368164,140.64947509765625,95.32531356811523,250.79495239257812
334,9,1.3741284608840942,172.8529510498047,105.86396968364716,257.61439514160156
334,8,54.65946578979492,140.25225830078125,89.86481094360352,252.30108642578125
335,9,5.723233222961426,173.48143005371094,102.4774580001831,259.3361053466797
335,8,59.716331481933594,138.2803192138672,92.6198959350586,253.72471618652344
336,9,13.531902313232422,174.55331420898438,98.05261611938477,261.28009033203125
336,8,64.7997817993164,139.62359619140625,106.5624771118164,252.11294555664062
337,9,18.68362808227539,175.31480407714844,115.80602645874023,263.1542510986328
337,8,71.2720947265625,139.3368377685547,120.68199157714844,251.61476135253906
338,9,26.30403709411621,175.13067626953125,131.05092811584473,262.71649169921875
338,8,77.9236068725586,139.5534210205078,131.7325668334961,250.9741973876953
339,9,31.982933044433594,174.8619384765625,141.9035415649414,257.8232727050781
339,8,83.89571380615234,139.08583068847656,138.27542877197266,246.21714782714844
340,9,38.5294303894043,177.27476501464844,144.90007400512695,254.2676239013672
340,8,91.33213806152344,140.17868041992188,139.2020263671875,243.72372436523438
341,9,45.13999557495117,179.24522399902344,142.6778907775879,252.9370574951172
341,8,98.8935546875,140.138427734375,135.7359161376953,245.15042114257812
342,9,52.221004486083984,179.6728057861328,142.98942947387695,253.81739807128906
342,8,106.40601348876953,138.4921417236328,131.88983917236328,246.80641174316406
343,9,59.27906036376953,179.10394287109375,139.17279815673828,255.144775390625
343,8,112.57801055908203,138.19912719726562,127.82701873779297,248.06655883789062
344,9,65.7374038696289,176.96279907226562,133.44927215576172,257.4883728027344
344,8,87.86116790771484,137.58241271972656,151.98401641845703,253.34898376464844
345,9,72.21558380126953,176.4996795654297,126.7086410522461,258.82838439941406
345,8,129.4886474609375,135.50645446777344,110.76988220214844,250.64219665527344
346,9,78.27035522460938,175.35205078125,121.11083984375,259.2353210449219
346,8,134.2578582763672,133.9762420654297,106.07745361328125,250.4674530029297
347,9,84.65306854248047,173.82003784179688,114.3300552368164,260.7307434082031
347,8,142.268310546875,131.3624267578125,98.80961608886719,254.76699829101562
348,9,90.75459289550781,172.9248504638672,110.14569091796875,261.6072540283203
348,8,147.4680633544922,131.40516662597656,92.96315002441406,254.57862854003906
349,9,96.07981872558594,171.9820556640625,102.72172546386719,262.7489013671875
349,8,153.5221710205078,130.92697143554688,87.15797424316406,257.93756103515625
350,9,100.76924133300781,172.63528442382812,99.76475524902344,262.5472717285156
350,8,158.30502319335938,131.10012817382812,85.59951782226562,257.89892578125
351,9,108.84833526611328,170.31854248046875,104.6401596069336,265.1178283691406
351,8,165.9688262939453,131.0037384033203,84.14434814453125,261.1564178466797
352,9,115.30970764160156,172.83155822753906,123.99043273925781,262.20921325683594
352,8,172.20945739746094,131.78549194335938,98.27037048339844,262.55352783203125
353,9,122.23727416992188,171.9055633544922,139.23989868164062,262.74620056152344
353,8,178.1284637451172,130.67747497558594,113.44557189941406,261.42311096191406
354,9,129.85302734375,173.26051330566406,146.93292236328125,261.6590118408203
354,8,185.08409118652344,131.70767211914062,124.28465270996094,259.2463684082031
355,9,137.5964813232422,174.73956298828125,149.60838317871094,260.10943603515625
355,8,192.2974395751953,133.14727783203125,127.44917297363281,252.65408325195312
356,9,144.51829528808594,173.55355834960938,147.7657928466797,260.70556640625
356,8,198.9187469482422,134.33358764648438,128.52586364746094,251.51535034179688
357,9,150.9707489013672,173.9107666015625,144.12562561035156,259.7219543457031
357,8,206.09568786621094,135.0780792236328,125.36247253417969,254.89686584472656
358,9,155.61497497558594,174.3449249267578,144.0387725830078,259.3526153564453
358,8,214.15892028808594,135.03363037109375,120.80610656738281,256.36114501953125
359,9,160.87428283691406,172.89393615722656,138.91041564941406,260.0033416748047
359,8,222.8777313232422,136.0491485595703,114.41581726074219,254.31703186035156
360,9,168.1868438720703,170.68467712402344,132.1276092529297,261.2321014404297
360,8,229.8252410888672,134.2008819580078,107.66917419433594,257.8710174560547
361,9,178.64376831054688,169.17213439941406,121.43087768554688,262.0174102783203
361,8,235.96173095703125,134.5271453857422,101.51504516601562,257.75148010253906
362,9,189.23057556152344,166.9405517578125,109.59074401855469,261.1103515625
362,8,243.31068420410156,133.7506103515625,93.91609191894531,257.80450439453125
363,9,199.50372314453125,164.1046600341797,99.22677612304688,264.3022003173828
363,8,250.10691833496094,132.35162353515625,87.01490783691406,260.07391357421875
364,9,206.61207580566406,165.40728759765625,93.58753967285156,262.8028564453125
364,8,254.81605529785156,131.39569091796875,82.66398620605469,259.8587646484375
365,9,215.1985321044922,163.54818725585938,85.99711608886719,268.01763916015625
365,8,260.302490234375,129.72927856445312,78.9910888671875,261.72076416015625
366,9,222.28402709960938,163.60084533691406,83.9853515625,271.3164825439453
366,8,266.941162109375,129.94546508789062,79.49163818359375,260.1367492675781
367,9,228.60641479492188,164.0500030517578,92.70547485351562,274.0242462158203
367,8,273.0220947265625,129.80857849121094,84.48635864257812,258.53785705566406
368,9,236.74514770507812,167.0440673828125,111.5052490234375,272.6677551269531
368,8,278.36981201171875,128.87692260742188,100.5401611328125,253.072265625
369,9,244.67372131347656,167.22898864746094,125.11094665527344,268.75730895996094
369,8,287.8735046386719,130.18370056152344,108.50369262695312,251.9413299560547
370,9,248.89083862304688,170.528076171875,135.67791748046875,261.4828186035156
370,8,294.3184814453125,130.25347900390625,118.25912475585938,252.53701782226562
371,8,300.09228515625,130.21234130859375,122.59194946289062,251.20773315429688
371,9,255.41461181640625,170.9117889404297,138.04556274414062,261.48377990722656
372,9,255.41732788085938,172.9051971435547,142.73202514648438,260.38047790527344
372,8,309.20770263671875,131.2513427734375,117.78662109375,252.07040405273438
373,9,257.6742858886719,173.0386199951172,143.103271484375,263.01210021972656
373,8,317.1339416503906,130.74436950683594,112.49322509765625,253.0615997314453
374,8,324.3243408203125,131.2424774169922,106.758056640625,252.7889862060547
374,9,261.05865478515625,171.8516387939453,141.96383666992188,264.9307098388672
375,9,268.6728210449219,170.65969848632812,133.98165893554688,267.9064636230469
375,8,332.9530029296875,130.98171997070312,98.47842407226562,252.51336669921875
376,9,280.76898193359375,168.86587524414062,122.4129638671875,267.8955383300781
376,8,339.7236022949219,129.3997802734375,92.91177368164062,255.10946655273438
377,9,293.5020751953125,168.0943145751953,108.53204345703125,269.71214294433594
377,8,348.28790283203125,128.44117736816406,84.44766235351562,255.8902130126953
378,9,305.7674255371094,167.19435119628906,97.5888671875,270.1182098388672
378,8,355.47174072265625,126.77488708496094,76.60568237304688,257.2062530517578
379,9,318.22796630859375,167.13218688964844,83.877197265625,270.15000915527344
379,8,364.1619873046875,125.99928283691406,70.42105102539062,257.2930145263672
380,9,325.3780822753906,166.0574951171875,84.5810546875,270.9587707519531
380,8,371.29498291015625,125.6812744140625,70.06756591796875,252.48611450195312
381,9,334.6045837402344,166.90457153320312,83.8187255859375,272.31707763671875
381,8,376.56884765625,124.1866683959961,71.61642456054688,262.83863067626953
382,9,342.7171325683594,167.730224609375,79.1082763671875,270.6039733886719
382,8,383.92437744140625,124.89794921875,71.77517700195312,266.9112854003906
383,9,346.3899230957031,168.4038848876953,100.46051025390625,270.05311584472656
383,8,388.9525146484375,125.36568450927734,72.31015014648438,266.0625991821289
384,9,353.20697021484375,167.379638671875,113.997802734375,270.4750671386719
384,8,397.18939208984375,125.947265625,79.21841430664062,265.6143493652344
385,9,355.0097961425781,167.6102294921875,128.87960815429688,270.9288330078125
385,8,405.0494689941406,127.17578887939453,93.66973876953125,265.95919036865234
386,9,355.0821228027344,168.59144592285156,140.09356689453125,270.5371551513672
386,8,411.5994873046875,127.58740997314453,101.8212890625,260.6567611694336
387,9,357.76434326171875,170.0406951904297,140.43136596679688,267.89833068847656
387,8,419.7889404296875,128.70703125,105.030029296875,262.3453674316406
388,9,358.2328796386719,168.72299194335938,145.68817138671875,269.4681396484375
388,8,428.32330322265625,129.38385009765625,100.12530517578125,260.7474060058594
389,9,362.6369934082031,167.37391662597656,144.20599365234375,270.2564239501953
389,8,437.63458251953125,130.6791229248047,93.70599365234375,261.43800354003906
390,9,365.6040954589844,165.62493896484375,140.03091430664062,273.1004333496094
390,8,445.1500549316406,129.5861358642578,88.08071899414062,264.37474060058594
391,9,375.3677062988281,165.9296417236328,131.7445068359375,269.7905731201172
391,8,453.71429443359375,129.23220825195312,80.16070556640625,264.21759033203125
392,9,389.8642578125,164.27239990234375,117.21502685546875,263.8427734375
392,8,461.3341369628906,129.25135803222656,71.65652465820312,264.76039123535156
393,9,403.1636962890625,163.60321044921875,104.5748291015625,260.19818115234375
393,8,467.1556091308594,127.9374771118164,64.70645141601562,266.56249237060547
394,9,417.9277038574219,159.63372802734375,95.38327026367188,263.0914001464844
394,8,474.12603759765625,127.05611419677734,59.84967041015625,266.9756546020508
395,9,432.57989501953125,159.55435180664062,93.74310302734375,264.4167175292969
395,8,482.16302490234375,124.80343627929688,53.2933349609375,261.2213134765625
396,9,444.8098449707031,160.43203735351562,90.78164672851562,265.04522705078125
396,8,487.5905456542969,127.2967529296875,52.975921630859375,211.91213989257812
397,9,454.17535400390625,159.33267211914062,88.64215087890625,267.9635314941406
397,8,493.39569091796875,127.80799865722656,54.2869873046875,217.98854064941406
398,9,456.8089294433594,161.30618286132812,94.44113159179688,268.82720947265625
398,8,499.7484130859375,126.30580139160156,54.61126708984375,213.9550323486328
399,9,460.0376281738281,162.85496520996094,102.33041381835938,267.3011016845703
399,8,506.16705322265625,125.03578186035156,55.800048828125,233.54820251464844
400,8,512.6326904296875,125.37287902832031,69.56890869140625,252.6328887939453
400,9,461.64617919921875,164.60430908203125,123.51434326171875,262.3446350097656
401,8,518.3832397460938,126.11998748779297,82.41192626953125,252.73502349853516
401,9,461.216552734375,166.7622528076172,140.33001708984375,255.4738006591797
402,8,524.3678588867188,128.08016967773438,88.723876953125,248.4798583984375
402,9,461.9981994628906,167.02468872070312,150.95486450195312,256.3249816894531
403,9,461.5903625488281,167.51165771484375,153.62802124023438,258.1994323730469
403,8,530.0040893554688,127.72917938232422,89.4169921875,251.6269302368164
404,9,465.42987060546875,168.38490295410156,150.282958984375,258.6977996826172
404,8,534.2384033203125,128.85382080078125,87.6514892578125,246.62680053710938
405,9,471.0930480957031,167.16697692871094,146.47000122070312,258.6468048095703
405,8,539.7433471679688,127.24333953857422,82.77978515625,251.69532012939453
406,9,480.6079406738281,167.02345275878906,139.13687133789062,258.91563415527344
406,8,534.3079833984375,125.66648864746094,89.43402099609375,250.86289978027344
407,9,490.8876647949219,166.0161895751953,133.46194458007812,261.23606872558594
407,8,551.9447631835938,127.16035461425781,76.6070556640625,238.5091094970703
408,9,504.0436096191406,163.49342346191406,127.40444946289062,263.43809509277344
408,8,546.733642578125,125.75139617919922,82.37548828125,134.11255645751953
409,9,517.4216918945312,162.9933624267578,120.4500732421875,264.03208923339844
409,8,553.288818359375,123.41381072998047,84.37890625,124.82299041748047
410,9,529.9576416015625,161.33465576171875,115.508056640625,266.0060119628906
410,8,561.3924560546875,123.36393737792969,84.515380859375,130.63369750976562
411,9,544.7826538085938,161.30111694335938,105.50677490234375,265.74151611328125
411,8,569.077392578125,122.81133270263672,81.94921875,116.7217788696289
412,9,560.65625,161.55624389648438,96.90283203125,266.4229431152344
412,8,576.5857543945312,123.04551696777344,82.17852783203125,135.74842834472656
413,9,569.2271118164062,162.12161254882812,95.31890869140625,265.814453125
413,8,569.223388671875,122.62101745605469,96.90924072265625,135.7387237548828
414,9,569.9654541015625,163.2169647216797,100.69915771484375,264.40208435058594
414,8,575.8200073242188,122.68779754638672,96.3858642578125,135.79267120361328
415,9,569.2605590820312,163.81893920898438,107.90936279296875,264.0046691894531
415,8,579.3599243164062,122.86549377441406,100.31744384765625,141.18882751464844
416,9,570.5518798828125,166.4664306640625,116.6396484375,261.7660827636719
416,8,588.8963012695312,127.7376708984375,101.88104248046875,253.12188720703125
417,9,569.5054931640625,165.52340698242188,133.80560302734375,262.4649353027344
417,8,608.3599853515625,127.57954406738281,90.067626953125,255.91200256347656
418,9,570.119140625,166.2272186279297,142.82659912109375,261.46937561035156
418,8,597.20654296875,126.63288879394531,100.88165283203125,136.3599395751953
419,9,574.274658203125,166.3780975341797,144.72021484375,260.6547393798828
419,8,605.1688232421875,128.62696838378906,102.3131103515625,136.27464294433594
420,9,579.052001953125,167.12152099609375,136.99871826171875,258.80267333984375
420,8,605.71044921875,128.08409118652344,123.16351318359375,250.6586456298828
421,9,585.5098876953125,164.34385681152344,138.55743408203125,263.16371154785156
421,8,623.5118408203125,130.10073852539062,96.2962646484375,129.25247192382812
422,9,596.0278930664062,164.26084899902344,136.5909423828125,261.70167541503906
422,8,632.3859252929688,129.26063537597656,97.30096435546875,132.1162567138672
423,9,607.7484741210938,163.36524963378906,130.83599853515625,262.4042510986328
423,8,644.740234375,129.23965454101562,94.83770751953125,127.07293701171875
424,9,619.9030151367188,160.96084594726562,125.57342529296875,255.71774291992188
424,8,650.1727905273438,129.2695770263672,97.9454345703125,126.17404174804688
425,9,633.9727172851562,159.76219177246094,118.199462890625,255.9850616455078
425,8,656.1836547851562,129.62799072265625,95.09051513671875,121.62904357910156
426,9,644.3645629882812,159.80642700195312,114.72119140625,256.4901428222656
426,8,663.660888671875,128.88104248046875,95.4903564453125,117.77053833007812
427,9,661.2501220703125,159.30477905273438,103.23809814453125,260.0953674316406
427,8,669.1201171875,127.34197235107422,96.05523681640625,124.32625579833984
428,9,667.748046875,159.58595275878906,101.25750732421875,259.6142120361328
428,8,676.4830932617188,127.69446563720703,95.14385986328125,124.23812103271484
429,9,669.3253784179688,162.7659454345703,109.23516845703125,261.2538299560547
429,8,681.95361328125,126.7117691040039,95.32513427734375,124.1152572631836
430,9,669.8504638671875,162.66641235351562,115.78765869140625,260.18109130859375
430,8,688.0110473632812,127.02445983886719,98.084228515625,130.72914123535156
431,9,670.3822631835938,164.86561584472656,126.940185546875,255.38783264160156
431,8,692.5451049804688,127.30970001220703,98.06640625,128.6955795288086
432,9,670.69873046875,167.56634521484375,136.0860595703125,250.31719970703125
432,8,697.8634643554688,128.73025512695312,99.17449951171875,129.58450317382812
433,9,670.689208984375,169.43858337402344,144.45904541015625,248.7306365966797
433,8,703.5482177734375,129.38722229003906,100.851806640625,134.3955535888672
434,9,672.6814575195312,170.62115478515625,146.76080322265625,250.75357055664062
434,8,711.3729858398438,130.37518310546875,99.50921630859375,137.07174682617188
435,9,675.5659790039062,170.114990234375,150.45538330078125,252.91799926757812
435,8,717.7286376953125,130.99478149414062,99.79791259765625,141.32577514648438
436,9,684.048095703125,168.95445251464844,148.2845458984375,254.0686798095703
436,8,724.029541015625,130.2511444091797,105.21710205078125,151.55250549316406
437,9,692.6512451171875,170.97915649414062,149.6207275390625,252.52755737304688
437,8,734.3886108398438,128.5605010986328,104.37451171875,148.33457946777344
438,9,700.8526611328125,169.14012145996094,145.7293701171875,254.8772430419922
438,8,742.7356567382812,128.2480010986328,88.6973876953125,146.2172088623047
439,9,716.1069946289062,168.39279174804688,138.57147216796875,255.33856201171875
439,8,750.2890625,128.28477478027344,86.63336181640625,142.48973083496094
440,9,733.5892333984375,169.25685119628906,118.23931884765625,254.07777404785156
440,8,764.0029296875,126.70237731933594,84.085205078125,130.3246307373047
441,9,747.618896484375,168.67185974121094,107.348388671875,255.0747528076172
441,8,758.95361328125,127.00790405273438,92.566650390625,147.38693237304688
442,9,762.0474853515625,169.18125915527344,93.26397705078125,254.10557556152344
442,8,765.0859985351562,127.06367492675781,89.7269287109375,147.9323272705078
443,9,774.0518188476562,168.44415283203125,81.20233154296875,254.68771362304688
443,8,769.9210205078125,126.35639190673828,85.02008056640625,150.62035369873047
444,8,774.8260498046875,128.8155975341797,81.12738037109375,197.32460021972656
444,9,774.7005004882812,173.25582885742188,80.7265625,250.35659790039062
445,9,775.39013671875,183.94461059570312,80.2186279296875,239.37408447265625
445,8,782.1461181640625,127.53845977783203,73.49786376953125,144.00743865966797
446,9,774.839111328125,181.45489501953125,80.9747314453125,241.85836791992188
447,9,774.9049682617188,169.21876525878906,80.7607421875,254.25547790527344
448,9,775.027587890625,143.5132293701172,80.9107666015625,276.45960998535156
449,9,775.3033447265625,155.6129913330078,80.60400390625,267.6044464111328
450,9,777.9674682617188,163.1540069580078,77.707275390625,258.35841369628906
451,9,780.0594482421875,173.9540557861328,75.677001953125,247.8708038330078
452,9,784.9251098632812,180.94189453125,70.66839599609375,187.21121215820312
453,9,794.3687133789062,199.9828338623047,61.1414794921875,168.1464080810547
454,9,806.8369750976562,207.08816528320312,48.670166015625,199.98306274414062
455,9,819.3291015625,235.08401489257812,36.35546875,125.74472045898438
456,9,831.3850708007812,235.94900512695312,24.4405517578125,144.7457275390625
894,10,0.0,336.76812744140625,39.64569091796875,51.529388427734375
895,10,0.03729677572846413,329.96282958984375,45.0122675858438,59.546234130859375
897,10,0.04676127806305885,296.4817199707031,52.469863172620535,94.7677001953125
898,10,0.0,275.16961669921875,53.43707275390625,115.79159545898438
899,10,0.0,266.23565673828125,53.158729553222656,125.95816040039062
900,10,0.0030791524332016706,256.2027282714844,53.02575232950039,136.005615234375
901,10,0.032059408724308014,237.76321411132812,53.12149741500616,154.36859130859375
902,10,0.07093019783496857,210.24200439453125,53.39417676627636,187.1959228515625
903,10,0.07942529022693634,204.65719604492188,53.631939455866814,195.27096557617188
904,10,0.11837516725063324,201.25970458984375,64.39531196653843,201.1234130859375
905,10,0.027059294283390045,180.4674072265625,83.56208255141973,222.69033813476562
906,10,0.2778788208961487,173.60569763183594,100.55512899160385,227.3547821044922
907,10,0.19020335376262665,170.07276916503906,113.31652577221394,229.50059509277344
908,10,0.6214275360107422,172.0402374267578,122.2475757598877,226.9680938720703
909,10,0.5389460325241089,172.51841735839844,127.57496082782745,228.2078399658203
910,10,2.073098659515381,172.89996337890625,131.360830783844,229.52728271484375
911,10,9.03404426574707,173.558349609375,126.66032218933105,230.29940795898438
912,10,16.196687698364258,172.4057159423828,119.87023735046387,232.0260467529297
913,10,22.138574600219727,171.56446838378906,114.72614097595215,233.42372131347656
914,10,29.723691940307617,169.4528045654297,107.21063423156738,236.6171417236328
915,10,35.59980392456055,167.75628662109375,101.50741958618164,237.292236328125
916,10,42.134578704833984,165.9921417236328,94.27589797973633,238.55735778808594
917,10,48.6410026550293,164.72073364257812,94.48262405395508,240.33633422851562
918,10,57.1888542175293,164.78639221191406,105.62198257446289,240.9198760986328
919,10,63.463680267333984,165.68138122558594,124.74945449829102,239.4583282470703
920,10,70.78905487060547,166.53297424316406,135.90924835205078,238.0190887451172
921,10,79.21878051757812,168.4054718017578,139.51324462890625,236.23170471191406
922,10,87.48455810546875,168.8231658935547,137.74049377441406,236.01084899902344
923,10,95.64201354980469,169.2664794921875,132.766845703125,235.10223388671875
924,10,101.49408721923828,168.14002990722656,130.02527618408203,237.37025451660156
925,10,107.32633972167969,166.1720428466797,124.90739440917969,238.9267120361328
926,10,116.13211822509766,164.87120056152344,115.71077728271484,238.7930145263672
927,10,125.29173278808594,163.67864990234375,107.00021362304688,238.08734130859375
928,10,131.1909942626953,161.3378143310547,101.62469482421875,243.1687469482422
929,10,138.43380737304688,158.81948852539062,92.87760925292969,249.74703979492188
930,10,145.0793914794922,160.87142944335938,88.0450439453125,250.66781616210938
931,10,152.9930877685547,160.16705322265625,94.38832092285156,254.45123291015625
932,10,161.48434448242188,161.03927612304688,107.49346923828125,254.08169555664062
933,10,167.92237854003906,161.3701629638672,122.43894958496094,253.34373474121094
934,10,174.7033233642578,162.28514099121094,131.27830505371094,252.47743225097656
935,10,183.93038940429688,165.0911407470703,131.61837768554688,248.3711395263672
936,10,190.7451934814453,166.16012573242188,129.8680877685547,247.59466552734375
937,10,195.14569091796875,167.04190063476562,128.79104614257812,248.44650268554688
938,10,199.76943969726562,166.22523498535156,127.2772216796875,250.7205047607422
939,10,205.15093994140625,165.72708129882812,122.66921997070312,251.3232421875
940,10,214.88336181640625,166.88821411132812,111.63824462890625,249.751220703125
941,10,228.9225616455078,165.2439422607422,97.86582946777344,251.0592498779297
942,10,239.35255432128906,163.37445068359375,87.53364562988281,253.58819580078125
943,10,247.21807861328125,163.0656280517578,80.78402709960938,253.9797821044922
944,10,255.5704803466797,162.47265625,84.41380310058594,253.9976806640625
945,10,264.2215270996094,162.66586303710938,87.69451904296875,253.57675170898438
946,10,274.222900390625,163.2096405029297,103.44943237304688,253.48204040527344
947,10,282.16864013671875,164.0419158935547,118.06430053710938,252.4149932861328
948,10,284.5190124511719,166.14498901367188,133.191650390625,251.19046020507812
949,10,284.144287109375,165.8580780029297,142.00039672851562,251.5132598876953
950,10,285.7893371582031,167.0912628173828,142.54336547851562,249.9388885498047
951,10,289.5289001464844,168.00668334960938,142.85504150390625,248.76724243164062
952,10,297.73260498046875,165.2312774658203,134.91165161132812,251.5491485595703
953,10,308.7458801269531,163.26136779785156,124.3875732421875,251.90367126464844
954,10,325.38629150390625,161.3453369140625,108.3155517578125,251.4908447265625
955,10,342.95831298828125,159.99301147460938,92.23013305664062,253.82272338867188
956,10,364.111572265625,158.93434143066406,74.46646118164062,257.14427185058594
957,10,374.8387145996094,157.76466369628906,74.0352783203125,260.45628356933594
958,10,382.5982971191406,158.03504943847656,76.4476318359375,262.83338928222656
959,10,391.0439453125,159.53636169433594,91.0174560546875,261.8444061279297
960,10,392.5036315917969,161.05516052246094,114.80010986328125,258.5337677001953
961,10,391.839111328125,163.43292236328125,133.49822998046875,254.192626953125
962,10,391.9889221191406,165.2112274169922,146.12777709960938,252.88893127441406
963,10,393.7845153808594,166.28115844726562,148.71817016601562,253.36920166015625
964,10,397.3213195800781,167.07606506347656,147.99105834960938,254.45359802246094
965,10,404.413330078125,166.6986846923828,141.74493408203125,255.69117736816406
966,10,416.1687927246094,166.96710205078125,129.80673217773438,255.50393676757812
967,10,435.12860107421875,165.13279724121094,114.180908203125,257.4963836669922
968,10,453.332763671875,163.57925415039062,105.3421630859375,258.8895568847656
969,10,472.29656982421875,162.68963623046875,96.99346923828125,259.84210205078125
970,10,494.1711730957031,161.5745391845703,83.83517456054688,261.17738342285156
971,10,504.50677490234375,161.4360809326172,83.08917236328125,261.40501403808594
972,10,504.5581970214844,162.04673767089844,100.08908081054688,260.8202362060547
973,10,504.4881896972656,162.5133056640625,113.28573608398438,259.71240234375
974,10,504.9342041015625,163.90164184570312,129.56640625,257.94146728515625
975,10,506.2527160644531,165.33302307128906,140.10586547851562,256.6529083251953
976,10,507.1063232421875,166.12437438964844,143.8126220703125,256.58778381347656
977,10,511.0599365234375,165.184326171875,141.916015625,257.84075927734375
978,10,519.6426391601562,163.64930725097656,137.9857177734375,259.3668670654297
979,10,534.6871948242188,161.70608520507812,131.1962890625,258.71429443359375
980,10,552.80712890625,159.955810546875,121.2603759765625,253.10089111328125
981,10,569.3576049804688,158.28932189941406,115.2999267578125,258.0108184814453
982,10,589.7105712890625,155.2332305908203,100.8795166015625,261.71421813964844
982,11,0.0452459380030632,374.1991271972656,31.287605471909046,104.1649169921875
983,10,611.1666870117188,155.14950561523438,88.2237548828125,262.4618835449219
983,11,0.1449931263923645,320.4227294921875,39.84335678815842,158.08218383789062
984,10,613.7500610351562,154.99264526367188,91.33990478515625,261.00146484375
984,11,0.0509246401488781,285.84832763671875,61.4598862119019,191.39849853515625
985,10,612.9619140625,155.4542694091797,101.32818603515625,258.44862365722656
985,11,0.018041230738162994,283.99578857421875,86.02607955783606,192.79861450195312
986,10,612.9857177734375,158.24465942382812,112.60601806640625,251.30581665039062
986,11,0.0,283.0623474121094,111.30586242675781,193.86712646484375
987,10,613.623779296875,160.11416625976562,124.397216796875,248.48773193359375
987,11,0.293195515871048,280.6992492675781,135.22781583666801,195.34695434570312
988,10,614.4027709960938,161.0052947998047,135.7977294921875,247.28150939941406
988,11,6.586768627166748,276.89031982421875,151.58225297927856,199.20782470703125
989,10,616.758056640625,162.27740478515625,135.83740234375,246.1837158203125
989,11,21.65508460998535,273.34136962890625,160.5072536468506,202.36660766601562
990,10,621.5609130859375,162.66754150390625,138.12591552734375,245.94314575195312
990,11,48.51783752441406,269.9864501953125,166.04574584960938,205.31253051757812
991,10,628.5872192382812,162.32266235351562,141.83319091796875,246.1478271484375
991,11,69.40986633300781,266.75213623046875,176.04931640625,208.35043334960938
992,10,642.1582641601562,161.25794982910156,132.91180419921875,245.7116241455078
992,11,93.81156158447266,266.7073669433594,185.58037567138672,208.69155883789062
993,10,657.06591796875,160.09283447265625,133.1051025390625,243.28890991210938
993,11,123.7409439086914,267.3764953613281,188.6920394897461,208.31759643554688
994,10,675.2765502929688,158.48007202148438,117.8443603515625,244.76266479492188
994,11,154.4628448486328,271.6059875488281,191.8305206298828,203.51937866210938
995,10,693.4866943359375,157.23680114746094,106.7701416015625,245.39256286621094
995,11,182.3367919921875,278.2587890625,194.11404418945312,197.25515747070312
996,10,710.5888671875,156.69140625,98.84979248046875,246.10110473632812
996,11,214.2287139892578,284.5328063964844,194.14430236816406,191.43280029296875
997,10,714.923095703125,156.27886962890625,94.37347412109375,246.893310546875
997,11,245.591796875,290.4787902832031,185.29434204101562,185.861572265625
998,10,715.0514526367188,156.9333038330078,108.283935546875,247.08055114746094
998,11,269.3053283691406,293.92559814453125,185.55374145507812,182.60052490234375
999,10,714.8602294921875,156.9647674560547,120.96002197265625,246.1938018798828
999,11,303.02276611328125,296.11572265625,171.19363403320312,180.89044189453125
1000,10,715.8811645507812,158.27285766601562,104.3450927734375,243.77383422851562
1000,11,308.4132995605469,296.31787109375,188.1502685546875,180.94015502929688
1001,10,717.529296875,158.36923217773438,122.72967529296875,243.2159423828125
1001,11,356.5072021484375,293.10882568359375,171.9853515625,183.46255493164062
1002,10,720.166748046875,158.30642700195312,133.156005859375,244.45407104492188
1002,11,380.2323303222656,287.9778747558594,180.84579467773438,188.12890625
1003,10,728.0232543945312,158.94798278808594,122.68902587890625,244.0489044189453
1003,11,383.3514099121094,282.9466552734375,208.73043823242188,192.54171752929688
1004,10,736.6832275390625,155.82862854003906,113.3485107421875,245.72010803222656
1004,11,443.562744140625,279.61773681640625,180.796630859375,195.95877075195312
1005,10,749.9513549804688,154.5047149658203,103.75140380859375,239.81703186035156
1005,11,441.2658386230469,280.19427490234375,216.43850708007812,195.15615844726562
1006,10,765.6275634765625,152.0953369140625,89.8111572265625,240.00143432617188
1006,11,480.92303466796875,283.2538146972656,207.19842529296875,191.9329833984375
1007,10,780.0127563476562,150.16049194335938,75.621337890625,236.71646118164062
1007,11,517.9122314453125,287.4393615722656,202.22015380859375,187.855224609375
1008,10,795.5875854492188,148.3560333251953,59.97802734375,239.18617248535156
1008,11,519.8172607421875,290.1158752441406,230.49652099609375,184.96377563476562
1009,10,797.1106567382812,148.36769104003906,58.54681396484375,239.4789581298828
1009,11,549.4191284179688,290.6730041503906,229.6334228515625,184.62039184570312
1010,10,802.5086059570312,150.29391479492188,53.12957763671875,232.18972778320312
1010,11,579.0347900390625,289.5677795410156,225.35284423828125,186.28353881835938
1011,10,822.2360229492188,157.05653381347656,33.392578125,227.93275451660156
1011,11,609.2769165039062,285.8917541503906,223.70025634765625,189.63644409179688
1012,11,634.9063720703125,282.315673828125,220.24395751953125,193.307373046875
1012,10,832.2692260742188,191.71913146972656,23.47369384765625,111.81269836425781
1013,11,656.9378662109375,278.5774230957031,198.96734619140625,197.44754028320312
1013,10,837.739501953125,204.59402465820312,17.93621826171875,83.62701416015625
1014,11,680.012939453125,265.94146728515625,175.36822509765625,210.0704345703125
1015,11,775.8057250976562,269.3785095214844,79.8702392578125,206.70025634765625
1016,11,728.212646484375,311.3089294433594,127.562744140625,164.79708862304688
1017,11,818.2022094726562,317.6632995605469,37.384521484375,59.217926025390625
1018,11,774.040283203125,380.2568054199219,81.49884033203125,97.568115234375
