0,1,307.22845458984375,132.30345153808594,124.70782470703125,281.70155334472656
0,2,356.0113220214844,80.40255737304688,90.28811645507812,268.68359375
1,1,294.53900146484375,135.13253784179688,136.77914428710938,280.1814880371094
1,2,348.3744201660156,81.53983306884766,97.88925170898438,264.2564010620117
2,1,290.883544921875,132.64520263671875,139.7408447265625,282.56280517578125
2,2,342.2135925292969,85.10572814941406,104.44418334960938,260.9427032470703
3,1,285.9813232421875,133.89678955078125,142.42999267578125,281.5494689941406
3,2,334.1841125488281,87.51408386230469,110.1015625,259.7189483642578
4,1,286.16253662109375,134.16546630859375,137.50494384765625,279.8133544921875
4,2,324.7549133300781,87.57815551757812,117.9498291015625,259.3743896484375
5,1,279.12109375,132.57992553710938,134.97943115234375,279.2585144042969
5,2,317.49505615234375,86.30149841308594,122.50271606445312,260.43870544433594
6,1,273.0636291503906,130.42860412597656,124.749267578125,278.78404235839844
6,2,307.41888427734375,86.35493469238281,123.53811645507812,260.4113006591797
7,1,267.5908203125,129.36349487304688,115.23687744140625,279.871826171875
7,2,300.3860168457031,87.59784698486328,117.31976318359375,257.89168548583984
8,1,257.7680969238281,129.29298400878906,110.008056640625,279.9925079345703
8,2,293.8452453613281,82.09186553955078,110.97152709960938,260.66597747802734
9,1,251.94622802734375,129.50318908691406,100.69290161132812,279.90992736816406
9,2,285.8782958984375,80.81768035888672,103.9952392578125,265.24512481689453
9,3,828.95263671875,307.13287353515625,26.54119873046875,29.865447998046875
10,1,243.77670288085938,128.5654754638672,101.50350952148438,282.74656677246094
10,2,280.3770751953125,79.99591064453125,92.98953247070312,259.71319580078125
10,3,822.1286010742188,299.0378112792969,33.49346923828125,40.106964111328125
11,1,236.38514709472656,129.2352752685547,96.98429870605469,284.21177673339844
11,2,275.13714599609375,79.70503234863281,82.62173461914062,272.3513641357422
11,3,816.04541015625,285.69268798828125,39.250244140625,53.825897216796875
11,4,816.3829345703125,205.25949096679688,39.30047607421875,134.50750732421875
12,1,230.53306579589844,130.77915954589844,100.94267272949219,282.1449737548828
12,2,266.62353515625,81.64353942871094,84.34500122070312,269.7008514404297
12,4,815.9208374023438,204.36473083496094,39.679443359375,133.3787384033203
13,1,220.85707092285156,132.8813934326172,110.42939758300781,278.87818908691406
13,2,261.821533203125,82.77140045166016,84.75405883789062,271.03624725341797
13,4,814.9213256835938,242.77890014648438,40.5106201171875,96.58416748046875
14,1,205.85792541503906,135.2144775390625,126.53034973144531,274.0706787109375
14,2,256.121337890625,81.04479217529297,90.4417724609375,272.83985137939453
14,4,814.920654296875,217.56234741210938,40.82086181640625,122.64178466796875
15,1,193.56996154785156,135.44699096679688,139.1177215576172,272.5693664550781
15,2,245.41937255859375,86.82951354980469,102.39328002929688,266.07969665527344
15,4,814.3814086914062,169.6636505126953,41.24127197265625,170.49607849121094
16,1,190.63958740234375,136.47647094726562,141.8076171875,271.0794677734375
16,4,813.6827392578125,128.29429626464844,42.1156005859375,218.20655822753906
16,2,239.35951232910156,84.69083404541016,106.81202697753906,270.0638961791992
17,1,185.09814453125,139.07107543945312,146.0802001953125,268.43890380859375
17,4,797.3729248046875,122.20027160644531,58.24298095703125,221.42039489746094
17,2,233.0755157470703,86.95475006103516,111.66539001464844,264.6369857788086
18,4,768.26904296875,122.5477523803711,87.24481201171875,217.91828155517578
18,1,180.3480987548828,135.56642150878906,144.20875549316406,274.2458038330078
18,2,223.50929260253906,86.45156860351562,119.60749816894531,265.32891845703125
19,4,748.2288818359375,123.32997131347656,107.1973876953125,215.43177795410156
19,1,172.84457397460938,134.43336486816406,144.53250122070312,275.57505798339844
19,2,219.8955535888672,88.11038970947266,119.36412048339844,264.27404022216797
20,4,733.4967651367188,122.83391571044922,122.01226806640625,215.5942153930664
20,1,167.82603454589844,133.658203125,135.70237731933594,277.4231262207031
20,2,212.66920471191406,85.55033874511719,122.23130798339844,267.61830139160156
21,4,724.593994140625,123.61906433105469,130.2725830078125,214.4464874267578
21,1,159.3150177001953,132.57203674316406,132.33958435058594,278.09925842285156
21,2,203.18016052246094,85.44026947021484,118.32414245605469,264.40955352783203
22,4,720.038818359375,123.19007110595703,129.5113525390625,213.6093978881836
22,1,153.233154296875,131.09278869628906,121.689697265625,279.89134216308594
22,2,197.30038452148438,81.71139526367188,112.22348022460938,265.93609619140625
23,4,715.802734375,121.32677459716797,128.78009033203125,215.02738189697266
23,1,146.05859375,131.49510192871094,113.25930786132812,279.9656524658203
23,2,192.71463012695312,79.4021224975586,102.95864868164062,264.76856231689453
24,4,714.6304321289062,119.49243927001953,118.882568359375,216.0969467163086
24,1,139.51434326171875,133.0079345703125,103.16458129882812,279.4510192871094
24,2,187.27723693847656,81.71785736083984,95.51457214355469,261.93811798095703
25,4,713.6756591796875,116.87833404541016,106.66400146484375,215.58565521240234
25,2,182.84767150878906,80.31734466552734,90.54212951660156,263.9710159301758
25,1,129.8616180419922,133.48001098632812,100.54591369628906,278.42498779296875
26,4,714.0968627929688,113.04903411865234,88.19537353515625,219.93677520751953
26,2,175.6077880859375,79.4358139038086,82.90814208984375,266.95594024658203
26,1,120.57703399658203,135.35122680664062,108.41008758544922,277.9274597167969
27,4,713.7315673828125,110.97931671142578,74.4425048828125,221.08470916748047
27,2,169.79971313476562,80.6698226928711,89.64306640625,261.59745025634766
27,1,115.03145599365234,135.4574432373047,113.8998031616211,276.77818298339844
28,4,712.7850341796875,108.42869567871094,67.10992431640625,224.1082000732422
28,1,108.50299835205078,135.5298309326172,120.4007339477539,277.08912658691406
28,2,162.0189208984375,82.64801025390625,96.75244140625,255.7080078125
29,4,691.9475708007812,107.8328857421875,79.28570556640625,223.62606811523438
29,1,101.92085266113281,136.9468536376953,126.73727416992188,275.0997772216797
29,2,154.1976776123047,85.40460205078125,104.32026672363281,252.31878662109375
30,4,667.5791015625,108.2743911743164,95.72088623046875,223.5212631225586
30,1,94.61882781982422,138.6736602783203,133.56653594970703,273.2245330810547
30,2,148.8102569580078,89.07637023925781,108.55064392089844,248.93736267089844
31,4,648.5950317382812,109.063720703125,106.042724609375,221.56088256835938
31,2,141.31414794921875,88.82106018066406,116.08859252929688,246.7375946044922
31,1,88.13245391845703,136.83197021484375,138.6766128540039,275.50799560546875
32,2,134.99652099609375,90.46704864501953,121.81256103515625,246.6179428100586
32,4,634.5634155273438,109.4305419921875,115.21075439453125,220.80264282226562
32,1,83.51215362548828,135.83726501464844,138.9501724243164,275.5684356689453
33,2,127.74315643310547,91.01104736328125,126.5974349975586,248.19613647460938
33,4,627.0043334960938,108.39131164550781,123.99359130859375,221.27259826660156
33,1,75.74118041992188,133.29611206054688,137.22439575195312,277.5726318359375
34,4,621.4715576171875,107.45263671875,127.14349365234375,222.39743041992188
34,2,119.07501983642578,90.70622253417969,133.2325210571289,249.9525909423828
34,1,73.5242691040039,132.69163513183594,127.3021011352539,276.4184112548828
35,4,618.4520263671875,106.4137191772461,124.374267578125,222.43766021728516
35,2,112.87213897705078,89.67171478271484,129.37358856201172,251.0413589477539
35,1,69.26298522949219,130.58322143554688,119.30805969238281,275.55694580078125
36,4,617.9595947265625,104.31101989746094,110.6385498046875,220.5435333251953
36,1,61.97342300415039,131.65760803222656,112.45821762084961,267.6267852783203
36,2,107.02700805664062,88.59142303466797,123.1671142578125,252.4889907836914
37,1,55.7116813659668,132.1036376953125,105.5991096496582,266.6893005371094
37,2,99.71434783935547,88.00296020507812,118.9140853881836,253.56814575195312
37,4,617.5879516601562,102.0735092163086,96.8619384765625,219.85578155517578
38,1,48.16261672973633,130.8621063232422,100.1726188659668,270.20848083496094
38,2,94.35431671142578,86.50727844238281,113.7010726928711,254.9148406982422
38,4,617.024658203125,98.66510009765625,78.94329833984375,217.93905639648438
39,1,40.75203323364258,131.0066375732422,107.00207138061523,268.3037872314453
39,2,89.38725280761719,85.60983276367188,101.02182006835938,255.1715087890625
39,4,617.3358764648438,95.88529205322266,62.81524658203125,217.06737518310547
40,1,34.44097900390625,134.35768127441406,113.55656433105469,266.2364044189453
40,2,83.74702453613281,85.7575912475586,94.61186218261719,255.42252349853516
40,4,609.5625,94.98970794677734,62.3482666015625,213.32617950439453
41,1,27.153112411499023,135.5447540283203,120.62087440490723,262.9510040283203
41,2,79.30722045898438,86.98578643798828,97.09623718261719,254.97545623779297
41,4,586.8314819335938,94.9160385131836,77.8800048828125,211.05005645751953
42,4,563.1260375976562,94.96312713623047,93.32464599609375,209.82022857666016
42,1,22.66403579711914,136.5596466064453,124.79136276245117,259.1449432373047
42,2,72.69638061523438,86.89457702636719,102.67767333984375,254.3673858642578
43,4,544.143798828125,95.60905456542969,109.00604248046875,208.70555114746094
43,1,15.347030639648438,139.529296875,132.2023162841797,253.15499877929688
43,2,68.41523742675781,88.02386474609375,105.982177734375,253.63565063476562
44,2,63.22383499145508,89.94441223144531,110.00962448120117,252.42100524902344
44,1,7.21367073059082,140.43496704101562,138.6835765838623,251.28451538085938
44,4,531.9022827148438,96.21245574951172,120.69537353515625,207.03446197509766
45,4,525.6384887695312,96.48487091064453,126.82904052734375,205.78856658935547
45,2,57.07526397705078,91.23271942138672,115.92032623291016,250.65039825439453
45,1,2.0517818927764893,141.08070373535156,143.79915499687195,251.30384826660156
46,4,523.2457885742188,95.47386169433594,127.36102294921875,207.28981018066406
46,2,51.79118347167969,92.27633666992188,121.52481079101562,247.58114624023438
46,1,0.6971690654754639,141.59950256347656,140.19502758979797,253.21546936035156
47,2,46.69192886352539,93.04003143310547,124.06576156616211,247.46097564697266
47,1,0.5863450765609741,140.44891357421875,131.80267775058746,254.57012939453125
47,4,521.5633544921875,95.60975646972656,120.273193359375,207.10597229003906
48,2,40.140560150146484,92.14618682861328,125.73743057250977,247.49535369873047
48,4,520.5493774414062,94.17247772216797,110.65869140625,205.41837310791016
48,1,0.06051669642329216,139.66555786132812,123.73642696812749,255.420166015625
49,2,36.53801727294922,91.07088470458984,120.78081512451172,246.40238189697266
49,4,519.9857788085938,91.84077453613281,95.32049560546875,205.72312927246094
49,1,0.0,140.8739013671875,113.72491455078125,254.64755249023438
50,2,30.01429557800293,90.56169891357422,116.42344856262207,246.4051284790039
50,4,520.6345825195312,88.83723449707031,77.43719482421875,210.0448455810547
50,1,0.0,145.07907104492188,100.42359924316406,250.43844604492188
51,2,26.06991958618164,89.48139190673828,110.67766952514648,245.56401824951172
51,4,519.5640258789062,86.84456634521484,60.6043701171875,210.72254180908203
51,1,0.0,178.72116088867188,82.20083618164062,216.03594970703125
52,2,21.431772232055664,88.66291046142578,103.00289726257324,243.58641815185547
52,4,517.8626098632812,86.41590118408203,51.0205078125,210.10179901123047
52,1,0.0,178.5822296142578,69.80172729492188,216.65126037597656
53,2,17.047325134277344,87.91812896728516,95.97616577148438,243.51033782958984
53,4,501.2944030761719,85.64057159423828,59.308135986328125,211.02147674560547
53,1,0.5372011065483093,178.27842712402344,55.96772366762161,215.5493927001953
54,4,480.7113952636719,85.60807800292969,74.38687133789062,210.12196350097656
54,2,8.909469604492188,88.43671417236328,96.65216827392578,244.08660125732422
54,1,0.006880260072648525,183.0698699951172,57.19252541009337,212.74583435058594
55,4,463.453857421875,86.7253189086914,92.2845458984375,209.31920623779297
55,2,4.7086334228515625,89.8549575805664,99.57859802246094,243.0377426147461
55,1,0.04084787517786026,186.8578643798828,57.23133077472448,208.8173370361328
56,4,450.7923583984375,87.41897583007812,103.96759033203125,208.05667114257812
56,2,1.0072680711746216,90.72478485107422,103.14030730724335,242.35196685791016
56,1,0.0,195.9673309326172,57.22019958496094,200.2582550048828
57,4,442.98052978515625,88.22637176513672,111.27679443359375,206.6630630493164
57,2,1.000910758972168,91.53927612304688,103.16266345977783,239.95016479492188
57,1,0.0,204.11553955078125,55.967437744140625,191.97555541992188
58,4,435.0423583984375,87.28660583496094,115.9495849609375,207.18214416503906
58,2,0.16470275819301605,95.3307113647461,103.97921814024448,236.4413833618164
58,1,0.18618029356002808,204.25550842285156,54.70283490419388,191.5160675048828
59,4,429.1459045410156,86.1029281616211,115.55899047851562,206.6934585571289
59,2,0.10974231362342834,95.7326889038086,103.50089916586876,234.63880157470703
59,1,0.03983765095472336,291.66156005859375,53.67244643718004,103.64718627929688
60,4,424.17449951171875,84.76180267333984,108.9093017578125,205.74283599853516
60,2,0.08270598202943802,142.65174865722656,49.45968674868345,255.4474639892578
60,1,0.0,266.18402099609375,49.64112091064453,128.190673828125
61,4,421.9945983886719,84.52058410644531,99.65719604492188,198.53578186035156
61,2,0.26493337750434875,140.9113006591797,41.38877984881401,248.9523468017578
62,4,421.9936218261719,80.90638732910156,83.42648315429688,201.65733337402344
62,2,0.0,128.72264099121094,97.92585754394531,202.2830047607422
62,1,0.0,334.703125,33.095985412597656,55.656280517578125
63,4,425.11016845703125,78.8569564819336,63.0509033203125,199.86112213134766
63,2,0.0,130.85179138183594,90.3125,200.2549591064453
64,4,421.3108215332031,79.40231323242188,54.57421875,196.97357177734375
64,2,0.0,136.86831665039062,79.56797790527344,195.08349609375
65,4,409.8995361328125,78.06033325195312,61.38043212890625,197.22412109375
65,2,0.009262967854738235,141.10263061523438,69.39147097989917,192.17959594726562
66,4,387.8167419433594,79.88066101074219,84.064453125,194.4558563232422
66,2,0.009410930797457695,151.96981811523438,57.669994281604886,181.63040161132812
67,4,368.93365478515625,80.23165130615234,101.62960815429688,192.07117462158203
67,2,0.06320298463106155,160.9887237548828,46.90912901610136,172.07493591308594
68,4,355.4274597167969,80.75505828857422,115.01251220703125,189.7955093383789
68,2,0.2763851583003998,161.57022094726562,32.32897678017616,169.24746704101562
68,5,0.13614343106746674,260.8277587890625,34.941359773278236,70.9571533203125
69,4,351.8664855957031,81.18872833251953,117.02798461914062,191.3296127319336
69,2,0.0,170.22512817382812,23.836820602416992,162.89349365234375
70,4,350.51812744140625,82.40788269042969,117.62637329101562,189.5143585205078
70,2,0.0516810342669487,176.5703582763672,21.416582591831684,157.3295440673828
71,4,348.4209289550781,81.42249298095703,111.62249755859375,191.19994354248047
71,2,0.0,177.49208068847656,17.770708084106445,156.3881072998047
72,4,348.90155029296875,80.72209167480469,98.34030151367188,190.24656677246094
72,2,0.02908102422952652,191.06961059570312,22.736038528382778,143.66043090820312
73,4,348.16180419921875,78.85704803466797,85.5955810546875,192.34610748291016
73,2,0.053843073546886444,195.16798400878906,23.00279564410448,139.4626922607422
74,4,347.2252502441406,78.51126098632812,72.2462158203125,192.46047973632812
75,4,341.501953125,76.48922729492188,60.22442626953125,194.03878784179688
76,4,334.1558837890625,76.79275512695312,49.16796875,194.08877563476562
77,4,323.4841613769531,76.2158203125,56.1734619140625,194.663818359375
78,4,309.2246398925781,77.07361602783203,70.62619018554688,192.42388153076172
79,4,294.65673828125,78.16443634033203,85.33749389648438,191.60225677490234
80,4,282.6380920410156,78.72647094726562,96.97332763671875,191.24679565429688
81,4,274.1835632324219,80.60721588134766,104.63479614257812,188.8554916381836
82,4,266.9654235839844,80.39755249023438,110.83697509765625,188.35275268554688
83,4,269.2144775390625,79.42446899414062,100.36666870117188,188.234130859375
84,4,258.8513488769531,79.73646545410156,101.53152465820312,181.76173400878906
85,4,257.3038330078125,79.06287384033203,92.3824462890625,177.29271697998047
86,4,258.0086975097656,77.29529571533203,74.05145263671875,179.40538787841797
87,4,255.0587921142578,74.6778564453125,62.52314758300781,183.259765625
88,4,247.3234100341797,74.84840393066406,56.70353698730469,184.1876983642578
89,4,240.4267578125,74.54106140136719,63.52423095703125,183.7357635498047
90,4,223.73292541503906,76.69400787353516,80.57997131347656,180.26863861083984
91,4,206.5146942138672,78.9619369506836,97.27137756347656,177.38758087158203
92,4,194.70838928222656,80.57728576660156,109.05833435058594,176.1217803955078
93,4,189.47242736816406,82.53665161132812,112.81532287597656,174.99505615234375
94,4,188.53875732421875,82.3285140991211,110.44735717773438,174.84107208251953
95,4,188.3277130126953,81.08704376220703,102.37400817871094,177.04918670654297
96,4,187.4796142578125,81.68711853027344,94.57113647460938,177.14451599121094
97,4,183.33119201660156,79.67735290527344,82.08689880371094,179.3898468017578
98,4,176.79945373535156,78.93289184570312,75.95039367675781,179.97567749023438
99,4,169.7045135498047,76.60584259033203,66.22517395019531,181.7582015991211
100,4,163.94541931152344,76.47419738769531,54.347198486328125,182.52210998535156
101,4,156.75929260253906,77.29925537109375,59.12702941894531,182.31719970703125
102,4,146.734619140625,77.67912292480469,69.44219970703125,182.48085021972656
103,4,136.8083953857422,79.99540710449219,79.83538818359375,179.2228240966797
104,4,126.85897064208984,81.67430114746094,89.6451644897461,177.38331604003906
105,4,118.98770904541016,82.60134887695312,95.98726654052734,176.28164672851562
106,4,109.11552429199219,83.39704895019531,102.46810913085938,174.98179626464844
107,4,103.65900421142578,82.1787109375,102.53246307373047,175.90802001953125
108,4,100.36267852783203,81.09397888183594,95.11687469482422,168.41368103027344
109,4,99.7843246459961,80.1595458984375,83.0319595336914,168.63775634765625
110,4,99.4473876953125,79.15985870361328,72.08042907714844,171.09188079833984
111,4,98.50880432128906,78.17401123046875,62.588165283203125,173.54690551757812
112,4,92.18700408935547,77.83734893798828,60.00518035888672,174.12761688232422
113,4,87.29794311523438,78.95834350585938,64.22608947753906,172.39447021484375
114,4,80.06024169921875,79.4363021850586,71.93820190429688,171.91350555419922
115,4,67.10350036621094,81.14968872070312,83.92596435546875,168.51747131347656
116,4,57.384517669677734,83.04479217529297,92.79242324829102,166.30236053466797
117,4,54.58271789550781,84.59573364257812,94.18910217285156,165.14146423339844
118,4,53.92198181152344,83.79478454589844,92.83718872070312,166.82077026367188
119,4,52.63585662841797,86.03536987304688,87.5564193725586,164.83712768554688
120,4,46.729347229003906,83.27774047851562,87.0695571899414,167.30252075195312
121,4,41.71222686767578,83.77693176269531,80.15328216552734,167.31996154785156
122,4,34.11091232299805,80.8932876586914,76.56711959838867,169.68976593017578
123,4,29.297142028808594,79.58642578125,68.38284301757812,171.13230895996094
124,4,24.907241821289062,79.88345336914062,58.120933532714844,170.42874145507812
125,4,16.374860763549805,78.7502670288086,60.73802375793457,171.2811508178711
126,4,10.868227005004883,80.07230377197266,66.3461971282959,170.95572662353516
127,4,2.9672772884368896,80.44105529785156,74.0894091129303,170.08538818359375
128,4,1.0271613597869873,79.77828979492188,75.19084858894348,170.76644897460938
129,4,0.35977357625961304,85.71858215332031,74.2495327591896,164.01792907714844
130,4,0.18069037795066833,85.56797790527344,72.30598106980324,164.36111450195312
131,4,0.23761004209518433,86.13530731201172,67.2125089764595,163.98126983642578
132,4,0.10022424161434174,86.56571197509766,59.906256929039955,155.3761215209961
133,4,0.13028104603290558,86.64703369140625,51.097467824816704,154.17434692382812
134,4,0.1978565901517868,93.9351577758789,41.3258822709322,147.31632232666016
135,4,0.0806242972612381,94.6195297241211,33.27529077231884,149.16999053955078
136,4,0.0,96.08843994140625,30.391948699951172,147.0137939453125
137,4,0.0,106.3892822265625,28.935802459716797,132.3643798828125
138,4,0.0,115.50938415527344,28.412883758544922,123.62933349609375
139,4,0.1287236213684082,142.19561767578125,27.726508617401123,96.58645629882812
140,4,0.09559275954961777,158.77842712402344,27.329032637178898,80.06950378417969
141,4,0.09418711066246033,188.5775604248047,26.275846153497696,49.78999328613281
142,4,0.17091718316078186,192.18211364746094,23.464205116033554,46.41264343261719
143,4,0.05787122622132301,197.78273010253906,18.112659092992544,39.911651611328125
249,6,789.4479370117188,243.76739501953125,66.3660888671875,161.90106201171875
250,6,780.7066040039062,212.5385284423828,74.87890625,193.9935760498047
251,6,774.8025512695312,190.08441162109375,80.70367431640625,218.58804321289062
252,6,774.6851196289062,175.3860626220703,80.79107666015625,233.71934509277344
253,6,774.58740234375,130.63674926757812,80.76007080078125,278.8709716796875
254,6,774.7982788085938,126.62366485595703,80.56756591796875,282.4188766479492
255,6,774.60888671875,121.88723754882812,81.0491943359375,287.4842529296875
256,6,775.242919921875,119.35857391357422,80.379638671875,290.0971450805664
257,6,768.1516723632812,118.4292221069336,87.40069580078125,291.06876373291016
258,6,755.6057739257812,117.13185119628906,99.41204833984375,292.27369689941406
259,6,729.0125122070312,116.78799438476562,121.34088134765625,292.5680847167969
260,6,701.5591430664062,117.42585754394531,137.2529296875,291.3343963623047
261,6,680.9141235351562,119.15937042236328,150.69976806640625,289.64757537841797
262,6,667.60791015625,120.20037841796875,154.197509765625,288.9227600097656
263,6,661.1616821289062,121.4947280883789,157.060791015625,286.8735885620117
264,6,656.0321044921875,119.67618560791016,161.39874267578125,289.00118255615234
265,6,653.9638671875,119.33728790283203,161.98431396484375,289.3950424194336
266,6,654.3373413085938,117.60381317138672,156.83587646484375,288.9917984008789
267,6,653.815185546875,116.806396484375,143.81341552734375,291.1856994628906
268,6,653.7794799804688,115.01245880126953,127.40313720703125,290.93480682373047
269,6,654.175048828125,113.56925964355469,110.12200927734375,294.1741485595703
270,6,653.3467407226562,111.6908187866211,92.596923828125,298.2904739379883
271,6,654.1582641601562,109.92100524902344,85.73065185546875,308.57325744628906
272,6,648.9841918945312,111.39973449707031,78.78253173828125,308.70265197753906
273,6,623.4111938476562,111.06008911132812,98.22528076171875,312.3553161621094
274,6,593.6997680664062,113.9659194946289,115.73333740234375,309.57567596435547
275,6,569.01806640625,115.47805786132812,133.51031494140625,301.57281494140625
276,6,553.6376342773438,119.74578094482422,146.7003173828125,294.00489044189453
277,6,546.67041015625,120.0639419555664,152.35986328125,296.51122283935547
278,6,543.81982421875,121.4339599609375,153.84722900390625,298.703369140625
279,6,543.4137573242188,120.35360717773438,146.5184326171875,299.4494323730469
280,6,543.1537475585938,119.33525085449219,133.764404296875,299.67405700683594
281,6,543.6991577148438,118.76236724853516,114.56622314453125,300.52816009521484
282,6,542.5496215820312,116.0083999633789,96.53985595703125,302.53966522216797
282,7,810.63916015625,332.0491638183594,44.951904296875,146.2216796875
283,6,537.6414184570312,116.48143005371094,80.7259521484375,303.45057678222656
283,7,791.7381591796875,270.8119201660156,64.05780029296875,207.00704956054688
284,6,524.2966918945312,110.16444396972656,88.50555419921875,309.7451934814453
284,7,773.5816040039062,200.7774658203125,81.942138671875,277.3242492675781
285,6,511.07073974609375,113.13835906982422,87.0411376953125,307.48072052001953
285,7,757.5972900390625,185.97332763671875,98.027099609375,291.1000061035156
286,6,487.2950134277344,110.8716049194336,109.56210327148438,307.79862213134766
286,7,744.615966796875,186.4122772216797,111.23614501953125,289.95750427246094
287,6,457.38421630859375,116.11824798583984,136.2216796875,304.00443267822266
287,7,734.2351684570312,189.3372039794922,121.76483154296875,287.5689239501953
288,6,433.4039001464844,118.70138549804688,161.27981567382812,301.37908935546875
288,7,724.1267700195312,188.56732177734375,131.7564697265625,287.757568359375
289,6,421.07403564453125,119.62865447998047,172.381103515625,300.67176055908203
289,7,716.6029052734375,191.9090576171875,139.0916748046875,284.6961669921875
290,6,416.23040771484375,121.36518096923828,174.3582763671875,299.52477264404297
290,7,707.1005859375,194.3020477294922,148.55523681640625,281.22496032714844
291,6,414.05694580078125,121.0342788696289,174.5218505859375,297.94979095458984
291,7,696.261962890625,195.1505584716797,158.61981201171875,280.1166534423828
292,6,412.3618469238281,120.23220825195312,171.30679321289062,300.9902648925781
292,7,682.8857421875,194.0019989013672,152.74420166015625,280.6800079345703
293,6,412.1267395019531,122.1106185913086,156.99508666992188,296.96756744384766
293,7,667.6343383789062,193.3294219970703,159.92095947265625,280.80308532714844
294,6,411.34246826171875,119.2725830078125,136.82421875,296.385009765625
294,7,654.0955200195312,192.4691162109375,147.4012451171875,282.3534851074219
295,6,410.96636962890625,118.6043472290039,118.55865478515625,296.11971282958984
295,7,642.5817260742188,189.05294799804688,154.02203369140625,286.6242980957031
296,6,404.7800598144531,114.96276092529297,103.67333984375,302.13367462158203
296,7,629.1561889648438,188.44871520996094,170.36920166015625,287.24400329589844
297,6,397.92138671875,112.68077087402344,84.17636108398438,306.68199157714844
297,7,617.2078247070312,187.09169006347656,169.03668212890625,288.5001678466797
298,6,387.03314208984375,112.30797576904297,77.2628173828125,315.26453399658203
298,7,600.063720703125,188.43881225585938,174.98516845703125,286.5767822265625
299,6,375.81463623046875,112.7052230834961,87.32037353515625,316.74332427978516
299,7,585.1106567382812,188.2642364501953,178.8558349609375,285.7294158935547
300,6,348.9422302246094,116.33349609375,114.79855346679688,312.32867431640625
300,7,570.105224609375,189.4394989013672,157.343505859375,285.1292266845703
301,6,321.1847839355469,119.70181274414062,141.7113037109375,304.33538818359375
301,7,553.2634887695312,191.52737426757812,182.34967041015625,282.73162841796875
302,6,300.6579895019531,121.05565643310547,159.93896484375,299.2323684692383
302,7,535.2774047851562,194.2736053466797,177.33587646484375,280.40748596191406
303,6,293.2315368652344,123.87283325195312,166.64129638671875,299.23773193359375
303,7,519.8997192382812,197.117919921875,178.03204345703125,277.75299072265625
304,6,289.04486083984375,127.36763763427734,169.27529907226562,296.46790313720703
304,7,501.61322021484375,198.16592407226562,178.79193115234375,277.1316833496094
305,6,288.2388916015625,128.2271270751953,164.24624633789062,296.45362854003906
305,7,488.22198486328125,198.37318420410156,153.31427001953125,277.6574249267578
306,6,288.63079833984375,127.34362030029297,151.74322509765625,298.14099884033203
306,7,474.61236572265625,197.20599365234375,175.50433349609375,278.2351989746094
307,6,286.6516418457031,127.914306640625,132.11111450195312,297.68304443359375
307,7,460.4538269042969,194.98497009277344,164.32266235351562,281.3572235107422
308,6,279.0400085449219,124.47248840332031,119.8822021484375,301.16004943847656
308,7,446.1044921875,190.94479370117188,151.17962646484375,286.4783020019531
309,6,270.03936767578125,122.84541320800781,109.5013427734375,302.5824737548828
309,7,434.9739074707031,186.58779907226562,168.85293579101562,289.14068603515625
310,6,261.0699157714844,122.14212036132812,95.46475219726562,304.9299011230469
310,7,425.0562744140625,183.8900604248047,160.93731689453125,290.2967987060547
311,6,248.24264526367188,119.8447494506836,92.57745361328125,307.55127716064453
311,7,414.0709228515625,181.09234619140625,162.85882568359375,291.8856201171875
311,8,830.1763916015625,269.6617126464844,25.40020751953125,73.73062133789062
312,6,238.43255615234375,120.35140228271484,103.62673950195312,309.09317779541016
312,7,403.4143371582031,180.40541076660156,157.95693969726562,296.07090759277344
312,8,814.2092895507812,252.00234985351562,41.37335205078125,92.4871826171875
313,6,229.49945068359375,122.64735412597656,111.500732421875,304.7049102783203
313,7,392.9837951660156,183.5587615966797,149.89175415039062,288.6188507080078
313,8,806.5748291015625,228.59742736816406,49.16326904296875,116.04991149902344
314,6,206.75360107421875,123.62300872802734,134.37344360351562,303.9426956176758
314,7,382.457275390625,183.96009826660156,144.533203125,292.32557678222656
314,8,803.1149291992188,233.57411193847656,52.45635986328125,116.28599548339844
315,6,186.76455688476562,126.81816864013672,152.98568725585938,300.1729507446289
315,7,373.7271423339844,190.09432983398438,139.84597778320312,287.23907470703125
315,8,798.93798828125,135.27993774414062,56.68182373046875,215.05142211914062
316,6,180.95872497558594,127.3962631225586,158.6977996826172,299.9793472290039
316,7,364.48284912109375,191.80897521972656,129.91473388671875,286.4098358154297
316,8,796.3848266601562,227.7138214111328,59.0792236328125,122.75468444824219
317,6,176.10714721679688,128.14219665527344,161.84774780273438,298.3485870361328
317,7,354.0085754394531,193.51405334472656,129.18124389648438,283.8241729736328
317,8,796.152099609375,221.17242431640625,59.4517822265625,129.65411376953125
318,6,173.38050842285156,129.11849975585938,161.4259490966797,296.6036376953125
318,7,340.2001647949219,190.59962463378906,132.38973999023438,286.9507598876953
318,8,795.7869262695312,208.55650329589844,59.84918212890625,142.60850524902344
319,6,169.26925659179688,127.74835205078125,155.49835205078125,297.4910888671875
319,7,328.5108337402344,188.8285369873047,131.102783203125,287.8269500732422
319,8,795.1563720703125,180.295654296875,60.67193603515625,170.44076538085938
320,6,159.900390625,127.30709838867188,147.88232421875,298.8185729980469
320,8,795.093994140625,125.54495239257812,60.6474609375,228.72036743164062
320,7,320.6258544921875,186.45654296875,133.59768676757812,291.6109924316406
321,6,151.2843780517578,125.08397674560547,134.1382293701172,297.0148696899414
321,8,796.9857788085938,121.30421447753906,58.49310302734375,234.7380828857422
321,7,315.5826721191406,184.8983612060547,130.53973388671875,292.05723571777344
321,9,818.76123046875,326.061279296875,36.94500732421875,72.77749633789062
322,8,795.4593505859375,120.760498046875,60.05718994140625,238.03173828125
322,6,139.97369384765625,125.2811508178711,126.90115356445312,293.1908645629883
322,7,306.2848815917969,180.91162109375,134.45098876953125,296.15936279296875
323,8,773.7117309570312,119.896484375,81.8778076171875,237.49563598632812
323,6,128.510986328125,121.80428314208984,117.60916137695312,299.9867935180664
323,7,295.10052490234375,178.8240203857422,139.36148071289062,298.99143981933594
323,9,785.2544555664062,304.525390625,70.57696533203125,87.51336669921875
324,8,747.6439208984375,120.93374633789062,107.3197021484375,232.8636474609375
324,6,120.37968444824219,121.83702087402344,106.17385864257812,304.8829803466797
324,7,287.27630615234375,178.4418182373047,146.96084594726562,298.2132110595703
324,9,776.5361938476562,285.650634765625,78.98236083984375,106.826416015625
325,8,728.5518188476562,120.94822692871094,125.74658203125,229.63002014160156
325,6,112.19737243652344,122.90821075439453,113.05026245117188,308.3242721557617
325,7,277.7406921386719,178.92245483398438,151.27459716796875,297.6723327636719
326,8,717.86376953125,120.6685791015625,130.32232666015625,226.32199096679688
326,6,104.05322265625,125.55863952636719,119.37431335449219,306.6255340576172
326,7,268.6899108886719,180.0035858154297,157.27828979492188,294.77940368652344
327,8,709.1549682617188,121.83678436279297,130.23828125,226.3112564086914
327,6,95.84568786621094,127.88619995117188,127.86956787109375,301.18182373046875
327,7,257.244873046875,182.24473571777344,163.81561279296875,292.64805603027344
327,9,771.8804321289062,146.0762176513672,83.6595458984375,248.1370391845703
328,6,79.4067153930664,129.11619567871094,144.30912017822266,300.5078582763672
328,8,705.1569213867188,121.9240951538086,124.77508544921875,227.35309600830078
328,9,772.8770141601562,146.60227966308594,82.95062255859375,248.1907501220703
328,7,249.25238037109375,184.4410858154297,164.67166137695312,291.68653869628906
329,6,65.3707046508789,130.46035766601562,159.45574188232422,296.8092041015625
329,8,701.4080810546875,121.90142822265625,113.918212890625,226.96649169921875
329,9,772.1320190429688,142.83718872070312,83.39813232421875,251.87509155273438
329,7,236.9462127685547,183.97247314453125,170.92799377441406,291.2485046386719
330,6,59.885860443115234,137.08038330078125,164.6271858215332,289.8495788574219
330,9,771.55126953125,138.71197509765625,82.24676513671875,256.08123779296875
330,8,699.8983764648438,120.34841918945312,104.64202880859375,228.40866088867188
330,7,226.7037353515625,182.56423950195312,172.64581298828125,293.296142578125
331,8,699.1818237304688,118.68099975585938,99.52655029296875,230.9537353515625
331,9,767.7496337890625,136.94021606445312,78.63787841796875,256.763916015625
331,6,58.1600227355957,139.41693115234375,157.86465072631836,289.71148681640625
331,7,216.7330322265625,181.56040954589844,176.9361572265625,295.30909729003906
332,8,699.171875,116.88778686523438,89.6494140625,230.68942260742188
332,6,48.57749938964844,141.1822509765625,164.66651916503906,289.57293701171875
332,9,747.7167358398438,136.02613830566406,92.57000732421875,256.05177307128906
332,7,208.211181640625,178.9767608642578,185.2828369140625,297.9368133544922
333,8,699.6481323242188,112.4898452758789,80.08770751953125,235.11486053466797
333,9,721.0256958007812,135.0346221923828,113.31201171875,258.3894805908203
333,6,38.769874572753906,141.2470245361328,159.93746185302734,289.33705139160156
333,7,197.94715881347656,177.10610961914062,175.2188262939453,298.5657653808594
334,6,28.008974075317383,141.29498291015625,152.86755180358887,289.0536804199219
334,7,189.32212829589844,173.68141174316406,165.74986267089844,303.31822204589844
334,8,698.6373291015625,112.44290161132812,75.3992919921875,234.64834594726562
334,9,696.21875,138.2587432861328,128.379150390625,256.11317443847656
335,6,19.428211212158203,137.97711181640625,139.14635848999023,292.6788635253906
335,7,180.612060546875,174.36599731445312,154.003173828125,302.4398193359375
335,9,676.776611328125,138.16172790527344,140.884033203125,256.80030822753906
335,8,688.8832397460938,111.26012420654297,79.706298828125,221.27753448486328
336,8,683.2051391601562,110.42028045654297,77.6129150390625,215.59720611572266
336,6,10.090757369995117,138.2250518798828,130.11839485168457,292.7307891845703
336,7,172.01260375976562,171.92916870117188,139.18984985351562,305.2531433105469
336,9,670.5813598632812,138.39076232910156,143.2645263671875,256.1539764404297
337,8,660.1553344726562,110.21244812011719,91.3349609375,214.4679412841797
337,6,2.2219388484954834,137.05213928222656,119.44884514808655,294.8603973388672
337,9,662.0172729492188,141.0450897216797,151.0172119140625,252.8028106689453
337,7,164.91241455078125,174.67984008789062,137.947509765625,301.8172607421875
338,8,639.0420532226562,110.96726989746094,106.0455322265625,227.7075958251953
338,7,155.9706268310547,176.8221435546875,144.2772674560547,299.51055908203125
338,9,657.4511108398438,139.4608154296875,155.43017578125,253.53555297851562
338,6,1.081779956817627,138.2576446533203,105.90203046798706,293.5162811279297
339,8,620.86767578125,113.02519989013672,118.94915771484375,224.85721588134766
339,7,147.6402587890625,177.147705078125,152.77407836914062,299.0313415527344
339,9,655.2450561523438,138.0500946044922,153.90167236328125,253.64552307128906
339,6,0.3750239312648773,139.89373779296875,105.55918017029762,291.72552490234375
340,7,141.54751586914062,182.95570373535156,154.64682006835938,294.3861846923828
340,8,612.3309936523438,112.11444854736328,113.06597900390625,209.5890121459961
340,9,653.3745727539062,136.37078857421875,147.14337158203125,254.67507934570312
340,6,0.029112912714481354,142.08331298828125,105.2159737572074,290.2227478027344
341,7,134.57424926757812,186.67469787597656,162.73538208007812,289.85130310058594
341,8,606.2574462890625,113.05546569824219,108.68756103515625,210.80772399902344
341,9,654.2782592773438,134.92140197753906,131.0299072265625,252.48594665527344
341,6,0.0,147.86056518554688,104.60225677490234,283.6855773925781
342,7,125.41199493408203,188.18984985351562,172.7706527709961,287.73773193359375
342,9,653.4938354492188,130.3440399169922,115.0985107421875,253.07725524902344
342,8,600.4044799804688,111.7310791015625,106.25091552734375,211.76666259765625
342,6,0.0,153.5309295654297,105.29486846923828,277.8097381591797
343,7,120.00247192382812,190.55917358398438,161.5001220703125,285.30987548828125
343,8,599.2322998046875,110.3082504272461,97.40826416015625,214.21695709228516
343,9,653.47265625,127.26431274414062,97.01202392578125,256.3948974609375
343,6,0.0,173.84353637695312,105.34204864501953,257.96844482421875
344,7,107.93944549560547,191.01190185546875,155.57743072509766,285.4781799316406
344,8,598.14501953125,108.06120300292969,90.433349609375,215.2674102783203
344,9,652.61181640625,124.61707305908203,78.9146728515625,262.65108489990234
344,6,0.12157422304153442,195.57188415527344,104.5991136431694,236.54933166503906
345,7,98.7381820678711,190.71705627441406,142.3669662475586,286.27748107910156
345,8,599.0325927734375,106.20173645019531,81.98809814453125,214.1464080810547
345,9,653.1052856445312,125.15247344970703,71.865966796875,260.36141204833984
345,6,0.06768012791872025,202.6864013671875,103.42667412012815,227.29644775390625
346,7,89.63238525390625,187.4580535888672,140.06129455566406,289.16957092285156
346,8,599.08935546875,102.87171173095703,71.70947265625,220.79854583740234
346,9,639.2762451171875,123.43647766113281,77.49700927734375,264.9900360107422
346,6,0.0,224.2212371826172,91.03646850585938,205.96778869628906
347,7,80.05258178710938,185.5759735107422,149.61448669433594,291.9003448486328
347,8,599.601318359375,100.90946197509766,64.42718505859375,219.62981414794922
347,9,608.4524536132812,123.82555389404297,100.91827392578125,264.27567291259766
347,6,0.0,224.0899200439453,76.98287200927734,206.2902069091797
348,7,69.59693908691406,186.31353759765625,161.1498260498047,290.4463195800781
348,8,596.916259765625,99.75140380859375,58.30914306640625,220.4886474609375
348,9,585.5220336914062,126.55663299560547,114.52276611328125,261.12183380126953
348,6,0.19031815230846405,226.17318725585938,59.006878808140755,203.94400024414062
348,4,0.0,226.77349853515625,16.185100555419922,92.46060180664062
349,7,59.600650787353516,188.04653930664062,170.88874435424805,288.49468994140625
349,8,585.1903076171875,98.55045318603516,62.38623046875,226.09639739990234
349,9,564.7755737304688,129.1234588623047,131.9677734375,257.0271759033203
349,6,0.07375551760196686,239.51419067382812,42.07673428952694,186.9468994140625
350,7,51.31260681152344,189.67324829101562,179.99440002441406,288.4992370605469
350,9,553.659912109375,132.07835388183594,142.35107421875,252.32664489746094
350,8,574.2374267578125,97.35746002197266,65.5574951171875,230.66109466552734
351,7,41.87007522583008,192.60260009765625,193.93247604370117,285.2834777832031
351,9,546.1924438476562,134.07052612304688,149.05926513671875,250.73977661132812
351,8,549.4194946289062,99.23082733154297,82.16375732421875,226.79166412353516
352,7,31.876853942871094,197.60763549804688,204.3188705444336,277.3514709472656
352,9,541.7417602539062,136.02166748046875,152.7012939453125,249.16567993164062
352,8,526.2378540039062,102.954833984375,102.0323486328125,220.998779296875
353,7,22.571977615356445,195.5656280517578,205.1453685760498,282.8388214111328
353,9,541.9484252929688,138.10556030273438,147.73858642578125,248.06991577148438
353,8,513.2590942382812,102.4649429321289,109.237060546875,219.06938934326172
354,7,12.148676872253418,194.58375549316406,202.99573230743408,283.72926330566406
354,9,541.18603515625,136.78721618652344,137.29815673828125,247.40455627441406
354,8,506.7760009765625,104.1795654296875,125.0306396484375,217.98898315429688
355,7,3.7652904987335205,194.08314514160156,196.60749697685242,284.67652893066406
355,9,541.7676391601562,132.3922119140625,119.70904541015625,253.29949951171875
355,8,502.51995849609375,105.47388458251953,96.46826171875,217.26592254638672
356,7,0.007377720437943935,191.79734802246094,181.98325338307768,286.5734405517578
356,9,539.7372436523438,127.5655517578125,106.2489013671875,258.14166259765625
356,8,501.19659423828125,104.66893005371094,95.31390380859375,217.2906951904297
357,7,0.4082950949668884,186.87149047851562,161.38278156518936,291.28143310546875
357,9,539.2503662109375,124.15617370605469,89.128662109375,262.6740264892578
357,8,499.7931213378906,104.26398468017578,83.32089233398438,219.34090423583984
358,7,0.0,186.18357849121094,144.7974090576172,290.52662658691406
358,9,541.2007446289062,124.89207458496094,68.418701171875,259.71241760253906
358,8,499.44000244140625,103.01071166992188,75.74591064453125,218.9434814453125
359,9,532.0805053710938,122.10070037841797,65.6129150390625,264.4380569458008
359,7,0.056159451603889465,186.56336975097656,123.88788656890392,290.5055389404297
359,8,499.0044250488281,100.42647552490234,68.63345336914062,222.07782745361328
360,9,523.3113403320312,125.8473892211914,66.19818115234375,260.1467819213867
360,7,0.0,186.58529663085938,112.53176879882812,291.9980163574219
360,8,502.84185791015625,97.21797943115234,55.39886474609375,228.62995147705078
361,9,489.5217590332031,126.80242919921875,96.24679565429688,259.930419921875
361,7,0.0,191.44400024414062,113.29520416259766,285.5215759277344
361,8,501.3888244628906,95.99181365966797,75.13870239257812,152.08548736572266
362,9,463.6014099121094,129.0670623779297,122.61361694335938,257.5376434326172
362,7,0.0,195.98963928222656,113.1673355102539,281.8490447998047
362,8,489.53179931640625,94.24183654785156,80.876220703125,169.5330047607422
363,9,447.40704345703125,127.5254898071289,138.184326171875,259.6452865600586
363,8,486.6429138183594,94.37649536132812,77.84121704101562,121.64268493652344
363,7,0.0,222.26795959472656,114.66505432128906,255.96351623535156
364,9,438.8180847167969,132.90631103515625,145.85379028320312,253.39019775390625
364,7,0.0,227.80780029296875,113.579345703125,250.510498046875
364,8,493.8021240234375,95.88544464111328,63.6431884765625,112.24214935302734
365,9,433.5930480957031,129.35336303710938,150.99374389648438,256.5541076660156
365,7,0.0,231.406982421875,111.49102020263672,247.64276123046875
365,8,446.6833190917969,95.09364318847656,104.24148559570312,210.5469512939453
366,9,427.5423583984375,129.38394165039062,154.34857177734375,256.1925964355469
366,7,0.0,233.34352111816406,112.2489242553711,245.0005645751953
366,8,428.5418395996094,96.62145233154297,112.62594604492188,213.19257354736328
367,9,423.40673828125,124.57025909423828,150.42547607421875,260.1084518432617
367,8,463.85302734375,97.8190689086914,77.07647705078125,217.23943328857422
367,7,0.0,235.1445770263672,101.10113525390625,241.9582977294922
368,8,460.0837097167969,97.98641204833984,79.01748657226562,222.6440200805664
368,9,419.0497131347656,121.63345336914062,141.98580932617188,260.88079833984375
368,7,0.0,235.80010986328125,82.29603576660156,236.855712890625
369,8,454.3992614746094,99.55770111083984,82.26614379882812,222.80542755126953
369,9,415.5292663574219,122.04167175292969,128.96084594726562,254.35227966308594
369,7,0.0,237.92271423339844,71.02033233642578,225.6829376220703
369,6,0.24064072966575623,352.9528503417969,71.3012675344944,110.05606079101562
369,10,455.53033447265625,99.4744644165039,34.048614501953125,32.91986846923828
370,9,405.0631408691406,116.61310577392578,125.68460083007812,256.77220916748047
370,8,440.4403991699219,97.53617095947266,90.46957397460938,224.86522674560547
370,7,0.13346225023269653,238.11231994628906,56.56275814771652,222.8097686767578
371,9,400.03265380859375,113.86141204833984,110.43215942382812,256.78031158447266
371,8,438.5433349609375,97.1784896850586,84.306640625,220.9520034790039
371,7,0.12265077233314514,241.78787231445312,55.884150832891464,217.75921630859375
372,9,397.6308898925781,112.49646759033203,95.953369140625,255.22295379638672
372,8,433.7931823730469,95.44331359863281,71.55316162109375,223.06822204589844
372,7,0.08667545765638351,241.53115844726562,55.627664752304554,218.08316040039062
372,6,0.15911079943180084,326.9091491699219,54.64403556287289,132.27740478515625
373,9,397.5146484375,113.7776107788086,74.27108764648438,256.6633987426758
373,8,426.7637023925781,95.42984771728516,62.894775390625,221.5044174194336
373,6,0.06036363169550896,270.1840515136719,54.833553452044725,188.00177001953125
374,9,395.9234619140625,113.09317016601562,75.68597412109375,255.37545776367188
374,8,419.1991271972656,92.72035217285156,59.06103515625,164.5845184326172
374,6,0.1860552877187729,281.22589111328125,55.00106705725193,177.00201416015625
375,9,372.7768859863281,113.1478500366211,96.31396484375,251.86746978759766
375,8,414.1181945800781,89.07861328125,59.1773681640625,168.59384155273438
375,6,0.24813835322856903,345.97711181640625,54.00996406376362,112.58740234375
376,9,349.6358947753906,114.4406967163086,119.63720703125,251.1154556274414
376,8,406.2695007324219,88.34957122802734,62.9052734375,225.11414337158203
376,6,0.17204731702804565,361.3442077636719,54.630477249622345,97.70452880859375
377,9,333.0517272949219,118.03150939941406,135.66448974609375,247.02967834472656
377,8,395.7523498535156,88.81040954589844,65.04794311523438,128.7001190185547
377,6,0.13799551129341125,367.5691833496094,53.28481408953667,90.03863525390625
378,9,325.1123352050781,119.95039367675781,143.49200439453125,243.5655975341797
378,8,389.4335632324219,89.59310150146484,64.1185302734375,126.29505157470703
378,6,0.01792133040726185,378.07781982421875,48.65645229630172,77.00054931640625
379,9,321.38653564453125,121.23701477050781,147.279541015625,240.06675720214844
379,8,381.8967590332031,92.37203979492188,72.93655395507812,206.61508178710938
379,6,0.02865627035498619,385.65533447265625,37.53378650918603,63.974945068359375
380,8,370.8740234375,93.7211685180664,82.91751098632812,212.71904754638672
380,9,321.35028076171875,120.84954071044922,143.93008422851562,237.94110870361328
381,9,318.9100036621094,116.9793472290039,139.3189697265625,241.8225326538086
381,8,366.546630859375,95.484619140625,79.14645385742188,215.18948364257812
382,9,318.90594482421875,119.66877746582031,127.4964599609375,235.4673614501953
382,8,358.40985107421875,95.88086700439453,83.1094970703125,212.95519256591797
383,9,315.3001403808594,116.76237487792969,115.31130981445312,234.98545837402344
383,8,350.9573669433594,95.62356567382812,88.5452880859375,213.07089233398438
384,9,308.98895263671875,112.85335540771484,105.7803955078125,238.49649810791016
384,8,343.30657958984375,95.09152221679688,91.5965576171875,214.74893188476562
385,9,300.0685729980469,111.26707458496094,98.39642333984375,241.5365753173828
385,8,335.779541015625,95.26448059082031,91.68954467773438,212.37208557128906
386,9,293.5323181152344,109.11968994140625,85.308349609375,245.05035400390625
386,8,327.6214294433594,93.49272918701172,85.1470947265625,210.4866714477539
387,9,285.0095520019531,108.43373107910156,77.8150634765625,244.82432556152344
387,8,319.64239501953125,92.91947937011719,77.84823608398438,204.9269561767578
388,9,279.1463928222656,109.5242919921875,82.34738159179688,242.81570434570312
388,8,315.1672668457031,91.65986633300781,68.97808837890625,206.42759704589844
389,9,272.2809143066406,109.83270263671875,88.21261596679688,242.55450439453125
389,8,306.3388671875,90.48992156982422,65.04971313476562,208.62613677978516
390,9,258.596923828125,112.09732055664062,101.595458984375,240.29147338867188
390,8,300.7522888183594,89.44278717041016,63.5809326171875,201.34056854248047
391,9,243.2642364501953,112.83040618896484,117.79478454589844,238.55628204345703
391,8,294.0953369140625,90.22713470458984,62.600494384765625,217.40375518798828
392,9,234.9322052001953,112.40308380126953,125.00627136230469,237.94225311279297
392,8,286.87841796875,90.32050323486328,65.42727661132812,218.3646469116211
393,9,232.68617248535156,113.01547241210938,125.29356384277344,236.70071411132812
393,8,280.1400146484375,91.97465515136719,72.21807861328125,216.0259246826172
394,9,230.81436157226562,112.176513671875,124.86834716796875,238.80084228515625
394,8,274.372802734375,92.75884246826172,76.6376953125,214.72089385986328
395,8,269.3921813964844,93.97936248779297,80.62261962890625,214.4598159790039
395,9,227.929443359375,109.35799407958984,117.07672119140625,238.65906524658203
396,8,262.2536926269531,94.84081268310547,87.41122436523438,214.04810333251953
396,9,223.91493225097656,109.93156433105469,105.74394226074219,236.3886260986328
397,9,216.4439697265625,105.94338989257812,98.3468017578125,234.6229248046875
397,8,256.5299987792969,95.00328063964844,90.12368774414062,213.72071838378906
398,9,208.55548095703125,103.24195098876953,91.16470336914062,237.28145599365234
398,8,251.3170166015625,93.31224060058594,90.34597778320312,214.03831481933594
399,9,203.25485229492188,102.8729019165039,80.54257202148438,236.02880096435547
399,8,242.244873046875,92.21286010742188,88.28750610351562,213.66729736328125
400,9,195.93458557128906,103.39793395996094,74.73890686035156,236.5707550048828
400,8,236.45982360839844,91.08373260498047,79.10896301269531,209.9135513305664
401,9,187.2460174560547,104.43627166748047,84.17674255371094,234.52094268798828
401,8,228.73390197753906,89.38182830810547,76.22706604003906,206.45050811767578
402,9,180.7190399169922,105.6546401977539,90.58152770996094,231.9272689819336
402,8,221.9809112548828,88.01448822021484,68.20597839355469,205.26068878173828
403,9,166.68087768554688,108.0993881225586,102.97085571289062,227.09766387939453
403,8,217.49356079101562,86.53553009033203,64.75509643554688,207.17021942138672
404,9,148.29371643066406,107.56614685058594,121.37135314941406,226.2992706298828
404,8,210.75787353515625,87.3847885131836,64.35940551757812,203.81226348876953
405,9,137.233642578125,110.2662582397461,130.45010375976562,222.93915557861328
405,8,204.99220275878906,87.69924926757812,68.40263366699219,203.5355224609375
406,9,134.7872314453125,112.75143432617188,134.72970581054688,219.28460693359375
406,8,192.08436584472656,88.33201599121094,79.73966979980469,203.3830108642578
407,9,133.83111572265625,113.1197509765625,139.19503784179688,219.390625
407,8,183.99461364746094,90.32183837890625,87.52546691894531,201.3304443359375
408,9,132.87445068359375,113.9013900756836,123.33016967773438,216.85208892822266
408,8,173.82247924804688,91.28900146484375,96.33551025390625,199.81143188476562
409,9,124.89927673339844,112.8813247680664,121.16796875,218.2060775756836
409,8,177.40121459960938,94.4620132446289,92.80661010742188,195.2494125366211
410,9,116.52325439453125,111.71206665039062,116.45564270019531,217.07855224609375
410,8,167.4397735595703,93.71992492675781,101.52073669433594,194.5172882080078
411,9,109.45856475830078,109.3612289428711,110.40631866455078,219.6856460571289
411,8,164.3392791748047,94.22250366210938,101.62632751464844,193.33688354492188
412,9,101.56366729736328,106.4979019165039,102.50664520263672,222.74541473388672
412,8,157.10519409179688,93.19241333007812,103.4139404296875,194.49203491210938
413,9,95.59162139892578,105.39057922363281,93.08846282958984,223.37962341308594
413,8,150.9153594970703,91.96023559570312,99.28489685058594,196.03018188476562
414,9,89.73971557617188,106.20255279541016,82.43960571289062,223.27828216552734
414,8,143.3214569091797,90.63774108886719,96.80989074707031,196.62416076660156
415,9,84.46175384521484,106.15673065185547,83.25125885009766,222.39884185791016
415,8,139.0867919921875,90.47953796386719,87.3016357421875,197.7672882080078
416,9,77.8386001586914,107.57857513427734,91.27503204345703,221.55451202392578
416,8,134.2085723876953,88.27754974365234,78.01808166503906,200.70484161376953
417,9,72.4344711303711,108.81952667236328,96.59626007080078,221.2148666381836
417,8,126.66500854492188,87.66508483886719,73.43841552734375,201.4497528076172
418,9,67.84562683105469,110.83507537841797,101.32746887207031,218.86185455322266
418,8,117.9375228881836,87.40681457519531,73.00334930419922,202.02659606933594
419,9,62.16636657714844,112.80218505859375,106.70550537109375,216.65087890625
419,8,110.24479675292969,88.49784088134766,80.2227783203125,201.13121795654297
420,9,55.25724411010742,112.11610412597656,110.99545669555664,217.4690704345703
420,8,104.30549621582031,89.93439483642578,84.45867919921875,199.53853607177734
421,9,49.323768615722656,111.64613342285156,115.80518341064453,218.4192352294922
421,8,95.7933120727539,91.68604278564453,92.19397735595703,197.62154388427734
422,9,41.75603485107422,111.63975524902344,116.59500885009766,216.55812072753906
422,8,89.01487731933594,92.63545989990234,98.71516418457031,196.55329132080078
423,9,39.52989196777344,110.03609466552734,107.00936889648438,216.52347564697266
423,8,83.41089630126953,94.16463470458984,103.58478546142578,193.62696075439453
424,9,35.098575592041016,108.5155029296875,98.62177658081055,211.94741821289062
424,8,79.6178207397461,93.20416259765625,104.74886322021484,194.76611328125
425,9,29.520248413085938,107.2417984008789,91.51463317871094,211.5808334350586
425,8,75.69833374023438,93.43123626708984,102.85452270507812,195.07190704345703
426,9,23.826684951782227,105.17206573486328,84.11050987243652,213.56087493896484
426,8,70.31523895263672,92.88984680175781,98.40619659423828,193.5941619873047
427,9,16.15279769897461,103.85049438476562,80.71367263793945,212.28543090820312
427,8,65.04276275634766,92.15848541259766,92.15352630615234,190.29354095458984
428,9,11.474763870239258,104.700927734375,81.99979972839355,214.84002685546875
428,8,57.28251266479492,88.83716583251953,87.55197525024414,191.07317352294922
429,9,5.7715864181518555,105.3587417602539,87.75143909454346,213.07250213623047
429,8,51.46624755859375,88.86043548583984,83.86759948730469,188.83472442626953
430,9,1.589505910873413,107.1578140258789,91.66357636451721,209.45970916748047
430,8,44.594974517822266,89.48321533203125,82.4862174987793,189.32138061523438
431,9,0.16391192376613617,107.46893310546875,92.02657879889011,208.19570922851562
431,8,36.729496002197266,88.1152572631836,87.43947982788086,192.10645294189453
432,9,0.0,110.02810668945312,92.17874908447266,204.65841674804688
432,8,16.45496368408203,88.28018951416016,104.31587219238281,189.83550262451172
433,8,9.534249305725098,88.69784545898438,109.47170925140381,189.54257202148438
433,9,0.0,115.04241943359375,90.9634780883789,198.62896728515625
434,8,3.4392473697662354,90.03559875488281,114.74638342857361,187.18675231933594
434,9,0.021408654749393463,118.2189712524414,90.85709323734045,194.94927215576172
435,8,0.0,90.60018157958984,117.82232666015625,186.8902359008789
435,9,0.0,140.04751586914062,89.3309097290039,172.88714599609375
436,8,1.0680347681045532,92.50023651123047,116.32298696041107,182.90714263916016
436,9,0.2902796268463135,146.2455596923828,84.50455832481384,166.77037048339844
437,8,5.507626533508301,93.29093933105469,110.4301176071167,180.69602966308594
437,9,0.014497782103717327,147.3820343017578,75.11524007190019,164.7815399169922
438,8,0.41658610105514526,94.43394470214844,112.18787556886673,180.14732360839844
438,9,0.00082144740736112,151.08770751953125,63.99574913975084,160.4703369140625
439,8,0.275450199842453,95.13721466064453,107.69800713658333,179.1432113647461
439,9,0.009905839338898659,153.32591247558594,53.05609986744821,158.0968475341797
440,8,0.3671104609966278,94.97702026367188,100.43571546673775,178.25555419921875
440,9,0.0,160.01513671875,40.3182373046875,152.2117919921875
441,8,0.4204331338405609,93.52810668945312,92.17861166596413,178.37396240234375
441,9,0.005470789037644863,188.72964477539062,28.871972524560988,124.145263671875
441,4,0.05846690386533737,239.93939208984375,28.255280502140522,71.53533935546875
442,8,0.2697969973087311,91.09513092041016,81.68073400855064,179.56548309326172
442,4,0.25466209650039673,262.3250732421875,15.827039182186127,50.171051025390625
443,8,0.3000885248184204,90.66184997558594,70.73029172420502,180.29359436035156
444,8,0.0,109.62037658691406,18.34076499938965,201.0487823486328
444,9,0.0,186.8126983642578,15.343623161315918,126.87254333496094
445,8,0.011028314009308815,90.80374908447266,52.54258725605905,181.74092864990234
446,8,0.06717756390571594,94.4316177368164,51.72589799761772,178.26387786865234
447,8,0.0,119.56249237060547,51.85857391357422,153.52249908447266
448,8,0.044304586946964264,121.55319213867188,51.76908805221319,155.952392578125
449,8,0.08783619850873947,121.36454010009766,51.831009931862354,151.11852264404297
450,8,0.06343767791986465,123.67794036865234,50.96011044830084,148.27600860595703
451,8,0.02431943640112877,125.4001235961914,48.297900412231684,146.3965072631836
452,8,0.10303297638893127,135.2742462158203,43.78225526213646,136.64674377441406
453,8,0.15380710363388062,136.68052673339844,32.76856380701065,135.54661560058594
454,8,0.10256613045930862,134.1993865966797,22.953351609408855,129.71495056152344
458,11,812.4019775390625,395.4076232910156,43.26092529296875,83.88369750976562
459,11,789.308837890625,375.34759521484375,66.3724365234375,101.28460693359375
460,11,764.837646484375,352.6702575683594,90.62689208984375,125.153076171875
461,11,739.5873413085938,323.89312744140625,115.9334716796875,153.421875
462,11,716.4644775390625,244.81309509277344,138.903564453125,231.8466339111328
463,11,693.8939208984375,233.06210327148438,161.99896240234375,243.7664794921875
464,11,675.461181640625,227.6818389892578,179.4658203125,248.27134704589844
465,11,658.33984375,225.67312622070312,196.47796630859375,249.93304443359375
466,11,638.587646484375,220.09141540527344,195.2740478515625,255.11158752441406
467,11,614.5145874023438,211.4090118408203,196.05487060546875,263.66026306152344
468,11,591.4781494140625,205.76145935058594,195.03204345703125,269.2836456298828
469,11,567.6536865234375,203.4543914794922,193.4029541015625,271.58985900878906
470,11,541.9207153320312,205.17376708984375,197.18475341796875,269.943603515625
471,11,519.8215942382812,210.84945678710938,182.586669921875,264.4710388183594
472,11,495.7582702636719,220.73934936523438,177.69674682617188,254.47842407226562
473,11,471.94598388671875,230.3252716064453,179.93426513671875,245.28318786621094
474,11,450.0977478027344,238.5679931640625,161.97238159179688,237.4893798828125
475,11,429.9825134277344,245.2928924560547,134.27835083007812,230.8017120361328
476,11,399.7403259277344,248.73358154296875,131.60128784179688,227.32366943359375
477,11,367.111083984375,250.60028076171875,130.26651000976562,225.32730102539062
478,11,332.3877868652344,247.8136444091797,135.38473510742188,228.2259063720703
479,11,300.0843505859375,242.43756103515625,142.05697631835938,233.248291015625
480,11,265.23297119140625,235.64471435546875,151.16360473632812,240.13629150390625
481,11,234.62054443359375,230.1142578125,154.38265991210938,245.80230712890625
482,11,203.03724670410156,229.31541442871094,162.51954650878906,246.2144317626953
483,11,173.41835021972656,232.43881225585938,168.8584442138672,243.08712768554688
484,11,142.7655487060547,240.25572204589844,172.67527770996094,235.0612335205078
485,11,115.30703735351562,250.53285217285156,202.76583862304688,224.9635467529297
486,11,87.38243103027344,260.4715576171875,200.2520294189453,215.01620483398438
487,11,58.32069778442383,262.8171691894531,198.19938278198242,212.40713500976562
488,11,31.668155670166016,263.2437438964844,198.25506210327148,212.67666625976562
489,11,7.321188449859619,261.2298278808594,190.51870107650757,214.45513916015625
490,11,0.07783342152833939,258.3875732421875,168.4916093274951,217.54083251953125
491,11,0.0,254.731201171875,142.8837127685547,221.64663696289062
492,11,0.0,252.63307189941406,116.79844665527344,222.9918975830078
493,11,0.2694908678531647,326.75323486328125,90.86515268683434,151.80657958984375
494,11,0.15095244348049164,319.6972351074219,60.60746659338474,158.43789672851562
