0,1,781.540771484375,100.5916976928711,74.17657470703125,210.4476089477539
0,2,0.0657004863023758,167.87261962890625,141.545963332057,252.32943725585938
0,3,707.4863891601562,66.60588073730469,88.6287841796875,155.7938995361328
1,1,762.11474609375,101.84476470947266,93.72149658203125,207.36571502685547
1,2,0.0,166.74166870117188,127.46980285644531,253.4505615234375
1,3,720.39697265625,67.49666595458984,88.96478271484375,155.1700210571289
2,1,749.7266845703125,104.54692840576172,105.00274658203125,202.46741485595703
2,2,0.36488592624664307,165.82606506347656,111.38516747951508,253.9007110595703
2,3,734.1273193359375,66.58766174316406,79.05780029296875,152.2217254638672
3,1,743.1669311523438,102.98734283447266,108.4884033203125,203.7572250366211
3,2,0.41067779064178467,164.0815887451172,96.79061615467072,254.53184509277344
3,3,746.4124755859375,70.85765075683594,62.669189453125,142.1329803466797
4,1,739.7681884765625,104.2221908569336,110.39764404296875,204.66751861572266
4,2,0.19765760004520416,165.4270782470703,89.46403215825558,253.9795379638672
4,3,759.6558837890625,67.85585021972656,42.74920654296875,135.34844970703125
5,1,738.69677734375,105.07048034667969,108.36297607421875,204.31593322753906
5,2,0.0,164.5915985107422,88.68364715576172,254.5427703857422
5,3,770.2717895507812,68.14447021484375,43.91302490234375,107.79356384277344
6,1,738.7164916992188,103.50716400146484,94.551025390625,204.87799835205078
6,3,783.0574951171875,68.4642333984375,72.4857177734375,133.19374084472656
6,2,0.020255567505955696,168.1059112548828,89.08054399304092,251.27146911621094
7,1,737.335693359375,99.62730407714844,81.780029296875,209.21018981933594
7,3,803.5535278320312,69.61400604248047,52.10601806640625,129.48607635498047
7,2,0.0,176.8792724609375,88.5916976928711,242.55401611328125
8,1,737.8159790039062,95.93925476074219,74.56219482421875,213.7673797607422
8,3,808.6502685546875,68.63896179199219,47.0853271484375,129.79234313964844
8,2,0.006581783760339022,188.37567138671875,88.15391015959904,230.71902465820312
9,1,735.2103271484375,95.67208099365234,70.36541748046875,213.23914337158203
9,3,815.888916015625,69.33485412597656,39.85516357421875,134.837646484375
9,2,0.06812911480665207,188.65737915039062,87.9578108265996,230.42947387695312
10,1,725.9849243164062,94.11418914794922,71.28277587890625,215.09546661376953
10,3,831.4794921875,69.2448959350586,24.1522216796875,126.5165786743164
10,2,0.0,205.34568786621094,86.72406005859375,213.7974395751953
11,1,704.5684814453125,94.36860656738281,88.06719970703125,214.5169219970703
11,2,0.0,202.00372314453125,82.92509460449219,215.13906860351562
11,3,842.7858276367188,92.77436828613281,12.7955322265625,84.96923828125
12,1,682.4724731445312,95.38761138916016,102.11944580078125,213.65258026123047
12,2,0.0,205.0611572265625,75.32325744628906,211.22305297851562
13,1,666.52197265625,96.37637329101562,109.2900390625,212.6749267578125
13,2,0.0,206.341552734375,66.2223892211914,207.446533203125
14,1,655.7005615234375,97.15071105957031,118.63201904296875,211.9849090576172
14,4,810.6393432617188,135.8509521484375,45.002685546875,306.60833740234375
14,2,0.2055174708366394,213.52024841308594,50.807723343372345,192.10926818847656
15,1,648.1490478515625,98.0411605834961,121.86248779296875,212.0218276977539
15,2,0.12685750424861908,218.81143188476562,36.66098810732365,162.5345458984375
16,1,646.6442260742188,96.9140853881836,121.97882080078125,211.7249526977539
16,2,0.2850065529346466,222.87242126464844,32.5771150290966,165.6679229736328
16,4,809.79931640625,372.3937683105469,45.49639892578125,72.88125610351562
17,1,645.1790771484375,97.53827667236328,119.901611328125,211.4118881225586
17,2,0.06418769806623459,224.11932373046875,28.537828750908375,167.69036865234375
17,4,809.6429443359375,341.0466613769531,45.9161376953125,103.39117431640625
18,1,644.4813842773438,97.08637237548828,108.59857177734375,209.49300384521484
18,2,0.08265368640422821,228.09742736816406,25.343352630734444,163.53907775878906
18,4,809.8687133789062,323.8403015136719,45.6717529296875,121.685791015625
19,1,644.6117553710938,95.37141418457031,92.953369140625,211.7075958251953
19,2,0.03243441879749298,231.31494140625,24.30466465651989,160.6685791015625
19,4,809.8026733398438,285.9004211425781,45.78863525390625,159.47128295898438
20,1,644.2326049804688,94.84876251220703,81.29705810546875,210.6715316772461
20,2,0.0,233.4311981201172,24.097665786743164,158.6866912841797
20,4,808.7132568359375,245.0029296875,46.9605712890625,200.544189453125
21,1,644.7527465820312,91.86994934082031,68.23089599609375,213.5913543701172
21,4,808.5252685546875,233.9288787841797,47.19879150390625,211.56993103027344
21,2,0.0,243.06959533691406,24.601852416992188,148.87254333496094
22,4,807.4637451171875,153.13941955566406,48.22283935546875,291.97679138183594
22,1,639.5816650390625,91.5983657836914,70.88818359375,217.36919403076172
22,2,0.0,268.2705993652344,24.290481567382812,123.52969360351562
23,4,800.310791015625,152.448486328125,55.24847412109375,299.61572265625
23,1,620.98388671875,91.8261489868164,80.78045654296875,220.20616912841797
23,2,0.0,281.4207763671875,24.128644943237305,111.18255615234375
24,4,788.9971313476562,150.0345916748047,66.69232177734375,303.19569396972656
24,1,595.923828125,93.7155990600586,101.1595458984375,219.24304962158203
24,2,0.0,305.0043029785156,22.841394424438477,87.62405395507812
25,1,577.1395263671875,94.87725067138672,111.80316162109375,217.63959503173828
25,4,781.2230224609375,149.17349243164062,74.6544189453125,297.35296630859375
25,2,0.018612034618854523,337.1697692871094,20.958885066211224,50.850250244140625
26,4,765.6115112304688,147.7558135986328,89.97906494140625,315.2031707763672
26,1,562.8764038085938,97.25360107421875,119.90887451171875,213.04702758789062
27,4,747.671142578125,148.5612030029297,108.24639892578125,314.3927764892578
27,1,555.7501220703125,98.96432495117188,121.65228271484375,213.04107666015625
28,4,735.4315185546875,149.04254150390625,120.3135986328125,313.06414794921875
28,1,552.0753173828125,98.9919662475586,122.69659423828125,215.44232940673828
29,4,731.1895751953125,149.40591430664062,124.6068115234375,312.5224914550781
29,1,552.1863403320312,97.71310424804688,116.41412353515625,217.43081665039062
30,4,727.9518432617188,149.0095672607422,128.04815673828125,315.8457489013672
30,1,552.3811645507812,96.92323303222656,104.4732666015625,218.7386932373047
31,4,724.1232299804688,148.85675048828125,131.70819091796875,318.5806884765625
31,1,552.0619506835938,96.26010131835938,88.10498046875,219.21441650390625
32,4,722.7735595703125,149.74053955078125,132.79193115234375,317.6768798828125
32,1,552.7867431640625,95.56903076171875,69.733154296875,219.8585205078125
33,4,722.3233032226562,149.8886260986328,133.0916748046875,317.35731506347656
33,1,544.1990356445312,94.92179870605469,74.0224609375,220.90769958496094
34,4,721.8386840820312,149.57984924316406,129.74505615234375,317.8720245361328
34,1,531.7509155273438,93.79553985595703,76.86627197265625,222.05391693115234
35,4,721.6182861328125,149.17015075683594,125.62786865234375,318.8466339111328
35,1,510.56787109375,94.42543029785156,92.66058349609375,221.2367706298828
36,4,722.2062377929688,148.60452270507812,119.28448486328125,318.49395751953125
36,1,487.7362976074219,95.14521789550781,105.77865600585938,220.2821807861328
36,5,835.2437744140625,406.311767578125,20.45758056640625,72.41326904296875
37,4,720.2045288085938,148.34584045410156,115.02728271484375,318.8439178466797
37,1,465.74530029296875,96.53334045410156,122.5518798828125,219.56703186035156
37,5,826.2601928710938,396.9556884765625,29.3463134765625,82.06570434570312
38,4,709.7037353515625,148.7821044921875,119.962890625,317.4726867675781
38,1,452.8760681152344,99.44515991210938,133.43435668945312,216.83554077148438
38,5,824.5675048828125,244.8834991455078,30.7894287109375,233.66529846191406
39,4,688.4562377929688,149.78128051757812,134.81646728515625,317.2179260253906
39,1,446.7934875488281,99.81043243408203,138.65560913085938,216.36385345458984
39,5,823.0219116210938,239.06883239746094,32.34832763671875,240.14894104003906
40,4,666.4580078125,150.58795166015625,153.479248046875,316.244384765625
40,1,445.67962646484375,101.51978302001953,137.46099853515625,214.7238998413086
40,5,818.8900756835938,324.6921081542969,36.68194580078125,153.24758911132812
41,4,647.9500732421875,150.80799865722656,162.58001708984375,316.5929412841797
41,1,444.8160095214844,101.23600006103516,129.05624389648438,215.05052947998047
41,5,815.9246826171875,302.3863525390625,39.49169921875,175.72512817382812
42,4,632.585693359375,153.1627960205078,172.70184326171875,314.57102966308594
42,1,445.2638854980469,99.12759399414062,113.39004516601562,214.63494873046875
42,5,809.5433959960938,224.98439025878906,46.2454833984375,252.63975524902344
43,4,623.175048828125,155.1832275390625,176.96795654296875,313.9245300292969
43,1,440.96661376953125,98.2529525756836,98.79156494140625,215.43219757080078
43,5,805.560791015625,197.0819091796875,50.0875244140625,281.2456359863281
44,4,619.9949951171875,155.22438049316406,171.915283203125,315.5894012451172
44,1,431.81988525390625,96.61866760253906,87.67047119140625,218.32630920410156
44,5,803.0103759765625,144.59518432617188,52.71484375,328.70281982421875
45,4,616.768310546875,156.6578826904297,165.79754638671875,315.44947814941406
45,1,421.90997314453125,96.04598999023438,73.69833374023438,219.6865234375
45,5,788.971923828125,114.71065521240234,66.67626953125,362.34061431884766
46,4,616.5625610351562,156.5792999267578,155.60504150390625,316.6822967529297
46,1,414.34332275390625,95.04594421386719,68.55633544921875,223.2996368408203
46,5,781.1452026367188,115.04276275634766,74.781982421875,361.33910369873047
46,6,814.23779296875,329.3731689453125,41.19232177734375,148.78469848632812
47,4,616.1110229492188,155.44764709472656,150.6539306640625,318.03050231933594
47,1,400.99658203125,96.1666030883789,81.04327392578125,221.55730438232422
47,5,765.2921142578125,118.57023620605469,90.17919921875,361.08045959472656
48,4,616.0320434570312,154.8118438720703,144.62567138671875,319.29954528808594
48,1,376.4452819824219,95.35923767089844,106.19125366210938,223.00108337402344
48,5,745.3604736328125,118.54039764404297,109.96673583984375,359.31497955322266
48,6,793.1395874023438,282.6142883300781,62.3406982421875,194.63385009765625
49,4,615.8888549804688,154.64137268066406,136.74761962890625,318.89256286621094
49,1,355.9636535644531,98.12621307373047,123.60845947265625,217.31147003173828
49,5,755.9901123046875,121.08441162109375,98.81756591796875,356.4407653808594
50,4,616.1878051757812,153.39035034179688,128.9775390625,321.3231506347656
50,1,344.1109924316406,99.23690032958984,134.70947265625,215.32819366455078
50,5,742.1134643554688,123.64826965332031,113.88653564453125,350.28221130371094
50,6,772.0548706054688,188.27008056640625,83.39459228515625,291.2936706542969
51,4,615.3209228515625,155.12411499023438,123.7115478515625,317.7286071777344
51,1,340.2994079589844,100.51023864746094,136.93072509765625,215.0652618408203
51,5,742.225341796875,127.24398040771484,112.870361328125,344.91910552978516
52,4,608.4584350585938,154.90057373046875,123.74481201171875,319.92315673828125
52,1,339.0038757324219,99.75037384033203,134.43377685546875,216.8847885131836
52,5,748.8817749023438,184.03549194335938,106.661376953125,294.3547668457031
53,4,595.1511840820312,156.55685424804688,130.189208984375,319.8501281738281
53,1,339.3447570800781,100.19151306152344,122.1871337890625,216.9158477783203
53,6,739.4972534179688,127.75248718261719,108.28814697265625,270.2669219970703
53,5,729.1704711914062,184.79837036132812,126.35784912109375,291.89849853515625
54,4,582.03076171875,157.9025421142578,133.38470458984375,319.09690856933594
54,1,339.0591735839844,100.09464263916016,105.37139892578125,216.83296966552734
54,6,723.6818237304688,126.60174560546875,121.513671875,291.07452392578125
54,5,715.1458740234375,182.6268310546875,140.48419189453125,294.53009033203125
55,4,569.1837768554688,157.61923217773438,138.0390625,318.8940734863281
55,1,330.3198547363281,98.0049819946289,93.97128295898438,219.01195526123047
55,5,697.1815795898438,183.5331573486328,158.6031494140625,292.5223846435547
55,6,719.0059814453125,126.67353057861328,134.86285400390625,197.36739349365234
56,4,551.5859985351562,161.1001739501953,147.30987548828125,318.03089904785156
56,1,319.3193664550781,96.15423583984375,85.86123657226562,221.09695434570312
56,5,677.9848022460938,187.88623046875,177.15570068359375,287.59716796875
56,6,713.5429077148438,125.03968048095703,140.1380615234375,201.0012435913086
57,4,539.0245971679688,160.67059326171875,151.44061279296875,317.755615234375
57,1,310.81304931640625,94.18450164794922,80.0743408203125,223.32025909423828
57,5,652.4622192382812,192.77159118652344,202.14605712890625,282.94300842285156
57,6,702.1939697265625,123.4530258178711,147.70074462890625,211.55536651611328
58,4,536.6083374023438,162.43487548828125,148.9522705078125,315.9039306640625
58,1,302.283935546875,94.06449890136719,75.9686279296875,223.75364685058594
58,5,619.25,198.6232147216797,231.0821533203125,277.43727111816406
58,6,690.1468505859375,123.04354858398438,149.62188720703125,219.34375
59,4,531.0692138671875,163.77479553222656,144.31787109375,314.38475036621094
59,1,291.7021484375,95.88094329833984,85.30453491210938,221.68360137939453
59,5,610.6064453125,204.2500762939453,226.44189453125,272.35304260253906
59,6,683.0933837890625,123.02001190185547,149.387939453125,228.18360137939453
60,4,526.8106689453125,162.37045288085938,139.539306640625,315.1977844238281
60,1,269.5259094238281,97.04468536376953,106.00222778320312,221.2563705444336
60,5,589.765869140625,214.6064910888672,231.87957763671875,262.4540252685547
60,6,657.3809814453125,122.16778564453125,167.01495361328125,242.4996337890625
61,4,525.8104858398438,162.74632263183594,127.6148681640625,314.7296905517578
61,1,251.7242431640625,101.0793685913086,123.23992919921875,217.30048370361328
61,5,574.1526489257812,220.9658966064453,230.92376708984375,255.8810577392578
61,6,677.2510375976562,123.46566009521484,129.3843994140625,226.86136627197266
62,4,524.939697265625,161.42877197265625,121.48406982421875,311.822509765625
62,1,243.16111755371094,102.93701934814453,131.33018493652344,215.25191497802734
62,5,557.6300048828125,225.5130157470703,233.26251220703125,251.5996551513672
62,6,663.0831298828125,125.0318374633789,141.06915283203125,244.76033782958984
63,1,239.89459228515625,102.43202209472656,131.60513305664062,215.5082550048828
63,4,525.0526733398438,161.05892944335938,111.44342041015625,298.9382019042969
63,5,545.2742919921875,228.06455993652344,228.6353759765625,248.7683563232422
63,6,649.2578735351562,125.81472778320312,130.6134033203125,242.431884765625
64,1,238.50967407226562,102.5960464477539,126.70956420898438,214.60811614990234
64,4,520.4879150390625,161.1385498046875,103.7222900390625,292.0351867675781
64,5,539.2637329101562,230.1234130859375,214.13726806640625,247.02508544921875
64,6,639.081787109375,127.03504943847656,123.13848876953125,229.2881622314453
65,1,235.5725555419922,100.17768096923828,114.67784118652344,216.41988372802734
65,4,506.82281494140625,160.334228515625,104.39874267578125,286.1818542480469
65,5,538.3663330078125,228.69168090820312,196.7730712890625,248.71502685546875
65,6,625.1552734375,128.2485809326172,119.41912841796875,225.2953338623047
66,1,223.89724731445312,99.16496276855469,109.73309326171875,214.12525939941406
66,4,497.4811096191406,159.54209899902344,102.35079956054688,290.6240997314453
66,5,535.1040649414062,223.9586944580078,185.3280029296875,253.1384735107422
66,6,610.7568969726562,127.1316909790039,115.9283447265625,222.3332748413086
67,1,214.35890197753906,95.58856201171875,97.36701965332031,217.74557495117188
67,4,487.364013671875,159.06712341308594,97.917724609375,307.51637268066406
67,6,516.3602905273438,126.13719177246094,188.46697998046875,299.1411895751953
67,5,526.0115966796875,219.52728271484375,180.89581298828125,257.330078125
68,1,207.7752227783203,96.00301361083984,83.15480041503906,217.2667007446289
68,4,478.55889892578125,159.933837890625,92.10723876953125,312.1099853515625
68,5,515.0144653320312,215.30467224121094,190.38763427734375,261.0719757080078
68,6,583.5631103515625,124.74337768554688,106.10479736328125,224.47705078125
69,4,457.3089599609375,160.75518798828125,101.97479248046875,315.0814514160156
69,1,199.72975158691406,95.11683654785156,74.61366271972656,221.6992950439453
69,6,569.8016357421875,123.10870361328125,109.3917236328125,230.52975463867188
69,5,518.2701416015625,215.04232788085938,166.621337890625,260.7932434082031
70,1,192.90965270996094,96.13597106933594,80.56495666503906,221.3673858642578
70,4,433.8271789550781,160.30450439453125,115.60086059570312,315.8877868652344
70,6,556.2388916015625,123.82508850097656,115.54083251953125,232.17811584472656
70,5,494.754638671875,213.52113342285156,187.09783935546875,263.46434020996094
71,1,178.95909118652344,97.47783660888672,92.30690002441406,217.89441680908203
71,4,417.2547912597656,161.41619873046875,122.95510864257812,314.59808349609375
71,6,541.4225463867188,124.7583236694336,112.9947509765625,249.29618072509766
71,5,483.191162109375,215.72642517089844,168.1092529296875,261.70420837402344
72,1,158.8068084716797,101.59349822998047,112.39289855957031,211.43317413330078
72,4,410.0498962402344,162.58595275878906,119.21725463867188,314.5616912841797
72,6,526.90185546875,125.41638946533203,112.1812744140625,246.81804656982422
72,5,461.80755615234375,218.24513244628906,188.94195556640625,258.6476593017578
73,1,147.3660430908203,103.01049041748047,123.54820251464844,209.62708282470703
73,6,513.2819213867188,126.9975814819336,118.46435546875,272.0662307739258
73,4,414.2239685058594,163.97674560546875,104.45016479492188,313.6097717285156
73,5,438.3225402832031,220.3292236328125,194.51510620117188,257.06500244140625
73,7,459.1500549316406,163.34007263183594,59.309295654296875,66.47804260253906
74,1,141.88917541503906,104.52826690673828,127.22709655761719,208.24202728271484
74,6,500.2137756347656,130.666748046875,121.66818237304688,317.5867614746094
74,4,419.8716125488281,164.6116180419922,95.52822875976562,310.5409698486328
74,7,448.0079040527344,163.38673400878906,59.797882080078125,62.761260986328125
75,1,135.26869201660156,105.20082092285156,130.72349548339844,207.40638732910156
75,6,487.8131103515625,133.269287109375,123.75885009765625,330.61590576171875
75,4,402.1739196777344,224.05262756347656,161.12899780273438,252.2515411376953
75,7,428.9837341308594,161.76573181152344,90.90927124023438,161.9978790283203
76,1,125.74290466308594,104.24064636230469,130.051513671875,207.6643829345703
76,6,473.7967224121094,136.74871826171875,118.94131469726562,287.84527587890625
76,7,426.64959716796875,160.598388671875,81.5184326171875,169.80902099609375
76,4,385.5644836425781,222.77691650390625,158.46530151367188,253.91439819335938
77,1,125.85566711425781,104.40264129638672,115.61709594726562,207.77265167236328
77,6,463.8519592285156,140.43545532226562,113.04641723632812,300.47515869140625
77,7,414.5661315917969,159.00706481933594,83.30517578125,175.99278259277344
77,4,363.3971862792969,221.17967224121094,158.46444702148438,255.3786163330078
78,1,119.95283508300781,101.82374572753906,103.65470886230469,210.13648986816406
78,6,449.7930603027344,142.9033966064453,121.07308959960938,330.0679473876953
78,7,404.608642578125,158.58396911621094,83.31979370117188,200.2794647216797
78,4,342.11138916015625,217.72210693359375,150.5208740234375,259.56219482421875
79,1,108.9026870727539,102.49337005615234,97.07669830322266,209.3542251586914
79,6,436.5846252441406,143.39854431152344,117.60787963867188,328.3771514892578
79,7,393.9503479003906,158.40782165527344,80.72103881835938,204.36680603027344
79,4,321.0309753417969,214.13111877441406,149.91543579101562,263.0301971435547
80,1,96.92303466796875,100.38314819335938,88.16157531738281,211.37554931640625
80,6,421.201416015625,144.21163940429688,122.19537353515625,329.2865905761719
80,7,383.84637451171875,158.04823303222656,78.22088623046875,196.86558532714844
80,4,304.108642578125,211.84771728515625,150.36761474609375,265.1255187988281
81,1,88.26329040527344,100.372314453125,87.71263122558594,211.35235595703125
81,7,371.8831481933594,158.88661193847656,78.57290649414062,200.58570861816406
81,6,405.0325622558594,142.260986328125,124.89559936523438,330.4518127441406
81,4,287.1048278808594,208.85067749023438,149.93399047851562,268.3369445800781
82,1,84.97392272949219,101.8719482421875,90.06513977050781,210.132080078125
82,6,389.867919921875,141.9984130859375,122.8330078125,320.29901123046875
82,7,359.06842041015625,158.7928466796875,78.36953735351562,194.28256225585938
82,4,271.4063415527344,206.13246154785156,150.07485961914062,270.36680603027344
83,1,78.00448608398438,104.5525131225586,96.29425048828125,208.0815200805664
83,6,377.9124450683594,141.30636596679688,125.3487548828125,324.5091552734375
83,7,351.9786376953125,159.2615203857422,75.6435546875,216.8448028564453
83,4,251.86154174804688,204.38449096679688,159.38015747070312,273.2454528808594
84,1,69.03064727783203,105.93643188476562,105.71654510498047,206.4482421875
84,7,341.13775634765625,162.0150909423828,74.14437866210938,211.51341247558594
84,6,368.0344543457031,140.4774932861328,126.37115478515625,332.11863708496094
84,4,235.47589111328125,203.67803955078125,158.88125610351562,273.5342102050781
85,1,61.25419235229492,107.94129180908203,112.53506851196289,204.2332992553711
85,6,333.76202392578125,142.4521026611328,151.63311767578125,333.00538635253906
85,4,219.72152709960938,205.4422607421875,158.726806640625,271.0618896484375
85,7,333.8904724121094,225.3285369873047,68.14105224609375,150.2665252685547
86,1,53.80836868286133,110.37016296386719,117.82401657104492,201.7021026611328
86,6,320.4862060546875,143.32676696777344,149.50277709960938,331.4552764892578
86,7,320.4774475097656,214.93460083007812,70.41162109375,166.01303100585938
86,4,202.72085571289062,208.32334899902344,166.72946166992188,268.7023468017578
87,1,44.791603088378906,110.35663604736328,121.9110336303711,200.7197494506836
87,6,309.1237487792969,142.38717651367188,149.4610595703125,329.91876220703125
87,4,185.63926696777344,212.21250915527344,167.10133361816406,265.21800231933594
87,7,305.4250183105469,215.12318420410156,74.507568359375,170.6316680908203
88,1,37.988182067871094,109.59825897216797,117.98336029052734,201.1446304321289
88,6,294.70574951171875,144.60899353027344,154.7998046875,331.9376678466797
88,7,289.92041015625,212.1085662841797,76.46923828125,174.88316345214844
88,4,167.4357452392578,218.07582092285156,161.67884826660156,258.87623596191406
89,1,29.767051696777344,107.53907012939453,110.8362808227539,198.96343231201172
89,6,284.0447692871094,143.68629455566406,146.8748779296875,333.51673889160156
89,4,147.7698211669922,223.57379150390625,160.5340118408203,253.19070434570312
90,1,22.735179901123047,105.97201538085938,98.8657112121582,200.78750610351562
90,6,276.34588623046875,147.32907104492188,150.09585571289062,329.6262512207031
90,4,127.57678985595703,230.04348754882812,157.96575164794922,247.37417602539062
91,1,15.802770614624023,105.4393081665039,86.7061939239502,201.3829574584961
91,6,257.2381591796875,151.163818359375,154.82693481445312,325.67364501953125
91,4,109.26290893554688,234.53460693359375,159.98464965820312,242.86386108398438
92,1,8.5263032913208,105.6355972290039,80.01599407196045,204.5012435913086
92,6,243.57986450195312,151.94900512695312,154.91693115234375,325.5008544921875
92,4,86.14571380615234,237.65541076660156,207.7564468383789,238.97242736816406
93,1,1.3555234670639038,107.26703643798828,77.17674887180328,202.69103240966797
93,6,233.297607421875,154.0506591796875,152.48977661132812,321.79071044921875
93,4,68.29146575927734,237.4219207763672,173.53949737548828,238.6979217529297
94,1,0.0,109.44605255126953,74.20539093017578,199.04467010498047
94,6,220.9671173095703,153.58920288085938,145.52122497558594,322.89630126953125
94,4,46.32781982421875,238.25282287597656,203.60726928710938,237.63966369628906
95,1,0.0,112.2542953491211,69.80032348632812,193.04981231689453
95,6,206.97801208496094,150.22959899902344,136.3407745361328,325.58067321777344
95,4,28.299680709838867,238.61253356933594,183.49510383605957,236.90382385253906
96,6,195.88621520996094,151.67103576660156,144.4300994873047,324.60398864746094
96,1,0.0,119.40802001953125,63.93040466308594,185.12081909179688
96,4,8.703536987304688,235.7869873046875,161.61767578125,239.52523803710938
97,6,183.12522888183594,151.4759979248047,146.97471618652344,324.30885314941406
97,4,0.0,234.39466857910156,142.98464965820312,241.2492218017578
97,1,0.0,126.44213104248047,56.37163543701172,126.15460968017578
98,6,171.05616760253906,148.0634765625,154.7849578857422,327.1364440917969
98,1,0.0,137.20750427246094,52.765445709228516,100.0263671875
98,4,0.0,230.64654541015625,201.85552978515625,246.71273803710938
98,8,237.88983154296875,167.60501098632812,63.50079345703125,102.18621826171875
98,9,239.09046936035156,166.09536743164062,26.939346313476562,52.21180725097656
99,6,158.2688446044922,148.2327423095703,151.69090270996094,327.4795379638672
99,1,0.052605800330638885,149.83514404296875,72.49610788375139,153.8873291015625
99,10,0.0,227.62191772460938,103.27255249023438,247.09368896484375
99,8,228.1912841796875,168.1663818359375,57.385162353515625,95.41909790039062
99,4,0.1070534810423851,226.1212921142578,205.12019566446543,249.11924743652344
99,9,228.2135467529297,167.4781036376953,28.930282592773438,52.13249206542969
100,6,146.4867706298828,147.19285583496094,164.89317321777344,328.71681213378906
100,8,217.07298278808594,168.92076110839844,55.52214050292969,90.63917541503906
100,1,0.050053443759679794,157.35118103027344,32.483519706875086,80.8433837890625
100,4,0.1597970426082611,156.99244689941406,61.585079818964005,143.7913055419922
100,10,0.0,229.66937255859375,91.62869262695312,244.5284423828125
101,6,134.0080108642578,145.2506103515625,172.63465881347656,329.1735534667969
101,1,0.2694092392921448,157.92921447753906,46.77537149190903,141.7000274658203
101,8,207.34219360351562,170.9393768310547,52.424163818359375,92.23674011230469
101,11,1.288942813873291,227.03668212890625,160.72417974472046,251.76113891601562
101,10,0.26671531796455383,233.98899841308594,78.31796333193779,241.5529022216797
102,6,122.54666900634766,147.6986846923828,185.50157928466797,327.5455780029297
102,8,194.80084228515625,168.5627899169922,58.40606689453125,95.74195861816406
102,10,0.0,246.27822875976562,67.43023681640625,229.17071533203125
102,11,1.6177667379379272,246.2566375732422,149.0534063577652,231.5787811279297
103,6,110.28861236572266,147.6646728515625,212.59920501708984,328.4242248535156
103,10,0.0,261.7273254394531,52.442176818847656,215.7899169921875
103,8,182.47337341308594,168.8446502685547,68.19172668457031,103.36042785644531
104,6,96.42603302001953,151.02853393554688,195.24504852294922,325.8102111816406
104,10,0.14594978094100952,289.45172119140625,43.36345726251602,187.9163818359375
104,8,168.8711700439453,167.32302856445312,79.39237976074219,105.59686279296875
104,2,0.18427464365959167,288.23883056640625,40.97279551625252,100.25515747070312
105,6,85.0540771484375,150.17095947265625,212.93026733398438,325.8387756347656
105,2,0.10864024609327316,289.2702331542969,33.07816166430712,186.8372802734375
105,8,157.18121337890625,166.93850708007812,76.92100524902344,100.8690185546875
106,6,68.39928436279297,154.80462646484375,203.14005279541016,320.9859619140625
106,8,146.0194549560547,165.74496459960938,116.27604675292969,146.92913818359375
107,6,55.93416213989258,157.3135528564453,200.0723991394043,318.2748260498047
107,8,132.99713134765625,161.0697021484375,129.41375732421875,290.84234619140625
108,6,47.008323669433594,157.77967834472656,196.0195083618164,319.9010772705078
108,8,121.5345230102539,168.81845092773438,123.28516387939453,217.9307861328125
109,6,35.08941650390625,155.4005126953125,177.14984130859375,321.31597900390625
109,8,109.55341339111328,168.0202178955078,137.11743927001953,303.9564971923828
110,6,26.08576774597168,154.45068359375,166.49051094055176,323.05816650390625
110,8,100.00599670410156,164.78550720214844,149.70761108398438,311.7423858642578
110,10,0.28952449560165405,314.1499328613281,80.52775150537491,163.38107299804688
111,8,80.66668701171875,164.09158325195312,167.9376983642578,312.4403381347656
111,6,13.486457824707031,153.4048309326172,143.7988052368164,321.84461975097656
111,10,0.056683700531721115,313.10333251953125,21.793526489287615,42.247314453125
112,6,1.775321364402771,152.0577850341797,151.9652944803238,326.16746520996094
112,8,75.89690399169922,173.8872833251953,175.83367156982422,301.5637969970703
112,11,75.00914001464844,178.48548889160156,147.49205017089844,192.3037567138672
113,8,68.5011215209961,175.2074737548828,182.08548736572266,301.31056213378906
113,6,0.0,152.4302215576172,123.1866455078125,323.8083038330078
114,8,63.25446319580078,178.2471923828125,187.61333465576172,298.5258483886719
114,6,0.3407782316207886,153.1746368408203,124.69211208820343,324.1521453857422
115,8,55.700103759765625,175.6609344482422,191.35960388183594,301.3700714111328
115,6,0.2530058026313782,156.8464813232422,128.76464861631393,319.6184844970703
116,8,46.69348907470703,177.8179168701172,194.20342254638672,299.19908142089844
116,6,0.010219622403383255,161.28250122070312,124.32485575601459,315.5484313964844
117,8,3.137286424636841,179.4889373779297,227.3989074230194,297.05516052246094
117,6,0.3986724317073822,173.57528686523438,111.01905980706215,303.56787109375
118,8,0.9808082580566406,185.4250946044922,216.75349044799805,291.55564880371094
119,8,0.3505488634109497,183.6929473876953,196.8126744031906,293.2473907470703
120,8,0.39211103320121765,183.11416625976562,180.31305864453316,293.31939697265625
121,8,0.5858910083770752,182.4676513671875,150.36662364006042,292.8018798828125
122,8,1.2101502418518066,179.9963836669922,136.43660879135132,297.2015838623047
123,8,0.0,170.92465209960938,129.22384643554688,309.0753479003906
123,2,0.0,233.4698944091797,77.99027252197266,242.78245544433594
124,8,0.6872402429580688,176.1769256591797,128.26367223262787,303.4344940185547
124,2,0.0,239.75816345214844,73.67070007324219,233.84837341308594
125,8,0.40236636996269226,185.1954803466797,128.71045711636543,294.1957244873047
125,2,0.0,243.4184112548828,64.19805908203125,232.78257751464844
126,8,1.1734095811843872,204.56622314453125,128.79309737682343,274.75799560546875
127,2,0.5375531315803528,200.5330047607422,49.543451964855194,275.6516876220703
127,8,0.5562015175819397,217.8334503173828,128.07091945409775,258.45530700683594
128,8,0.1292988806962967,241.9342498779297,127.08869580924511,234.6388702392578
128,2,0.3064917325973511,237.337646484375,48.94501507282257,240.65524291992188
129,8,0.4103461503982544,241.9190216064453,125.95624625682831,234.73045349121094
130,8,0.3125326931476593,248.11000061035156,126.50587245821953,229.5829315185547
131,8,0.033908940851688385,250.40858459472656,116.58990087360144,227.2906951904297
132,8,0.0,261.68402099609375,101.9919204711914,215.91989135742188
133,8,0.0,266.0912780761719,82.98993682861328,211.54226684570312
134,8,0.08413968980312347,269.0443420410156,66.96167482435703,209.68096923828125
135,8,0.0,267.11749267578125,26.520109176635742,210.93356323242188
136,8,0.1005660817027092,291.6913757324219,30.92260629683733,185.97763061523438
137,8,0.18858341872692108,301.26904296875,30.71352954208851,177.30389404296875
138,8,0.07476064562797546,397.6394958496094,31.98628595471382,81.6168212890625
291,12,830.7606201171875,189.60089111328125,25.2393798828125,128.82058715820312
292,12,815.5282592773438,184.07077026367188,40.02886962890625,131.73086547851562
293,13,808.5923461914062,243.10592651367188,46.91571044921875,72.04464721679688
293,12,808.5628662109375,174.68173217773438,47.02606201171875,140.828125
294,12,802.8619384765625,168.64141845703125,52.784912109375,147.35293579101562
295,12,794.9635620117188,154.99069213867188,60.57855224609375,163.91629028320312
296,12,793.889892578125,137.46412658691406,61.7054443359375,181.97142028808594
297,12,792.922607421875,105.80538940429688,62.7247314453125,214.397705078125
298,12,792.9163818359375,101.6366195678711,62.65582275390625,217.69303131103516
299,12,793.11328125,100.15375518798828,62.4615478515625,218.9735336303711
300,12,793.4595947265625,99.3283920288086,61.96533203125,219.8606948852539
301,12,790.1670532226562,98.47312927246094,65.3173828125,220.44300842285156
302,12,781.1878662109375,98.28186798095703,74.17413330078125,221.07250213623047
303,12,766.0132446289062,97.91170501708984,89.06951904296875,221.31546783447266
304,12,746.6640625,98.62284851074219,103.5086669921875,220.3878936767578
305,12,729.2938232421875,99.4350357055664,113.5028076171875,219.46614837646484
305,14,816.4178466796875,402.0479736328125,39.214599609375,76.78753662109375
306,12,717.2125244140625,100.19074249267578,119.85809326171875,218.4328842163086
306,14,805.347900390625,341.99822998046875,50.39068603515625,137.08737182617188
307,12,710.8461303710938,100.4288558959961,120.89306640625,219.10221099853516
307,14,798.7719116210938,310.4004821777344,56.95233154296875,168.152587890625
308,12,708.4639282226562,100.44268035888672,118.79931640625,218.8439712524414
308,14,793.3884887695312,218.04623413085938,62.25970458984375,259.4146728515625
309,12,704.8954467773438,99.8063735961914,120.458251953125,218.85411834716797
309,14,792.8167114257812,189.7928009033203,62.6279296875,287.57078552246094
310,12,704.7588500976562,98.5069580078125,111.54608154296875,218.51388549804688
310,14,773.2503051757812,188.06483459472656,82.16632080078125,288.94822692871094
311,12,704.4157104492188,96.40789794921875,93.8109130859375,214.9014892578125
311,14,753.23583984375,185.22314453125,102.14111328125,292.1730041503906
312,12,704.5147705078125,95.40666961669922,88.9058837890625,216.45832061767578
312,14,736.9442138671875,184.51754760742188,118.51531982421875,292.1700439453125
313,12,703.796630859375,93.5703125,83.67608642578125,218.28634643554688
313,14,723.2420043945312,185.37864685058594,132.08367919921875,291.0616912841797
314,12,704.442138671875,92.99935913085938,81.59698486328125,218.39559936523438
314,13,828.43896484375,175.76345825195312,27.198486328125,294.61468505859375
314,14,718.499755859375,187.44027709960938,136.87109375,289.3858642578125
315,12,704.6622314453125,92.27171325683594,73.87548828125,221.08009338378906
315,13,826.8055419921875,177.18833923339844,29.138427734375,294.47377014160156
315,14,711.8484497070312,188.47784423828125,143.548583984375,287.9819641113281
316,12,702.1057739257812,91.94831848144531,73.591552734375,222.35472106933594
316,14,707.0457763671875,191.99400329589844,147.6527099609375,283.94740295410156
316,13,819.96044921875,171.55783081054688,35.7005615234375,132.17611694335938
317,12,694.7581787109375,91.7258071899414,77.03131103515625,226.17321014404297
317,14,694.54443359375,193.97816467285156,127.33990478515625,282.08872985839844
317,13,808.8275756835938,173.04287719726562,46.76806640625,158.381591796875
318,12,677.7978515625,93.2830810546875,82.3223876953125,227.89248657226562
318,13,799.9491577148438,172.14901733398438,55.68975830078125,207.98965454101562
318,14,680.2957763671875,195.84825134277344,125.9222412109375,281.48716735839844
319,12,660.3740234375,94.50038146972656,95.60888671875,228.8057403564453
319,13,789.086181640625,168.96656799316406,66.587646484375,209.0945587158203
319,14,661.1810302734375,190.4608154296875,182.2327880859375,287.5846862792969
319,15,839.5677490234375,133.89498901367188,16.00482177734375,90.28044128417969
320,12,648.0753173828125,94.66675567626953,100.4132080078125,226.27727508544922
320,13,780.9915771484375,166.4303436279297,74.65216064453125,209.5872344970703
320,14,652.080810546875,188.7735595703125,168.8759765625,288.8631286621094
320,15,835.1904296875,128.2196044921875,20.4117431640625,112.38726806640625
321,13,744.2814331054688,165.59222412109375,110.8604736328125,312.1086120605469
321,12,639.6513671875,94.78092956542969,105.827880859375,226.54212951660156
321,14,640.1292114257812,186.9840850830078,169.62774658203125,291.24436950683594
321,15,828.0723266601562,127.39778900146484,27.53643798828125,119.30359649658203
322,13,741.4677734375,161.7467041015625,111.95489501953125,316.0976867675781
322,12,673.2035522460938,97.55489349365234,60.92938232421875,141.75447845458984
322,14,625.4891967773438,185.1557159423828,122.66387939453125,290.7770538330078
322,15,818.6082763671875,128.1775360107422,37.011962890625,119.49906921386719
323,13,705.5203857421875,161.64646911621094,142.64422607421875,316.69847106933594
323,12,666.81103515625,97.77915954589844,60.81414794921875,145.5489501953125
323,14,606.8335571289062,183.37069702148438,131.22479248046875,291.8335266113281
323,15,812.947021484375,128.88720703125,42.48077392578125,154.2021484375
324,13,686.3043823242188,162.64768981933594,154.13238525390625,315.52333068847656
324,12,659.09228515625,97.5146484375,68.39306640625,144.15509033203125
324,15,803.2213745117188,130.7025909423828,52.003662109375,152.1880645751953
324,14,588.3375854492188,180.25042724609375,141.77490234375,295.9434814453125
325,13,676.0703125,161.54241943359375,156.62176513671875,317.8752746582031
325,12,653.535400390625,96.9610595703125,65.46484375,151.9656982421875
325,15,796.8843994140625,133.43409729003906,58.09130859375,154.88978576660156
325,14,574.840087890625,178.50259399414062,142.47174072265625,296.65777587890625
326,13,669.06787109375,164.13153076171875,153.86383056640625,312.3494567871094
326,12,644.9334106445312,96.06380462646484,65.55908203125,149.56685638427734
326,14,563.3363647460938,177.1400909423828,146.8214111328125,299.4978790283203
326,15,793.8286743164062,133.50218200683594,59.87176513671875,149.85609436035156
327,13,653.1216430664062,162.76162719726562,163.55242919921875,314.9488525390625
327,12,637.4674072265625,95.43347930908203,65.65869140625,157.5002670288086
327,14,549.5519409179688,176.54336547851562,145.9862060546875,299.9585266113281
327,15,784.8685302734375,132.91287231445312,59.49609375,151.42782592773438
328,13,650.7214965820312,166.36541748046875,156.7880859375,310.7880554199219
328,12,632.4695434570312,93.6412353515625,60.5867919921875,165.16378784179688
328,15,777.9443359375,132.06739807128906,59.71417236328125,155.8321075439453
328,14,531.8843994140625,176.1006622314453,154.14117431640625,300.1762237548828
329,13,649.1066284179688,167.2662353515625,150.97149658203125,309.63482666015625
329,12,627.2052612304688,94.30460357666016,62.68426513671875,202.83748626708984
329,15,770.0006713867188,130.31100463867188,56.712158203125,160.62319946289062
329,14,516.3321533203125,175.8173065185547,140.50897216796875,299.52659606933594
330,13,649.13671875,165.73828125,144.7333984375,314.26171875
330,12,620.53369140625,93.28404998779297,62.19622802734375,210.86591339111328
330,15,757.1253662109375,127.80115509033203,62.36456298828125,164.6830062866211
330,14,504.3122253417969,175.8941650390625,142.51748657226562,298.3157958984375
331,13,649.959716796875,168.4315948486328,141.2559814453125,309.3433074951172
331,12,608.64013671875,93.87037658691406,69.38616943359375,206.56898498535156
331,15,743.13427734375,125.05193328857422,64.36602783203125,160.7394790649414
331,14,494.7027893066406,175.16213989257812,134.15420532226562,299.48944091796875
332,12,595.56005859375,94.28742218017578,78.2259521484375,227.9872055053711
332,13,649.081787109375,161.8809356689453,135.95318603515625,315.12001037597656
332,15,736.8098754882812,123.8326187133789,63.38055419921875,167.18602752685547
332,14,484.1924133300781,171.01905822753906,131.64804077148438,304.07823181152344
333,13,649.3054809570312,163.02113342285156,122.76947021484375,316.08201599121094
333,12,591.2616577148438,94.70159149169922,76.7698974609375,230.2347183227539
333,15,731.91748046875,123.09192657470703,57.54205322265625,161.9220199584961
333,14,477.39703369140625,168.4716796875,127.75634765625,306.6441345214844
334,13,648.06640625,162.55247497558594,109.7091064453125,315.18907165527344
334,12,585.8493041992188,95.37154388427734,79.961181640625,229.88648223876953
334,15,727.2427368164062,123.45048522949219,58.38519287109375,161.53623962402344
334,14,467.4068603515625,165.69105529785156,123.22552490234375,309.4320526123047
335,13,644.4520874023438,159.59713745117188,105.442626953125,319.4383850097656
335,12,574.553466796875,95.54014587402344,86.1580810546875,227.9941864013672
335,15,720.61376953125,125.40550994873047,58.69537353515625,162.31446075439453
335,14,457.0761413574219,162.43209838867188,121.02871704101562,312.17254638671875
336,13,638.4906005859375,159.8070526123047,103.79559326171875,318.87916564941406
336,12,563.2409057617188,97.21519470214844,96.01495361328125,216.61012268066406
336,14,444.1986083984375,159.62017822265625,122.67083740234375,316.20849609375
336,15,711.530517578125,127.54935455322266,59.96124267578125,158.87584686279297
337,13,628.4083251953125,157.78558349609375,105.67572021484375,317.665283203125
337,12,557.8499145507812,95.45501708984375,97.19921875,215.3424072265625
337,14,430.5380859375,156.90101623535156,129.013916015625,319.3402862548828
337,15,704.4962768554688,129.8621063232422,61.47467041015625,156.00953674316406
338,13,622.0103149414062,161.29991149902344,105.5513916015625,318.3239288330078
338,12,548.9039916992188,95.67222595214844,99.1571044921875,218.3187713623047
338,15,695.6205444335938,131.27682495117188,64.1727294921875,203.13662719726562
338,14,420.54718017578125,155.97850036621094,124.67388916015625,320.2917022705078
339,13,600.1010131835938,159.87110900878906,120.27471923828125,319.56861877441406
339,12,551.0648803710938,94.34754180908203,86.726318359375,212.29436492919922
339,14,410.10589599609375,156.45689392089844,123.8116455078125,319.29698181152344
339,15,686.2576904296875,130.42404174804688,59.189453125,151.96798706054688
340,13,577.3963012695312,162.36865234375,132.91943359375,315.3847961425781
340,12,548.223876953125,94.58863067626953,79.2703857421875,215.4594955444336
340,14,399.8443908691406,158.158447265625,124.02554321289062,317.66461181640625
340,15,677.7918090820312,128.0006561279297,59.53753662109375,153.45713806152344
341,13,565.3544311523438,163.5258026123047,137.76708984375,313.1703643798828
341,12,543.7738647460938,91.99241638183594,70.73480224609375,221.9704132080078
341,14,389.82281494140625,159.72998046875,125.88812255859375,316.31475830078125
341,15,670.06591796875,126.64976501464844,59.60626220703125,155.8838348388672
342,13,560.4495849609375,168.00660705566406,139.8070068359375,307.0459442138672
342,12,535.8895874023438,90.18508911132812,67.11651611328125,225.71878051757812
342,14,380.07147216796875,159.77719116210938,125.8970947265625,316.6333923339844
342,15,660.4739990234375,123.95498657226562,62.94219970703125,152.58248901367188
343,13,560.805908203125,171.94345092773438,138.05975341796875,305.34710693359375
343,12,524.9729614257812,91.31546020507812,63.436279296875,226.19210815429688
343,14,368.55975341796875,160.0745849609375,126.275146484375,316.20654296875
343,15,650.62451171875,122.26708984375,61.162353515625,172.95965576171875
344,13,560.8881225585938,174.1198272705078,135.1715087890625,303.36436462402344
344,12,514.22607421875,89.82852172851562,69.50372314453125,235.27542114257812
344,14,356.5365905761719,159.30368041992188,126.2657470703125,316.9164733886719
344,15,626.3856201171875,121.88015747070312,74.2169189453125,178.84982299804688
345,13,560.115478515625,172.197509765625,132.47119140625,301.8923034667969
345,12,505.8525085449219,90.34159088134766,65.88516235351562,234.29399871826172
345,14,344.9884948730469,158.09512329101562,122.64837646484375,318.3777770996094
345,15,619.04443359375,121.75885009765625,73.468994140625,180.8795166015625
346,12,497.89007568359375,90.14739990234375,70.7794189453125,235.1534423828125
346,13,555.3126831054688,172.20509338378906,125.12548828125,306.0047149658203
346,15,610.9055786132812,122.13671875,78.48876953125,229.29388427734375
346,14,333.3976135253906,157.13955688476562,120.58709716796875,318.5305480957031
347,12,482.58038330078125,92.57191467285156,86.12359619140625,230.82566833496094
347,13,548.6875610351562,172.5776824951172,117.47259521484375,305.82582092285156
347,15,601.1107177734375,124.72400665283203,89.36358642578125,228.86675262451172
347,14,321.1570129394531,155.80633544921875,116.56069946289062,321.0467224121094
348,12,467.2729187011719,94.02174377441406,99.84158325195312,230.0681915283203
348,13,538.2630004882812,169.9849090576172,113.2720947265625,306.1050567626953
348,15,596.9798583984375,127.49520111083984,90.62811279296875,228.9401626586914
348,14,309.50360107421875,153.10609436035156,116.8358154296875,325.6894989013672
349,12,458.3688049316406,94.93036651611328,104.81204223632812,230.23104095458984
349,13,532.0427856445312,166.81838989257812,100.6595458984375,310.23406982421875
349,14,299.00201416015625,154.9622039794922,115.16293334960938,321.9562225341797
349,15,589.2567138671875,126.65049743652344,94.4873046875,230.2761993408203
350,12,452.4587097167969,94.7195816040039,104.41140747070312,231.45220184326172
350,13,526.49462890625,160.65280151367188,106.9173583984375,313.8453063964844
350,14,288.3463134765625,152.13377380371094,116.46337890625,326.09034729003906
350,15,581.112548828125,126.57876586914062,97.27728271484375,230.51260375976562
351,13,515.9591674804688,162.84432983398438,100.6197509765625,314.64263916015625
351,12,445.4576416015625,95.10822296142578,104.8603515625,233.05034637451172
351,14,276.07952880859375,153.60507202148438,117.5755615234375,322.8099060058594
351,15,573.9281005859375,125.26100158691406,88.6363525390625,231.83030700683594
352,13,501.6817932128906,165.020751953125,108.49942016601562,312.67169189453125
352,12,438.41357421875,94.55960083007812,102.373779296875,233.07464599609375
352,14,262.2550964355469,154.7044677734375,120.80776977539062,321.9335021972656
352,15,561.543701171875,123.05648040771484,67.6346435546875,158.27045440673828
353,13,486.2615661621094,164.69656372070312,121.90133666992188,310.9190368652344
353,12,437.9839782714844,94.32972717285156,93.30020141601562,232.93824768066406
353,14,248.2337188720703,157.7736053466797,123.91752624511719,318.64207458496094
353,15,550.1048583984375,122.09471893310547,69.433837890625,158.55924224853516
354,13,475.2073059082031,165.67752075195312,133.52249145507812,310.5590515136719
354,12,439.00299072265625,93.01123046875,82.0916748046875,234.61648559570312
354,14,235.65426635742188,164.21517944335938,127.5694580078125,312.1199951171875
354,15,535.54736328125,120.7365493774414,76.88360595703125,159.8265609741211
355,13,471.5942687988281,165.70663452148438,136.23904418945312,309.9161071777344
355,12,438.2515869140625,91.699462890625,73.80535888671875,236.3214111328125
355,14,226.6558837890625,171.12147521972656,125.33859252929688,305.1464080810547
355,15,529.2250366210938,121.8703384399414,78.03619384765625,165.27266693115234
356,13,468.1502990722656,166.6300048828125,139.07144165039062,307.9605712890625
356,12,435.1600036621094,90.4057388305664,62.0069580078125,237.18212127685547
356,15,519.6448364257812,120.92481994628906,82.3216552734375,224.4347381591797
356,14,219.96844482421875,176.0402069091797,121.157470703125,300.5626983642578
357,13,461.2734375,162.85418701171875,141.22576904296875,311.8321533203125
357,12,429.18621826171875,90.5344467163086,59.914520263671875,237.12454986572266
357,15,522.3631591796875,123.19475555419922,79.09185791015625,225.30631256103516
357,14,217.4662322998047,178.15809631347656,115.70143127441406,297.9200897216797
358,13,450.13348388671875,162.90611267089844,144.145751953125,311.0309600830078
358,12,422.212890625,91.12069702148438,58.73309326171875,221.37368774414062
358,14,213.25799560546875,182.0805206298828,108.07171630859375,293.8325958251953
358,15,514.4525146484375,125.92682647705078,82.84930419921875,223.9045639038086
359,12,414.8916931152344,90.61294555664062,61.35748291015625,224.56295776367188
359,13,444.8131408691406,165.28480529785156,133.95590209960938,306.5286102294922
359,14,203.63287353515625,178.9116973876953,109.94354248046875,297.8341522216797
359,15,505.7869873046875,128.1668243408203,89.37359619140625,222.3057098388672
360,12,398.9048767089844,91.65464782714844,72.92950439453125,222.09690856933594
360,13,436.4969177246094,163.18309020996094,126.61373901367188,308.0238494873047
360,14,194.23825073242188,175.93771362304688,116.7880859375,300.37713623046875
360,15,495.05029296875,130.4108123779297,97.93023681640625,221.12876892089844
361,12,382.4830322265625,92.58219909667969,84.96160888671875,219.98191833496094
361,14,182.3763885498047,172.7500457763672,126.62077331542969,304.5124969482422
361,13,428.1540222167969,160.76300048828125,117.70730590820312,310.9291076660156
361,15,483.7982482910156,134.10508728027344,102.56210327148438,215.96665954589844
362,12,363.5213623046875,93.17414093017578,98.88619995117188,217.16259002685547
362,14,171.23292541503906,168.45852661132812,137.3264617919922,308.2606201171875
362,13,421.8145751953125,161.77003479003906,110.78533935546875,309.8631134033203
362,15,472.3424377441406,133.75537109375,101.75131225585938,216.26834106445312
363,12,355.7994384765625,94.37788391113281,98.900390625,217.2367706298828
363,14,160.6890106201172,168.90757751464844,147.8374481201172,308.0542449951172
363,13,414.7055969238281,159.9726104736328,109.46902465820312,312.07582092285156
363,15,462.0487976074219,135.31201171875,101.15377807617188,207.22470092773438
364,12,352.9385986328125,94.83869934082031,93.16799926757812,216.93946838378906
364,13,407.9532165527344,159.15203857421875,108.96694946289062,312.9749755859375
364,14,149.92591857910156,168.3491973876953,155.40354919433594,308.1672821044922
364,15,453.5887145996094,137.24420166015625,93.07369995117188,207.11517333984375
365,12,351.2177429199219,94.41759490966797,86.83251953125,217.41242218017578
365,13,401.6766052246094,159.158935546875,114.35574340820312,312.9194030761719
365,14,141.81558227539062,168.45860290527344,160.60079956054688,307.2646942138672
365,15,442.23272705078125,136.91192626953125,86.86248779296875,211.8660888671875
366,12,349.676025390625,92.79076385498047,78.59967041015625,220.27820587158203
366,13,393.61114501953125,161.09425354003906,122.144287109375,310.16465759277344
366,14,133.98162841796875,170.9452362060547,163.20318603515625,305.39256286621094
366,15,432.4849548339844,136.30615234375,86.17568969726562,232.13693237304688
367,12,348.787841796875,92.05856323242188,75.16262817382812,220.91940307617188
367,13,387.227294921875,162.49081420898438,128.89959716796875,308.3068542480469
367,14,125.73040008544922,173.5149688720703,168.4847183227539,302.2373504638672
367,15,423.82672119140625,135.4761199951172,91.62762451171875,234.0707244873047
368,12,349.14776611328125,90.78643035888672,59.0767822265625,221.98737335205078
368,13,375.6916809082031,166.02442932128906,138.81802368164062,303.6235809326172
368,14,117.18975830078125,175.05548095703125,172.33392333984375,300.50079345703125
368,15,415.7473449707031,134.94883728027344,94.88607788085938,233.6772918701172
369,12,347.49615478515625,88.77535247802734,56.484619140625,224.83466339111328
369,13,364.882080078125,166.4846954345703,148.7779541015625,301.76792907714844
369,14,109.51476287841797,175.44544982910156,169.7861099243164,300.54856872558594
369,15,405.8057556152344,133.7186279296875,100.41708374023438,236.63580322265625
370,12,344.5207214355469,89.27381134033203,50.90753173828125,222.55486297607422
370,13,359.5106506347656,170.09808349609375,152.3299560546875,296.35821533203125
370,14,102.81173706054688,176.15206909179688,166.23675537109375,299.3453674316406
370,15,396.4824523925781,134.27890014648438,109.71533203125,235.44265747070312
371,12,336.5661926269531,87.67011260986328,51.436920166015625,211.58184051513672
371,13,345.4000549316406,170.9551544189453,164.9993896484375,294.3545379638672
371,14,95.27235412597656,175.0897674560547,169.1160125732422,300.8640594482422
371,15,387.20068359375,133.5989990234375,115.55227661132812,235.62734985351562
372,12,327.0475769042969,88.04596710205078,55.490386962890625,215.24886322021484
372,14,88.80992889404297,174.51007080078125,166.89562225341797,301.0839538574219
372,13,338.44091796875,172.76763916015625,167.5162353515625,288.8683776855469
372,15,381.4394226074219,133.19142150878906,114.44400024414062,236.57530212402344
373,13,334.2288513183594,160.04637145996094,159.056396484375,299.3380889892578
373,14,81.44686126708984,171.78741455078125,161.64075469970703,303.9439697265625
373,12,318.5572204589844,88.2088851928711,58.660064697265625,219.2515640258789
373,15,371.5491027832031,133.03094482421875,115.3450927734375,235.55691528320312
374,13,326.27252197265625,176.47225952148438,151.57232666015625,273.2148132324219
374,14,74.37765502929688,170.2633819580078,153.2021484375,305.06007385253906
374,12,310.1448059082031,88.15377807617188,57.812713623046875,225.61154174804688
374,15,361.6277160644531,131.90447998046875,109.70465087890625,236.60250854492188
375,14,67.16761016845703,170.9166717529297,143.00435638427734,304.8245391845703
375,13,316.40631103515625,167.5492706298828,141.05926513671875,275.15330505371094
375,12,294.82305908203125,89.97171020507812,64.18255615234375,224.9188232421875
375,15,352.9839782714844,132.19728088378906,103.76522827148438,235.0624542236328
376,13,314.7001647949219,168.11300659179688,119.33523559570312,271.2390441894531
376,14,60.73004913330078,171.5685272216797,133.0733871459961,304.6416778564453
376,12,278.0767822265625,91.7486801147461,75.21194458007812,219.17597198486328
376,15,344.83807373046875,129.46282958984375,93.694580078125,240.8907470703125
377,13,303.174560546875,160.35781860351562,103.576904296875,275.62847900390625
377,14,55.563087463378906,170.69235229492188,131.65616607666016,305.121826171875
377,12,268.6000671386719,91.69009399414062,77.4615478515625,219.789794921875
377,15,337.8830871582031,128.6426544189453,84.84539794921875,237.66505432128906
378,13,298.4117126464844,160.75804138183594,107.47894287109375,271.5623321533203
378,14,49.551780700683594,173.88088989257812,139.04283905029297,302.5830383300781
378,12,266.8280944824219,93.684326171875,68.772216796875,217.96865844726562
378,15,328.0161437988281,127.12100982666016,90.16403198242188,235.81841278076172
379,13,284.8912353515625,162.71202087402344,120.85690307617188,268.39317321777344
379,14,44.07788848876953,178.67181396484375,140.63265228271484,297.72650146484375
379,12,268.64404296875,94.05155944824219,59.764892578125,217.50770568847656
379,15,325.35614013671875,127.64766693115234,91.08700561523438,235.31375885009766
380,13,273.8469543457031,153.72836303710938,132.73013305664062,276.38330078125
380,14,39.25637435913086,183.42062377929688,141.29872512817383,292.31732177734375
380,12,267.89520263671875,94.52738189697266,52.42816162109375,219.99767303466797
380,15,319.1077880859375,129.6486358642578,97.18548583984375,233.25709533691406
381,13,269.45050048828125,161.04934692382812,135.9000244140625,269.17279052734375
381,14,32.994930267333984,187.78846740722656,145.97888565063477,288.7543182373047
381,12,265.97381591796875,92.8756332397461,49.540740966796875,219.0510025024414
381,15,311.4021301269531,131.04168701171875,103.7423095703125,233.09304809570312
382,13,264.0924377441406,161.1715545654297,139.43344116210938,268.1521759033203
382,14,28.419897079467773,193.1641845703125,140.69585609436035,283.022705078125
382,12,261.1343078613281,92.56188201904297,46.54827880859375,200.87870025634766
382,15,302.7889404296875,132.53689575195312,109.96841430664062,230.24249267578125
383,13,254.6030731201172,165.3944549560547,148.42140197753906,262.7264862060547
383,14,23.944936752319336,196.37783813476562,140.03370094299316,279.6158752441406
383,12,257.7360534667969,92.43402099609375,44.63824462890625,169.71295166015625
383,15,291.71429443359375,133.76597595214844,115.64468383789062,230.28904724121094
384,14,16.55780792236328,197.26634216308594,150.0795669555664,278.3950958251953
384,13,249.0942840576172,164.66615295410156,147.4060821533203,262.8133087158203
384,15,286.73004150390625,133.5300750732422,111.54513549804688,230.1995391845703
384,12,248.7359161376953,91.17523956298828,49.82225036621094,154.60811614990234
385,13,238.22216796875,163.86468505859375,144.46475219726562,258.18017578125
385,14,11.274896621704102,196.2350616455078,142.6061305999756,280.74143981933594
385,15,276.2914733886719,133.7792510986328,106.54498291015625,225.16001892089844
385,12,242.84112548828125,89.00016784667969,51.20953369140625,147.4550323486328
386,14,5.981167793273926,193.605224609375,131.10629558563232,282.850830078125
386,13,231.3537139892578,162.1082763671875,135.7438507080078,254.9730224609375
386,12,235.4171142578125,89.53562927246094,78.33859252929688,143.10658264160156
386,15,239.23216247558594,106.65520477294922,131.0185089111328,247.90592193603516
387,14,2.643075942993164,191.4423065185547,125.73702049255371,284.3684539794922
387,13,226.0753936767578,157.76246643066406,121.66215515136719,258.1520538330078
387,12,229.85093688964844,90.30253601074219,49.13786315917969,138.81439208984375
387,15,258.5569152832031,132.31207275390625,92.48983764648438,226.34539794921875
388,14,0.33495667576789856,186.89404296875,126.94366881251335,290.0840148925781
388,13,215.01905822753906,154.54994201660156,112.06907653808594,262.93507385253906
388,15,255.7416534423828,128.46543884277344,79.83851623535156,236.56236267089844
388,12,223.21998596191406,91.10311126708984,47.66374206542969,139.2925033569336
389,13,209.96475219726562,149.0933074951172,100.11630249023438,268.8444366455078
389,14,0.01435237005352974,184.44171142578125,126.811827134341,292.34088134765625
389,12,214.55894470214844,92.37528228759766,49.18595886230469,137.72415924072266
389,15,236.73568725585938,129.2089385986328,86.07257080078125,244.25596618652344
390,13,203.08921813964844,154.5717010498047,107.91316223144531,262.4509735107422
390,14,0.0,184.03152465820312,125.65410614013672,293.4930725097656
390,15,243.79769897460938,125.61419677734375,78.64013671875,245.61990356445312
390,12,207.0394287109375,93.63247680664062,49.984619140625,138.69642639160156
391,13,196.45553588867188,154.24154663085938,115.15066528320312,263.3276672363281
391,14,0.0,186.07858276367188,124.91374206542969,291.7840576171875
391,15,235.67486572265625,129.01243591308594,86.43121337890625,240.18394470214844
391,12,202.67140197753906,94.53628540039062,47.87037658691406,138.01844787597656
392,13,186.98980712890625,152.28758239746094,125.45794677734375,265.59678649902344
392,14,0.0,188.49522399902344,124.27395629882812,289.48036193847656
392,12,195.482177734375,94.22711944580078,78.13604736328125,133.18804168701172
393,13,183.5421905517578,158.95281982421875,128.2764434814453,258.2438659667969
393,14,0.0,191.88063049316406,122.7547607421875,286.0261688232422
393,15,217.45303344726562,128.95407104492188,101.05264282226562,243.17135620117188
393,12,190.31459045410156,94.65406799316406,49.55073547363281,137.30703735351562
394,13,177.07086181640625,155.5659942626953,136.4615478515625,261.67713928222656
394,15,211.6077117919922,130.84115600585938,101.98500061035156,238.16278076171875
394,14,0.5760744214057922,195.47036743164062,122.08675974607468,280.98345947265625
394,12,185.8715057373047,95.70557403564453,48.87382507324219,130.7719955444336
395,13,172.10113525390625,157.1802978515625,138.7991943359375,259.92779541015625
395,15,201.114501953125,130.91461181640625,105.52804565429688,224.66604614257812
395,14,0.15219226479530334,204.81752014160156,119.83743938803673,272.40403747558594
395,12,182.4612579345703,101.1517105102539,71.89111328125,122.01476287841797
396,13,165.852783203125,159.05470275878906,139.94692993164062,255.9666290283203
396,15,199.86013793945312,128.74322509765625,86.24966430664062,189.56378173828125
396,14,0.0,211.29840087890625,118.65731811523438,267.1290588378906
396,12,180.19577026367188,92.7544937133789,69.32489013671875,73.26180267333984
397,13,157.44859313964844,156.82504272460938,142.41526794433594,256.3710021972656
397,14,0.0,220.90176391601562,111.73099517822266,256.86712646484375
397,12,175.70123291015625,91.26854705810547,76.51600646972656,81.01050567626953
397,15,194.2607879638672,126.38069915771484,75.13490295410156,171.2211685180664
398,13,149.2038116455078,155.75254821777344,136.18983459472656,256.38978576660156
398,15,188.52207946777344,125.41866302490234,84.06434631347656,225.76630401611328
398,14,0.047700073570013046,227.14776611328125,101.15986523404717,249.74008178710938
398,12,169.44752502441406,90.59259033203125,68.43867492675781,74.55975341796875
399,13,138.5515594482422,152.72903442382812,131.79966735839844,255.1220703125
399,15,178.1954345703125,123.4842529296875,80.3114013671875,233.68124389648438
399,14,0.0,224.4837188720703,89.37872314453125,252.83888244628906
399,12,164.64096069335938,89.81049346923828,68.53776550292969,72.46196746826172
400,13,127.82814025878906,151.59524536132812,125.60700988769531,259.0885009765625
400,15,176.03907775878906,121.0219955444336,73.62928771972656,229.10315704345703
400,14,0.12115329504013062,220.61526489257812,76.37307125329971,256.67169189453125
400,12,158.13851928710938,89.42080688476562,70.90855407714844,70.56312561035156
401,13,123.99969482421875,149.90234375,110.48617553710938,258.7749938964844
401,15,164.10472106933594,122.63316345214844,82.32991027832031,220.75111389160156
401,14,0.11320667713880539,225.44815063476562,62.93365306407213,251.81747436523438
401,12,151.3514404296875,90.05815887451172,73.83175659179688,82.67723846435547
402,13,113.72335815429688,150.88426208496094,104.40380859375,257.83876037597656
402,15,158.29690551757812,122.33854675292969,87.2618408203125,220.69398498535156
402,12,145.43515014648438,90.30088806152344,76.57476806640625,84.39985656738281
402,14,0.010081863962113857,234.63648986816406,53.266033553518355,243.27479553222656
403,13,110.47673797607422,149.97622680664062,107.80292510986328,258.78021240234375
403,15,152.69595336914062,122.79890441894531,92.29554748535156,219.50880432128906
403,12,140.27609252929688,91.89625549316406,77.04255676269531,82.61489868164062
403,14,0.0,244.29177856445312,53.3978385925293,234.24374389648438
404,13,106.1248550415039,150.62216186523438,112.0877914428711,255.90737915039062
404,15,145.64918518066406,124.51510620117188,98.98867797851562,218.80874633789062
404,12,134.6299285888672,93.51087951660156,77.74064636230469,83.03016662597656
404,14,0.11617358773946762,265.72296142578125,53.57591549307108,212.79238891601562
405,13,103.89375305175781,152.60670471191406,113.53309631347656,251.35130310058594
405,15,141.07586669921875,125.96990966796875,103.14299011230469,216.32046508789062
405,12,128.51194763183594,94.90821838378906,78.30912780761719,84.94305419921875
405,14,0.17288407683372498,266.6855163574219,53.555902391672134,211.87710571289062
406,13,93.76029205322266,154.9550018310547,125.62996673583984,245.96998596191406
406,15,134.4496612548828,125.31817626953125,109.07241821289062,216.22128295898438
406,12,123.52401733398438,95.74967956542969,74.95420837402344,83.7900390625
406,14,0.10058394074440002,270.131591796875,53.424253553152084,208.512939453125
407,13,89.42500305175781,156.9494171142578,128.89613342285156,244.78013610839844
407,15,125.45919036865234,126.7874526977539,115.8969497680664,214.17595672607422
407,12,117.56079864501953,96.8128662109375,75.05254364013672,83.73690795898438
407,14,0.007298637181520462,379.06488037109375,54.19129450246692,99.4935302734375
408,13,82.77467346191406,157.16775512695312,134.9290771484375,244.4593505859375
408,15,117.22756958007812,125.92774963378906,118.46382141113281,212.02760314941406
408,12,112.02491760253906,96.90843200683594,73.41688537597656,79.69284057617188
408,14,0.5321091413497925,277.2257385253906,51.69946205615997,198.30960083007812
409,13,77.8721694946289,157.69314575195312,138.86556243896484,245.28652954101562
409,15,111.44912719726562,124.66486358642578,117.88214111328125,214.27544403076172
409,12,104.30521392822266,96.41382598876953,75.09125518798828,83.15117645263672
409,14,0.6836228370666504,279.0283508300781,44.35240697860718,197.08404541015625
409,16,0.06841228157281876,400.24041748046875,47.221684001386166,77.98367309570312
410,13,66.4486312866211,158.93667602539062,146.63336944580078,243.12603759765625
410,15,106.57750701904297,126.13768005371094,113.73804473876953,209.29737854003906
410,12,98.4360580444336,96.83869934082031,74.84183502197266,79.22640991210938
410,14,0.6890043616294861,285.5653381347656,39.061945497989655,190.89401245117188
410,16,0.0,408.3028564453125,40.3053092956543,69.47579956054688
411,13,58.259864807128906,156.8062744140625,145.40764617919922,245.10214233398438
411,15,100.64388275146484,123.4532241821289,106.7066879272461,208.79198455810547
411,12,92.65137481689453,94.73823547363281,76.76969146728516,80.18728637695312
412,13,49.65576171875,156.07740783691406,140.5813446044922,245.2163848876953
412,15,94.94110107421875,124.05462646484375,98.520751953125,211.71762084960938
412,12,87.2774658203125,94.02828979492188,76.60202026367188,80.86080932617188
413,13,41.77713394165039,156.0717315673828,133.12430953979492,245.6632843017578
413,15,89.4793930053711,121.11205291748047,92.33771514892578,216.77185821533203
413,12,81.98065948486328,94.5904541015625,77.4275894165039,79.69145202636719
414,13,36.43809127807617,154.2838592529297,123.48369216918945,247.55003356933594
414,15,86.44943237304688,121.4529037475586,80.68368530273438,216.5035171508789
414,12,77.80778503417969,95.1187973022461,75.85707092285156,82.80609893798828
415,13,29.27271270751953,152.78399658203125,112.66907501220703,247.89022827148438
415,15,79.6278076171875,122.9900894165039,85.51284790039062,216.19707489013672
415,12,73.33560943603516,94.02953338623047,77.51065826416016,87.42369842529297
416,13,24.96849250793457,150.6240692138672,99.57827568054199,250.4718780517578
416,15,76.02124786376953,123.08473205566406,89.02002716064453,217.0454864501953
416,12,69.04041290283203,94.40477752685547,76.49817657470703,84.62683868408203
417,13,22.015928268432617,152.41908264160156,103.11761665344238,249.1930389404297
417,15,70.4605484008789,124.11885833740234,94.4205093383789,215.2560806274414
417,12,64.4794921875,95.38404846191406,77.14791870117188,84.43553161621094
418,13,17.79620933532715,152.94842529296875,107.12541389465332,248.042236328125
418,15,65.51311492919922,124.6660385131836,99.07323455810547,214.4061050415039
418,12,59.709861755371094,96.65763092041016,75.80135345458984,84.02037811279297
419,13,16.558931350708008,154.95106506347656,108.70857048034668,246.60643005371094
419,15,58.200714111328125,121.89424896240234,102.24493408203125,216.65607452392578
419,12,56.523094177246094,97.64444732666016,75.56998443603516,84.3835220336914
420,13,9.8587007522583,155.743408203125,115.50072765350342,244.99240112304688
420,15,54.15372848510742,118.07301330566406,102.90210342407227,221.2679901123047
420,12,52.40113067626953,98.12043762207031,77.9400405883789,89.31950378417969
421,13,7.822286605834961,156.97549438476562,116.12949562072754,243.02749633789062
421,15,50.27804183959961,123.7254409790039,100.69182205200195,214.9258041381836
421,12,48.83155822753906,98.55142211914062,74.41875457763672,86.57261657714844
422,13,1.3230558633804321,155.6175994873047,122.302295088768,244.78147888183594
422,15,44.123130798339844,119.97325134277344,99.61238861083984,216.54969787597656
422,12,44.07686996459961,98.39407348632812,74.1540412902832,88.25625610351562
423,13,0.3739320635795593,156.9153289794922,122.28723126649857,241.84974670410156
423,15,38.95876693725586,118.14814758300781,95.89326858520508,214.37916564941406
423,12,40.359222412109375,99.16412353515625,70.90162658691406,84.96919250488281
424,13,0.0,153.80026245117188,116.94482421875,243.85458374023438
424,15,33.963958740234375,121.8941421508789,95.38357543945312,204.48809051513672
424,12,36.340003967285156,98.64356994628906,68.98390197753906,87.67301940917969
425,13,0.0,151.10108947753906,106.26421356201172,245.8806915283203
425,15,30.90620994567871,120.8888168334961,86.03296089172363,205.98047637939453
425,12,31.992977142333984,97.73503112792969,67.18774795532227,79.8155517578125
426,15,25.977375030517578,118.53311920166016,79.91659927368164,211.94139862060547
426,13,0.139329731464386,150.12698364257812,94.69550913572311,242.64483642578125
426,12,28.465248107910156,96.72908020019531,55.66825866699219,55.054931640625
427,15,21.06464385986328,118.81334686279297,81.30651092529297,210.87503814697266
427,13,0.05754724144935608,144.7522735595703,80.09536871314049,242.92051696777344
427,12,23.71482276916504,95.19269561767578,50.76699638366699,49.742652893066406
428,15,15.543591499328613,118.62956237792969,87.83643627166748,207.02174377441406
428,13,0.0,145.05551147460938,67.21002197265625,240.45849609375
428,12,19.214025497436523,94.6664047241211,48.23657417297363,46.734703063964844
429,15,9.965422630310059,105.36042785644531,93.28625583648682,218.56285095214844
429,13,0.2060302346944809,141.31106567382812,51.84468998014927,246.76797485351562
429,12,14.598036766052246,94.95584106445312,49.7519006729126,46.44670104980469
430,13,0.15985825657844543,142.6468048095703,50.96540877223015,242.39134216308594
430,15,5.250355243682861,95.1904067993164,97.2848391532898,227.41881561279297
431,13,0.17094780504703522,128.1083221435547,49.85855124890804,255.0313262939453
431,15,5.298943042755127,94.9288330078125,96.59319257736206,226.68756103515625
432,15,1.6751149892807007,94.66252136230469,98.2188287973404,226.8952178955078
432,13,0.39075642824172974,130.54815673828125,49.977777659893036,251.11520385742188
433,15,0.20101992785930634,95.9014892578125,95.00406582653522,225.97378540039062
433,13,0.0,117.482421875,49.816307067871094,265.312255859375
434,15,1.0201866626739502,98.36246490478516,86.10974955558777,222.40917205810547
434,13,0.06853728741407394,113.36459350585938,49.489106602966785,271.0311279296875
435,15,0.0,99.88999938964844,82.31097412109375,215.03785705566406
435,13,0.22807921469211578,138.69314575195312,49.83573304116726,243.3548583984375
435,14,0.012908459641039371,238.95767211914062,49.92215013410896,141.9190673828125
436,15,0.11860476434230804,98.82566833496094,78.70781888067722,200.8180694580078
436,13,0.0,129.9265899658203,58.74485397338867,249.1882781982422
436,14,0.14524823427200317,224.48104858398438,49.91316241025925,155.155517578125
437,15,0.18980282545089722,105.43244171142578,79.02714663743973,190.33629608154297
437,12,0.0,149.52920532226562,46.38126754760742,230.10537719726562
437,14,0.09694100171327591,255.753662109375,45.714406959712505,124.5926513671875
437,13,0.585929274559021,164.5843963623047,55.12204420566559,158.24253845214844
438,15,0.296009361743927,123.67169952392578,74.64721268415451,169.0053939819336
438,13,0.13042135536670685,209.24179077148438,43.02545861899853,116.0684814453125
438,14,0.1462852507829666,307.3434143066406,37.62146835029125,71.27877807617188
439,15,0.18815992772579193,124.38304138183594,69.90684892237186,168.5701141357422
439,13,0.0,197.12046813964844,34.83700942993164,130.00453186035156
439,14,0.0,301.1672668457031,28.79673194885254,70.00247192382812
440,15,0.13168413937091827,124.78743743896484,60.09946362674236,168.89478302001953
441,15,0.06802961975336075,125.0860366821289,52.46369721740484,161.77031707763672
441,13,0.14382855594158173,220.92140197753906,33.63692171871662,105.21354675292969
442,15,0.07022865116596222,126.85108947753906,45.2927016466856,157.92384338378906
442,13,0.0349472314119339,215.08132934570312,34.22547070682049,110.706298828125
443,15,0.0,129.28411865234375,36.4600830078125,156.3592529296875
443,13,0.11505366116762161,223.6759490966797,32.51667546480894,101.64686584472656
444,15,0.0,138.24041748046875,30.04656982421875,148.44635009765625
444,13,0.0,224.2095947265625,31.271202087402344,100.29205322265625
445,15,0.04018842428922653,141.55557250976562,27.15311373025179,183.574951171875
445,13,0.1335260272026062,216.56393432617188,27.811460316181183,108.07867431640625
446,15,0.0,131.77476501464844,20.984188079833984,159.3081512451172
447,15,0.0,151.92552185058594,19.744365692138672,139.0052032470703
448,15,0.07420068234205246,159.29510498046875,16.416912980377674,129.4058837890625
448,13,0.0,239.66464233398438,20.188135147094727,49.476806640625
449,15,0.0,169.95181274414062,19.461923599243164,120.25155639648438
449,13,0.0,241.68292236328125,20.067150115966797,47.26605224609375
450,15,0.0,172.79042053222656,18.83935546875,116.86570739746094
451,15,0.04178731143474579,250.1893768310547,18.043446376919746,37.88426208496094
