23,1,838.3788452148438,176.49879455566406,17.36285400390625,67.99229431152344
24,1,838.6799926757812,173.12355041503906,17.18243408203125,73.05509948730469
25,1,829.6471557617188,110.68668365478516,25.97149658203125,133.09510040283203
26,1,817.6719970703125,112.78459167480469,38.13787841796875,129.3443145751953
27,1,806.70947265625,112.9073715209961,49.0406494140625,128.84928131103516
28,1,799.9412841796875,79.83136749267578,55.6798095703125,161.80864715576172
29,1,793.8250732421875,78.47586059570312,61.82427978515625,164.71168518066406
30,1,792.2938842773438,77.62344360351562,63.35394287109375,165.3138427734375
31,1,791.9954833984375,77.69731140136719,63.63494873046875,164.5966339111328
32,1,790.9730834960938,77.37661743164062,64.61651611328125,164.72540283203125
33,1,790.7898559570312,77.36726379394531,64.7841796875,163.99205017089844
34,1,790.576904296875,76.74961853027344,64.87158203125,164.8475799560547
35,1,790.5012817382812,76.25215148925781,64.9056396484375,164.24147033691406
36,1,790.1453247070312,74.04378509521484,65.0662841796875,167.00931549072266
37,1,790.107421875,73.19263458251953,64.98846435546875,164.13756561279297
38,1,790.1634521484375,71.7580337524414,64.343017578125,161.84539031982422
39,1,791.0863037109375,70.49323272705078,58.86328125,160.13957977294922
40,1,790.6587524414062,69.244873046875,55.47015380859375,160.3366241455078
41,1,789.8508911132812,68.85897827148438,52.869140625,160.06884765625
42,1,788.998291015625,68.75898742675781,53.76593017578125,160.85958862304688
43,1,783.8807983398438,67.1959228515625,55.8922119140625,161.62503051757812
44,1,771.623046875,65.96528625488281,64.3392333984375,162.30577087402344
45,1,762.1235961914062,65.78926849365234,72.25738525390625,162.93061065673828
46,1,755.2740478515625,66.37335205078125,74.9488525390625,162.70716857910156
47,1,751.4953002929688,66.56275939941406,74.23516845703125,162.56671142578125
48,1,749.0276489257812,66.09188842773438,73.2025146484375,163.3583984375
49,1,746.701904296875,65.17839813232422,73.359375,162.72241973876953
50,1,746.7380981445312,64.0381851196289,70.3048095703125,163.79535675048828
51,1,746.9718627929688,63.67060089111328,66.99267578125,163.75936126708984
52,1,746.9944458007812,62.960567474365234,64.0880126953125,162.8420295715332
53,1,746.6995849609375,62.97270202636719,61.157470703125,159.23460388183594
54,1,746.7735595703125,59.88600158691406,58.3004150390625,159.37228393554688
55,1,747.2288818359375,55.942718505859375,54.29681396484375,161.66358947753906
56,1,747.0819702148438,58.28402328491211,52.899658203125,157.7327766418457
57,1,743.9564208984375,58.123043060302734,53.48382568359375,156.58786392211914
58,1,732.6849975585938,58.90983581542969,62.12518310546875,154.97994995117188
59,1,721.8489990234375,58.18830871582031,69.8487548828125,155.74452209472656
60,1,713.748779296875,57.31266784667969,75.75213623046875,156.4444580078125
61,1,708.2156372070312,59.37685775756836,76.8951416015625,154.8222999572754
62,1,704.6199340820312,59.110618591308594,78.44097900390625,155.0154800415039
63,1,702.248291015625,59.12095260620117,78.45550537109375,154.91810989379883
64,1,702.176025390625,59.47314453125,74.07421875,154.1838836669922
65,1,701.7972412109375,60.74976348876953,71.8184814453125,151.88103485107422
66,1,701.2913818359375,59.55525588989258,70.8123779296875,151.40130233764648
67,1,701.2160034179688,57.851051330566406,68.9981689453125,152.42969512939453
68,1,701.3797607421875,55.97615432739258,67.046630859375,153.74433517456055
69,1,701.3460083007812,55.23104476928711,64.62396240234375,152.57442092895508
70,1,701.3828735351562,53.382415771484375,59.5238037109375,153.65673828125
71,1,701.135986328125,52.968746185302734,54.72113037109375,148.57196426391602
72,1,701.258056640625,53.08454132080078,50.05029296875,146.58841705322266
73,1,700.47314453125,50.559696197509766,48.99737548828125,148.4263572692871
74,1,699.4568481445312,49.510658264160156,48.35382080078125,150.76924896240234
75,1,700.5380249023438,50.15571212768555,45.4395751953125,150.37170791625977
76,1,691.0242919921875,49.77296829223633,52.1256103515625,150.54227828979492
77,1,680.8895263671875,49.763275146484375,58.5294189453125,150.453369140625
78,1,673.544921875,49.43110275268555,64.14678955078125,151.17329788208008
79,1,669.0750732421875,50.386783599853516,65.21044921875,149.8437156677246
80,1,666.7532348632812,50.681243896484375,63.55657958984375,149.22828674316406
81,1,664.7421875,49.92375946044922,62.9307861328125,150.14427947998047
82,1,663.8445434570312,49.44758605957031,63.07623291015625,150.36773681640625
83,1,663.66259765625,48.86989212036133,61.6358642578125,150.77489852905273
84,1,663.774658203125,48.05750274658203,59.939208984375,150.77318572998047
85,1,663.4518432617188,46.954002380371094,56.9539794921875,150.99329376220703
86,1,663.5430908203125,46.45769500732422,53.365966796875,149.86066436767578
87,1,664.3096313476562,45.215736389160156,47.59503173828125,145.92267608642578
88,1,663.554931640625,45.10248947143555,46.6051025390625,146.73573684692383
89,1,663.5985717773438,44.05595016479492,43.34661865234375,145.16949844360352
90,1,660.9651489257812,42.387386322021484,43.54254150390625,146.66925430297852
91,1,657.5159301757812,42.14534378051758,45.87921142578125,146.09077072143555
92,1,649.0059814453125,42.57395553588867,52.83380126953125,143.90459060668945
93,1,639.9237670898438,42.37083435058594,59.57904052734375,144.1837615966797
94,1,631.5349731445312,42.34168243408203,64.3975830078125,143.93018341064453
95,1,626.4552612304688,42.51176834106445,67.04913330078125,144.19071578979492
96,1,623.3370361328125,43.478858947753906,67.98040771484375,143.6347885131836
97,1,621.8157958984375,42.80139923095703,66.23297119140625,143.79161834716797
98,1,620.9324951171875,43.047054290771484,64.8941650390625,143.36955642700195
99,1,621.2315673828125,43.07893371582031,63.85614013671875,142.04531860351562
100,1,621.8233032226562,42.8233757019043,63.00604248046875,142.44177627563477
101,1,621.874755859375,42.628074645996094,62.73394775390625,142.45136260986328
102,1,621.7492065429688,41.320072174072266,62.12774658203125,142.48716354370117
103,1,621.4819946289062,40.21522521972656,60.2900390625,142.6341552734375
104,1,621.4133911132812,39.24604415893555,56.02423095703125,141.28558731079102
105,1,620.760986328125,39.34349060058594,52.53515625,138.0280303955078
106,1,621.0955200195312,38.3892936706543,46.60986328125,138.13832473754883
107,1,622.1744384765625,38.37807846069336,39.5372314453125,136.11958694458008
108,1,621.7506103515625,37.992515563964844,37.1876220703125,137.9779281616211
109,1,620.7471313476562,37.866966247558594,35.14349365234375,138.16748809814453
110,1,616.13232421875,40.7509880065918,36.915771484375,134.88197708129883
111,1,603.6914672851562,35.06791305541992,47.69927978515625,140.3152961730957
112,1,596.66845703125,37.25407028198242,52.72161865234375,138.21384048461914
113,1,591.03271484375,37.66389083862305,56.821044921875,137.8261604309082
114,1,585.1689453125,37.903289794921875,60.20611572265625,138.00164794921875
115,1,582.8982543945312,37.971229553222656,60.82891845703125,137.84349822998047
116,1,579.6218872070312,38.395503997802734,62.83953857421875,137.37555313110352
117,1,576.8363647460938,38.2344970703125,65.34869384765625,137.399658203125
118,1,576.9708862304688,38.283267974853516,65.02996826171875,136.95388412475586
119,1,577.141357421875,37.79713821411133,64.05279541015625,137.4996452331543
120,1,576.9814453125,37.47347640991211,63.26275634765625,137.40874099731445
121,1,576.5986938476562,37.70317077636719,61.20855712890625,136.014892578125
122,1,576.104736328125,36.1392822265625,53.40692138671875,137.86878967285156
123,1,576.4706420898438,34.86112594604492,48.99761962890625,137.41986465454102
124,1,577.0036010742188,35.1950569152832,43.9246826171875,135.39983749389648
125,1,576.7164306640625,34.391197204589844,39.163818359375,135.86840057373047
126,1,576.0142211914062,33.77031707763672,37.1875,136.26042938232422
127,1,573.4981689453125,33.43312454223633,38.56573486328125,136.20278549194336
128,1,565.23388671875,33.72428512573242,46.9967041015625,134.56259536743164
129,1,555.119140625,33.48866653442383,53.71295166015625,133.1282615661621
130,1,547.4414672851562,33.18010711669922,59.96234130859375,133.6606674194336
131,1,541.5009765625,34.05592346191406,62.51678466796875,132.18051147460938
132,1,536.7971801757812,34.475032806396484,65.10968017578125,131.98823928833008
133,1,535.58642578125,34.48292541503906,64.55633544921875,131.7123565673828
134,1,534.0049438476562,35.42719650268555,65.26214599609375,130.60588455200195
134,2,819.9664306640625,279.7511291503906,35.68865966796875,199.60244750976562
134,3,829.2327270507812,281.150390625,26.43017578125,50.58184814453125
135,1,532.9906616210938,35.46479034423828,65.83526611328125,130.21874237060547
135,4,827.7070922851562,311.9375305175781,27.9429931640625,161.19113159179688
135,2,814.9666137695312,266.22479248046875,40.69256591796875,147.86941528320312
135,3,816.1297607421875,267.5402526855469,39.2435302734375,65.0638427734375
136,1,532.5267333984375,35.42869186401367,66.25006103515625,130.40535354614258
136,4,794.4510498046875,251.2201690673828,61.0509033203125,226.0852813720703
136,3,804.49169921875,252.72178649902344,51.09259033203125,84.56520080566406
137,1,531.6124267578125,35.85865020751953,67.08514404296875,130.06925201416016
137,4,778.3355102539062,252.06455993652344,77.255126953125,226.37171936035156
137,3,793.125,232.3251495361328,62.353271484375,106.35627746582031
138,1,531.1692504882812,35.9190788269043,65.2606201171875,130.0915412902832
138,4,770.1840209960938,246.0226287841797,85.25128173828125,229.5128631591797
138,3,784.2112426757812,190.3180389404297,71.0015869140625,152.2526092529297
139,1,530.7979125976562,35.308414459228516,64.56005859375,130.17882919311523
139,4,763.63134765625,238.49685668945312,91.78594970703125,237.75027465820312
139,3,775.4179077148438,188.11212158203125,80.0782470703125,157.66143798828125
140,1,530.34375,34.80662536621094,61.88702392578125,130.48545837402344
140,4,755.3247680664062,228.8361053466797,100.20330810546875,246.9556427001953
140,3,770.5198974609375,188.96913146972656,84.724853515625,156.9639129638672
141,1,530.9832763671875,34.5026741027832,54.6859130859375,129.83381271362305
141,4,741.8387451171875,223.20205688476562,113.5975341796875,253.61514282226562
141,3,793.599365234375,188.17881774902344,61.96697998046875,113.37092590332031
142,1,531.5368041992188,34.18062210083008,49.13031005859375,129.9821434020996
142,4,730.9149169921875,223.47174072265625,124.585205078125,252.90066528320312
142,3,807.3651733398438,187.01634216308594,48.63482666015625,48.025787353515625
143,1,531.80712890625,32.444942474365234,43.35418701171875,131.84932327270508
143,4,710.2437133789062,222.06150817871094,145.358154296875,253.1162567138672
143,3,798.2825927734375,185.35447692871094,57.133056640625,47.55244445800781
144,1,531.27392578125,32.888450622558594,38.0843505859375,131.84368133544922
144,4,683.7734375,217.5480499267578,170.78460693359375,258.23768615722656
144,3,788.7315063476562,183.86819458007812,65.88836669921875,49.89482116699219
145,1,528.3842163085938,32.92600631713867,38.561767578125,131.29753494262695
145,4,663.7767944335938,215.20359802246094,186.69964599609375,260.1384735107422
145,2,778.6920166015625,183.214111328125,76.97515869140625,182.968017578125
145,3,779.9442749023438,182.63790893554688,74.46392822265625,59.53654479980469
146,1,526.0254516601562,32.88629913330078,38.79779052734375,131.84918975830078
146,4,679.095703125,214.06802368164062,154.96661376953125,261.02484130859375
146,2,770.1123657226562,183.15359497070312,85.4334716796875,194.94891357421875
147,1,516.264404296875,32.99837875366211,47.05596923828125,131.86732864379883
147,4,623.6788330078125,214.3509063720703,199.49566650390625,260.6951141357422
147,2,759.5639038085938,183.06170654296875,95.86602783203125,203.35772705078125
148,1,508.86920166015625,33.20685577392578,52.62335205078125,130.67989349365234
148,4,602.8889770507812,216.55860900878906,208.001953125,258.5569610595703
148,2,749.9757690429688,183.7751922607422,96.482666015625,212.4387969970703
149,1,501.37725830078125,33.075775146484375,58.55084228515625,130.6820526123047
149,4,584.6219482421875,218.93800354003906,211.1888427734375,256.6149444580078
149,2,738.42333984375,186.52142333984375,98.41058349609375,253.87680053710938
150,1,495.0284118652344,33.70297622680664,63.398345947265625,131.2358512878418
150,4,568.0039672851562,223.5609130859375,211.76995849609375,251.85784912109375
150,2,728.0809326171875,188.43540954589844,96.39031982421875,282.3669891357422
151,1,492.008056640625,34.02803039550781,63.73468017578125,130.7945556640625
151,2,717.8532104492188,190.28355407714844,95.43878173828125,286.46788024902344
151,4,554.8294067382812,226.91893005371094,211.3055419921875,248.6381072998047
152,1,490.1600341796875,34.12701416015625,64.05255126953125,130.69190979003906
152,2,705.5238647460938,191.98565673828125,94.1236572265625,285.09002685546875
152,4,548.8245239257812,227.3052215576172,201.16748046875,248.2456817626953
153,1,489.1957702636719,34.0147590637207,64.18502807617188,130.74590682983398
153,2,694.029052734375,194.56678771972656,97.2626953125,282.5495147705078
153,4,522.8831176757812,227.55044555664062,209.36822509765625,248.47640991210938
154,1,489.0527648925781,34.269710540771484,63.768768310546875,130.34674453735352
154,2,681.520751953125,193.63070678710938,104.27154541015625,283.29266357421875
154,4,507.81005859375,226.43397521972656,206.57696533203125,248.6582794189453
155,1,488.10406494140625,34.918514251708984,63.89373779296875,130.0869483947754
155,2,668.7840576171875,193.3601531982422,112.29046630859375,283.26780700683594
155,4,492.5002746582031,222.69923400878906,204.04306030273438,252.2630157470703
156,1,487.96368408203125,34.939884185791016,63.44647216796875,130.74035263061523
156,2,659.3336181640625,193.35040283203125,100.7301025390625,283.33294677734375
156,4,479.1075744628906,220.51113891601562,202.66195678710938,255.61541748046875
157,1,487.78271484375,34.07325744628906,64.4803466796875,131.88626098632812
157,2,647.8213500976562,192.56207275390625,99.02886962890625,283.8167724609375
157,4,466.6343078613281,215.103515625,204.37814331054688,260.76019287109375
158,1,487.9482727050781,33.966285705566406,63.485015869140625,132.19722747802734
158,2,637.30029296875,192.42115783691406,100.8199462890625,285.24940490722656
158,4,446.1180725097656,213.29132080078125,211.56484985351562,262.6416320800781
159,1,487.6022033691406,32.77701187133789,62.723358154296875,132.9375877380371
159,2,624.4300537109375,192.77406311035156,104.166015625,281.53233337402344
159,4,432.2036437988281,212.40354919433594,210.13900756835938,263.59226989746094
159,3,840.648193359375,218.6433868408203,15.12017822265625,76.92384338378906
160,1,487.3786315917969,32.90314865112305,58.562225341796875,132.7372932434082
160,2,606.64892578125,193.62371826171875,112.928955078125,281.88275146484375
160,4,421.35711669921875,211.9592742919922,216.07366943359375,263.9134063720703
160,3,820.67138671875,209.26889038085938,34.717529296875,86.1654052734375
161,1,486.8782653808594,32.510536193847656,56.816192626953125,133.24042510986328
161,2,590.7280883789062,194.11862182617188,116.72308349609375,282.3903503417969
161,4,405.53289794921875,214.4639434814453,220.01910400390625,260.8867950439453
161,3,803.6956787109375,202.85206604003906,51.6741943359375,88.82539367675781
162,1,485.07135009765625,32.52089309692383,53.4927978515625,133.45579147338867
162,2,572.9929809570312,196.5706787109375,124.19696044921875,280.18280029296875
162,3,790.1255493164062,110.32219696044922,65.423095703125,177.33072662353516
162,4,394.3697509765625,218.737060546875,213.78558349609375,257.179443359375
163,1,482.2180480957031,32.851173400878906,51.112457275390625,133.6123275756836
163,3,782.5191650390625,109.197265625,73.07220458984375,178.66302490234375
163,2,556.9204711914062,197.9073028564453,129.35882568359375,279.2235565185547
163,4,385.77313232421875,223.3850860595703,205.32781982421875,251.7019500732422
164,1,480.5592041015625,33.08354568481445,48.123779296875,134.4109001159668
164,3,779.6757202148438,108.65662384033203,75.947998046875,180.2791976928711
164,2,541.0580444335938,200.20692443847656,132.14813232421875,276.2432098388672
164,4,381.6289367675781,228.49575805664062,195.03189086914062,247.816162109375
165,1,479.44915771484375,33.12436294555664,46.10150146484375,136.1634178161621
165,3,775.1209716796875,106.3399429321289,80.36236572265625,184.16594696044922
165,2,526.4656982421875,203.87733459472656,137.134033203125,272.45713806152344
165,4,367.5797119140625,232.2649383544922,192.83502197265625,243.59422302246094
166,1,478.67779541015625,32.99644088745117,45.39678955078125,138.07130813598633
166,3,773.5596923828125,104.16349029541016,81.92974853515625,192.62496185302734
166,2,518.6721801757812,204.62200927734375,141.49041748046875,271.78179931640625
166,4,353.8315124511719,233.5382537841797,189.10678100585938,242.4397735595703
167,1,478.7981872558594,33.41614532470703,43.875213623046875,138.8697280883789
167,3,773.4649658203125,102.70466613769531,81.70111083984375,189.9391326904297
167,2,511.0476379394531,204.22178649902344,151.59933471679688,272.2970733642578
167,4,334.390625,233.6014862060547,190.07220458984375,242.2786102294922
168,1,476.8424987792969,34.288997650146484,44.944976806640625,138.00847244262695
168,3,773.2950439453125,99.3930892944336,81.417724609375,190.64563751220703
168,2,506.681640625,204.24790954589844,147.56707763671875,273.0915069580078
168,4,318.0548400878906,233.02926635742188,189.125732421875,242.70272827148438
168,5,819.8592529296875,266.8030700683594,35.87603759765625,61.46881103515625
169,1,475.81103515625,34.55085372924805,45.3228759765625,131.25656509399414
169,3,773.5594482421875,96.26679992675781,73.3480224609375,198.1637725830078
169,2,502.93994140625,202.1839141845703,132.25054931640625,274.55332946777344
169,4,294.4015197753906,231.60699462890625,198.48049926757812,244.4434814453125
169,5,815.5543823242188,259.64141845703125,39.62738037109375,68.921142578125
170,1,474.1437072753906,35.21586990356445,45.284881591796875,137.1856346130371
170,3,771.239990234375,95.36621856689453,59.34844970703125,198.7915267944336
170,2,490.3431701660156,200.202880859375,129.99771118164062,276.1236877441406
170,4,269.5798645019531,230.87860107421875,208.28878784179688,245.28033447265625
170,5,814.16748046875,242.97415161132812,41.20684814453125,86.57150268554688
170,6,815.61572265625,145.20266723632812,39.90716552734375,185.3253173828125
171,1,471.8177795410156,35.80644989013672,46.759735107421875,138.3472671508789
171,3,757.90966796875,94.91645812988281,68.14910888671875,199.2079620361328
171,2,478.57421875,198.9478759765625,124.02008056640625,276.8887634277344
171,4,238.97055053710938,228.55296325683594,228.0367431640625,247.69017028808594
171,5,812.2371826171875,235.10684204101562,43.25244140625,94.42425537109375
172,1,471.4222106933594,36.665348052978516,44.914398193359375,139.02445602416992
172,3,742.8983764648438,94.075927734375,77.57659912109375,196.71994018554688
172,2,465.30230712890625,197.67782592773438,120.32855224609375,278.0202941894531
172,4,218.60400390625,226.9585723876953,227.95785522460938,249.12525939941406
172,5,814.008544921875,146.81063842773438,41.57958984375,182.9541015625
173,1,470.670654296875,37.29293441772461,44.35498046875,138.9790382385254
173,3,730.3306274414062,94.4939956665039,84.27606201171875,193.96495819091797
173,2,452.49127197265625,197.9384002685547,123.67266845703125,279.25852966308594
173,4,197.4700469970703,227.1571807861328,235.29612731933594,249.4680938720703
173,5,811.7993774414062,170.58279418945312,43.78240966796875,159.64779663085938
174,1,468.9978332519531,38.083526611328125,44.095123291015625,140.06491088867188
174,3,714.3045043945312,94.54437255859375,95.115478515625,193.29779052734375
174,2,440.0015563964844,200.1863555908203,122.01962280273438,276.46058654785156
174,4,180.8827667236328,228.91848754882812,244.8125457763672,247.83172607421875
174,5,811.76123046875,171.52810668945312,43.8441162109375,158.86526489257812
175,1,467.5254211425781,38.588600158691406,44.565338134765625,140.5583267211914
175,3,703.4683227539062,95.03082275390625,103.8797607421875,191.71585083007812
175,2,427.2452087402344,202.9978790283203,127.08590698242188,273.53709411621094
175,4,166.0080108642578,233.13182067871094,246.66551208496094,243.18141174316406
175,5,812.1517333984375,170.2745819091797,43.5751953125,159.79359436035156
176,1,465.4375,38.80195236206055,45.798919677734375,141.24556350708008
176,3,697.58154296875,95.4502944946289,107.55352783203125,190.8418197631836
176,5,811.8307495117188,123.1651611328125,44.00079345703125,214.10128784179688
176,2,413.815673828125,204.06578063964844,133.2579345703125,271.8792266845703
176,4,154.00033569335938,237.42015075683594,244.47836303710938,238.85765075683594
177,1,462.9099426269531,38.74924850463867,46.044403076171875,141.25079727172852
177,5,808.8341674804688,120.24751281738281,46.716796875,219.85838317871094
177,3,692.8612670898438,95.80906677246094,110.9130859375,188.6851348876953
177,2,400.7485046386719,207.03106689453125,138.75680541992188,268.2205810546875
177,4,142.1027374267578,241.00741577148438,242.38514709472656,233.98782348632812
178,1,460.6646728515625,38.234596252441406,46.939666748046875,141.68132781982422
178,5,794.8543090820312,120.37808227539062,60.8616943359375,221.623779296875
178,3,690.4265747070312,94.92613983154297,111.69805908203125,188.85224151611328
178,2,388.22955322265625,208.0933837890625,143.9052734375,267.5666809082031
178,4,127.04345703125,243.78773498535156,239.69757080078125,232.2071990966797
179,5,776.6286010742188,120.4353256225586,78.73321533203125,218.54853057861328
179,1,459.1531066894531,38.49153518676758,46.91650390625,141.65884017944336
179,3,688.1609497070312,93.94622039794922,106.9884033203125,189.0423355102539
179,2,373.8197937011719,207.59811401367188,150.83139038085938,268.1986389160156
179,4,110.72794342041016,244.22715759277344,238.25572967529297,232.1387176513672
180,1,459.231201171875,38.802650451660156,45.531005859375,141.09809112548828
180,5,759.85009765625,122.38069915771484,95.42681884765625,215.16205596923828
180,3,682.2380981445312,91.17155456542969,103.1409912109375,191.63209533691406
180,2,360.58843994140625,206.4724884033203,150.050537109375,269.77308654785156
180,4,95.10891723632812,242.32290649414062,235.78973388671875,233.7332763671875
181,1,457.244140625,38.556968688964844,45.849273681640625,141.3045883178711
181,5,750.5289306640625,123.21346282958984,103.29345703125,213.80863189697266
181,3,673.4998779296875,88.71429443359375,98.52667236328125,194.08578491210938
181,2,348.906982421875,205.3490753173828,141.19509887695312,271.13941955566406
181,4,77.92188262939453,241.19374084472656,234.58150482177734,234.94383239746094
182,1,454.69207763671875,39.014888763427734,46.981903076171875,140.56941604614258
182,3,667.4768676757812,86.09326171875,91.506591796875,197.12448120117188
182,5,744.2673950195312,124.78623962402344,106.2801513671875,212.76768493652344
182,2,336.4146728515625,203.466796875,133.02484130859375,272.992431640625
182,4,61.10868835449219,240.0966339111328,235.55772399902344,235.98252868652344
183,1,452.35736083984375,39.34001159667969,48.611663818359375,140.27041625976562
183,3,664.8693237304688,84.58869934082031,88.03125,198.86158752441406
183,5,739.3593139648438,124.71095275878906,106.4837646484375,214.35682678222656
183,2,324.2837829589844,201.27574157714844,126.46630859375,276.76805114746094
183,4,36.8524169921875,237.60731506347656,244.93328857421875,239.15187072753906
184,1,448.99725341796875,39.920013427734375,50.937744140625,139.75819396972656
184,5,738.7740478515625,123.88444519042969,103.0123291015625,215.3291778564453
184,3,659.3758544921875,84.58982849121094,88.33740234375,198.83860778808594
184,2,312.3447570800781,201.77508544921875,129.28851318359375,274.84503173828125
184,4,19.711994171142578,235.2612762451172,248.17539596557617,240.46519470214844
185,1,449.3695373535156,40.8825798034668,49.356414794921875,139.64426040649414
185,5,738.1778564453125,122.90694427490234,97.0931396484375,216.3884048461914
185,3,676.5403442382812,84.70578002929688,61.4161376953125,198.8214111328125
185,2,301.1076965332031,200.56918334960938,127.87893676757812,275.8407897949219
185,4,5.7078046798706055,232.44180297851562,251.76714038848877,243.1009521484375
186,1,444.35321044921875,41.86368942260742,52.02960205078125,141.37656021118164
186,5,738.3770141601562,121.40755462646484,88.983642578125,217.8774185180664
186,3,656.824462890625,85.015380859375,75.825439453125,198.02520751953125
186,2,289.39483642578125,201.30482482910156,133.17391967773438,274.87379455566406
186,4,0.9106943607330322,232.02801513671875,243.91498923301697,243.20803833007812
187,1,440.17083740234375,41.841678619384766,55.74749755859375,142.4284324645996
187,5,737.9273071289062,119.98712158203125,82.40545654296875,219.09585571289062
187,3,642.5620727539062,84.83605194091797,85.96282958984375,198.42691802978516
187,2,279.1956481933594,203.28575134277344,138.62005615234375,273.3055877685547
187,4,1.990678310394287,234.6973419189453,231.34094095230103,240.5447235107422
188,1,436.3429870605469,43.135040283203125,57.636688232421875,141.33106994628906
188,5,737.7478637695312,118.70451354980469,77.7203369140625,220.81910705566406
188,3,633.3446044921875,85.93791198730469,92.785888671875,197.5589141845703
188,2,267.3740234375,203.49850463867188,147.029541015625,273.07489013671875
188,4,1.7506217956542969,237.87350463867188,219.62237930297852,238.3792724609375
189,1,435.6370544433594,44.399658203125,57.312255859375,141.24459838867188
189,3,629.0795288085938,86.20171356201172,95.9400634765625,197.1421890258789
189,5,730.4283447265625,117.9953842163086,78.2093505859375,221.8859634399414
189,2,255.41212463378906,203.92071533203125,157.7307891845703,272.7689514160156
189,4,1.9380853176116943,242.4806671142578,204.8412573337555,233.3761444091797
190,1,435.8976135253906,45.19245529174805,56.009521484375,142.75500869750977
190,3,626.6068115234375,85.33553314208984,98.29144287109375,197.4301528930664
190,5,719.3312377929688,117.10391235351562,83.27764892578125,222.1588134765625
190,2,243.69183349609375,207.21231079101562,166.4595947265625,268.72662353515625
190,4,1.4989936351776123,246.8291778564453,193.0979301929474,229.76844787597656
191,1,434.84515380859375,45.85288619995117,55.44757080078125,145.12233352661133
191,3,626.4345703125,84.23326110839844,93.09747314453125,198.0492401123047
191,5,695.8927001953125,118.40308380126953,99.27166748046875,220.69469451904297
191,2,232.58590698242188,207.69741821289062,172.92486572265625,267.52923583984375
191,4,0.10648203641176224,251.9744415283203,179.40094899386168,225.0979766845703
192,1,433.9211120605469,45.86327362060547,55.347137451171875,145.6520004272461
192,3,625.779296875,82.3647689819336,86.86358642578125,198.10257720947266
192,5,676.2850952148438,119.42460632324219,110.35565185546875,219.98243713378906
192,2,220.571533203125,208.2323455810547,178.47280883789062,267.90708923339844
192,4,0.0622718371450901,255.15782165527344,163.50653004273772,221.4525909423828
193,1,432.17779541015625,45.942935943603516,57.056488037109375,145.70312118530273
193,3,608.8843994140625,80.35859680175781,101.25469970703125,198.46449279785156
193,5,663.1531982421875,120.4258804321289,115.916748046875,218.94112396240234
193,2,206.65773010253906,207.52256774902344,188.00083923339844,268.4517059326172
193,4,0.10197683423757553,257.2298278808594,145.36134103685617,218.16915893554688
194,1,429.35125732421875,45.724578857421875,59.542022705078125,146.02593994140625
194,5,657.1571044921875,120.32527160644531,117.367431640625,219.27284240722656
194,3,604.4027099609375,77.8895263671875,97.44970703125,195.369384765625
194,2,193.34654235839844,207.6710968017578,191.1702117919922,269.2740936279297
194,4,0.0,257.63232421875,121.9349594116211,218.48614501953125
195,1,429.5622253417969,45.41764450073242,57.85162353515625,146.2414894104004
195,3,611.0775146484375,77.17188262939453,78.67938232421875,193.15221405029297
195,5,653.7262573242188,120.3971176147461,116.44793701171875,219.55875396728516
195,2,181.98524475097656,204.86956787109375,201.03733825683594,271.01397705078125
195,4,0.3293392062187195,263.3324890136719,104.2352665066719,211.72650146484375
195,7,0.11259952187538147,262.1949157714844,42.81180080771446,112.94329833984375
196,1,426.8844909667969,44.67885208129883,57.72607421875,147.25698471069336
196,3,582.644775390625,75.23115539550781,97.58056640625,190.6630401611328
196,5,652.1116943359375,118.79942321777344,116.12103271484375,221.3607940673828
196,2,170.25253295898438,202.25621032714844,197.39044189453125,274.4056854248047
196,4,0.4423902630805969,277.11053466796875,45.099922358989716,196.11346435546875
197,1,424.119384765625,44.413604736328125,57.382293701171875,147.4393310546875
197,3,576.7417602539062,74.98249053955078,95.66937255859375,192.12236785888672
197,5,653.1068115234375,117.43582153320312,111.140869140625,221.61648559570312
197,2,158.98167419433594,201.6225128173828,189.97938537597656,274.39320373535156
198,3,571.94384765625,73.78455352783203,97.13525390625,191.37804412841797
198,1,423.8525390625,44.206756591796875,55.0908203125,147.76925659179688
198,5,652.3778076171875,115.3133316040039,100.271240234375,221.06157684326172
198,2,146.96060180664062,198.93580627441406,180.6529541015625,277.07176208496094
198,4,0.3188950717449188,346.4355163574219,68.25243213772774,130.73464965820312
199,3,563.7229614257812,74.98023223876953,103.36895751953125,188.3697738647461
199,1,424.8099060058594,44.23965835571289,51.799163818359375,147.82046127319336
199,5,653.211181640625,112.41880798339844,85.9886474609375,221.4673309326172
199,2,135.8885040283203,198.3083953857422,154.6467742919922,278.83860778808594
199,4,0.10126762837171555,358.6562194824219,59.4040462449193,119.743896484375
200,3,558.2208862304688,75.597900390625,104.05517578125,185.3489990234375
200,1,423.127685546875,44.39462661743164,50.265869140625,149.66552352905273
200,5,649.6671752929688,111.00091552734375,78.6845703125,222.41098022460938
200,2,125.23471069335938,197.5225372314453,147.71578979492188,279.73622131347656
200,4,0.035105396062135696,370.3161315917969,48.466977428644896,108.64608764648438
201,1,422.9240417480469,44.94966125488281,48.713104248046875,151.3330078125
201,3,548.7422485351562,76.04432678222656,112.6964111328125,183.7254180908203
201,5,644.9494018554688,109.54804229736328,76.33868408203125,223.15999603271484
201,2,115.0306396484375,199.88336181640625,155.39431762695312,276.7918701171875
202,1,422.581787109375,45.719112396240234,47.56695556640625,152.85101699829102
202,3,541.17333984375,77.50483703613281,115.6580810546875,182.1057891845703
202,5,638.07177734375,109.60965728759766,76.773193359375,222.55706024169922
202,2,104.29933166503906,200.81297302246094,166.2415008544922,275.20802307128906
202,4,0.0,407.4832763671875,25.62070083618164,71.31723022460938
203,1,422.2571716308594,46.26608657836914,47.600677490234375,153.68989181518555
203,3,534.7161865234375,78.1596450805664,120.072998046875,180.59053802490234
203,5,629.5000610351562,108.80878448486328,77.90972900390625,224.18733978271484
203,2,94.5163345336914,204.8272705078125,170.22087860107422,271.8082580566406
204,1,420.73260498046875,46.83292770385742,47.974639892578125,154.27905654907227
204,5,609.898193359375,110.39939880371094,92.19171142578125,218.93894958496094
204,3,527.480712890625,78.6541519165039,121.95654296875,179.94921112060547
204,2,84.56349182128906,206.3416748046875,173.2775421142578,270.52081298828125
205,1,419.7054748535156,47.781532287597656,48.044677734375,154.1895523071289
205,5,590.35302734375,111.23678588867188,102.6175537109375,215.57562255859375
205,3,526.9291381835938,77.66863250732422,116.7252197265625,181.39099884033203
205,2,74.81475830078125,208.07623291015625,178.20526123046875,268.3774719238281
206,1,418.54412841796875,48.85577392578125,48.28692626953125,154.91273498535156
206,5,576.703125,112.72700500488281,109.71270751953125,213.4874725341797
206,3,522.6500854492188,77.90769958496094,114.4237060546875,181.34352111816406
206,2,64.63226318359375,208.53021240234375,179.287109375,268.51971435546875
207,1,417.9518737792969,50.311424255371094,48.492706298828125,155.3452377319336
207,5,570.246337890625,114.70486450195312,113.7384033203125,212.1619873046875
207,3,521.3963623046875,76.98469543457031,112.0675048828125,182.03395080566406
207,2,53.7993278503418,209.10140991210938,174.67097854614258,267.6771545410156
208,1,416.9619140625,51.11963653564453,48.521759033203125,155.4236831665039
208,3,514.3339233398438,76.26536560058594,110.51348876953125,183.4657745361328
208,5,565.4923095703125,112.88419342041016,119.20489501953125,211.3250961303711
208,2,44.10498809814453,207.46270751953125,164.48741912841797,268.8540954589844
209,1,415.97113037109375,51.3970832824707,48.120941162109375,155.22086715698242
209,3,512.081787109375,73.39601135253906,100.03729248046875,186.4712371826172
209,5,564.262451171875,112.48971557617188,117.82476806640625,211.40216064453125
209,2,32.84564208984375,207.01023864746094,170.95001220703125,269.42127990722656
210,1,415.8169860839844,51.55380630493164,47.82794189453125,155.74482345581055
210,3,512.759765625,71.83704376220703,89.84478759765625,188.38777923583984
210,5,563.2086181640625,112.68413543701172,115.497802734375,211.34735870361328
210,2,23.68872833251953,202.84165954589844,168.87471771240234,274.1385040283203
211,1,415.009521484375,51.66944122314453,47.10003662109375,155.54767608642578
211,3,511.6284484863281,71.6995849609375,87.11709594726562,188.57373046875
211,5,562.7295532226562,110.96098327636719,103.35467529296875,212.99400329589844
211,2,14.95018482208252,206.1436767578125,155.31029796600342,270.6969299316406
212,1,414.05633544921875,52.177490234375,47.04888916015625,155.14175415039062
212,3,510.4931640625,72.61273956298828,79.24713134765625,186.60930633544922
212,5,561.7061767578125,108.35916137695312,88.540283203125,215.69638061523438
212,2,6.301292419433594,205.96087646484375,160.43323516845703,270.4603576660156
213,1,413.063232421875,52.19953918457031,46.628173828125,155.0611114501953
213,3,510.658447265625,73.19564056396484,77.32037353515625,185.4675064086914
213,5,558.6654663085938,105.66661834716797,78.9725341796875,218.20975494384766
213,2,0.8304068446159363,206.82919311523438,167.08914881944656,268.8294677734375
214,1,412.05108642578125,52.0703239440918,46.8787841796875,154.89526748657227
214,3,505.9538879394531,75.54678344726562,76.07302856445312,183.43051147460938
214,5,551.8427734375,104.72606658935547,73.54046630859375,218.71442413330078
214,2,0.40057042241096497,208.74295043945312,164.55551478266716,267.0625
215,1,410.8380126953125,51.68928527832031,46.8756103515625,155.17079162597656
215,3,494.7210388183594,77.65885162353516,83.10098266601562,178.76152801513672
215,5,549.883544921875,105.10211944580078,68.77191162109375,216.7473373413086
215,2,0.20281077921390533,209.38006591796875,162.18602894246578,266.48883056640625
216,1,409.65899658203125,51.53481674194336,47.30548095703125,155.77614212036133
216,3,488.3857421875,78.31464385986328,82.2384033203125,172.0422134399414
216,5,540.3916625976562,105.04205322265625,75.51861572265625,218.10440063476562
216,2,0.0,210.574462890625,159.87344360351562,265.88226318359375
217,1,407.1915588378906,51.08619689941406,48.385345458984375,156.6494140625
217,5,525.1702880859375,106.1624984741211,85.55743408203125,217.30094146728516
217,3,484.19659423828125,78.86888122558594,79.50543212890625,172.24954223632812
217,2,0.0,217.3366241455078,156.7353973388672,259.3288116455078
218,1,402.1250305175781,51.15977096557617,52.648223876953125,157.1354866027832
218,5,508.131103515625,106.3068618774414,94.09674072265625,218.19951629638672
218,3,482.8731689453125,77.47858428955078,75.05810546875,173.6004867553711
218,2,0.0,226.26678466796875,153.8628387451172,249.65911865234375
219,1,395.1759338378906,53.177242279052734,57.394378662109375,155.44687271118164
219,5,496.5419616699219,105.5914535522461,103.96829223632812,218.14606475830078
219,3,483.1843566894531,75.90388488769531,68.46517944335938,175.99099731445312
219,2,0.0,234.05128479003906,154.85946655273438,241.4040069580078
220,1,388.5714111328125,54.021854400634766,62.412689208984375,155.4361228942871
220,5,490.264892578125,105.76130676269531,107.40447998046875,218.1344451904297
220,3,482.6056823730469,75.77864837646484,58.631805419921875,175.96794891357422
220,2,0.0,244.63002014160156,148.34808349609375,231.8821563720703
221,1,383.32489013671875,54.5682487487793,65.77154541015625,155.6258888244629
221,5,488.24444580078125,106.15580749511719,108.193359375,217.88499450683594
221,3,482.5857238769531,73.00398254394531,48.986358642578125,178.7553253173828
221,2,1.3331581354141235,253.176513671875,145.20883405208588,224.7215576171875
222,1,381.1536865234375,55.02960968017578,66.95501708984375,156.41034698486328
222,5,487.5343017578125,104.70072174072266,106.50408935546875,219.2387924194336
222,3,477.823486328125,72.59033203125,47.4412841796875,177.51034545898438
222,2,0.0,256.8342590332031,42.850460052490234,221.60369873046875
223,1,380.6827697753906,55.475860595703125,66.451171875,157.41732788085938
223,5,486.95697021484375,104.04667663574219,100.647216796875,217.47398376464844
223,3,461.6103515625,73.12272644042969,56.2119140625,176.34242248535156
223,2,0.03806719928979874,270.1566467285156,35.10432782024145,208.02053833007812
224,1,380.203369140625,56.3809814453125,66.85272216796875,159.30247497558594
224,5,482.703857421875,101.837158203125,92.46075439453125,217.68524169921875
224,3,453.9261779785156,70.52821350097656,58.480010986328125,184.19985961914062
224,2,0.17863164842128754,281.18829345703125,105.99384607374668,196.70303344726562
225,1,379.13385009765625,57.30049514770508,67.99191284179688,159.8978385925293
225,5,481.59893798828125,99.30213928222656,81.598876953125,216.56346130371094
225,3,445.2514953613281,70.6262435913086,63.166656494140625,187.68265533447266
225,2,0.23721718788146973,287.11224365234375,84.76373648643494,190.29080200195312
226,1,378.5948181152344,56.976383209228516,68.10858154296875,161.25878524780273
226,5,474.7513122558594,98.96814727783203,75.09927368164062,214.93065643310547
226,3,436.7164306640625,71.95149230957031,66.28494262695312,185.85862731933594
226,2,0.03256197273731232,292.17340087890625,63.87000684440136,184.35189819335938
227,1,378.4411315917969,56.71853256225586,67.93960571289062,161.62935256958008
227,5,465.0421447753906,96.89725494384766,79.61825561523438,211.42427825927734
227,3,432.4382629394531,74.57899475097656,65.24411010742188,182.82423400878906
227,2,0.8978649973869324,299.6612854003906,43.86410170793533,176.65377807617188
228,1,378.348876953125,56.47554016113281,66.22970581054688,161.72598266601562
228,5,464.4993896484375,97.6962661743164,74.39837646484375,216.1584701538086
228,3,418.26202392578125,73.26959991455078,74.319091796875,183.02062225341797
229,1,377.78619384765625,56.030765533447266,64.72702026367188,161.6910057067871
229,5,455.33935546875,98.15784454345703,73.51385498046875,215.83589935302734
229,3,412.5291748046875,75.09597778320312,73.42135620117188,182.35238647460938
230,1,376.2481994628906,55.36784744262695,62.793853759765625,162.58710861206055
230,5,436.42047119140625,99.056640625,89.60986328125,211.07620239257812
230,3,411.0700988769531,77.22183227539062,67.02471923828125,180.38644409179688
231,1,372.9170227050781,55.82564926147461,60.718109130859375,161.9306983947754
231,5,418.36181640625,98.67852783203125,103.03924560546875,209.13238525390625
231,3,409.3549499511719,76.30582427978516,62.968719482421875,181.67858123779297
232,1,370.11798095703125,56.69847869873047,57.032806396484375,160.45684051513672
232,5,407.90087890625,102.2058334350586,110.7752685546875,204.49213409423828
232,3,409.0263366699219,75.4591293334961,55.171478271484375,182.3031997680664
233,1,366.7801818847656,56.583824157714844,55.537109375,161.56720733642578
233,5,404.2195739746094,102.12738800048828,112.69186401367188,204.21358489990234
233,3,406.01239013671875,75.28546142578125,50.9298095703125,182.45193481445312
234,1,365.78790283203125,55.9379768371582,51.7835693359375,163.6405143737793
234,5,401.7169494628906,102.26840209960938,115.65438842773438,204.0576171875
234,3,389.3732604980469,75.88262176513672,62.564056396484375,181.98368072509766
235,1,362.3456115722656,56.73221206665039,47.664703369140625,163.84586715698242
235,5,402.5923156738281,103.22840118408203,111.07864379882812,202.84212493896484
235,3,400.0921630859375,72.8508529663086,43.38238525390625,184.80728912353516
236,1,359.65380859375,57.264137268066406,47.40264892578125,166.93795013427734
236,5,401.7835388183594,100.76224517822266,107.28640747070312,205.45519256591797
236,3,392.7574157714844,72.67693328857422,43.804840087890625,152.52416229248047
237,1,358.4067687988281,57.431522369384766,46.424072265625,167.81620407104492
237,5,400.32232666015625,100.72994232177734,95.55990600585938,205.3296890258789
237,3,382.4087829589844,72.47389221191406,48.871978759765625,154.0289764404297
238,1,352.1297302246094,58.804283142089844,44.9473876953125,166.13553619384766
238,5,390.7558288574219,97.83230590820312,90.95294189453125,208.16360473632812
238,3,373.31878662109375,72.78456115722656,50.130859375,177.1214599609375
239,5,380.91082763671875,97.40640258789062,85.68695068359375,208.45062255859375
239,1,342.4028015136719,61.201663970947266,49.268310546875,163.24163436889648
239,3,369.4184265136719,74.41666412353516,45.704071044921875,176.84349822998047
240,5,367.174560546875,94.873291015625,87.85073852539062,211.1016845703125
240,1,338.6181945800781,61.56431198120117,46.515106201171875,161.20444107055664
240,3,361.3209533691406,75.89766693115234,47.771697998046875,171.02222442626953
241,5,351.05523681640625,95.94800567626953,96.20693969726562,211.56804656982422
241,1,333.5931701660156,62.73505783081055,45.303497314453125,161.95244216918945
242,5,349.1057434082031,94.95413970947266,88.53982543945312,211.7063217163086
242,1,329.5438232421875,67.27737426757812,44.919891357421875,157.88363647460938
242,3,335.9130859375,75.8823471069336,57.7945556640625,158.51815032958984
243,5,349.4735412597656,96.97792053222656,86.24508666992188,209.08692932128906
243,1,326.4313659667969,67.810791015625,41.22283935546875,153.96556091308594
244,5,345.1822814941406,97.53284454345703,89.78125,209.12889862060547
244,3,326.9612731933594,77.52005767822266,53.250885009765625,151.6310806274414
244,1,336.9793395996094,65.15081024169922,23.647216796875,87.4841079711914
245,5,335.7850341796875,99.1744384765625,98.06369018554688,206.18878173828125
245,3,328.205322265625,78.325927734375,44.060272216796875,153.30722045898438
245,1,332.3374938964844,64.74898529052734,25.2960205078125,49.63981628417969
246,5,330.2269592285156,97.52922058105469,104.77719116210938,208.95384216308594
246,3,324.9206848144531,76.97569274902344,41.45123291015625,154.2742156982422
247,5,328.1895751953125,98.85675811767578,104.701416015625,206.68148040771484
247,3,322.0130615234375,76.18234252929688,39.14459228515625,151.77734375
248,5,325.7602233886719,98.75148010253906,102.79580688476562,207.86036682128906
248,3,317.0152893066406,72.77813720703125,37.84674072265625,154.83535766601562
249,5,321.408203125,97.922607421875,97.14620971679688,207.53726196289062
249,3,315.5133361816406,75.18706512451172,35.95428466796875,153.8107681274414
250,5,306.12786865234375,92.04481506347656,98.91290283203125,211.0270538330078
250,3,304.5827331542969,72.93171691894531,36.9637451171875,175.1208953857422
251,5,298.8547058105469,88.74729919433594,91.80148315429688,212.4686737060547
251,3,297.3589172363281,71.42726135253906,36.916046142578125,182.50192260742188
252,5,301.1667175292969,88.89735412597656,71.8028564453125,211.0901336669922
252,3,286.1504211425781,78.09346771240234,41.989166259765625,176.42647552490234
252,1,302.3760070800781,66.35978698730469,39.2462158203125,77.54501342773438
253,5,299.28271484375,89.02049255371094,62.79766845703125,209.81040954589844
253,3,273.0484924316406,79.01493835449219,50.657989501953125,174.69190979003906
253,1,303.1202087402344,63.137413024902344,51.365142822265625,73.15906524658203
254,5,293.0325622558594,89.45529174804688,65.5162353515625,213.81021118164062
254,3,267.1224060058594,79.57211303710938,51.41278076171875,175.97938537597656
254,1,296.3063049316406,71.86439514160156,72.54727172851562,180.20123291015625
255,5,278.37762451171875,88.11579895019531,77.92745971679688,213.67527770996094
255,3,267.5675354003906,80.19486236572266,44.48382568359375,179.7063217163086
255,1,292.93994140625,64.47615051269531,50.8592529296875,67.67282104492188
256,5,266.0627136230469,92.01805114746094,88.4366455078125,205.52699279785156
256,3,266.0061340332031,80.73999786376953,37.838592529296875,179.72557830810547
256,1,288.0766906738281,66.41242218017578,51.70355224609375,66.61316680908203
257,5,254.3157958984375,90.98143768310547,102.3255615234375,204.5582046508789
257,3,261.77880859375,80.98965454101562,35.480865478515625,170.9435577392578
257,1,279.8812561035156,68.66416931152344,72.06658935546875,174.4605712890625
258,5,246.81246948242188,85.40401458740234,108.35919189453125,211.78998565673828
258,3,258.6242370605469,79.94073486328125,31.8245849609375,145.34925842285156
258,1,279.896240234375,70.95091247558594,71.59957885742188,162.81431579589844
259,5,244.37725830078125,96.91059112548828,109.58761596679688,199.63439178466797
259,1,258.49835205078125,75.8023452758789,93.21212768554688,149.98848724365234
259,3,252.51853942871094,78.52974700927734,50.04441833496094,147.54346466064453
260,5,241.47372436523438,90.96356964111328,111.95025634765625,206.73082733154297
260,1,270.46783447265625,68.95536041259766,78.8397216796875,160.9615707397461
261,5,238.5961456298828,92.78608703613281,108.95286560058594,205.4410858154297
261,1,264.3020324707031,69.2202377319336,83.66473388671875,159.4164047241211
262,5,229.8848419189453,94.10912322998047,107.34877014160156,204.17212677001953
262,1,243.49951171875,74.02532958984375,96.35739135742188,153.7568359375
262,3,240.54966735839844,76.65132141113281,66.61625671386719,79.35055541992188
263,5,226.88665771484375,80.49540710449219,96.14657592773438,218.6973419189453
263,1,254.35263061523438,70.21355438232422,74.64584350585938,156.7342300415039
264,5,221.12168884277344,92.02104949951172,91.32206726074219,206.55191802978516
264,1,243.43800354003906,73.31383514404297,73.92759704589844,154.7525863647461
264,3,231.76626586914062,78.60372161865234,26.091156005859375,28.44122314453125
265,5,215.4648895263672,94.67293548583984,78.62284851074219,203.5569839477539
265,1,238.85450744628906,70.59786987304688,69.57783508300781,164.3271026611328
265,3,226.40142822265625,80.14561462402344,27.0367431640625,28.893173217773438
266,5,207.37437438964844,91.7080307006836,87.23292541503906,206.06778717041016
266,1,237.11907958984375,66.51065826416016,58.060760498046875,163.6261215209961
267,5,204.59524536132812,91.01924133300781,72.53118896484375,207.8159942626953
267,1,232.63619995117188,65.08414459228516,57.011993408203125,179.4653091430664
268,5,198.0650634765625,95.40670013427734,77.1678466796875,204.18448638916016
268,1,229.4070587158203,66.14151763916016,61.25401306152344,178.14237213134766
269,5,191.20779418945312,98.07291412353516,82.58062744140625,200.17952728271484
269,1,223.55133056640625,66.27336120605469,65.0966796875,162.42388916015625
269,3,205.52728271484375,80.97721862792969,61.046173095703125,90.05267333984375
270,5,186.2393035888672,97.77848815917969,87.15843200683594,200.71507263183594
270,1,217.8381805419922,67.9580307006836,66.69728088378906,160.40637969970703
270,3,199.12120056152344,82.0295181274414,66.42201232910156,80.65401458740234
271,5,180.47181701660156,99.13275909423828,93.51387023925781,199.8832015991211
271,1,213.48043823242188,70.7667007446289,70.21115112304688,158.19002532958984
271,3,193.9169464111328,80.18513488769531,64.87226867675781,95.146484375
272,5,174.6032257080078,99.7776107788086,96.58152770996094,198.6069107055664
272,1,211.80319213867188,73.92611694335938,71.77792358398438,153.69290161132812
272,3,189.45228576660156,78.75978088378906,65.65325927734375,95.60324096679688
272,8,190.3536376953125,80.76301574707031,25.56005859375,27.26207733154297
273,5,167.33059692382812,99.5603256225586,98.17037963867188,199.12525177001953
273,1,206.20477294921875,74.11750793457031,77.33322143554688,153.6139678955078
273,3,182.64488220214844,79.50923919677734,64.62931823730469,85.85897064208984
273,8,186.40191650390625,79.23758697509766,24.414764404296875,28.605514526367188
274,5,160.58969116210938,98.6396713256836,98.5006103515625,197.42862701416016
274,1,200.48817443847656,74.87240600585938,83.37596130371094,156.06260681152344
274,8,179.58485412597656,80.14128112792969,25.513809204101562,27.35205078125
275,5,164.04832458496094,96.33922576904297,83.48097229003906,197.09638214111328
275,1,195.10971069335938,74.27647399902344,85.41732788085938,157.58612060546875
275,8,174.22134399414062,79.54656219482422,24.06658935546875,23.530929565429688
276,5,156.99037170410156,96.35047912597656,77.84385681152344,195.42750549316406
276,1,190.35084533691406,75.29191589355469,84.65049743652344,156.9704132080078
276,3,166.37661743164062,78.02318572998047,68.54667663574219,91.1830062866211
276,8,167.76780700683594,80.09454345703125,25.265609741210938,25.826126098632812
277,5,142.39208984375,91.71292114257812,79.31707763671875,199.35723876953125
277,1,185.20751953125,75.13237762451172,82.27188110351562,176.34204864501953
278,5,134.15528869628906,94.0540542602539,75.4842529296875,197.49739837646484
278,1,179.99227905273438,74.30925750732422,75.42396545410156,179.33272552490234
279,5,131.8956756591797,85.88060760498047,76.07650756835938,209.97779083251953
279,1,176.46839904785156,71.72591400146484,68.30952453613281,182.17365264892578
280,5,126.91773223876953,91.46595764160156,80.7983627319336,203.26332092285156
280,1,172.84024047851562,71.27953338623047,61.47850036621094,180.39124298095703
281,5,121.42262268066406,90.8917465209961,86.57228088378906,202.44263458251953
281,1,170.07630920410156,70.33638000488281,58.94209289550781,180.77951049804688
282,5,112.20704650878906,96.70221710205078,94.91954040527344,194.63899993896484
282,1,163.6017608642578,71.58861541748047,64.18489074707031,180.95771026611328
283,5,106.24385070800781,95.51702880859375,100.61848449707031,193.780517578125
283,1,158.25367736816406,72.20750427246094,63.98089599609375,172.8534698486328
284,5,102.45159912109375,100.05082702636719,102.52473449707031,189.7329559326172
284,1,155.73501586914062,67.21959686279297,64.28443908691406,170.9645004272461
285,5,96.39525604248047,101.59699249267578,107.0184555053711,190.0813217163086
285,1,150.7554473876953,73.90841674804688,69.39607238769531,160.38075256347656
285,3,115.10359954833984,86.70816802978516,73.22307586669922,90.75664520263672
285,8,117.09771728515625,86.86669921875,25.54949951171875,23.225738525390625
286,5,95.56670379638672,101.87723541259766,103.1476821899414,190.0749740600586
286,1,146.35189819335938,77.12952423095703,73.43290710449219,158.28559112548828
286,3,108.4985122680664,85.66080474853516,80.69634246826172,163.64008331298828
287,5,85.4423828125,100.41020202636719,108.01087951660156,191.6324005126953
287,1,143.4076385498047,77.30408477783203,76.4061279296875,159.54915618896484
287,3,111.38076782226562,89.43354034423828,83.77427673339844,165.14424896240234
287,8,106.54723358154297,85.43559265136719,32.295066833496094,37.281288146972656
287,9,117.17623901367188,94.24307250976562,63.20359802246094,84.19134521484375
288,5,78.98540496826172,100.62283325195312,98.88555145263672,190.6824951171875
288,1,139.0569305419922,77.80616760253906,80.06759643554688,161.08294677734375
288,9,101.6755599975586,85.45237731933594,77.5511703491211,150.81300354003906
289,5,71.11038970947266,99.3198013305664,93.41271209716797,192.71114349365234
289,1,135.0917205810547,76.1614990234375,80.54025268554688,157.63760375976562
289,9,95.00078582763672,86.2008056640625,73.9935073852539,161.39381408691406
289,8,97.4139175415039,85.01144409179688,37.712074279785156,42.038414001464844
290,5,71.73709869384766,99.70116424560547,80.72864532470703,192.59964752197266
290,1,127.869873046875,74.60895538330078,82.3580322265625,159.49413299560547
290,8,94.45380401611328,86.23712158203125,38.002784729003906,39.6802978515625
291,5,61.963897705078125,99.36349487304688,74.90885925292969,192.521728515625
291,1,126.84945678710938,75.540283203125,75.91717529296875,154.39695739746094
291,8,91.05848693847656,87.22001647949219,67.66488647460938,172.1038055419922
292,5,66.05896759033203,101.16080474853516,68.67618560791016,190.74468231201172
292,1,119.9755630493164,74.3497543334961,73.8346176147461,153.66837310791016
292,8,84.48573303222656,93.5777816772461,76.02348327636719,166.9521255493164
293,5,58.872894287109375,100.90557861328125,75.21034240722656,191.27273559570312
293,1,115.9705581665039,73.68146514892578,69.11035919189453,156.67049407958984
293,8,79.1855697631836,87.11626434326172,79.08487701416016,176.34906768798828
294,1,113.55549621582031,71.77691650390625,58.88818359375,157.33871459960938
294,5,53.7183952331543,103.83348846435547,80.15457534790039,187.98685455322266
294,8,75.90682220458984,100.74774932861328,84.70816802978516,162.76512908935547
295,5,46.73257827758789,103.09498596191406,86.21171188354492,189.54188537597656
295,1,107.71260833740234,72.89374542236328,57.068199157714844,157.82587432861328
295,8,72.11346435546875,98.7669448852539,89.11123657226562,163.35002899169922
296,1,104.20357513427734,72.90747833251953,58.697547912597656,155.99651336669922
296,5,40.221031188964844,105.84159088134766,93.39359283447266,185.88658905029297
296,8,61.34115219116211,90.62395477294922,91.00423049926758,158.50838470458984
297,5,43.253108978271484,104.8623275756836,91.08220291137695,186.49335479736328
297,1,100.16348266601562,73.46988677978516,62.94184875488281,155.75560760498047
297,8,61.2537956237793,86.20195770263672,76.95952224731445,143.62549591064453
298,1,96.21578216552734,74.24806213378906,67.7888412475586,155.47120666503906
298,5,26.115079879760742,107.14697265625,101.74917030334473,185.4613037109375
298,8,54.081932067871094,90.72777557373047,76.69843292236328,149.5700454711914
299,5,24.09328269958496,104.44520568847656,100.27114295959473,186.8905487060547
299,1,93.4395523071289,75.49727630615234,70.10176849365234,153.97148895263672
299,8,51.00189208984375,89.54976654052734,32.4774169921875,57.91710662841797
300,5,26.72907829284668,102.85108947753906,85.81319618225098,183.3696746826172
300,1,86.93494415283203,77.54806518554688,75.79924774169922,151.66864013671875
300,8,44.87199020385742,92.22960662841797,67.3303108215332,125.13878631591797
301,1,83.57353210449219,78.9292221069336,79.09657287597656,151.01763153076172
301,5,22.340038299560547,101.73914337158203,78.84920120239258,183.68474578857422
301,8,40.6561164855957,88.44829559326172,67.75744247436523,155.05371856689453
302,1,79.44070434570312,79.1137466430664,82.73982238769531,150.94593048095703
302,5,17.645631790161133,100.21376037597656,72.78324699401855,185.6509246826172
302,8,36.67101287841797,89.3680648803711,66.59269714355469,169.2074966430664
303,1,75.17616271972656,80.17535400390625,84.06622314453125,150.47743225097656
303,5,8.349141120910645,100.16460418701172,72.2488660812378,186.3859634399414
303,8,30.51641273498535,89.74949645996094,71.57103538513184,165.53594970703125
304,1,70.47289276123047,79.78141021728516,83.5457534790039,150.54216766357422
304,5,11.944610595703125,100.25703430175781,65.59716796875,188.99903869628906
304,8,25.746227264404297,93.3931884765625,76.70519638061523,166.43838500976562
305,1,65.65385437011719,78.09188842773438,81.27598571777344,152.9112091064453
305,5,4.768068790435791,101.62994384765625,73.18808507919312,188.19534301757812
305,8,21.14691925048828,92.4785385131836,77.69059753417969,169.66101837158203
305,10,20.98788070678711,93.08401489257812,70.59731674194336,86.94140625
306,1,62.79865646362305,77.37631225585938,74.77890396118164,151.52780151367188
306,5,2.226609706878662,103.7061996459961,75.18023538589478,186.02689361572266
306,8,17.09374237060547,95.90435791015625,81.39808654785156,163.96502685546875
307,5,0.37280958890914917,106.80105590820312,76.0085991024971,179.16519165039062
307,1,57.28601837158203,78.70189666748047,71.36576080322266,149.84551239013672
307,8,17.27630043029785,98.74793243408203,82.62380790710449,152.31505584716797
307,10,10.259782791137695,97.23102569580078,24.25492286682129,27.06336212158203
308,1,53.543067932128906,77.99503326416016,62.479522705078125,152.5761947631836
308,5,0.2944480776786804,107.06190490722656,75.59700852632523,178.74742126464844
308,8,29.971782684326172,94.69657897949219,68.58958053588867,157.90077209472656
308,10,4.6750102043151855,98.54149627685547,24.58786630630493,34.191871643066406
309,1,50.394615173339844,78.58142852783203,54.23680877685547,153.11621856689453
309,5,0.17984595894813538,104.55508422851562,76.71454033255577,180.59970092773438
309,8,1.6431703567504883,104.29829406738281,64.49135875701904,83.14395141601562
310,1,45.871124267578125,78.55929565429688,55.69786071777344,153.39735412597656
310,5,0.6239811778068542,99.83642578125,75.68668013811111,184.3118896484375
310,8,13.00719165802002,114.31824493408203,48.89579677581787,71.08405303955078
311,1,42.8766975402832,78.74948120117188,58.43058395385742,153.64508056640625
311,5,0.0,97.92729949951172,72.37757873535156,187.43634796142578
312,1,37.54254150390625,80.58146667480469,64.25241088867188,152.17422485351562
312,5,0.0,99.87041473388672,63.93062973022461,185.31482696533203
312,8,0.24711154401302338,113.40401458740234,27.016999021172523,91.5202865600586
313,1,31.2049560546875,80.96834564208984,70.95214080810547,151.03728485107422
313,5,0.0,108.9639892578125,54.58134460449219,174.72491455078125
314,1,26.19314193725586,82.1678466796875,75.73173904418945,150.48545837402344
314,5,0.0,113.21354675292969,42.24694061279297,171.01914978027344
315,1,23.562652587890625,83.65667724609375,76.83170318603516,149.12013244628906
315,5,0.026128150522708893,114.5404052734375,35.8022181019187,158.57015991210938
315,8,0.1089782640337944,198.35336303710938,28.226469047367573,91.82357788085938
316,1,20.39845848083496,84.84557342529297,78.74948310852051,148.11421966552734
316,5,0.0,120.38436889648438,36.86414337158203,147.6759033203125
317,1,14.200178146362305,83.3526611328125,82.1274585723877,149.5407257080078
317,5,0.0,125.56090545654297,34.859046936035156,150.5154800415039
318,1,12.639848709106445,82.61940002441406,79.26866722106934,149.7543487548828
318,5,0.0,133.20399475097656,34.88568878173828,134.9330596923828
319,1,7.289756774902344,78.7528305053711,77.24201202392578,153.87999725341797
319,5,0.0,133.4306640625,35.126922607421875,136.70205688476562
320,1,2.8072941303253174,83.71075439453125,72.10728716850281,147.230712890625
321,1,0.8932041525840759,83.68922424316406,65.1923137307167,147.47659301757812
321,8,0.043386198580265045,213.42161560058594,33.81838443130255,51.65562438964844
321,5,0.0,138.01463317871094,34.85493850708008,131.32273864746094
322,1,0.35900312662124634,82.26628875732422,55.93784898519516,149.5157699584961
322,8,0.12800420820713043,222.74534606933594,32.01467691361904,43.33769226074219
323,1,0.12614065408706665,82.8839340209961,46.31309884786606,150.5468978881836
323,8,0.12577201426029205,229.9771728515625,25.970797047019005,35.69903564453125
324,1,0.08799436688423157,84.72679138183594,45.83316347002983,151.95880126953125
325,1,0.1157577633857727,89.62870788574219,45.42442625761032,147.5110626220703
326,1,0.12288802862167358,94.0177230834961,46.01703888177872,142.57268524169922
327,1,0.20697669684886932,95.71331024169922,45.879838183522224,135.30567169189453
328,1,0.059386566281318665,100.95086669921875,46.03939501941204,130.5010986328125
329,1,0.1552586704492569,112.00523376464844,45.274131283164024,119.32713317871094
330,1,0.036794211715459824,120.5995864868164,44.531534645706415,110.76148223876953
331,1,0.0,129.64126586914062,42.81623840332031,100.92716979980469
332,1,0.2741427719593048,185.76927185058594,35.523735493421555,44.49644470214844
333,1,0.18284092843532562,190.59056091308594,29.935796156525612,38.73088073730469
377,11,0.21593736112117767,327.8472595214844,37.24622465670109,42.82177734375
378,11,0.30337685346603394,323.0996398925781,41.139093697071075,50.408905029296875
379,11,0.22407273948192596,317.0338134765625,42.630976393818855,58.31536865234375
380,11,0.04387345537543297,308.0486145019531,42.64178404584527,69.47830200195312
381,11,0.07771606743335724,300.5272216796875,45.19574050605297,77.9197998046875
382,11,0.07176440209150314,284.7815246582031,46.497232027351856,94.18301391601562
383,11,0.11134184151887894,272.7367248535156,47.12438737601042,106.68795776367188
384,11,0.06407800316810608,261.8603820800781,47.425301879644394,117.55178833007812
385,11,0.04170503839850426,250.80882263183594,47.68797406926751,128.71437072753906
386,11,0.09356082230806351,222.9518280029297,47.71802746504545,156.9229278564453
387,11,0.0,189.47030639648438,48.093563079833984,189.85986328125
388,11,0.029036380350589752,181.78457641601562,47.54617800563574,201.63693237304688
389,11,0.08220596611499786,172.9720916748047,47.49865798652172,215.47532653808594
390,11,0.0,171.06626892089844,49.791725158691406,221.33091735839844
391,11,0.0,169.35899353027344,58.179447174072266,226.6841278076172
392,11,0.006265449803322554,167.56495666503906,67.93967266054824,230.40830993652344
393,11,0.07064192742109299,136.71913146972656,78.68222672492266,260.61708068847656
394,11,0.1124158427119255,132.8983612060547,88.05099815875292,260.6316680908203
395,11,0.13042135536670685,132.24815368652344,95.6545670479536,260.37815856933594
396,11,0.12795701622962952,131.2816925048828,99.4334519803524,260.8393096923828
397,11,0.18807575106620789,132.4891815185547,103.25239208340645,259.6848907470703
398,11,0.0,133.140869140625,106.70886993408203,260.09759521484375
399,11,0.0,133.87155151367188,107.66427612304688,259.7668762207031
400,11,0.007719565182924271,134.68997192382812,108.5285887233913,258.7861633300781
401,11,0.22440311312675476,133.75885009765625,108.44834926724434,259.6321105957031
402,11,0.33899247646331787,134.70713806152344,107.34764540195465,259.13002014160156
403,11,4.460577011108398,133.81732177734375,103.98397254943848,259.4262390136719
404,11,9.20991039276123,132.90402221679688,99.42953968048096,259.6643371582031
405,11,13.899161338806152,131.39903259277344,98.21949100494385,261.7210235595703
406,11,18.715505599975586,130.7769775390625,100.6213550567627,262.1566162109375
407,11,22.93962860107422,130.46649169921875,112.21752166748047,263.0853576660156
408,11,28.586671829223633,130.13174438476562,125.68478202819824,263.3601379394531
409,11,33.19673156738281,130.33522033691406,136.49966430664062,262.86326599121094
410,11,38.511878967285156,130.0437469482422,143.91681671142578,263.4962615966797
411,11,44.07664489746094,131.28237915039062,144.7572784423828,262.0802917480469
412,11,51.15498733520508,130.72364807128906,141.05561447143555,262.1232147216797
413,11,57.59061813354492,131.7552947998047,135.19490432739258,261.44908142089844
414,11,63.84822463989258,130.4575958251953,131.37998580932617,263.4960174560547
415,11,67.59008026123047,128.6759490966797,129.6468734741211,265.4817657470703
416,11,72.17369079589844,127.55585479736328,125.85086059570312,266.2979965209961
417,11,78.82494354248047,127.2611083984375,118.8897933959961,265.7652282714844
418,11,85.32982635498047,127.01310729980469,111.96988677978516,264.7106475830078
419,11,90.7905502319336,126.1933364868164,106.99153900146484,266.8792037963867
420,11,94.96829986572266,124.12598419189453,103.75812530517578,270.14134979248047
421,11,99.72200012207031,123.35929107666016,106.17903137207031,274.2786178588867
422,11,105.06835174560547,122.85337829589844,115.9175796508789,277.4303436279297
423,11,111.21357727050781,122.51225280761719,121.43751525878906,279.8401336669922
424,11,117.24728393554688,124.71483612060547,126.13758850097656,272.81620025634766
425,11,124.15156555175781,124.41881561279297,128.97483825683594,281.88745880126953
426,11,131.92184448242188,125.53047180175781,133.278076171875,276.09715270996094
427,11,139.79835510253906,126.69918823242188,136.8854217529297,272.39569091796875
428,11,147.2911376953125,127.5886001586914,134.54177856445312,273.50780487060547
429,11,153.73727416992188,128.22154235839844,132.84970092773438,273.10533142089844
430,11,155.97991943359375,128.63107299804688,132.56781005859375,274.29364013671875
431,11,160.22012329101562,128.168212890625,129.322509765625,274.73785400390625
432,11,168.00228881835938,127.92668914794922,121.32833862304688,275.0080032348633
433,11,181.18087768554688,127.15926361083984,107.79229736328125,276.1156997680664
434,11,192.21575927734375,127.60238647460938,97.49078369140625,274.92486572265625
435,11,203.67864990234375,125.5154037475586,89.15328979492188,276.75147247314453
436,11,211.1869659423828,123.38976287841797,88.52131652832031,278.2854995727539
437,11,218.36109924316406,122.77216339111328,86.88301086425781,279.61458587646484
438,11,217.81411743164062,122.0348129272461,96.31369018554688,281.83753204345703
439,11,215.65536499023438,121.49139404296875,119.19046020507812,281.80712890625
440,11,217.7499542236328,121.76632690429688,140.17445373535156,281.94873046875
441,11,221.33132934570312,121.919921875,154.46395874023438,282.31939697265625
442,11,229.27354431152344,122.57813262939453,156.59034729003906,281.5437240600586
443,11,238.953857421875,122.86019897460938,150.85086059570312,280.5448303222656
444,11,244.66357421875,122.23678588867188,149.081298828125,281.1221923828125
445,11,247.7866668701172,121.8155746459961,148.28709411621094,281.27320098876953
446,11,253.46986389160156,121.24214172363281,144.15895080566406,281.5108184814453
447,11,265.4591979980469,120.55953979492188,133.35357666015625,281.1605529785156
448,11,280.0924377441406,119.21794891357422,119.34988403320312,277.6733169555664
449,11,294.8837585449219,117.51761627197266,105.1312255859375,279.28234100341797
450,11,311.959228515625,115.34774017333984,92.08139038085938,281.20691680908203
451,11,325.98388671875,114.31439971923828,78.09332275390625,284.44872283935547
452,11,333.0868225097656,113.74201965332031,91.92977905273438,286.11280822753906
453,11,339.318115234375,114.44802856445312,104.1846923828125,286.1550598144531
454,11,347.3017272949219,115.43675231933594,112.36471557617188,284.6908721923828
455,11,350.2345275878906,116.12472534179688,122.99630737304688,280.5229797363281
456,11,350.43621826171875,117.3972396850586,138.318603515625,273.63712310791016
457,11,350.5295104980469,117.12960052490234,145.67404174804688,272.97000885009766
458,11,351.190185546875,118.05884552001953,148.350341796875,271.8847885131836
459,11,352.70849609375,116.33599853515625,149.83544921875,273.65777587890625
460,11,356.3676452636719,117.38517761230469,149.6395263671875,273.20082092285156
461,11,364.3757019042969,116.64119720458984,140.07785034179688,273.2610549926758
462,11,377.88946533203125,116.19734191894531,125.07052612304688,273.0991973876953
463,11,392.7710266113281,116.24006652832031,119.58871459960938,273.5291290283203
464,11,407.98223876953125,114.70635986328125,111.5435791015625,274.8873291015625
465,11,424.8542785644531,112.67991638183594,102.98489379882812,276.1602020263672
466,11,443.7935791015625,111.81927490234375,90.4285888671875,276.9530029296875
467,11,438.4909362792969,110.52788543701172,102.15072631835938,277.63248443603516
468,11,432.2919616699219,110.89826202392578,115.16714477539062,278.66222381591797
469,11,429.2529296875,111.11946105957031,124.50946044921875,278.92823791503906
470,11,427.9066467285156,110.95722961425781,142.16213989257812,279.03797912597656
471,11,431.042236328125,111.07142639160156,152.67486572265625,278.69163513183594
472,11,438.4098205566406,111.69166564941406,151.22378540039062,277.9733123779297
473,11,448.847900390625,111.41301727294922,143.1741943359375,278.06812286376953
474,11,456.4635314941406,110.12041473388672,139.11184692382812,279.3226089477539
475,11,462.679931640625,109.18019104003906,133.6629638671875,279.6559295654297
476,11,473.56964111328125,107.64335632324219,125.80511474609375,278.66819763183594
477,11,487.82598876953125,106.896484375,116.82977294921875,277.4417724609375
478,11,500.6685485839844,105.33577728271484,110.59225463867188,273.9614944458008
479,11,516.8668823242188,103.33411407470703,100.4964599609375,274.07125091552734
480,11,532.0007934570312,101.81392669677734,91.5484619140625,273.85355377197266
481,11,552.3025512695312,101.26325225830078,75.96722412109375,270.69969940185547
482,11,556.2657470703125,102.26726531982422,80.9298095703125,269.04517364501953
483,11,555.6223754882812,101.56263732910156,98.052734375,271.3531036376953
484,11,555.784423828125,103.23220825195312,113.634033203125,266.2202453613281
485,11,555.9796752929688,104.00940704345703,126.7535400390625,262.8193893432617
486,11,554.9764404296875,104.73253631591797,139.625,261.0625686645508
487,11,555.317626953125,105.01292419433594,145.65966796875,260.09178161621094
488,11,556.3724975585938,105.56867980957031,147.76177978515625,258.54579162597656
489,11,559.9625854492188,106.43104553222656,149.873779296875,257.27293395996094
490,11,568.0612182617188,107.01738739013672,129.47137451171875,255.4628677368164
491,11,580.0901489257812,106.38136291503906,125.65301513671875,255.84327697753906
492,11,592.8872680664062,105.44723510742188,115.92816162109375,256.58221435546875
493,11,607.2101440429688,103.90977478027344,109.64263916015625,257.78211975097656
494,11,623.0077514648438,102.5682601928711,99.8385009765625,258.83423614501953
495,11,641.621337890625,102.2814712524414,89.26458740234375,257.6589584350586
496,11,647.9310302734375,102.68681335449219,87.07940673828125,258.48548889160156
497,11,642.382080078125,103.00300598144531,93.5172119140625,257.71241760253906
498,11,639.9349365234375,103.07308959960938,103.23602294921875,259.8354187011719
499,11,639.9179077148438,102.9730453491211,115.05078125,258.65921783447266
500,11,643.1085815429688,104.17162322998047,118.7120361328125,257.81705474853516
501,11,649.0399780273438,103.5408706665039,119.25,258.12703704833984
502,11,653.3346557617188,103.80963134765625,118.02459716796875,257.6772766113281
503,11,656.361083984375,104.0506820678711,121.67596435546875,257.11756134033203
504,11,661.2128295898438,102.4173583984375,121.52099609375,258.6893310546875
505,11,671.4862670898438,101.61554718017578,122.804931640625,257.17430877685547
506,11,685.8425903320312,101.85440826416016,111.0262451171875,254.28136444091797
507,11,696.3740234375,99.09923553466797,107.861083984375,251.55158233642578
508,11,710.0879516601562,97.32028198242188,99.9664306640625,250.32818603515625
509,11,723.2185668945312,97.66783142089844,92.9263916015625,247.75123596191406
510,11,736.549072265625,96.7577896118164,85.1007080078125,249.03447723388672
511,11,738.9400634765625,96.56311798095703,87.22271728515625,249.87252044677734
512,11,738.7304077148438,97.16828918457031,93.2921142578125,248.6505889892578
513,11,738.6499633789062,97.6313705444336,95.35723876953125,246.87140655517578
514,11,739.1534423828125,99.40837097167969,114.9833984375,241.8217010498047
515,11,739.7118530273438,99.87876892089844,115.1973876953125,240.51380920410156
516,11,740.6795654296875,102.5987548828125,114.27801513671875,237.05584716796875
517,11,741.3406982421875,104.0992660522461,113.90380859375,234.0717544555664
518,11,745.7982788085938,104.44230651855469,109.71514892578125,233.3610076904297
519,11,752.1940307617188,106.05960083007812,103.56396484375,231.09664916992188
520,11,762.6749877929688,106.69154357910156,93.05145263671875,230.8885040283203
521,11,771.597412109375,111.22618865966797,83.96502685546875,225.84302520751953
522,11,787.5236206054688,134.84237670898438,68.07830810546875,202.66213989257812
523,11,800.0487060546875,134.47634887695312,55.55035400390625,203.35324096679688
524,11,815.4354858398438,135.06492614746094,40.20562744140625,201.82969665527344
525,11,824.9951782226562,141.71011352539062,30.580322265625,195.82870483398438
526,11,823.3640747070312,154.8074188232422,32.09930419921875,182.7445831298828
527,11,823.2553100585938,165.727783203125,32.255126953125,171.16339111328125
527,12,825.3328857421875,259.58349609375,30.2862548828125,77.49215698242188
528,11,824.1301879882812,164.26097106933594,31.3829345703125,172.78370666503906
528,12,826.0369262695312,267.9337158203125,29.55804443359375,69.3433837890625
529,11,824.6901245117188,168.50418090820312,30.8193359375,168.82806396484375
529,12,826.096435546875,276.0343322753906,29.48297119140625,61.057098388671875
530,11,825.7086791992188,173.08460998535156,29.9036865234375,164.1907501220703
530,12,826.6907348632812,279.6401062011719,28.85601806640625,57.308563232421875
531,11,832.7266235351562,183.0579376220703,22.8702392578125,113.77360534667969
532,11,829.7493286132812,192.05441284179688,26.18365478515625,145.39181518554688
532,12,831.2059936523438,291.2939453125,24.36566162109375,45.437347412109375
