0,1,62.78189468383789,47.22692108154297,90.80955123901367,223.25800323486328
1,1,65.24214935302734,47.07101821899414,88.51595306396484,223.64318466186523
2,1,67.2293930053711,46.133907318115234,86.7282485961914,223.74423599243164
3,1,69.04036712646484,45.67255783081055,84.94121551513672,224.47407913208008
4,1,71.60640716552734,45.68611145019531,82.39551544189453,223.49244689941406
5,1,73.22917175292969,45.08380889892578,80.91595458984375,224.72594451904297
6,1,75.38416290283203,44.95216369628906,79.65184783935547,225.3130645751953
7,1,77.504638671875,44.61833190917969,77.46246337890625,225.9089813232422
8,1,80.81807708740234,44.173492431640625,73.35448455810547,226.61328125
9,1,82.21973419189453,44.152381896972656,72.02310943603516,224.95919036865234
10,1,84.40585327148438,44.05354309082031,69.89498901367188,224.4479522705078
11,1,86.81139373779297,43.04011917114258,69.62042999267578,223.71256637573242
12,1,88.8078842163086,43.804813385009766,76.45638275146484,220.0995750427246
13,1,91.67243194580078,43.595123291015625,83.72020721435547,219.46551513671875
14,1,93.6750259399414,43.76191329956055,89.10680389404297,215.9000129699707
15,1,96.09774017333984,43.06794738769531,92.54520416259766,215.6221466064453
16,1,98.71643829345703,43.885292053222656,90.42508697509766,214.63573455810547
17,1,101.72004699707031,44.563106536865234,92.91004943847656,213.94125747680664
18,1,104.19253540039062,44.243404388427734,92.73564147949219,214.44861221313477
19,1,107.91560363769531,44.18077087402344,90.75790405273438,214.16380310058594
20,1,111.150146484375,43.87992477416992,90.20487976074219,214.70747756958008
21,1,112.60954284667969,43.734535217285156,89.564453125,214.89107513427734
22,1,115.10401916503906,42.9095458984375,87.25532531738281,215.56430053710938
23,1,116.38153839111328,40.880245208740234,85.79370880126953,217.02780532836914
24,1,119.56878662109375,40.981990814208984,83.24241638183594,217.47815322875977
25,1,122.22000122070312,41.12575912475586,80.1455078125,217.0201759338379
26,1,124.89014434814453,41.88945007324219,77.75983428955078,216.13880920410156
27,1,127.24553680419922,41.2899169921875,75.63773345947266,216.76150512695312
28,1,130.53497314453125,40.53852081298828,72.75189208984375,217.4461898803711
29,1,134.20965576171875,40.35902786254883,69.82618713378906,217.91679000854492
30,1,136.90176391601562,40.41526412963867,68.93009948730469,218.02663040161133
31,1,139.8826446533203,39.63860321044922,68.42654418945312,218.59622955322266
32,1,142.43130493164062,39.15757369995117,68.26251220703125,218.5660285949707
33,1,145.5446014404297,39.4976921081543,68.02311706542969,218.06740188598633
34,1,148.18812561035156,40.115543365478516,72.56797790527344,217.41411972045898
35,1,151.04637145996094,40.105228424072266,80.52665710449219,217.62188339233398
36,1,154.1027069091797,40.16553497314453,87.33502197265625,218.27440643310547
37,1,156.94114685058594,39.37945556640625,94.11849975585938,218.49468994140625
38,1,159.70310974121094,38.86713790893555,98.35005187988281,218.77006912231445
39,1,164.23239135742188,38.78370666503906,96.36456298828125,218.7324676513672
40,1,168.01406860351562,38.95497512817383,96.15774536132812,218.50788497924805
41,1,169.53598022460938,39.13613510131836,97.49508666992188,218.1592140197754
42,1,170.0916748046875,38.48268127441406,97.5972900390625,219.61878967285156
43,1,171.8919219970703,37.66114044189453,97.03648376464844,220.2419662475586
44,1,175.09738159179688,36.428836822509766,93.78875732421875,220.86675643920898
45,1,177.75376892089844,36.732303619384766,91.54570007324219,220.97329330444336
46,1,184.44790649414062,35.97706985473633,84.97683715820312,219.6370506286621
47,1,191.527587890625,35.45170211791992,77.62100219726562,217.19389724731445
48,1,195.04942321777344,34.64141845703125,74.82429504394531,219.4733123779297
49,1,198.15550231933594,33.49073791503906,73.82038879394531,219.7978057861328
50,1,200.78836059570312,33.55870056152344,75.22994995117188,221.028076171875
51,1,204.03541564941406,33.06614685058594,73.16633605957031,220.2723846435547
52,1,206.74075317382812,32.443641662597656,74.37002563476562,218.46817779541016
53,1,209.8144073486328,31.849679946899414,82.63313293457031,217.63702964782715
54,1,213.1513671875,32.38285446166992,89.97525024414062,215.0213508605957
55,1,216.20675659179688,32.307525634765625,95.35311889648438,214.46279907226562
56,1,220.09201049804688,32.89942932128906,98.18115234375,213.27745056152344
57,1,223.71253967285156,32.43935775756836,98.81455993652344,214.10979080200195
58,1,227.10104370117188,32.13414764404297,96.88516235351562,214.55216217041016
59,1,230.3359375,32.17669677734375,94.96035766601562,214.03993225097656
60,1,232.69534301757812,31.665481567382812,94.48175048828125,214.53131103515625
61,1,233.84951782226562,31.549612045288086,93.29202270507812,215.66948890686035
62,1,234.28273010253906,32.05008316040039,92.75160217285156,213.01044845581055
63,1,235.65863037109375,31.052284240722656,91.5213623046875,213.63080596923828
64,1,237.24212646484375,30.795299530029297,90.06903076171875,213.58098220825195
65,1,238.62741088867188,30.454147338867188,88.39596557617188,214.02130126953125
66,1,238.62619018554688,29.645843505859375,88.855712890625,213.7564239501953
67,1,241.6167755126953,29.773366928100586,86.67018127441406,211.43413734436035
68,1,248.8528289794922,28.785865783691406,79.35069274902344,211.80297088623047
69,1,255.06515502929688,27.94939613342285,72.80191040039062,212.47777366638184
70,1,259.97186279296875,28.00060272216797,67.59722900390625,211.86678314208984
71,1,262.8879089355469,27.6883602142334,65.80755615234375,212.35964393615723
72,1,264.8052978515625,27.490692138671875,68.05792236328125,212.75453186035156
73,1,267.5763854980469,26.884096145629883,68.25704956054688,213.74224662780762
74,1,269.810546875,26.126131057739258,71.38909912109375,214.13961601257324
75,1,271.9725646972656,26.967384338378906,77.83334350585938,213.1637954711914
76,1,274.6121520996094,27.61054229736328,84.21664428710938,212.7813491821289
77,1,277.71807861328125,28.024429321289062,87.85440063476562,212.3977508544922
78,1,280.53997802734375,27.934621810913086,87.8865966796875,212.6234073638916
79,1,283.6005859375,27.675758361816406,87.08914184570312,212.40201568603516
80,1,286.72650146484375,27.114194869995117,84.9327392578125,212.85818672180176
81,1,289.96630859375,26.965885162353516,81.89242553710938,211.77236557006836
82,1,294.24676513671875,26.065210342407227,77.86907958984375,212.21336936950684
83,1,297.7867431640625,24.955848693847656,74.96075439453125,213.39859771728516
84,1,301.63262939453125,24.18947410583496,73.23272705078125,212.7323703765869
85,1,306.18359375,22.691673278808594,72.83245849609375,212.48943328857422
86,1,310.3310852050781,22.3950252532959,71.68515014648438,208.71631813049316
87,1,312.75128173828125,21.940616607666016,72.60009765625,203.84260177612305
88,1,314.1727600097656,21.349613189697266,73.31784057617188,202.4298973083496
89,1,316.5323181152344,20.798988342285156,72.44378662109375,201.7151870727539
90,1,319.9598083496094,19.38178253173828,70.22747802734375,207.25333404541016
91,1,323.48846435546875,20.055532455444336,71.07815551757812,204.45418739318848
92,1,326.0668029785156,20.641687393188477,78.94073486328125,203.05846214294434
93,1,328.698486328125,20.23947525024414,83.94036865234375,203.13352584838867
94,1,331.7603454589844,19.91388511657715,86.7021484375,203.5315647125244
95,1,335.31402587890625,20.47021484375,87.28469848632812,203.08389282226562
96,1,338.090576171875,20.141063690185547,85.45623779296875,203.07378005981445
97,1,340.1882629394531,20.140432357788086,84.8109130859375,204.23006629943848
98,1,343.4848937988281,20.379396438598633,83.31573486328125,203.70182609558105
99,1,344.8931579589844,20.16571807861328,81.66976928710938,203.38243865966797
100,1,345.4229431152344,19.281341552734375,80.99224853515625,203.82093811035156
101,1,344.9753112792969,18.475566864013672,81.345703125,201.30458450317383
102,1,345.69976806640625,17.828195571899414,80.951171875,200.98911094665527
103,1,347.3949890136719,16.875621795654297,79.88134765625,201.1824836730957
104,1,350.11016845703125,16.150514602661133,78.07705688476562,201.11742973327637
105,1,354.02703857421875,16.84440803527832,76.36483764648438,199.74845695495605
106,1,358.434326171875,16.1827392578125,74.8363037109375,198.13754272460938
107,1,363.3292541503906,15.779056549072266,74.09539794921875,198.95159530639648
108,1,367.8608093261719,16.013837814331055,72.8370361328125,197.7517261505127
109,1,371.5245361328125,14.889249801635742,72.7098388671875,198.32653999328613
110,1,375.1679992675781,14.875065803527832,71.94998168945312,198.41428661346436
111,1,378.2179870605469,15.687615394592285,72.56723022460938,197.32128047943115
112,1,381.5169677734375,15.59422492980957,72.28369140625,197.69108390808105
113,1,384.6146240234375,15.672860145568848,71.055419921875,197.82277584075928
114,1,388.6023864746094,16.87910270690918,70.1737060546875,196.47937202453613
115,1,392.0442810058594,17.592792510986328,73.13970947265625,195.68951034545898
116,1,392.91314697265625,18.230632781982422,77.89093017578125,195.3441047668457
117,1,393.52984619140625,18.209529876708984,80.66839599609375,195.1501808166504
118,1,394.62054443359375,17.940166473388672,82.00979614257812,194.87338638305664
119,1,396.9787902832031,17.511850357055664,79.28973388671875,195.43350791931152
120,1,399.6944885253906,16.523256301879883,76.81301879882812,196.10291862487793
121,1,405.1717224121094,14.726143836975098,71.40921020507812,197.7415075302124
122,1,412.92291259765625,13.494973182678223,63.30316162109375,198.63426876068115
123,1,418.5738830566406,13.59482192993164,58.97100830078125,193.95808029174805
124,1,426.52935791015625,13.724824905395508,54.693572998046875,192.57391166687012
125,1,434.5069580078125,13.857032775878906,51.2437744140625,189.95516204833984
126,1,439.2243347167969,13.569740295410156,52.49786376953125,192.63483428955078
127,1,442.9462585449219,12.969971656799316,51.87652587890625,193.41493129730225
128,1,445.3554992675781,12.912081718444824,55.0784912109375,192.2128267288208
129,1,446.4368591308594,12.711935043334961,64.473388671875,191.6613712310791
130,1,446.5679626464844,14.141201972961426,74.16964721679688,189.7125120162964
131,1,446.7593078613281,14.710735321044922,82.47830200195312,188.69797134399414
132,1,446.5706481933594,15.053519248962402,85.82144165039062,187.4596185684204
133,1,446.4329833984375,15.098407745361328,87.3441162109375,188.16794967651367
134,1,447.4742431640625,14.70057201385498,88.1292724609375,188.4184923171997
135,1,448.961669921875,14.471230506896973,85.93353271484375,189.1586675643921
136,1,450.70709228515625,14.837677001953125,84.4599609375,188.32931518554688
137,1,453.5645446777344,14.18537712097168,82.19259643554688,189.2836627960205
138,1,458.255859375,13.679701805114746,78.03125,189.4422311782837
139,1,464.635498046875,13.867277145385742,71.237548828125,188.9606647491455
140,1,470.5960998535156,13.852614402770996,64.63662719726562,188.8315896987915
141,1,477.18829345703125,13.652058601379395,58.15704345703125,189.11626720428467
142,1,485.7425842285156,13.277090072631836,52.697357177734375,189.9612522125244
143,1,495.2071533203125,13.594322204589844,47.9901123046875,189.37401580810547
144,1,503.21539306640625,13.605353355407715,44.046630859375,189.1887903213501
145,1,504.6970520019531,13.263212203979492,46.619171142578125,189.2413501739502
146,1,505.0298767089844,14.181365966796875,57.530548095703125,188.27301025390625
147,1,505.17620849609375,14.41208553314209,70.95355224609375,188.0520715713501
148,1,505.3545837402344,14.936128616333008,80.87142944335938,188.13494682312012
149,1,505.3405456542969,15.416027069091797,87.02218627929688,188.32324600219727
150,1,504.8951416015625,15.58334732055664,90.08489990234375,188.41546249389648
151,1,505.5039367675781,15.738157272338867,91.53134155273438,188.62625312805176
152,1,506.3111267089844,15.830894470214844,90.23806762695312,188.67217254638672
153,1,508.7364501953125,15.108224868774414,87.604736328125,189.33539390563965
154,1,512.188720703125,14.453433990478516,84.767822265625,190.15679550170898
155,1,517.6851196289062,14.970996856689453,79.44293212890625,189.9268455505371
156,1,524.74267578125,14.320124626159668,72.85870361328125,190.7247667312622
157,1,531.8847045898438,14.867790222167969,65.3909912109375,189.60884857177734
158,1,538.10693359375,14.427667617797852,60.4984130859375,190.55455589294434
159,1,547.2919311523438,15.176481246948242,58.41558837890625,191.42724800109863
160,1,555.0737915039062,14.250480651855469,57.43585205078125,194.13597869873047
161,1,558.2313232421875,14.752216339111328,60.22540283203125,196.20513534545898
162,1,559.89990234375,14.077109336853027,64.191650390625,199.20101261138916
163,1,561.8223266601562,15.023273468017578,68.95440673828125,200.1782341003418
164,1,563.92724609375,15.307943344116211,68.22418212890625,200.36097145080566
165,1,564.5891723632812,15.760555267333984,70.78863525390625,200.9796028137207
166,1,563.7972412109375,16.12487030029297,73.306640625,200.6837387084961
167,1,563.9312133789062,16.37455940246582,75.67431640625,201.26522636413574
168,1,564.4933471679688,16.404254913330078,75.054443359375,201.60070419311523
169,1,566.0750732421875,16.87712287902832,72.4822998046875,201.38825798034668
170,1,568.3612060546875,16.468408584594727,67.23480224609375,201.59293174743652
171,1,569.6199340820312,16.20140266418457,64.17132568359375,202.36353874206543
172,1,571.9735717773438,16.084144592285156,60.631591796875,202.53563690185547
173,1,577.0584106445312,16.53105354309082,55.9752197265625,202.07488822937012
174,1,582.03564453125,17.455900192260742,54.6326904296875,200.99621772766113
175,1,588.53125,17.95049285888672,52.32855224609375,200.20439910888672
176,1,592.6126098632812,16.7115478515625,51.5416259765625,201.98548889160156
177,1,594.057861328125,16.336824417114258,51.51812744140625,201.69622611999512
178,1,595.0189208984375,16.683210372924805,51.0765380859375,201.52997016906738
179,1,596.0374145507812,17.051708221435547,51.5115966796875,201.15158462524414
180,1,597.139892578125,17.90989112854004,57.86981201171875,200.10147666931152
181,1,597.2413940429688,18.33669662475586,61.61492919921875,200.0496711730957
182,1,597.4957275390625,18.543140411376953,62.124755859375,201.39133834838867
183,1,597.6161499023438,18.15066146850586,61.9918212890625,201.9243507385254
184,1,597.2535400390625,18.76904296875,63.45330810546875,202.94520568847656
185,1,596.6397705078125,18.180009841918945,67.23297119140625,203.74911308288574
186,1,596.3003540039062,18.21302032470703,73.50994873046875,203.85594940185547
187,1,596.3309326171875,18.169233322143555,80.05096435546875,204.36787605285645
188,1,596.5130615234375,17.927635192871094,84.939697265625,205.04076385498047
189,1,596.737548828125,18.31009292602539,90.58770751953125,204.59878158569336
190,1,597.2355346679688,18.190336227416992,93.49737548828125,204.59190559387207
191,1,598.9821166992188,19.235279083251953,94.05181884765625,203.59049606323242
192,1,600.0738525390625,18.775726318359375,95.82928466796875,204.44126892089844
193,1,601.2594604492188,18.5489559173584,95.79571533203125,204.55425453186035
194,1,602.4189453125,18.52465057373047,94.18927001953125,204.50606536865234
195,1,603.7568969726562,19.011640548706055,92.0941162109375,203.62939643859863
196,1,604.1912231445312,18.858983993530273,89.61724853515625,204.02146339416504
197,1,604.4093627929688,18.941057205200195,87.31719970703125,204.17083549499512
198,1,605.4636840820312,18.865413665771484,83.81268310546875,204.29260635375977
199,1,605.4249877929688,18.646621704101562,82.029296875,204.11862182617188
200,1,605.5192260742188,18.607324600219727,79.63104248046875,204.13356590270996
201,1,605.4400024414062,18.592885971069336,78.11541748046875,204.05405616760254
202,1,604.9893798828125,18.46757698059082,77.8428955078125,204.25056266784668
203,1,605.1146240234375,19.01818084716797,77.04718017578125,204.0574722290039
204,1,604.8577270507812,18.997650146484375,77.20770263671875,204.18963623046875
205,1,604.345947265625,18.354616165161133,77.23974609375,204.88671684265137
206,1,603.5803833007812,18.195070266723633,77.6318359375,205.03622245788574
207,1,603.440185546875,18.29852294921875,77.96221923828125,204.9127197265625
208,1,603.2022705078125,18.32962417602539,78.42657470703125,205.03501510620117
209,1,603.1544799804688,19.02098846435547,78.78643798828125,204.02233123779297
210,1,603.0325927734375,18.8896484375,78.93341064453125,204.1304473876953
211,1,602.83154296875,18.891536712646484,79.41571044921875,204.0981788635254
212,1,602.3754272460938,18.784757614135742,80.449462890625,204.27269172668457
213,1,602.1220092773438,18.53571128845215,82.38189697265625,204.7044620513916
214,1,602.1067504882812,18.491771697998047,84.3199462890625,204.7352180480957
215,1,601.4180908203125,18.52372169494629,84.96441650390625,204.1558437347412
216,1,601.1788940429688,18.839330673217773,83.40692138671875,204.10830116271973
217,1,601.0380249023438,18.596988677978516,81.6168212890625,204.3027458190918
218,1,601.4852905273438,17.8662052154541,79.93634033203125,205.2552089691162
219,1,601.264892578125,17.889400482177734,79.42388916015625,205.35727310180664
220,1,600.2958374023438,18.478740692138672,79.36541748046875,204.60931777954102
221,1,600.4009399414062,17.971607208251953,78.96282958984375,205.07302474975586
222,1,600.1915893554688,17.928483963012695,78.01043701171875,205.2369213104248
223,1,600.0307006835938,17.888492584228516,77.17510986328125,205.40671920776367
224,1,599.6557006835938,17.7093563079834,76.552490234375,205.6271152496338
225,1,599.3341064453125,17.973636627197266,75.79217529296875,205.24785995483398
226,1,599.4005126953125,17.863359451293945,74.68170166015625,205.32777214050293
227,1,599.4383544921875,17.842205047607422,74.3216552734375,205.28345108032227
228,1,599.32275390625,17.830766677856445,73.991943359375,205.26806449890137
229,1,599.42529296875,17.69563102722168,73.85479736328125,205.60466194152832
230,1,599.549560546875,17.830991744995117,73.404296875,205.54400825500488
231,1,599.7175903320312,17.93304443359375,73.11444091796875,205.4772491455078
232,1,600.0049438476562,18.117794036865234,72.7103271484375,205.29243850708008
233,1,600.0408935546875,18.20507049560547,72.6243896484375,205.25455474853516
234,1,599.87255859375,18.439739227294922,72.8946533203125,204.96261978149414
235,1,599.753173828125,18.46759796142578,72.92156982421875,204.94933319091797
236,1,599.5438842773438,18.55021095275879,73.28216552734375,204.84891319274902
237,1,599.329833984375,18.46333122253418,73.49395751953125,205.00000190734863
238,1,599.1375732421875,18.26302146911621,73.74981689453125,205.10378456115723
239,1,598.9232788085938,18.546302795410156,73.99176025390625,204.6739273071289
240,1,598.8264770507812,18.65361213684082,74.32513427734375,204.47506523132324
241,1,598.849609375,18.67716407775879,74.38848876953125,204.38483238220215
242,1,598.9134521484375,18.545455932617188,74.60626220703125,204.5439910888672
243,1,599.1279296875,18.4571475982666,75.01666259765625,204.67262840270996
244,1,599.2247924804688,18.372074127197266,75.3721923828125,204.7382926940918
245,1,599.3392944335938,18.403728485107422,75.53021240234375,204.82475662231445
246,1,599.3468017578125,18.51547622680664,76.05194091796875,204.63608932495117
247,1,599.5858764648438,18.489139556884766,76.30364990234375,204.6333122253418
248,1,599.9854125976562,18.3817081451416,76.1400146484375,204.93417930603027
249,1,600.4306030273438,18.373605728149414,76.0909423828125,204.93329429626465
250,1,600.3803100585938,18.59903907775879,76.97589111328125,204.92645835876465
251,1,600.3871459960938,18.589130401611328,77.3385009765625,204.90305709838867
252,1,600.41552734375,18.517822265625,77.5089111328125,204.9689483642578
253,1,600.63720703125,18.653907775878906,77.72186279296875,204.68444061279297
254,1,601.0650634765625,18.016984939575195,77.6650390625,205.38702201843262
255,1,601.0038452148438,17.9736270904541,78.5587158203125,205.23068809509277
256,1,600.9074096679688,18.05449676513672,79.66168212890625,204.99207305908203
257,1,600.9837646484375,17.939218521118164,80.3402099609375,204.96246910095215
258,1,601.0313720703125,17.782224655151367,80.94549560546875,205.13078498840332
259,1,601.1355590820312,17.65131378173828,81.27008056640625,205.2137222290039
260,1,600.8060302734375,17.92232894897461,83.08355712890625,205.0143165588379
261,1,600.5582885742188,18.17995834350586,84.37628173828125,204.73091506958008
262,1,600.4285888671875,18.164203643798828,83.78369140625,204.71899032592773
263,1,600.6256103515625,18.049047470092773,83.350341796875,204.91208839416504
264,1,600.7495727539062,17.95718765258789,82.0494384765625,205.19646835327148
265,1,600.9304809570312,18.00971031188965,80.30316162109375,205.39235877990723
266,1,600.941650390625,18.195316314697266,77.96710205078125,205.32668685913086
267,1,601.0310668945312,17.994821548461914,77.52911376953125,205.62973594665527
268,1,601.1278076171875,17.76708221435547,77.71478271484375,205.78179168701172
269,1,601.0899047851562,18.16920280456543,77.64776611328125,205.33564949035645
270,1,600.8793334960938,18.38115692138672,77.51123046875,205.19348907470703
271,1,600.6728515625,18.55160903930664,77.746337890625,204.9786491394043
272,1,600.7405395507812,18.614896774291992,78.3531494140625,204.927827835083
273,1,600.8429565429688,18.507925033569336,78.11517333984375,205.10361671447754
274,1,600.9238891601562,18.423564910888672,77.539306640625,205.1894416809082
275,1,600.9793090820312,17.912452697753906,77.12322998046875,205.6867904663086
276,1,600.9684448242188,18.03846549987793,76.8935546875,205.50772285461426
277,1,600.91650390625,18.35892105102539,76.61090087890625,204.9499168395996
278,1,600.8646850585938,18.13082504272461,76.179443359375,205.10779190063477
279,1,600.859619140625,18.300655364990234,75.740478515625,204.90651321411133
280,1,600.847900390625,18.159151077270508,75.82012939453125,204.933012008667
281,1,600.8331298828125,18.198999404907227,76.113525390625,204.9233913421631
282,1,600.9003295898438,18.327125549316406,75.8463134765625,204.71382904052734
283,1,600.9500122070312,18.60945701599121,75.3482666015625,204.43259620666504
284,1,600.8615112304688,18.583415985107422,75.1751708984375,204.42961502075195
285,1,600.7154541015625,18.562007904052734,75.02947998046875,204.48445510864258
286,1,600.1724853515625,18.603620529174805,75.74951171875,204.402925491333
287,1,599.7794799804688,18.712011337280273,76.1837158203125,204.3668613433838
288,1,599.67333984375,18.925872802734375,76.3192138671875,204.2289276123047
289,1,599.16650390625,19.0579891204834,76.97418212890625,204.19333839416504
290,1,598.5315551757812,18.969894409179688,77.67950439453125,204.2592315673828
291,1,598.134765625,18.900218963623047,77.88018798828125,204.2322120666504
292,1,597.939208984375,19.172012329101562,78.46343994140625,203.8865203857422
293,1,597.7946166992188,19.107561111450195,78.86083984375,203.89848136901855
294,1,597.9401245117188,19.33332061767578,79.09576416015625,203.82196807861328
295,1,597.9315795898438,19.196348190307617,79.42242431640625,204.02122688293457
296,1,598.3258666992188,18.99420166015625,78.8978271484375,204.2926025390625
297,1,598.5671997070312,19.420190811157227,78.70751953125,203.9749355316162
298,1,598.604736328125,19.65838050842285,78.63153076171875,203.75070762634277
299,1,598.7789306640625,20.13251304626465,78.10748291015625,203.24489784240723
300,1,598.954833984375,20.413753509521484,77.8895263671875,203.11372756958008
301,1,599.2811279296875,20.758283615112305,77.4163818359375,202.75198554992676
302,1,599.5462646484375,21.22865104675293,77.58575439453125,202.17141914367676
303,1,599.4893798828125,22.886219024658203,78.04766845703125,200.43403244018555
304,1,599.331298828125,23.231237411499023,78.2010498046875,200.05442237854004
305,1,599.2275390625,23.264034271240234,78.3807373046875,199.95863723754883
306,1,599.0349731445312,23.051477432250977,78.7218017578125,200.1577663421631
307,1,598.90234375,23.022130966186523,78.72125244140625,200.1133213043213
308,1,598.9410400390625,22.70563316345215,78.3089599609375,200.4537754058838
309,1,598.615478515625,22.65023422241211,77.965576171875,200.54951858520508
310,1,598.3593139648438,22.253633499145508,77.564453125,200.9159984588623
311,1,598.4324951171875,21.89192008972168,76.75653076171875,201.19172859191895
312,1,598.6282348632812,21.109657287597656,75.56298828125,202.23180389404297
313,1,598.5728759765625,20.657678604125977,75.12347412109375,202.6324520111084
314,1,598.3815307617188,20.408714294433594,75.0076904296875,202.93531036376953
315,1,598.5142822265625,20.15117645263672,74.9927978515625,203.20528411865234
316,1,598.5364379882812,20.25985336303711,74.91888427734375,203.17509841918945
317,1,598.39990234375,20.2563533782959,75.22564697265625,203.19004249572754
318,1,598.2857666015625,20.103084564208984,75.46075439453125,203.2601203918457
319,1,598.2047119140625,19.763689041137695,75.93896484375,203.65833854675293
320,1,598.1119995117188,19.36459732055664,76.19281005859375,204.05241012573242
321,1,598.3646240234375,19.255830764770508,76.04998779296875,204.17230033874512
322,1,598.8366088867188,19.171449661254883,76.00189208984375,204.28364372253418
323,1,599.04248046875,18.939455032348633,75.87945556640625,204.62481498718262
324,1,599.1680297851562,18.734153747558594,76.26611328125,204.84980010986328
324,2,0.0,61.25940704345703,19.371105194091797,185.3306655883789
325,1,599.2141723632812,18.61879539489746,77.26885986328125,205.03640174865723
325,2,0.0,130.17922973632812,20.972515106201172,109.29136657714844
326,1,599.2041015625,18.05035400390625,78.12030029296875,205.54209899902344
326,2,0.0,121.29739379882812,29.423809051513672,118.53770446777344
327,1,599.34423828125,16.180646896362305,78.38641357421875,207.480073928833
327,2,0.0,130.998779296875,39.55344009399414,112.285400390625
328,1,599.5480346679688,15.517539978027344,79.51141357421875,208.1897964477539
328,2,0.0,58.32070541381836,49.339420318603516,187.68661880493164
329,1,599.7382202148438,16.66067886352539,80.51708984375,207.0671043395996
329,2,0.0,112.93966674804688,53.871612548828125,130.79356384277344
330,1,599.57080078125,16.91422462463379,80.6512451171875,206.7978572845459
330,2,0.05937126278877258,115.16131591796875,55.57991477847099,128.68299865722656
331,1,599.584716796875,16.22954559326172,80.73077392578125,207.58052825927734
331,2,0.11472712457180023,99.71446990966797,57.878738299012184,143.10247039794922
332,1,599.9133911132812,15.96318244934082,80.6038818359375,207.75387382507324
332,2,0.018872883170843124,93.88134002685547,59.71182856336236,149.44388580322266
333,1,600.2649536132812,16.08815574645996,80.0965576171875,207.6262912750244
333,2,0.0,93.23450469970703,59.88993453979492,150.45914459228516
334,1,600.424560546875,16.235607147216797,79.64990234375,207.3858985900879
334,2,0.035883475095033646,64.9190902709961,60.421147774904966,189.84210968017578
335,1,600.4365844726562,16.45711326599121,79.71533203125,207.17588233947754
335,2,0.0,63.867916107177734,60.69740295410156,203.4947853088379
336,1,600.463134765625,16.790834426879883,79.59771728515625,206.82232475280762
336,2,0.0004796028370037675,63.257205963134766,60.55191907880362,205.76208114624023
337,1,600.397216796875,16.773557662963867,79.4884033203125,206.785005569458
337,2,0.06817758828401566,61.046165466308594,60.63649236410856,208.17816925048828
338,1,600.5845947265625,16.890111923217773,79.48443603515625,206.6304111480713
338,2,0.0,61.30867385864258,60.84871292114258,182.76115036010742
339,1,600.7109985351562,16.987991333007812,79.1290283203125,206.59954833984375
339,2,0.07523642480373383,59.30095291137695,60.483010187745094,184.6690788269043
340,1,600.667724609375,16.867183685302734,79.17193603515625,206.65488052368164
340,2,0.19083601236343384,59.140907287597656,61.222005784511566,185.38440704345703
341,1,600.4855346679688,17.128883361816406,79.18377685546875,206.22396087646484
341,2,0.08710659295320511,59.67683029174805,63.02972995489836,185.74794387817383
342,1,600.4293823242188,17.548688888549805,79.1419677734375,205.85966682434082
342,2,0.202711284160614,59.216888427734375,66.82680684328079,186.11734008789062
343,1,600.542724609375,17.686416625976562,78.68768310546875,205.6240997314453
343,2,0.2884938716888428,59.29533004760742,69.01922249794006,187.80981826782227
343,3,0.10824228078126907,178.2948760986328,16.594939939677715,92.56080627441406
344,1,600.6994018554688,17.7308349609375,78.62066650390625,205.51365661621094
344,2,0.171983540058136,59.74788284301758,76.70196360349655,187.30891036987305
344,3,0.05443747341632843,160.37208557128906,17.704475566744804,109.67280578613281
345,1,600.9411010742188,17.965850830078125,78.1221923828125,205.30960083007812
345,2,0.27407005429267883,60.144779205322266,78.22757026553154,184.8986473083496
345,3,0.04685056582093239,171.82398986816406,25.993398305028677,95.37690734863281
346,1,600.9142456054688,18.08222198486328,77.9869384765625,205.30110931396484
346,2,0.6817376017570496,60.58235168457031,84.34355384111404,183.14816284179688
346,3,0.15170501172542572,168.3328094482422,33.00871826708317,99.09376525878906
347,1,600.8533935546875,17.90500259399414,78.0343017578125,205.52349472045898
347,2,2.522608995437622,60.567787170410156,87.42371821403503,183.07621002197266
347,3,0.12979252636432648,163.26303100585938,42.17672984302044,103.1014404296875
348,1,600.8768310546875,17.95150375366211,78.04315185546875,205.57004165649414
348,2,5.120566368103027,60.6691780090332,87.79819583892822,183.3389549255371
348,3,0.07872629910707474,164.0972137451172,49.274178974330425,103.17378234863281
349,1,601.0947265625,18.099742889404297,77.949951171875,205.41974258422852
349,2,7.070504188537598,61.10137176513672,87.80208492279053,182.88541412353516
349,3,0.0,163.40057373046875,58.478660583496094,103.45401000976562
350,1,601.2230834960938,18.189477920532227,77.99517822265625,205.41225242614746
350,2,9.611715316772461,61.56413650512695,88.47198677062988,181.98598861694336
350,3,0.3223058581352234,130.49082946777344,64.02783757448196,140.13230895996094
351,1,601.1326293945312,18.321063995361328,77.66693115234375,205.27872848510742
351,2,11.587602615356445,61.63713836669922,88.01014518737793,182.44251251220703
351,3,0.29395318031311035,131.40423583984375,68.7179868221283,138.99588012695312
352,1,601.0618896484375,18.47618865966797,77.4151611328125,205.1506576538086
352,2,14.830777168273926,61.44121551513672,84.7810468673706,182.66834259033203
352,3,0.17908574640750885,130.62376403808594,71.88240717351437,139.44032287597656
353,1,601.0869750976562,18.328706741333008,77.21173095703125,205.2896556854248
353,2,16.506139755249023,60.223026275634766,83.31937599182129,184.1405906677246
353,3,0.16089144349098206,121.91229248046875,74.78752622008324,148.05926513671875
354,1,601.1904907226562,18.35601234436035,77.0198974609375,205.2521572113037
354,2,19.597314834594727,60.762630462646484,80.59770774841309,183.27362442016602
354,3,0.0,86.17431640625,76.30966186523438,184.31723022460938
355,1,601.1273193359375,18.439891815185547,77.0264892578125,205.22626113891602
355,2,22.103532791137695,60.06425476074219,78.49759483337402,184.5692596435547
355,3,0.04344487562775612,79.0400619506836,76.41283869370818,191.81726837158203
356,1,601.078125,18.27031707763672,77.016357421875,205.42456817626953
356,2,23.585325241088867,59.18996047973633,77.73445320129395,185.42557907104492
356,3,0.0,79.06727600097656,78.7527084350586,191.65538024902344
357,1,600.9314575195312,18.194908142089844,77.05548095703125,205.29987335205078
357,2,25.754878997802734,58.31700134277344,75.75516891479492,186.04537963867188
357,3,0.0,78.37437438964844,80.26583099365234,192.3669891357422
358,1,600.6795654296875,18.30202293395996,77.20587158203125,205.0330295562744
358,2,29.163686752319336,57.98225021362305,71.93096351623535,185.73915481567383
358,3,0.41231048107147217,77.15841674804688,79.66415894031525,194.03952026367188
359,1,600.601318359375,18.382850646972656,77.05133056640625,204.92142486572266
359,2,31.36054229736328,57.53510665893555,70.73162078857422,186.13501358032227
359,3,0.0,76.84146881103516,80.17675018310547,193.6749496459961
360,1,600.597412109375,18.468700408935547,76.83154296875,205.02043533325195
360,2,33.68061447143555,57.58278274536133,71.02505111694336,186.00991439819336
360,3,0.0,76.56798553466797,80.24560546875,193.86792755126953
361,1,600.6188354492188,18.527374267578125,76.5521240234375,205.00445556640625
361,2,35.54542922973633,56.60047149658203,75.56838607788086,186.31159210205078
361,3,0.0,75.51493835449219,80.71824645996094,195.2673797607422
362,1,600.65234375,18.608091354370117,76.5394287109375,204.93875312805176
362,2,39.213077545166016,56.82774353027344,83.33850479125977,186.55233764648438
362,3,0.10319879651069641,74.6414794921875,81.05362340807915,196.97372436523438
363,1,600.7951049804688,18.391218185424805,75.99371337890625,205.2153034210205
363,2,41.495140075683594,55.6823616027832,90.96082305908203,187.5302391052246
363,3,1.0164161920547485,73.72030639648438,80.05435407161713,198.61444091796875
364,1,600.9364013671875,18.22134780883789,75.30035400390625,205.2591667175293
364,2,43.7978630065918,56.40950012207031,97.44531631469727,186.64688110351562
364,3,3.1382148265838623,73.29972076416016,77.92957997322083,199.94585418701172
365,1,601.061279296875,18.198347091674805,74.78790283203125,205.25714302062988
365,2,46.70983123779297,56.16852569580078,99.5792465209961,187.42310333251953
365,3,5.741175174713135,73.33953857421875,75.0040488243103,201.48715209960938
366,1,601.14404296875,18.089834213256836,74.8248291015625,205.42893409729004
366,2,50.053096771240234,56.50077819824219,98.27876663208008,187.47645568847656
366,3,8.452165603637695,73.11820220947266,72.76820945739746,202.48827362060547
367,1,601.1575317382812,18.251970291137695,74.96923828125,205.40357780456543
367,2,52.92888259887695,56.51455307006836,97.48124313354492,187.7206916809082
367,3,11.316330909729004,73.92517852783203,69.54352474212646,202.76854705810547
368,1,601.222412109375,18.263031005859375,75.23150634765625,205.33670043945312
368,3,14.94055461883545,72.53134155273438,78.61313343048096,202.79840087890625
368,2,56.490474700927734,55.61575698852539,94.65896987915039,187.53709030151367
369,1,601.1403198242188,18.432687759399414,75.18902587890625,205.17044639587402
369,3,18.001209259033203,70.77143859863281,89.76165390014648,203.14259338378906
369,2,59.40458297729492,55.65488815307617,93.10707473754883,187.51088333129883
370,1,600.9918212890625,18.545089721679688,75.309326171875,205.1031494140625
370,3,20.733001708984375,71.12581634521484,93.93051147460938,201.9452896118164
370,2,63.29213333129883,55.66188049316406,89.72776412963867,187.38165283203125
371,1,600.9989013671875,18.622785568237305,75.3946533203125,205.05562019348145
371,3,22.921428680419922,71.8807144165039,96.8532600402832,199.20403289794922
371,2,65.97468566894531,55.44446563720703,87.54878234863281,186.40741729736328
372,1,601.0377807617188,18.671918869018555,75.28900146484375,204.96479988098145
372,3,25.764158248901367,71.87678527832031,98.18015480041504,198.50120544433594
372,2,69.4471435546875,53.867530822753906,83.81825256347656,188.8473129272461
373,1,601.124755859375,18.61879539489746,75.1119384765625,204.9324131011963
373,2,72.31548309326172,53.56556701660156,81.6053237915039,188.80105590820312
373,3,29.232620239257812,70.54916381835938,98.15792846679688,198.99490356445312
374,2,74.12234497070312,52.74863052368164,79.92532348632812,189.0499382019043
374,1,601.0939331054688,18.702348709106445,74.98773193359375,204.828275680542
374,3,32.66117858886719,70.7941665649414,96.93113708496094,198.72472381591797
375,2,77.04328918457031,52.28464889526367,76.58766174316406,189.82045364379883
375,1,601.0407104492188,18.821596145629883,75.47760009765625,204.80688285827637
375,3,36.912654876708984,70.8182601928711,95.13122940063477,198.94568634033203
376,2,80.28860473632812,52.31553649902344,73.81767272949219,189.02395629882812
376,1,600.9860229492188,18.935476303100586,75.94647216796875,204.7521152496338
376,3,40.16579055786133,72.13509368896484,94.56084823608398,197.74567413330078
377,2,82.32077026367188,52.06757354736328,71.47482299804688,190.8228988647461
377,1,600.9910888671875,18.981731414794922,76.06787109375,204.64267349243164
377,3,44.78724670410156,69.84801483154297,91.96554565429688,199.88040924072266
378,1,601.1897583007812,19.07402992248535,76.14501953125,204.65379905700684
378,2,84.54641723632812,51.98204040527344,73.40003967285156,193.71560668945312
378,3,47.37592315673828,71.88933563232422,91.06737518310547,198.9616470336914
379,2,87.1435546875,51.842864990234375,74.56611633300781,196.8732147216797
379,1,601.5114135742188,19.058181762695312,75.81787109375,204.65919494628906
379,3,49.8873405456543,71.63424682617188,87.87942886352539,199.12442016601562
380,2,89.22235107421875,51.897159576416016,75.51960754394531,198.01421737670898
380,1,601.6071166992188,19.154266357421875,75.79864501953125,204.57254028320312
380,3,52.28276062011719,70.75071716308594,86.45252990722656,200.63572692871094
381,2,92.21548461914062,51.1418571472168,77.52500915527344,199.05751419067383
381,1,601.7664794921875,19.056621551513672,75.94158935546875,204.5836524963379
381,3,54.76264953613281,70.23670196533203,85.45057678222656,201.8860092163086
382,2,94.06906127929688,51.998287200927734,80.77021789550781,197.48764419555664
382,1,601.9155883789062,19.168838500976562,75.8685302734375,204.3535919189453
382,3,57.8802490234375,70.59229278564453,83.23725891113281,200.6239242553711
383,2,95.8331527709961,52.3260383605957,85.87110137939453,194.3287467956543
383,1,601.9022827148438,18.916322708129883,76.1314697265625,204.6271800994873
383,3,61.1329231262207,70.18435668945312,79.7291374206543,201.04513549804688
384,2,98.2712173461914,53.744712829589844,89.25891876220703,191.28180694580078
384,1,602.00927734375,18.89373016357422,76.173828125,204.61563873291016
384,3,64.65190124511719,69.55601501464844,76.68331909179688,202.28746032714844
385,2,101.2518539428711,53.807010650634766,89.59691619873047,191.5770378112793
385,1,601.9705200195312,18.777563095092773,76.27960205078125,204.7959384918213
385,3,66.8969497680664,69.0166244506836,75.72216033935547,203.0580825805664
386,2,103.5908203125,53.84012222290039,90.04832458496094,192.94485092163086
386,1,601.9570922851562,18.741594314575195,76.1903076171875,204.92484855651855
386,3,69.04488372802734,69.40257263183594,73.9531478881836,203.3926239013672
387,2,105.27139282226562,54.46388244628906,90.24420166015625,193.6742706298828
387,1,601.9218139648438,18.343379974365234,76.50830078125,205.2245216369629
387,3,70.65531921386719,68.5740737915039,72.11479187011719,204.31420135498047
388,2,108.19083404541016,54.762176513671875,88.28032684326172,193.23373413085938
388,1,601.9683227539062,18.4475154876709,76.83642578125,204.94117164611816
388,3,72.57796478271484,67.98999786376953,70.90094757080078,204.58293914794922
389,1,602.2650146484375,17.993167877197266,76.75555419921875,205.43334579467773
389,2,111.89337158203125,53.53840255737305,85.24601745605469,194.3312873840332
389,3,74.77481079101562,68.16704559326172,71.44300842285156,203.31800079345703
390,1,603.0634155273438,17.9252986907959,76.416015625,205.32386207580566
390,2,116.08949279785156,52.68764877319336,81.17189025878906,195.0084114074707
390,3,77.1034927368164,67.76712799072266,78.88004302978516,203.6306381225586
391,1,603.4284057617188,17.796796798706055,76.42535400390625,205.47232246398926
391,2,119.189697265625,51.855804443359375,78.32130432128906,196.01956176757812
391,3,79.21500396728516,68.21739196777344,84.66178131103516,203.1132354736328
392,1,604.1848754882812,17.837602615356445,75.9931640625,205.296537399292
392,2,121.74740600585938,52.58888244628906,76.79490661621094,195.0782928466797
392,3,80.33226776123047,68.09668731689453,90.91483306884766,203.43315887451172
393,1,604.7122192382812,17.998218536376953,75.96722412109375,205.07058334350586
393,2,124.54136657714844,53.130149841308594,75.41795349121094,195.10681915283203
393,3,82.08477020263672,67.93061828613281,97.22852325439453,203.1287384033203
394,1,605.0724487304688,18.267837524414062,76.02874755859375,204.6903076171875
394,2,128.2540740966797,52.35308837890625,72.93009948730469,195.78453063964844
394,3,84.0583724975586,67.92536926269531,101.65584564208984,203.1627655029297
395,3,85.9235610961914,67.8924789428711,105.56128692626953,202.87003326416016
395,2,130.96849060058594,51.04872131347656,71.5423583984375,201.12818908691406
395,1,605.283203125,18.358320236206055,76.39715576171875,204.66217231750488
396,2,133.7200469970703,50.15790557861328,70.08830261230469,200.09716033935547
396,3,87.41342163085938,67.80148315429688,108.67385864257812,203.20159912109375
396,1,605.622314453125,18.230541229248047,76.3878173828125,204.83882522583008
397,2,136.26931762695312,49.81795120239258,68.63264465332031,193.97271347045898
397,1,605.9616088867188,18.208316802978516,76.86572265625,204.97605514526367
397,3,89.36129760742188,66.80028533935547,111.35435485839844,203.83475494384766
398,2,139.14520263671875,49.69140625,73.18183898925781,190.61117553710938
398,3,91.76583862304688,67.54535675048828,110.75347900390625,202.80171966552734
398,1,606.2459106445312,18.8034725189209,77.9366455078125,204.3683261871338
399,2,144.65170288085938,49.923492431640625,81.08027648925781,192.71449279785156
399,3,94.33161163330078,67.86137390136719,108.11917877197266,202.70127868652344
399,1,606.6782836914062,19.095571517944336,78.820556640625,204.17049598693848
400,2,147.97311401367188,50.531028747558594,90.63076782226562,192.98040008544922
400,3,96.52174377441406,67.68241119384766,105.9063720703125,203.34090423583984
400,1,607.174560546875,19.19338035583496,80.13507080078125,204.22400856018066
401,2,150.89491271972656,50.95119094848633,97.48167419433594,192.9853630065918
401,1,607.7115478515625,19.206613540649414,80.9227294921875,203.9299373626709
401,3,98.47119903564453,68.63211822509766,103.4938735961914,202.1948471069336
402,2,153.12203979492188,51.28568649291992,99.57670593261719,192.63130569458008
402,1,607.8599853515625,19.866424560546875,82.87451171875,203.62515258789062
402,3,102.50743865966797,68.20067596435547,98.2488021850586,203.2061538696289
403,2,158.47792053222656,50.59046936035156,96.65945434570312,194.37901306152344
403,1,608.4217529296875,19.868120193481445,83.4267578125,203.1470012664795
403,3,105.397216796875,67.80984497070312,98.4447021484375,204.10653686523438
404,1,607.16015625,19.297748565673828,85.760498046875,204.02451705932617
404,2,161.84127807617188,50.066986083984375,95.39743041992188,195.1852569580078
404,3,108.5707778930664,67.239501953125,96.23461151123047,204.90420532226562
405,1,607.1453857421875,19.32525062561035,87.07049560546875,204.11383628845215
405,2,167.87257385253906,50.48760986328125,90.09312438964844,194.56736755371094
405,3,111.3598861694336,66.27711486816406,93.2894058227539,205.7032012939453
406,1,609.7469482421875,19.579051971435547,85.2628173828125,203.51660537719727
406,3,114.54212188720703,65.60999298095703,90.36600494384766,206.40828704833984
406,2,170.96286010742188,48.620452880859375,87.82083129882812,196.64999389648438
407,1,613.4942626953125,19.524560928344727,81.80792236328125,203.5872097015381
407,3,117.71319580078125,65.87841033935547,87.25857543945312,206.2136001586914
407,2,175.24746704101562,48.597320556640625,83.1507568359375,196.91537475585938
408,1,616.3696899414062,20.010448455810547,80.12115478515625,203.51716995239258
408,3,121.4841537475586,65.60039520263672,83.31256866455078,206.5298843383789
408,2,177.4278106689453,47.443641662597656,81.69587707519531,198.7075424194336
409,1,617.5931396484375,20.102237701416016,80.594970703125,205.47973251342773
409,2,178.9537353515625,46.95285415649414,80.11483764648438,199.88274765014648
409,3,125.38207244873047,65.44886016845703,79.26305389404297,206.35088348388672
410,1,618.9729614257812,20.40888786315918,80.8831787109375,207.14947700500488
410,3,128.287841796875,64.67913055419922,76.94874572753906,207.92566680908203
410,2,180.94549560546875,47.53384780883789,78.25857543945312,196.38846969604492
411,1,619.3114013671875,20.167984008789062,81.1610107421875,209.75022888183594
411,3,130.75782775878906,64.05384826660156,74.84394836425781,210.10313415527344
411,2,186.93309020996094,47.02614212036133,72.47288513183594,196.05981063842773
412,1,619.8855590820312,21.355979919433594,82.96533203125,210.71173858642578
412,3,134.01295471191406,63.00379180908203,71.96723937988281,214.62938690185547
412,2,190.75747680664062,46.23469543457031,69.07363891601562,197.40716552734375
413,1,620.205810546875,21.095096588134766,84.11798095703125,213.29108810424805
413,3,136.5740966796875,63.608123779296875,68.43571472167969,214.18930053710938
413,2,193.52362060546875,45.23323059082031,66.7122802734375,200.2788543701172
414,1,620.7952880859375,22.136415481567383,85.969970703125,214.91706657409668
414,3,138.5006561279297,62.97453689575195,66.9010009765625,217.24857711791992
414,2,197.04151916503906,45.43741226196289,63.07823181152344,202.08437728881836
415,1,621.6845092773438,22.975507736206055,87.57122802734375,214.97122383117676
415,3,140.93540954589844,63.196327209472656,74.47669982910156,218.25225067138672
415,2,199.1150665283203,45.099525451660156,64.22361755371094,204.45191192626953
416,1,622.8499755859375,23.649593353271484,87.5467529296875,216.10304641723633
416,3,143.88333129882812,63.154029846191406,82.10723876953125,217.25481414794922
416,2,201.93251037597656,44.863059997558594,66.92695617675781,204.42748260498047
417,1,622.7760009765625,23.891998291015625,89.60821533203125,215.79232788085938
417,3,147.060791015625,63.48040771484375,87.67622375488281,216.71893310546875
417,2,205.1499481201172,46.08815002441406,77.65861511230469,201.89129638671875
418,1,623.6587524414062,23.83131217956543,90.29974365234375,216.66617012023926
418,3,149.22650146484375,63.625614166259766,92.375732421875,215.81130599975586
418,2,210.3776397705078,46.21207046508789,83.84053039550781,199.73684310913086
419,1,624.9189453125,24.696975708007812,90.06573486328125,217.01026916503906
419,3,152.18499755859375,63.760475158691406,94.21156311035156,214.1311264038086
419,2,212.97242736816406,47.51298904418945,88.66084289550781,196.23972702026367
420,1,625.9827270507812,25.609149932861328,89.5899658203125,218.87760543823242
420,3,155.603515625,63.09831619262695,94.48689270019531,214.81684494018555
420,2,215.81781005859375,47.255462646484375,88.22259521484375,196.60177612304688
421,1,627.6179809570312,25.59006690979004,86.712890625,219.1588954925537
421,3,158.74490356445312,64.44049835205078,95.55232238769531,215.41307830810547
421,2,218.98939514160156,47.31673812866211,88.86552429199219,196.33636856079102
422,1,629.1202392578125,25.643159866333008,83.69561767578125,218.49835014343262
422,3,161.2317352294922,66.22653198242188,94.95088195800781,215.9095458984375
422,2,221.6387176513672,47.33303451538086,89.40696716308594,196.7104835510254
423,1,629.573486328125,25.82058334350586,82.15625,218.24060440063477
423,3,164.9929962158203,67.41178894042969,91.67814636230469,216.5010528564453
423,2,224.0121612548828,46.55706787109375,88.19410705566406,198.1685333251953
424,1,630.6710205078125,25.84557342529297,82.90447998046875,218.56377410888672
424,3,169.42129516601562,67.65097045898438,88.61239624023438,217.1109619140625
424,2,225.11143493652344,47.37387466430664,87.41981506347656,198.1697654724121
425,1,632.064453125,25.57306671142578,83.1171875,218.8703842163086
425,3,170.99082946777344,67.60681915283203,89.01655578613281,219.66259002685547
425,2,228.53948974609375,47.82676315307617,84.44174194335938,197.24213027954102
426,1,635.0067749023438,26.54071044921875,78.19500732421875,218.2708740234375
426,3,172.51541137695312,66.45006561279297,88.423095703125,220.86600494384766
426,2,231.9496307373047,47.088531494140625,80.46934509277344,197.44161987304688
427,1,637.3271484375,27.000659942626953,73.75335693359375,217.54421615600586
427,3,173.7933807373047,66.1741943359375,87.45497131347656,221.0321044921875
427,2,235.8353271484375,47.08132553100586,76.876220703125,197.43449783325195
428,1,638.6287231445312,26.831748962402344,70.47076416015625,217.12535858154297
428,3,176.6851806640625,66.50089263916016,84.8599853515625,220.9605941772461
428,2,241.6554412841797,45.82962417602539,70.63261413574219,198.68168258666992
429,1,640.9159545898438,27.087203979492188,67.4610595703125,217.16677856445312
429,3,182.659423828125,66.91317749023438,79.27752685546875,220.85821533203125
429,2,245.15869140625,45.5615348815918,67.19412231445312,199.08539199829102
430,1,643.0814819335938,27.154808044433594,65.871826171875,216.92589569091797
430,3,188.38702392578125,66.42662811279297,73.936279296875,221.26004791259766
430,2,248.43014526367188,44.65489196777344,64.0648193359375,200.8126678466797
431,3,191.9257049560547,66.15950012207031,70.30741882324219,221.88877868652344
431,1,645.8612670898438,28.20795440673828,64.42523193359375,215.33391571044922
431,2,252.90948486328125,44.48863220214844,62.552734375,201.06565856933594
432,3,194.59234619140625,65.75638580322266,67.85122680664062,222.72631072998047
432,1,648.4299926757812,29.36037826538086,62.61444091796875,214.6843605041504
432,2,255.717041015625,43.46943664550781,63.64794921875,201.8285675048828
433,3,196.36709594726562,65.49629974365234,68.09194946289062,223.14102935791016
433,1,651.3659057617188,29.893238067626953,60.95965576171875,216.1071434020996
433,2,259.03955078125,43.26460647583008,65.65130615234375,201.6800193786621
434,3,199.33998107910156,65.14671325683594,65.42814636230469,224.02442932128906
434,1,654.0020141601562,30.787879943847656,64.0010986328125,218.6075668334961
434,2,263.1181335449219,43.99454116821289,74.95428466796875,200.89042282104492
435,3,202.3931427001953,65.53396606445312,69.42951965332031,223.50262451171875
435,1,654.593017578125,31.393321990966797,69.644287109375,220.98671340942383
435,2,265.388916015625,43.59113311767578,85.86441040039062,200.88275909423828
436,3,205.99436950683594,66.48445129394531,77.75123596191406,222.04344177246094
436,1,656.9035034179688,31.605205535888672,73.7255859375,219.44002151489258
436,2,268.84600830078125,42.977699279785156,93.95452880859375,200.75910186767578
437,3,208.6298065185547,65.46473693847656,87.52018737792969,222.77772521972656
437,1,657.5307006835938,32.99045181274414,77.48248291015625,217.05375289916992
437,2,273.480224609375,43.78154754638672,94.35830688476562,199.9882583618164
438,3,211.6950225830078,65.9205551147461,93.32774353027344,222.52368927001953
438,1,657.6641845703125,33.4441032409668,79.5567626953125,221.91424942016602
438,2,276.240234375,44.81848907470703,92.99444580078125,199.44319915771484
439,3,215.0958709716797,65.91059112548828,101.49760437011719,222.5979232788086
439,1,657.6643676757812,34.284461975097656,80.186279296875,224.06017303466797
439,2,279.245361328125,44.819190979003906,92.94424438476562,199.49689483642578
440,1,656.8645629882812,34.43278121948242,81.30767822265625,224.17555618286133
440,3,219.05361938476562,66.70602416992188,106.14453125,221.55361938476562
440,2,282.0341796875,44.62358474731445,91.34591674804688,199.0417594909668
441,1,657.2130126953125,33.522342681884766,81.0921630859375,225.44546127319336
441,3,222.86532592773438,69.25645446777344,109.37515258789062,218.34678649902344
441,2,285.8807373046875,43.373844146728516,88.1888427734375,199.03274154663086
442,1,659.0300903320312,32.82371139526367,80.37945556640625,226.46232986450195
442,3,226.1025390625,68.98563385009766,107.97866821289062,218.24010467529297
442,2,289.1545715332031,42.939720153808594,85.10968017578125,199.60147857666016
443,1,660.5918579101562,33.004024505615234,84.3013916015625,226.21387100219727
443,3,228.82688903808594,68.98248291015625,108.61311340332031,218.53012084960938
443,2,293.60858154296875,41.91693115234375,80.52694702148438,200.1369171142578
444,1,662.5106201171875,32.74080276489258,88.49102783203125,226.19062423706055
444,3,229.771728515625,71.08409118652344,110.11431884765625,217.1602020263672
444,2,296.16644287109375,41.396724700927734,78.05364990234375,200.78505325317383
445,1,664.9527587890625,33.933258056640625,90.65234375,225.09835815429688
445,3,230.0101776123047,69.54556274414062,114.51368713378906,218.60345458984375
445,2,297.5439758300781,40.880287170410156,76.41986083984375,202.05292510986328
446,3,230.79783630371094,68.95125579833984,114.48527526855469,218.69742584228516
446,1,669.4124145507812,34.86900329589844,92.385498046875,224.0802764892578
446,2,303.6418151855469,39.48875427246094,70.37445068359375,202.81182861328125
447,3,232.2234344482422,67.68836975097656,113.54850769042969,220.2349395751953
447,1,675.3812866210938,34.73497009277344,90.64093017578125,224.21897888183594
447,2,308.6668701171875,39.84843444824219,65.24935913085938,201.76634216308594
448,3,234.17076110839844,66.23477935791016,111.87519836425781,222.42061614990234
448,1,681.8052368164062,34.067222595214844,87.55780029296875,224.6904067993164
448,2,314.8511962890625,40.56028747558594,59.93768310546875,201.81727600097656
449,3,238.22628784179688,63.956783294677734,108.42745971679688,224.01453018188477
449,1,688.6193237304688,34.08552932739258,84.2626953125,225.59928512573242
449,2,318.5777893066406,40.468448638916016,56.7232666015625,203.13285446166992
450,3,243.8009033203125,63.761749267578125,102.4888916015625,223.77230834960938
450,1,695.064697265625,33.97029113769531,79.97589111328125,228.5825653076172
450,2,321.4620056152344,40.03580856323242,58.93267822265625,208.4356575012207
451,1,697.5150146484375,35.074214935302734,81.15093994140625,232.83786392211914
451,3,250.72232055664062,63.231807708740234,95.5927734375,223.24411392211914
451,2,323.6827697753906,41.28744888305664,62.579254150390625,207.63352584838867
452,1,699.8303833007812,36.15642166137695,81.537353515625,234.99607467651367
452,2,327.1850280761719,40.519962310791016,70.48184204101562,209.8109245300293
452,3,259.4651794433594,62.55035400390625,87.15869140625,223.86782836914062
453,1,701.709228515625,37.140586853027344,81.886962890625,237.49134063720703
453,3,269.69158935546875,63.195899963378906,77.24136352539062,225.48821258544922
453,2,329.8824462890625,39.959468841552734,80.33334350585938,209.44429397583008
454,1,703.1712646484375,39.00498580932617,81.49163818359375,237.57088088989258
454,3,280.610107421875,62.9609260559082,66.68856811523438,227.99946212768555
454,2,334.8609619140625,39.98057174682617,84.9146728515625,206.55363845825195
455,1,703.3388671875,38.96126174926758,82.4052734375,234.72455978393555
455,3,283.8577880859375,61.641639709472656,64.73556518554688,229.4145736694336
455,2,338.11956787109375,41.91621780395508,83.727783203125,203.7165184020996
456,1,702.9531860351562,40.096858978271484,83.0740966796875,233.74237442016602
456,3,287.3766784667969,61.36608123779297,61.37451171875,230.14725494384766
456,2,339.5886535644531,42.74016571044922,84.98056030273438,203.27388763427734
457,1,702.3711547851562,39.94486618041992,84.7901611328125,235.68452835083008
457,2,339.3775634765625,42.457679748535156,91.20135498046875,206.56751251220703
457,3,291.4935302734375,59.11252212524414,71.8946533203125,232.13039779663086
458,1,702.7179565429688,40.67863845825195,85.1708984375,236.90348434448242
458,3,295.510498046875,59.9515380859375,80.0919189453125,230.15634155273438
458,2,343.90850830078125,41.181148529052734,86.07650756835938,208.35393142700195
459,1,704.7626953125,40.60380935668945,84.127685546875,239.94504928588867
459,2,348.0090637207031,41.41818618774414,82.31829833984375,207.30715560913086
459,3,299.218017578125,60.20219802856445,88.84872436523438,228.0398063659668
460,1,705.9948120117188,41.96391296386719,84.3851318359375,240.1914520263672
460,3,302.5385437011719,62.34021759033203,95.48739624023438,224.42955780029297
460,2,352.76495361328125,43.504905700683594,77.91558837890625,204.52429962158203
461,1,707.968505859375,41.88594055175781,83.2332763671875,241.3540802001953
461,2,357.9658508300781,43.16891098022461,73.11514282226562,203.75069046020508
461,3,305.2665100097656,62.75517654418945,98.38296508789062,223.36017990112305
462,3,307.8785705566406,62.10680389404297,101.91311645507812,223.58557891845703
462,2,361.7877197265625,42.3731575012207,69.14651489257812,205.37835311889648
462,1,711.6045532226562,43.15742874145508,82.4801025390625,240.54581832885742
463,3,307.5856018066406,62.011199951171875,106.25238037109375,223.49798583984375
463,1,715.1427001953125,43.54177474975586,81.3388671875,240.50253677368164
463,2,364.7359924316406,42.42039108276367,65.5228271484375,205.07684707641602
464,1,720.789794921875,44.011531829833984,79.759033203125,239.93332290649414
464,3,307.8613586425781,62.74237823486328,108.50543212890625,223.34026336669922
464,2,372.16021728515625,41.453758239746094,59.3377685546875,208.18119049072266
465,1,729.3480224609375,43.44374084472656,74.65948486328125,240.61842346191406
465,2,374.24542236328125,41.023033142089844,59.43695068359375,208.02991485595703
465,3,308.5764465332031,64.28509521484375,108.23806762695312,222.63418579101562
466,1,735.5049438476562,44.53443908691406,73.14605712890625,239.28309631347656
466,2,378.9195861816406,41.1339225769043,59.005523681640625,207.56988906860352
466,3,309.0674743652344,63.46279525756836,109.52224731445312,223.68359756469727
467,1,743.24267578125,44.429969787597656,70.17340087890625,239.7119369506836
467,3,310.1400146484375,64.05252838134766,110.0364990234375,224.04698944091797
467,2,382.81451416015625,41.67446517944336,59.81573486328125,206.57794570922852
468,1,752.8988647460938,44.37355041503906,63.57940673828125,239.93678283691406
468,3,312.88677978515625,64.23692321777344,108.33154296875,223.9636993408203
468,2,385.54150390625,41.11178970336914,63.209136962890625,207.09435653686523
469,1,755.5987548828125,45.733367919921875,68.58197021484375,237.56045532226562
469,2,388.6720275878906,40.80567169189453,75.24066162109375,207.2243423461914
469,3,316.3277587890625,64.04965209960938,105.05221557617188,224.466796875
470,1,756.8004150390625,46.13317108154297,70.571044921875,237.01245880126953
470,3,322.4565734863281,63.581031799316406,98.89151000976562,225.30016326904297
470,2,393.28912353515625,41.45805358886719,83.54852294921875,206.61148071289062
471,1,756.5170288085938,46.623355865478516,73.84625244140625,236.67065048217773
471,2,395.1333312988281,41.98624801635742,92.59420776367188,205.5792121887207
471,3,329.1136169433594,62.77751159667969,92.4229736328125,226.4494171142578
472,1,756.1050415039062,47.89870071411133,81.85833740234375,238.14622116088867
472,2,396.357421875,42.8668212890625,93.89801025390625,204.33363342285156
472,3,336.7210388183594,61.058433532714844,85.38162231445312,228.53314971923828
473,1,755.8887939453125,48.629615783691406,93.41015625,238.69072723388672
473,3,346.0863037109375,62.06528091430664,76.27850341796875,228.09499740600586
473,2,397.43109130859375,42.60631561279297,94.89303588867188,204.63335418701172
474,3,358.676025390625,63.9048957824707,67.34823608398438,225.92899703979492
474,1,755.9425048828125,50.253318786621094,100.0574951171875,239.1409683227539
474,2,400.3358154296875,43.300594329833984,93.0162353515625,203.79990005493164
475,2,404.2838134765625,42.75165557861328,89.786865234375,205.84490203857422
475,3,368.5956726074219,63.00910949707031,60.65478515625,226.4280242919922
475,1,755.7147216796875,53.39681625366211,99.5921630859375,236.94702529907227
476,3,372.7988586425781,62.717796325683594,59.455078125,226.4230728149414
476,2,409.80230712890625,42.172019958496094,84.81240844726562,206.4481430053711
476,1,756.6834716796875,54.05121994018555,99.21502685546875,236.4005012512207
477,3,376.79278564453125,62.85052490234375,59.718017578125,227.05758666992188
477,1,757.855224609375,54.93760681152344,97.8077392578125,237.7704315185547
477,2,420.2333984375,41.78306198120117,74.29852294921875,206.99849319458008
478,3,380.19354248046875,61.80531692504883,68.79522705078125,228.14225387573242
478,1,759.802734375,54.17931365966797,95.85968017578125,239.74134063720703
478,2,425.6191101074219,40.609676361083984,69.01889038085938,207.50299453735352
479,3,383.85888671875,61.71453094482422,79.934814453125,226.75446319580078
479,2,429.901123046875,41.07213592529297,64.96231079101562,207.7325210571289
479,1,763.9244995117188,54.584251403808594,91.8370361328125,240.38391876220703
480,3,384.2237243652344,62.00160598754883,90.19284057617188,227.15775680541992
480,2,433.5416564941406,41.49453353881836,61.2529296875,207.47865676879883
480,1,769.492431640625,53.96086120605469,86.20098876953125,241.37168884277344
481,3,384.7234802246094,63.249534606933594,100.00296020507812,226.20536041259766
481,2,437.8784484863281,40.833763122558594,55.709686279296875,207.44066619873047
481,1,775.87158203125,54.27397155761719,79.83367919921875,241.07359313964844
482,3,385.0011291503906,65.71012115478516,109.17083740234375,222.5986557006836
482,2,442.5028381347656,40.61546325683594,52.2535400390625,206.94308471679688
482,1,784.945556640625,56.35363006591797,70.85546875,239.6308364868164
483,3,384.9485168457031,65.70978546142578,116.55484008789062,222.93846893310547
483,2,446.46795654296875,41.07090377807617,52.827423095703125,207.56142044067383
483,1,796.42578125,88.77718353271484,59.24365234375,207.72046661376953
484,3,384.58935546875,64.00088500976562,119.26895141601562,224.56744384765625
484,2,449.1765441894531,41.203372955322266,54.26763916015625,209.13344955444336
484,1,806.221923828125,98.00086975097656,49.42108154296875,198.74330139160156
485,3,384.4527893066406,64.08425903320312,121.53756713867188,225.01016235351562
485,2,453.3690185546875,40.85989761352539,57.37420654296875,214.69170761108398
485,1,818.490234375,100.35932159423828,37.1160888671875,201.13964080810547
486,3,385.6319274902344,66.7745361328125,123.67742919921875,223.181884765625
486,2,456.6666564941406,42.339481353759766,62.142242431640625,215.42763900756836
486,1,826.5717163085938,113.243896484375,29.11285400390625,191.59503173828125
487,2,462.4955139160156,42.8150634765625,68.49032592773438,216.21197509765625
487,3,387.1615905761719,65.88057708740234,123.37075805664062,224.10236358642578
487,1,824.84130859375,127.36058044433594,30.81048583984375,170.8806915283203
488,3,391.00921630859375,65.11791229248047,119.93475341796875,225.30890655517578
488,2,465.7302551269531,44.61885070800781,74.39596557617188,212.83824157714844
488,1,824.76123046875,159.2467803955078,30.965087890625,136.55982971191406
489,3,394.8797607421875,63.674278259277344,115.88958740234375,226.74018096923828
489,2,471.59173583984375,45.13145446777344,74.6722412109375,210.86837768554688
489,1,825.1847534179688,174.59909057617188,30.595947265625,121.50115966796875
490,3,401.7244567871094,63.621604919433594,109.16021728515625,226.3865737915039
490,2,478.84014892578125,45.07147216796875,71.57550048828125,212.82168579101562
490,1,825.570556640625,209.76705932617188,30.22552490234375,86.36370849609375
491,3,410.4178161621094,62.12233352661133,100.76959228515625,227.22977828979492
491,2,482.93798828125,49.4890022277832,71.70623779296875,210.95698165893555
491,1,825.134033203125,224.20655822753906,30.51959228515625,71.58576965332031
492,3,419.6317138671875,62.45490264892578,92.23492431640625,227.18975067138672
492,2,487.5290832519531,49.60003662109375,68.32235717773438,210.66305541992188
492,1,825.552978515625,228.30963134765625,30.08984375,67.46759033203125
493,2,490.9308776855469,48.54209518432617,65.49240112304688,211.5501594543457
493,3,431.7958679199219,62.115631103515625,84.50601196289062,230.22769165039062
493,1,826.6643676757812,234.57373046875,29.023193359375,61.269683837890625
494,3,444.8009033203125,60.32255935668945,75.3499755859375,234.78654098510742
494,2,496.991455078125,47.916343688964844,59.108642578125,211.17688751220703
494,1,828.4114990234375,239.33245849609375,27.2564697265625,56.72833251953125
495,2,500.7326354980469,46.74190902709961,53.726409912109375,215.67880630493164
495,3,458.6435546875,59.995357513427734,65.82708740234375,236.57526016235352
495,1,832.5230102539062,250.85951232910156,22.97247314453125,45.09135437011719
496,3,467.11944580078125,60.147647857666016,59.08551025390625,237.77178573608398
496,2,504.4699401855469,47.03205108642578,50.214447021484375,212.8673324584961
497,3,470.82769775390625,62.0709342956543,58.4000244140625,235.17189407348633
497,2,507.4434814453125,47.61134719848633,48.51361083984375,213.08005905151367
498,3,473.0574645996094,62.00471878051758,69.81228637695312,234.55228805541992
498,2,511.08978271484375,47.13884735107422,45.8626708984375,212.99515533447266
499,3,472.8807067871094,61.09721755981445,84.13137817382812,232.6583366394043
499,2,513.751953125,46.328643798828125,47.20184326171875,212.114501953125
500,3,472.61822509765625,60.223758697509766,95.80291748046875,230.81777572631836
500,2,520.2273559570312,46.61325454711914,46.83135986328125,210.6717185974121
501,3,472.1108093261719,61.857051849365234,104.19039916992188,228.2073097229004
501,2,524.0755615234375,45.792205810546875,49.15081787109375,208.1715850830078
502,3,472.1283874511719,64.30860137939453,109.77792358398438,225.84420013427734
502,2,530.2306518554688,44.95079803466797,48.976318359375,209.30670928955078
503,3,472.12628173828125,63.36614990234375,115.24249267578125,227.52999877929688
503,2,529.924072265625,45.399227142333984,62.0565185546875,209.9554786682129
504,3,471.8024597167969,65.64746856689453,118.97274780273438,226.4200668334961
504,2,523.2921752929688,46.53453826904297,81.6865234375,208.92328643798828
505,3,472.3754577636719,66.71133422851562,119.21981811523438,227.72735595703125
505,2,532.6058349609375,46.98544692993164,83.73895263671875,210.01577377319336
506,3,473.2992858886719,68.49624633789062,118.16873168945312,226.747314453125
506,2,544.2453002929688,48.00651931762695,76.05340576171875,211.47391891479492
507,3,474.2265319824219,69.11128234863281,121.30368041992188,228.6358184814453
507,2,549.5902709960938,48.91053009033203,73.01568603515625,210.00838470458984
508,3,477.02490234375,69.29369354248047,119.2869873046875,229.76224517822266
508,2,555.80419921875,49.872032165527344,68.52471923828125,211.15631866455078
509,2,561.2967529296875,48.99287033081055,63.0191650390625,211.51369094848633
509,3,482.6694641113281,67.63568878173828,113.74179077148438,232.35717010498047
510,2,567.5777587890625,47.897701263427734,56.1024169921875,211.8251075744629
510,3,488.4009704589844,68.8375473022461,109.25039672851562,230.95337677001953
511,3,494.9281005859375,66.80010223388672,105.51239013671875,233.00049591064453
511,2,573.4476318359375,47.429691314697266,49.07366943359375,212.19399642944336
512,3,502.970947265625,66.27267456054688,100.07611083984375,232.89114379882812
512,2,577.7950439453125,45.835716247558594,44.87646484375,214.39209747314453
513,3,512.2704467773438,66.84204864501953,92.31658935546875,233.03142547607422
513,2,579.9522094726562,46.63003921508789,42.8067626953125,213.2873191833496
514,3,521.7494506835938,66.8731918334961,85.005859375,232.75782012939453
514,2,582.3751220703125,46.650123596191406,43.4822998046875,214.33708953857422
515,3,533.0043334960938,67.27061462402344,77.67584228515625,232.46214294433594
515,2,585.7684326171875,45.62360763549805,40.682861328125,215.8154182434082
516,3,546.2661743164062,65.49757385253906,68.35198974609375,233.6583709716797
516,2,586.9515380859375,46.23136901855469,42.825927734375,213.88111877441406
517,3,557.4763793945312,66.31416320800781,60.86468505859375,233.0908660888672
517,2,588.890869140625,45.555686950683594,47.47515869140625,216.21198272705078
518,3,558.7529907226562,67.34913635253906,62.07769775390625,232.6102752685547
518,2,594.7047729492188,47.68143081665039,47.4967041015625,215.86574935913086
519,3,559.9097290039062,68.72077178955078,63.83636474609375,231.14940643310547
519,2,604.0537109375,46.23333740234375,42.5174560546875,220.85418701171875
520,3,558.7195434570312,68.07254028320312,75.95086669921875,231.22830200195312
520,2,606.1738891601562,46.57916259765625,48.82305908203125,221.30999755859375
521,3,558.4181518554688,68.94261169433594,88.0330810546875,231.80995178222656
521,2,609.6917724609375,46.633121490478516,59.658203125,223.4700584411621
522,3,558.2784423828125,70.97985076904297,98.06256103515625,228.91437530517578
522,2,613.330078125,48.87102127075195,66.50897216796875,217.00495529174805
523,3,558.1393432617188,70.10395812988281,108.692138671875,229.32044982910156
523,2,616.7227172851562,50.118465423583984,66.80828857421875,212.33273696899414
524,3,558.152587890625,70.6030502319336,114.96527099609375,228.75952911376953
524,2,619.516845703125,52.27116012573242,66.540771484375,210.6609992980957
525,3,558.1190185546875,71.7357406616211,118.89886474609375,227.59537506103516
525,2,623.274658203125,50.39337158203125,66.8076171875,215.6561279296875
526,3,557.8694458007812,72.31806945800781,121.58538818359375,227.7689971923828
526,2,629.0947265625,52.41932678222656,61.24029541015625,213.5884246826172
527,3,558.6929321289062,72.35437774658203,121.53460693359375,229.40401458740234
527,2,633.5587768554688,52.97300338745117,55.2530517578125,211.75368118286133
528,3,558.8419189453125,72.48597717285156,120.98681640625,231.11854553222656
528,2,639.364501953125,51.67631912231445,48.71575927734375,215.4552116394043
529,3,558.4814453125,72.90592193603516,123.504150390625,231.08147430419922
529,2,644.58935546875,51.5503044128418,44.44744873046875,214.52016067504883
530,3,561.830078125,73.25439453125,121.46759033203125,232.5440673828125
530,2,649.7960815429688,52.087554931640625,41.1539306640625,214.13330078125
531,3,563.992919921875,73.1651382446289,119.977294921875,233.71114349365234
531,2,653.7310180664062,52.65343475341797,38.64697265625,212.9802017211914
532,3,568.7299194335938,72.24853515625,115.69268798828125,234.93118286132812
532,2,656.671142578125,50.542720794677734,37.86773681640625,214.90253067016602
533,3,574.4024658203125,71.73114776611328,111.44659423828125,235.23348236083984
533,2,658.3694458007812,49.97283935546875,42.1148681640625,213.98968505859375
534,3,582.4537963867188,72.0450439453125,108.87298583984375,235.06271362304688
534,2,663.3241577148438,51.62330627441406,46.14031982421875,211.9668731689453
535,3,590.082275390625,72.16138458251953,104.30364990234375,235.5796127319336
535,2,664.6114501953125,51.2041130065918,54.7283935546875,214.02211380004883
536,2,666.2926635742188,51.34496307373047,61.88128662109375,214.73246002197266
536,3,599.2646484375,71.51148986816406,95.86553955078125,236.02003479003906
537,3,609.8748168945312,71.0628433227539,90.44525146484375,239.03450775146484
537,2,671.91748046875,52.814571380615234,64.43267822265625,210.4576759338379
538,3,622.4200439453125,71.28399658203125,83.9659423828125,242.20834350585938
538,2,680.9749755859375,53.36078643798828,58.5968017578125,212.11315155029297
539,3,638.30712890625,71.22632598876953,71.862060546875,244.5559310913086
539,2,684.2210083007812,53.010379791259766,61.89447021484375,213.4183006286621
540,3,642.6248779296875,72.64088439941406,71.92401123046875,243.9495391845703
540,2,687.4777221679688,55.9316291809082,63.08013916015625,210.59623336791992
541,3,643.394775390625,73.50343322753906,75.58905029296875,243.10890197753906
541,2,690.7094116210938,56.874549865722656,61.88385009765625,211.86653900146484
542,3,642.464599609375,72.66754913330078,81.56903076171875,242.07329559326172
542,2,695.0034790039062,57.76298904418945,58.7724609375,214.0100212097168
543,3,642.1201782226562,71.98793029785156,92.46893310546875,241.0310821533203
543,2,697.3018188476562,57.11662673950195,58.857666015625,214.74680709838867
544,3,642.5814819335938,73.76536560058594,101.9237060546875,237.5927276611328
544,2,701.8204956054688,57.42742919921875,55.6754150390625,213.66717529296875
545,3,642.6807861328125,72.91996765136719,108.98651123046875,237.98304748535156
545,2,705.8643798828125,57.545291900634766,52.84759521484375,213.34264755249023
546,3,642.1425170898438,74.69963073730469,114.40838623046875,235.65953063964844
546,2,710.1130981445312,58.05436325073242,49.4039306640625,211.54253005981445
547,3,641.8829345703125,77.26771545410156,118.135009765625,233.38282775878906
547,2,714.5171508789062,57.92934036254883,47.03729248046875,211.2074089050293
548,3,642.171630859375,78.0479965209961,120.387939453125,233.58768463134766
548,2,715.6918334960938,58.316532135009766,49.3583984375,211.56097030639648
549,3,642.216552734375,79.65652465820312,120.57550048828125,232.64599609375
549,2,719.4089965820312,59.15508270263672,50.234130859375,212.12323760986328
550,3,643.4196166992188,80.36808013916016,122.409423828125,232.55327606201172
550,2,724.6947631835938,58.78849411010742,48.31243896484375,212.70381546020508
551,3,644.5892333984375,81.04398345947266,123.88427734375,233.31307220458984
551,2,729.1676025390625,58.06343460083008,45.70947265625,211.96000289916992
552,3,647.12451171875,80.65062713623047,125.6431884765625,235.59131622314453
552,2,735.404541015625,58.18390655517578,42.3187255859375,214.5732650756836
553,3,651.4139404296875,80.73518371582031,127.31805419921875,235.10240173339844
553,2,739.4485473632812,58.38313674926758,41.9012451171875,223.74653244018555
554,3,656.3704833984375,80.79862976074219,127.60076904296875,234.9539337158203
554,2,745.3349609375,59.561859130859375,42.18023681640625,226.16314697265625
554,4,746.8316040039062,173.82481384277344,34.3421630859375,109.86683654785156
555,3,663.3701171875,80.66899871826172,125.115478515625,235.16034698486328
555,2,749.5856323242188,61.24848937988281,45.17095947265625,225.81590270996094
556,3,669.5169067382812,80.59471130371094,120.805908203125,235.8095245361328
556,2,755.8438110351562,64.75430297851562,49.0814208984375,220.22320556640625
557,3,677.5322875976562,80.22601318359375,118.8704833984375,236.38946533203125
557,2,759.6171264648438,64.49475860595703,50.8331298828125,218.97130584716797
558,3,686.994384765625,77.7231216430664,110.5,238.76403045654297
558,2,765.2278442382812,64.55030822753906,48.564208984375,217.88719177246094
559,3,697.83056640625,79.75476837158203,104.59552001953125,236.47664642333984
559,2,768.1468505859375,65.22319030761719,44.07513427734375,222.11927795410156
560,3,712.4430541992188,81.00621795654297,90.23077392578125,235.39362335205078
560,2,771.1153564453125,67.2567367553711,43.05059814453125,223.01898956298828
561,3,719.8409423828125,80.4098129272461,85.71917724609375,236.71820831298828
561,2,774.5457153320312,67.91730499267578,42.51983642578125,222.01097869873047
562,3,724.6102905273438,80.7671127319336,88.49896240234375,236.1150894165039
562,2,777.9654541015625,67.95214080810547,41.90234375,220.39063262939453
563,3,725.8535766601562,81.41121673583984,88.4774169921875,234.43473052978516
563,2,779.3155517578125,68.41736602783203,44.6873779296875,219.7921371459961
564,3,725.0960693359375,81.35246276855469,89.73284912109375,235.69984436035156
564,2,782.9650268554688,68.37484741210938,47.60760498046875,220.9771728515625
565,3,723.8030395507812,82.29547882080078,93.7279052734375,233.26799774169922
565,2,788.8399047851562,69.5561752319336,49.30548095703125,218.0770034790039
566,3,724.2457885742188,84.22186279296875,99.50482177734375,232.69625854492188
566,2,794.1858520507812,69.25926208496094,48.6783447265625,175.3865966796875
567,3,724.7390747070312,84.32482147216797,109.94964599609375,231.9852066040039
567,2,797.9573974609375,68.26895141601562,47.21954345703125,172.8182373046875
568,3,724.5193481445312,85.82716369628906,118.579345703125,231.1209259033203
568,2,802.5653076171875,69.44603729248047,47.98455810546875,170.69121551513672
569,3,724.9449462890625,86.6014404296875,123.158935546875,232.24411010742188
569,2,805.1522827148438,68.43269348144531,49.15625,178.594970703125
570,3,725.6334228515625,88.56053161621094,125.1004638671875,231.9585723876953
570,2,809.9727172851562,69.65645599365234,43.99285888671875,191.47815704345703
571,3,725.8064575195312,90.04586029052734,126.35247802734375,230.56998443603516
571,2,816.2783203125,70.50489044189453,38.47613525390625,214.26030731201172
572,3,727.9391479492188,91.02230072021484,126.39068603515625,231.05777740478516
572,2,822.3711547851562,69.08334350585938,33.0350341796875,215.98663330078125
573,3,730.15625,91.26116943359375,125.72796630859375,233.98361206054688
573,2,826.6840209960938,72.95950317382812,28.783203125,217.17755126953125
574,3,734.37353515625,89.92500305175781,121.137939453125,235.6488494873047
574,2,830.1821899414062,71.30196380615234,25.49444580078125,222.28888702392578
575,3,739.8920288085938,90.58815002441406,115.51318359375,235.1522979736328
575,2,839.726318359375,108.91859436035156,15.9515380859375,182.0004119873047
575,5,842.0184936523438,77.43061828613281,13.78369140625,86.62222290039062
576,3,747.9464721679688,90.49922943115234,107.59954833984375,234.57047271728516
577,3,755.90380859375,89.70172119140625,99.819580078125,237.0164794921875
578,3,765.6295776367188,88.91397857666016,90.088623046875,238.08544158935547
579,3,776.7763671875,88.56004333496094,78.794921875,238.46815490722656
580,3,787.4605102539062,88.42818450927734,68.373046875,240.36890411376953
581,3,801.3486328125,89.7768783569336,54.353515625,239.42499542236328
582,3,814.2837524414062,93.12069702148438,41.3604736328125,241.19833374023438
583,3,815.7122802734375,119.13185119628906,39.90313720703125,217.38755798339844
584,3,815.69091796875,125.19406127929688,39.9093017578125,207.5557861328125
585,3,815.8259887695312,130.42784118652344,39.77691650390625,197.31089782714844
586,3,815.6837158203125,135.98731994628906,39.9354248046875,191.75352478027344
587,3,815.8372802734375,141.8512725830078,39.77410888671875,186.17298889160156
588,3,815.751953125,161.67593383789062,39.82818603515625,166.6639404296875
589,3,815.7254028320312,205.2723846435547,40.10888671875,122.40147399902344
590,3,815.5330810546875,236.3677520751953,40.033447265625,91.17768859863281
591,3,815.5806274414062,249.16392517089844,40.11322021484375,78.20686340332031
592,3,816.1260986328125,254.78453063964844,39.56988525390625,72.59770202636719
593,3,816.7015380859375,259.654296875,39.00689697265625,67.955078125
594,3,817.6282958984375,262.89898681640625,38.0936279296875,64.42239379882812
595,3,818.6448974609375,269.97186279296875,36.7574462890625,57.219146728515625
596,3,824.2803344726562,274.7467041015625,31.47222900390625,52.63555908203125
