36,1,0.09613422304391861,194.463623046875,13.858921013772488,60.22709655761719
37,1,0.09827329963445663,191.58140563964844,14.13192842155695,62.41853332519531
38,1,0.049021534621715546,180.81719970703125,14.452026553452015,74.8408203125
39,1,0.09870443493127823,189.30130004882812,14.018311403691769,66.16796875
40,1,0.12803228199481964,175.64817810058594,15.9771179407835,79.12263488769531
41,1,0.15192313492298126,174.9622802734375,18.38874153792858,78.45506286621094
42,1,0.2607502341270447,173.85382080078125,21.04561573266983,77.68562316894531
43,1,0.2164297103881836,161.42274475097656,29.948819160461426,91.54541015625
44,1,0.09613103419542313,162.28701782226562,35.39841394871473,90.75881958007812
45,1,0.0,163.77786254882812,37.669673919677734,89.66915893554688
46,1,0.0,163.75279235839844,39.0320930480957,88.79377746582031
47,1,0.03867945820093155,162.86703491210938,41.07838597148657,88.526611328125
48,1,0.45475277304649353,163.2544403076172,41.60701099038124,88.02389526367188
49,1,1.2349939346313477,162.15924072265625,40.788031578063965,87.47669982910156
50,1,2.5623037815093994,161.503173828125,39.177655935287476,87.37283325195312
50,2,0.0,161.93365478515625,12.686356544494629,74.33770751953125
51,1,5.100045680999756,160.48770141601562,34.950865268707275,86.12255859375
51,2,0.0,161.45596313476562,13.640989303588867,76.27500915527344
52,1,8.514203071594238,161.66578674316406,33.85557842254639,83.44229125976562
52,2,0.0,160.5904083251953,18.879194259643555,73.76531982421875
53,1,10.656907081604004,161.40065002441406,35.95724010467529,82.58328247070312
53,2,0.3610038161277771,158.15040588378906,21.04453283548355,73.09600830078125
54,1,10.853582382202148,157.5426788330078,38.7236270904541,84.35765075683594
54,2,0.6879584193229675,156.97047424316406,21.277959167957306,73.49116516113281
55,1,13.06493091583252,156.96437072753906,39.33544063568115,84.93318176269531
55,2,1.0881435871124268,155.90158081054688,21.442736387252808,72.93008422851562
56,1,14.56220817565918,156.4249267578125,39.65630531311035,84.46369934082031
56,2,1.30028235912323,153.32046508789062,23.32422173023224,76.32929992675781
57,1,16.017419815063477,154.7852325439453,39.421987533569336,87.05856323242188
57,2,4.582441806793213,153.12139892578125,23.89672040939331,76.59660339355469
58,1,17.4141788482666,153.28404235839844,39.33965873718262,90.23318481445312
58,2,5.614192485809326,152.35366821289062,23.72144365310669,78.56350708007812
59,1,18.782272338867188,153.9996795654297,39.096656799316406,88.30015563964844
59,2,7.339354515075684,152.50364685058594,23.145447731018066,77.8565673828125
60,1,21.162151336669922,153.30703735351562,37.91117477416992,87.4591064453125
60,2,9.839728355407715,152.53285217285156,22.599892616271973,76.99560546875
61,1,22.93342399597168,152.93667602539062,36.425241470336914,86.31985473632812
61,2,11.560924530029297,151.80711364746094,22.344970703125,76.94766235351562
62,1,25.456619262695312,152.8495635986328,34.501094818115234,84.76216125488281
62,2,13.97447395324707,150.81431579589844,20.298063278198242,78.68841552734375
63,1,26.21755027770996,150.9561767578125,34.702775955200195,85.087890625
63,2,16.09737777709961,150.2720489501953,19.538551330566406,79.22976684570312
64,1,24.30245018005371,150.38294982910156,36.41359519958496,83.41307067871094
64,2,17.11964225769043,149.47650146484375,21.29433250427246,78.72027587890625
65,1,27.724611282348633,150.5320587158203,31.671796798706055,82.04119873046875
65,2,18.780275344848633,149.3361358642578,22.03999137878418,78.25033569335938
66,1,30.477108001708984,149.49110412597656,30.051742553710938,79.79121398925781
66,2,21.18997573852539,148.83457946777344,21.902565002441406,76.22138977050781
67,1,28.926450729370117,147.6405792236328,33.46374702453613,84.35075378417969
67,2,23.90557861328125,147.55502319335938,19.335205078125,78.38714599609375
68,1,31.066448211669922,146.527587890625,33.05984115600586,83.64163208007812
68,2,25.61117935180664,146.5382843017578,18.14643096923828,77.22874450683594
69,1,32.294551849365234,145.95745849609375,35.29671859741211,85.44444274902344
69,2,26.816909790039062,146.2240753173828,16.57129669189453,77.47727966308594
70,1,33.49540710449219,146.2360382080078,39.245216369628906,83.55917358398438
70,2,29.657318115234375,146.7721405029297,16.513893127441406,74.89079284667969
71,1,35.38862228393555,146.281005859375,42.4334831237793,82.50253295898438
71,2,30.779788970947266,145.70803833007812,14.98824691772461,76.2642822265625
72,1,37.82626724243164,145.06600952148438,43.410945892333984,81.2861328125
72,2,35.863746643066406,149.2964630126953,14.976936340332031,73.58615112304688
73,1,38.849857330322266,144.70864868164062,43.27378463745117,84.42010498046875
73,2,36.44009780883789,145.3768768310547,16.122604370117188,78.06130981445312
74,1,40.891292572021484,145.11724853515625,40.7891731262207,84.33210754394531
74,2,36.81200408935547,145.5736541748047,16.37985610961914,77.37016296386719
75,1,42.498802185058594,143.55604553222656,36.36371612548828,85.63699340820312
75,2,36.57943344116211,144.93487548828125,17.72657012939453,75.18258666992188
76,1,45.985870361328125,142.42222595214844,33.84590148925781,86.70060729980469
76,2,37.84663009643555,142.6179962158203,18.59186553955078,77.69525146484375
77,1,48.991207122802734,143.0792694091797,31.38479232788086,83.56256103515625
77,2,39.61616134643555,142.8221893310547,18.868934631347656,75.209228515625
78,1,51.50455856323242,142.70359802246094,30.28726577758789,82.13597106933594
78,2,42.90361785888672,143.2939453125,18.17373275756836,73.22102355957031
79,1,51.98849105834961,141.63575744628906,33.03605270385742,82.25189208984375
80,1,54.5638542175293,141.53074645996094,28.860721588134766,81.90220642089844
80,2,47.7295036315918,141.29962158203125,18.01535415649414,73.8973388671875
81,1,54.81533432006836,140.85470581054688,30.47623062133789,78.66555786132812
81,2,50.768829345703125,142.3067626953125,19.344970703125,72.78768920898438
82,1,53.826053619384766,139.20166015625,38.65701675415039,81.76693725585938
82,2,50.24132537841797,140.37942504882812,19.96044158935547,74.90673828125
83,1,55.841670989990234,138.92254638671875,39.119449615478516,81.66441345214844
83,2,52.19865798950195,139.53497314453125,15.277706146240234,49.02264404296875
84,1,57.75056457519531,138.97817993164062,38.153472900390625,81.3792724609375
84,2,53.37102127075195,139.2828369140625,17.777042388916016,75.13041687011719
85,1,61.114013671875,139.77365112304688,35.82417297363281,80.48597717285156
85,2,55.19194030761719,138.65586853027344,17.55743408203125,74.67327880859375
86,1,62.81621170043945,139.90090942382812,34.24345779418945,80.41648864746094
86,2,56.95746612548828,139.03292846679688,17.481971740722656,72.14671325683594
87,1,63.58924102783203,139.43487548828125,34.36943817138672,81.03614807128906
87,2,58.35322570800781,139.34774780273438,17.756141662597656,72.25480651855469
88,1,64.5162582397461,138.52304077148438,35.09056091308594,80.73524475097656
88,2,60.148841857910156,138.4200897216797,16.6954345703125,72.25843811035156
89,1,64.3671646118164,136.3988800048828,36.64080810546875,80.94773864746094
90,1,64.76136779785156,135.1519775390625,36.423095703125,80.43972778320312
91,1,66.91547393798828,133.9102020263672,31.83649444580078,81.49203491210938
92,1,69.8857421875,133.55618286132812,29.384109497070312,80.03028869628906
93,1,70.70352172851562,133.95181274414062,30.26477813720703,77.39161682128906
94,1,73.1664047241211,133.97348022460938,30.10369110107422,76.97348022460938
95,1,74.31316375732422,134.19085693359375,30.653732299804688,76.58245849609375
96,1,77.71867370605469,132.84315490722656,31.76898956298828,78.316162109375
97,1,79.25779724121094,133.5597381591797,35.658905029296875,77.27153015136719
98,1,80.6365966796875,131.37188720703125,39.280067443847656,80.01278686523438
99,1,81.3014144897461,129.93927001953125,39.90229034423828,79.70042419433594
100,1,81.5707778930664,129.41513061523438,39.70677185058594,79.52410888671875
101,1,83.14588165283203,129.3811798095703,39.15742492675781,77.73976135253906
102,1,84.04206085205078,128.37335205078125,37.34680938720703,79.41770935058594
103,1,85.78911590576172,128.44497680664062,33.61407470703125,80.57351684570312
104,1,88.36103057861328,128.71310424804688,33.277801513671875,80.13069152832031
104,3,0.06395172327756882,198.896240234375,20.11667800694704,89.525390625
105,1,90.17210388183594,128.44964599609375,31.861648559570312,78.70204162597656
105,3,0.18690352141857147,195.38587951660156,28.163451626896858,87.24778747558594
106,1,90.64636993408203,128.4510955810547,36.317832946777344,78.3309326171875
106,3,0.11117729544639587,191.8063201904297,39.31736579537392,87.42738342285156
107,3,7.285002708435059,188.4311065673828,41.12889575958252,86.03761291503906
107,1,94.89688110351562,127.80780029296875,34.11576843261719,76.91207885742188
108,1,96.3261947631836,127.16548156738281,36.06067657470703,76.66226196289062
108,3,16.415433883666992,185.9484100341797,43.4278621673584,86.75965881347656
109,3,25.585697174072266,182.4011688232422,43.28163528442383,86.02735900878906
109,1,97.67542266845703,126.25737762451172,34.734031677246094,77.7661361694336
110,3,35.247066497802734,179.56381225585938,43.24348831176758,84.31423950195312
110,1,93.84424591064453,126.05989074707031,41.34741973876953,77.77130126953125
111,3,43.8045768737793,177.12498474121094,44.82084274291992,82.44123840332031
111,1,102.0949478149414,126.38384246826172,33.06188201904297,77.07300567626953
112,3,52.85049819946289,174.4092254638672,42.2703971862793,82.15147399902344
112,1,103.51968383789062,126.87701416015625,32.370574951171875,77.11195373535156
113,3,62.00334548950195,171.8535614013672,43.95070266723633,83.43113708496094
113,1,104.82792663574219,126.28553009033203,33.02809143066406,77.39105987548828
114,3,70.6689224243164,169.63917541503906,40.92765808105469,80.2215576171875
114,1,105.28565216064453,124.78437805175781,34.05207061767578,80.82209777832031
115,3,80.36190795898438,164.30616760253906,42.83042907714844,83.29629516601562
115,1,106.9796371459961,123.92233276367188,33.55054473876953,77.238525390625
115,2,102.65962982177734,128.08753967285156,14.2889404296875,36.37550354003906
116,1,110.89112854003906,123.50920104980469,29.4090576171875,74.02899169921875
116,3,88.91030883789062,165.50267028808594,42.98188781738281,80.17021179199219
116,2,104.83185577392578,124.56581115722656,17.518890380859375,60.8311767578125
117,1,112.67115020751953,123.46653747558594,25.795509338378906,69.79151916503906
117,3,97.39280700683594,161.37242126464844,45.0596923828125,83.72187805175781
117,2,106.66910552978516,124.26194763183594,15.511619567871094,40.15779113769531
118,3,107.9181137084961,157.37843322753906,45.59912872314453,85.58531188964844
118,1,113.23688507080078,122.74028015136719,26.426124572753906,49.11456298828125
118,2,107.63025665283203,123.2015609741211,14.636276245117188,40.88098907470703
119,3,114.76477813720703,155.0357666015625,48.163917541503906,83.83000183105469
119,1,114.9367446899414,122.3033676147461,21.192955017089844,64.7720718383789
120,3,133.59109497070312,148.0345458984375,45.5206298828125,94.1983642578125
120,1,120.21581268310547,121.1742172241211,20.616432189941406,72.7939682006836
120,2,111.55889129638672,120.54054260253906,18.946754455566406,71.41986083984375
121,3,140.15371704101562,146.1034698486328,48.18205261230469,91.04936218261719
121,1,120.32672119140625,120.10845184326172,23.90765380859375,76.98918914794922
122,3,150.73773193359375,143.85255432128906,45.070953369140625,89.3997802734375
122,1,115.92200469970703,119.57168579101562,32.000755310058594,75.734130859375
122,2,114.46107482910156,121.02294158935547,17.401123046875,69.92913055419922
123,1,124.07038879394531,119.5824203491211,23.562423706054688,76.0647201538086
123,3,159.97824096679688,141.31732177734375,41.89476013183594,88.49742126464844
123,2,115.26698303222656,119.8181381225586,16.231124877929688,70.40314483642578
124,1,125.20743560791016,120.67298126220703,25.94873809814453,74.43872833251953
124,3,169.2751922607422,139.58360290527344,43.48088073730469,82.1927490234375
124,2,115.97161102294922,119.76519775390625,16.072608947753906,70.43804931640625
125,1,126.4241714477539,121.13090515136719,33.85205841064453,73.04522705078125
125,3,177.26698303222656,136.6671142578125,41.125030517578125,76.5137939453125
125,2,117.4823226928711,119.70660400390625,15.448631286621094,70.01811218261719
126,1,127.36990356445312,121.41251373291016,36.27848815917969,72.79853057861328
126,3,185.98951721191406,135.19334411621094,39.55638122558594,78.39706420898438
126,2,118.79936981201172,119.79358673095703,16.18524932861328,70.0275650024414
127,1,129.55238342285156,120.8979721069336,36.52311706542969,73.9053726196289
127,3,194.13076782226562,133.67306518554688,41.6536865234375,77.76664733886719
127,2,119.52830505371094,119.38726043701172,17.911773681640625,69.8578872680664
128,1,130.33465576171875,120.2872085571289,37.841156005859375,74.86026763916016
128,3,202.55250549316406,130.7716827392578,37.09571838378906,76.49404907226562
128,2,121.80065155029297,118.12443542480469,16.35553741455078,71.68913269042969
129,1,131.56101989746094,120.2281494140625,38.0145263671875,74.4234619140625
129,2,123.18525695800781,118.0158920288086,18.956924438476562,71.5654067993164
129,3,210.12310791015625,128.8549041748047,37.023345947265625,76.16937255859375
130,1,132.7093048095703,119.44316101074219,35.71919250488281,74.37533569335938
130,3,218.05471801757812,126.84774017333984,37.55694580078125,73.9120101928711
130,2,122.41160583496094,117.76482391357422,20.886581420898438,70.6769790649414
131,1,133.79171752929688,117.36363983154297,33.526885986328125,76.2932357788086
131,3,226.44473266601562,124.9300308227539,37.317169189453125,74.71700286865234
131,2,123.57475280761719,117.01744079589844,20.183013916015625,70.47927856445312
132,1,136.9803009033203,116.95702362060547,30.00811767578125,76.58631134033203
132,3,234.29525756835938,122.99868774414062,39.814300537109375,71.68351745605469
132,2,128.16600036621094,116.90451049804688,18.99072265625,70.0489501953125
133,1,140.05950927734375,115.93968963623047,26.272354125976562,76.83492279052734
133,3,241.92718505859375,121.52774810791016,40.452728271484375,71.2261734008789
133,2,131.05062866210938,115.44581604003906,18.015762329101562,69.27711486816406
134,1,143.75711059570312,115.59449005126953,22.747421264648438,75.38152313232422
134,3,249.66468811035156,119.40512084960938,40.49574279785156,71.12205505371094
134,2,132.35244750976562,115.16993713378906,18.10076904296875,69.39472961425781
135,1,145.6500244140625,115.04460906982422,21.28570556640625,76.27425384521484
135,2,133.47857666015625,114.18876647949219,19.013748168945312,72.320068359375
135,3,257.6339111328125,117.07814025878906,37.407318115234375,72.26075744628906
136,3,265.5132141113281,115.6935043334961,38.77069091796875,70.2514419555664
136,2,134.5752410888672,114.10208892822266,18.941925048828125,71.88713836669922
136,1,147.3762664794922,115.39875030517578,20.825180053710938,72.8212661743164
137,3,272.8995056152344,113.7312240600586,38.569183349609375,70.09777069091797
137,1,148.52542114257812,113.88971710205078,22.3822021484375,75.4638900756836
137,2,135.8697967529297,114.0428237915039,19.77410888671875,71.27098846435547
138,3,279.3198547363281,111.9220199584961,41.2183837890625,70.32421112060547
138,1,149.94049072265625,113.12890625,30.950942993164062,75.15870666503906
138,2,138.2432403564453,114.54730224609375,20.348892211914062,69.51882934570312
139,3,287.3709716796875,110.21250915527344,38.72601318359375,71.07170104980469
139,1,151.40707397460938,112.927734375,27.9329833984375,75.40997314453125
139,2,138.8616180419922,113.87250518798828,21.230361938476562,71.0429916381836
140,3,294.1759033203125,107.55970764160156,36.8326416015625,75.59173583984375
140,1,152.52764892578125,113.2051010131836,28.418807983398438,75.42974090576172
140,2,140.47695922851562,114.28235626220703,19.501876831054688,69.44593048095703
141,3,301.49273681640625,105.30919647216797,37.005462646484375,72.99881744384766
141,1,153.36439514160156,113.53324127197266,31.061660766601562,75.98821258544922
141,2,141.2568817138672,114.03475952148438,19.112380981445312,68.97848510742188
142,3,307.7253112792969,104.13080596923828,39.83343505859375,72.55823516845703
142,1,155.49148559570312,113.38990783691406,27.467330932617188,75.43594360351562
142,2,142.545166015625,113.69099426269531,18.618194580078125,68.47193908691406
143,1,156.69058227539062,112.22122955322266,27.2469482421875,77.56502532958984
143,3,315.3570861816406,102.79513549804688,38.70819091796875,70.43586730957031
143,2,143.24029541015625,112.54214477539062,18.724853515625,67.87301635742188
144,1,159.36781311035156,110.48445129394531,23.943435668945312,75.54473876953125
144,3,327.2494201660156,99.91449737548828,38.728790283203125,67.50658416748047
144,2,146.1929931640625,111.17828369140625,19.725845336914062,68.75367736816406
145,1,161.30213928222656,110.51398468017578,24.529205322265625,72.35051727294922
145,3,334.3474426269531,97.97846221923828,37.005401611328125,66.1294174194336
145,2,147.59144592285156,110.76091003417969,20.473922729492188,67.2459716796875
146,1,162.69444274902344,109.93028259277344,24.2708740234375,73.16351318359375
146,3,339.2644348144531,96.21894073486328,36.732696533203125,65.4754867553711
146,2,148.304931640625,110.3554916381836,22.364471435546875,65.21686553955078
147,1,164.00100708007812,109.62190246582031,22.74627685546875,72.60505676269531
147,3,345.5868225097656,94.38249206542969,37.2120361328125,62.0098876953125
147,2,150.14659118652344,109.88288879394531,20.419281005859375,65.43650817871094
148,2,151.9051971435547,109.41669464111328,18.951690673828125,67.5213851928711
148,1,165.5333251953125,109.1411361694336,22.729522705078125,74.03914642333984
148,3,351.8577575683594,92.87458038330078,35.228485107421875,64.41999053955078
149,2,152.31411743164062,108.7679443359375,19.081466674804688,68.11305236816406
149,1,167.2208709716797,108.88101196289062,22.554489135742188,73.58413696289062
149,3,357.2213134765625,91.365478515625,32.257476806640625,56.564849853515625
150,3,362.5339660644531,90.028076171875,33.47137451171875,64.80479431152344
150,2,152.29690551757812,108.49859619140625,19.261276245117188,68.67732238769531
150,1,168.0079803466797,108.30123138427734,23.914794921875,73.15911102294922
151,2,152.72232055664062,108.10415649414062,19.259445190429688,69.05572509765625
151,1,168.35943603515625,107.52522277832031,25.92205810546875,73.45721435546875
151,3,368.2724914550781,88.6026840209961,32.752349853515625,55.13166046142578
151,4,0.05902303755283356,190.9650421142578,18.24105630815029,74.31217956542969
152,1,169.70510864257812,106.9813461303711,31.909942626953125,74.46868133544922
152,2,152.6762237548828,108.28045654296875,20.4290771484375,68.171142578125
152,3,373.24298095703125,86.1725082397461,33.4744873046875,61.53020477294922
152,4,0.0,191.26124572753906,23.785112380981445,73.29969787597656
153,1,172.29913330078125,106.5849609375,32.930511474609375,73.16712951660156
153,2,155.0045928955078,107.99486541748047,19.9857177734375,68.75440216064453
153,3,378.685791015625,85.8668212890625,32.140594482421875,60.59153747558594
153,4,0.047779157757759094,181.714111328125,27.810567781329155,82.48193359375
154,1,173.01820373535156,107.18180084228516,34.387481689453125,72.06587982177734
154,2,157.26596069335938,108.27299499511719,18.879287719726562,68.35746765136719
154,3,383.8730163574219,83.77434539794922,31.83795166015625,60.64563751220703
154,4,0.005493748467415571,180.75161743164062,30.04752291413024,83.534912109375
155,1,173.7271728515625,107.32273864746094,35.589996337890625,72.03529357910156
155,2,157.38018798828125,107.9354248046875,20.540679931640625,68.98063659667969
155,3,388.1937255859375,81.97782135009766,32.16351318359375,64.27100372314453
155,4,0.017879236489534378,177.90182495117188,32.21971918269992,85.8319091796875
156,1,174.56837463378906,106.86038208007812,36.259857177734375,72.79153442382812
156,2,158.78709411621094,107.0495834350586,21.450302124023438,68.93839263916016
156,4,0.06727450340986252,177.73329162597656,32.81205899268389,84.06413269042969
156,3,392.794189453125,80.07954406738281,31.472015380859375,60.3758544921875
157,1,175.05093383789062,105.90160369873047,36.24095153808594,74.5705795288086
157,2,159.792724609375,106.77822875976562,21.646728515625,68.11968994140625
157,4,0.04996543377637863,176.73622131347656,32.62457222491503,85.51216125488281
157,3,397.6620178222656,79.99104309082031,31.188232421875,58.15437316894531
158,1,176.8022003173828,105.30473327636719,34.6761474609375,74.91970825195312
158,2,161.0944366455078,106.0456314086914,22.339584350585938,68.65811920166016
158,4,0.07490350306034088,175.1051025390625,31.8661098331213,86.10641479492188
158,3,402.4433898925781,78.107177734375,30.640960693359375,58.65403747558594
159,4,0.13693171739578247,174.1394500732422,31.470263183116913,83.38371276855469
159,1,178.2969512939453,105.2905502319336,32.86936950683594,74.6841049194336
159,2,163.7704315185547,105.58641052246094,21.668655395507812,67.19929504394531
159,3,407.12640380859375,75.92652893066406,30.58062744140625,59.85392761230469
160,4,0.33737510442733765,173.37083435058594,31.584703981876373,83.33940124511719
160,2,166.48049926757812,105.34355926513672,20.875747680664062,64.9516830444336
160,1,180.9498748779297,104.64310455322266,29.339645385742188,73.36768341064453
160,3,411.67120361328125,75.4371337890625,30.746429443359375,58.365325927734375
161,1,183.35792541503906,104.14151000976562,26.857925415039062,73.09632873535156
161,2,169.97607421875,104.80638885498047,19.137954711914062,65.95044708251953
161,4,0.7051679491996765,172.68637084960938,31.390088856220245,81.74505615234375
161,3,416.8954772949219,74.56034088134766,29.117401123046875,53.80756378173828
162,1,187.7064666748047,103.84540557861328,22.883758544921875,72.68795013427734
162,2,171.62350463867188,104.25556945800781,19.011184692382812,66.28353881835938
162,4,2.8285584449768066,172.51670837402344,30.146085262298584,81.00117492675781
162,3,420.725830078125,71.20594024658203,29.663848876953125,53.467987060546875
163,2,172.7102508544922,103.75176239013672,19.13922119140625,65.39510345458984
163,1,189.99530029296875,103.5441665649414,21.434417724609375,72.6911392211914
163,4,3.3800547122955322,172.624755859375,32.17940878868103,82.97758483886719
163,3,424.3577575683594,70.63549041748047,28.902923583984375,56.069908142089844
163,5,0.0,175.5155792236328,17.643569946289062,76.71041870117188
164,2,174.09213256835938,103.9466552734375,19.383926391601562,66.05020141601562
164,1,190.94354248046875,102.7144775390625,30.369308471679688,73.65730285644531
164,4,4.031682014465332,172.884765625,35.505431175231934,80.64057922363281
164,3,428.1524963378906,70.03323364257812,30.203369140625,53.80415344238281
164,5,0.0,169.7795867919922,18.528076171875,79.6209716796875
165,4,5.081910133361816,173.01283264160156,39.51940059661865,80.22053527832031
165,1,192.1995086669922,102.17496490478516,32.41584777832031,72.75325775146484
165,2,175.79554748535156,103.83880615234375,19.4600830078125,65.52125549316406
165,3,432.90753173828125,69.5630874633789,29.069549560546875,51.39411926269531
165,5,0.0,163.22763061523438,20.14316177368164,83.37150573730469
166,4,9.131097793579102,171.24996948242188,43.12768363952637,82.10029602050781
166,2,176.45314025878906,103.7126235961914,21.251708984375,65.59514617919922
166,1,194.21731567382812,102.3806381225586,30.561065673828125,71.07170867919922
166,3,436.0466613769531,68.34890747070312,29.073333740234375,52.70831298828125
166,5,0.04483010992407799,161.87261962890625,21.43432066217065,85.73779296875
167,1,195.6257781982422,102.25972747802734,29.903213500976562,70.7159194946289
167,2,177.6092987060547,103.31977844238281,21.830459594726562,65.92898559570312
167,4,12.476372718811035,171.36434936523438,43.096388816833496,82.08168029785156
167,3,439.5237731933594,66.75067901611328,30.337249755859375,52.402565002441406
167,5,0.0,160.04287719726562,22.136737823486328,84.58843994140625
168,1,198.20892333984375,102.642333984375,29.766067504882812,72.33596801757812
168,4,13.491727828979492,167.95689392089844,44.359785079956055,83.86933898925781
168,2,179.8589630126953,102.86787414550781,20.918685913085938,66.18081665039062
168,5,0.029413940384984016,157.29380798339844,22.696164367720485,87.4678955078125
168,3,446.97564697265625,63.53962326049805,28.0159912109375,54.3052864074707
169,1,199.41653442382812,101.9488296508789,29.084869384765625,72.5622329711914
169,2,180.80311584472656,102.78607177734375,22.434097290039062,66.07594299316406
169,4,16.076345443725586,167.4266357421875,41.350141525268555,83.74327087402344
169,5,0.02408856339752674,157.7860870361328,26.687718687579036,87.46287536621094
169,3,450.7279357910156,61.79804611206055,29.19873046875,51.82168197631836
170,2,181.9455108642578,102.19793701171875,21.6961669921875,65.6844482421875
170,4,19.800251007080078,168.8056182861328,38.34832000732422,81.18869018554688
170,1,200.14723205566406,101.14022064208984,29.371124267578125,73.05437469482422
170,5,0.43708911538124084,156.8550567626953,32.1643360555172,87.51560974121094
170,3,452.9261169433594,61.233577728271484,27.823089599609375,52.21474838256836
171,1,200.9640350341797,100.19195556640625,28.702957153320312,73.16108703613281
171,2,183.51968383789062,100.88170623779297,20.450103759765625,66.92998504638672
171,5,1.4819141626358032,155.572265625,34.518341422080994,88.81996154785156
171,4,22.849008560180664,168.682861328125,36.912885665893555,77.35343933105469
171,3,457.34765625,59.62729263305664,24.9859619140625,51.5832405090332
172,1,202.33432006835938,99.74176025390625,27.511245727539062,73.57640075683594
172,5,4.385687351226807,155.7073974609375,30.171494960784912,87.64840698242188
172,4,23.14525032043457,169.0749969482422,33.56231117248535,79.13676452636719
172,2,185.23167419433594,100.86551666259766,19.266693115234375,66.4590835571289
172,3,460.8370666503906,59.854732513427734,22.151275634765625,49.99765396118164
173,1,203.924072265625,99.61663055419922,24.34234619140625,72.04181671142578
173,2,186.58619689941406,100.35275268554688,19.6551513671875,65.90357971191406
173,4,25.750885009765625,168.0858612060547,31.070663452148438,79.33956909179688
173,5,6.320216655731201,154.76419067382812,30.167458057403564,87.76817321777344
173,3,463.48822021484375,58.36396789550781,19.55908203125,43.19519805908203
174,1,205.66488647460938,98.8514633178711,20.8448486328125,70.05828094482422
174,5,7.709106922149658,154.18280029296875,34.86246061325073,89.05723571777344
174,2,188.0242156982422,99.99790954589844,18.965576171875,65.34895324707031
174,4,27.262861251831055,167.45693969726562,29.19719123840332,78.45619201660156
174,3,466.8643798828125,56.945552825927734,26.119049072265625,51.64340591430664
175,1,206.89874267578125,98.51316833496094,20.763259887695312,67.96083068847656
175,4,29.47188377380371,165.99395751953125,27.22701072692871,78.11492919921875
175,2,189.1612548828125,99.33362579345703,20.133819580078125,64.89191436767578
175,5,9.138566017150879,153.30429077148438,36.1663122177124,89.21258544921875
175,3,470.5845947265625,56.25170135498047,26.44976806640625,51.21965026855469
176,1,207.60813903808594,98.12957763671875,21.036483764648438,71.07479858398438
176,2,190.7528076171875,98.94645690917969,18.891448974609375,67.02325439453125
176,4,33.1324348449707,166.1103515625,23.455650329589844,76.78048706054688
176,5,11.857425689697266,152.72850036621094,32.840641021728516,87.24960327148438
176,3,472.82342529296875,56.43891143798828,26.357574462890625,60.817779541015625
177,1,209.170654296875,98.04718780517578,20.74761962890625,69.86621856689453
177,2,191.88693237304688,98.410888671875,20.502105712890625,65.89668273925781
177,4,32.59320831298828,164.67848205566406,25.375926971435547,76.14187622070312
177,5,13.199864387512207,152.13685607910156,32.15151882171631,86.18377685546875
178,1,210.84059143066406,97.8403549194336,22.975341796875,69.39459991455078
178,4,32.91933822631836,164.07150268554688,27.63852310180664,78.85699462890625
178,2,193.03607177734375,98.1484603881836,20.05682373046875,64.8997573852539
178,5,15.568916320800781,151.40997314453125,29.674846649169922,85.71554565429688
178,3,484.3194580078125,54.20207595825195,21.253448486328125,50.715335845947266
179,1,211.4685516357422,97.55139923095703,26.126113891601562,69.43169403076172
179,4,34.445743560791016,164.1760711669922,32.11445999145508,76.683349609375
179,5,16.64514923095703,151.31809997558594,26.12359619140625,85.36077880859375
179,2,194.41015625,97.9355239868164,19.856781005859375,65.65230560302734
179,3,487.4892272949219,52.06874465942383,20.613372802734375,48.63994216918945
180,1,212.59681701660156,97.02101135253906,29.114913940429688,69.77522277832031
180,2,195.735595703125,97.55801391601562,21.707275390625,66.25044250488281
180,4,35.72587966918945,163.87786865234375,36.67074203491211,77.3782958984375
180,5,18.323410034179688,151.22427368164062,27.253780364990234,84.92921447753906
180,3,488.33087158203125,51.18065643310547,23.65484619140625,47.560791015625
181,1,213.91253662109375,96.959228515625,29.87615966796875,69.22660827636719
181,2,196.56610107421875,97.44681549072266,22.289337158203125,66.53113555908203
181,4,37.45195388793945,161.781005859375,39.72574996948242,82.03060913085938
181,5,20.210086822509766,151.3043975830078,28.025836944580078,86.78736877441406
181,3,488.90545654296875,50.93769836425781,24.90557861328125,46.800987243652344
182,1,215.20957946777344,96.56783294677734,29.734588623046875,69.77147674560547
182,2,197.53692626953125,97.18963623046875,21.445266723632812,65.97952270507812
182,4,40.18975830078125,163.37472534179688,39.11851501464844,80.00004577636719
182,5,21.828489303588867,151.03318786621094,27.213197708129883,87.47212219238281
182,3,490.828369140625,49.97883605957031,25.45648193359375,46.58446502685547
183,1,215.6027069091797,96.5752182006836,30.001876831054688,69.06795501708984
183,2,197.4821319580078,96.63214874267578,22.749786376953125,66.90766143798828
183,4,42.51677703857422,164.34938049316406,38.639915466308594,78.43466186523438
183,5,23.514862060546875,150.25006103515625,28.78067398071289,87.55718994140625
183,3,493.23614501953125,49.359378814697266,24.83062744140625,51.26517868041992
184,1,215.84632873535156,96.47307586669922,30.104843139648438,69.9440689086914
184,4,44.124298095703125,164.0078582763672,38.48125457763672,78.71685791015625
184,2,197.68812561035156,96.70789337158203,22.657623291015625,66.33751678466797
184,5,25.466299057006836,149.98379516601562,29.343786239624023,88.01136779785156
184,3,496.3004150390625,48.89971923828125,24.89794921875,47.34339141845703
185,1,215.55845642089844,96.22288513183594,29.8182373046875,70.28985595703125
185,4,45.96610641479492,162.53550720214844,36.92459487915039,79.62631225585938
185,2,198.93154907226562,96.6636962890625,22.008590698242188,66.24627685546875
185,5,27.2019100189209,150.58287048339844,29.45436668395996,86.30052185058594
185,3,498.5918273925781,48.08447265625,25.932098388671875,45.84361267089844
186,1,216.54702758789062,95.80656433105469,28.954391479492188,70.9613037109375
186,4,47.67125701904297,161.3756103515625,34.18272399902344,77.77120971679688
186,5,28.787107467651367,150.59776306152344,30.159746170043945,86.01242065429688
186,2,201.54441833496094,96.45440673828125,20.14605712890625,66.45796203613281
186,3,501.69927978515625,47.275840759277344,23.98114013671875,47.05706024169922
187,1,218.01290893554688,95.19078826904297,27.559402465820312,71.42313385009766
187,4,49.11178207397461,160.641357421875,31.967639923095703,77.65798950195312
187,5,30.363130569458008,150.6637725830078,29.620691299438477,85.149658203125
187,2,203.32447814941406,95.46846008300781,20.274505615234375,66.52900695800781
187,3,503.65032958984375,46.241512298583984,24.1798095703125,48.38814926147461
188,1,220.2126007080078,94.68247985839844,25.51239013671875,70.5814208984375
188,5,32.252262115478516,149.7877197265625,31.71242904663086,86.14002990722656
188,2,206.6830291748047,95.2373275756836,18.5445556640625,63.89209747314453
188,4,52.37205505371094,160.78965759277344,28.341102600097656,75.11465454101562
188,3,506.9329833984375,45.34960174560547,23.35693359375,47.30851745605469
189,1,224.3894805908203,93.96775817871094,26.31170654296875,70.30514526367188
189,5,33.55607986450195,149.26121520996094,31.01169204711914,85.17172241210938
189,4,54.450565338134766,160.41070556640625,26.70187759399414,74.98869323730469
189,2,208.0655059814453,95.16069793701172,19.252120971679688,63.41651153564453
189,3,508.5724792480469,44.303802490234375,24.006500244140625,47.34857940673828
190,1,226.20169067382812,93.41536712646484,27.002456665039062,70.24610137939453
190,5,35.75212097167969,148.00624084472656,29.621673583984375,83.61384582519531
190,2,208.50811767578125,94.91539001464844,20.056411743164062,62.452362060546875
190,4,55.205623626708984,157.82737731933594,27.826595306396484,75.32923889160156
190,3,510.9179382324219,43.983154296875,23.050872802734375,46.91578674316406
191,1,226.86964416503906,92.81889343261719,28.413101196289062,69.02085876464844
191,5,37.5058708190918,147.45921325683594,28.619441986083984,83.98384094238281
191,2,210.29429626464844,94.38819885253906,19.66265869140625,62.88624572753906
191,4,57.617069244384766,156.89549255371094,27.940975189208984,77.83480834960938
191,3,512.7709350585938,42.760597229003906,22.96514892578125,45.681373596191406
192,1,230.1372833251953,92.38905334472656,28.396041870117188,69.89366149902344
192,4,60.189849853515625,156.25621032714844,35.84703063964844,77.55503845214844
192,3,516.510986328125,41.20741653442383,21.93157958984375,48.1605110168457
192,5,40.7398681640625,145.36463928222656,26.47199249267578,82.8831787109375
192,2,212.48094177246094,93.88245391845703,20.03466796875,62.443519592285156
193,1,231.35398864746094,92.29669189453125,28.644271850585938,69.47282409667969
193,4,62.1102180480957,157.82603454589844,39.60341262817383,75.42652893066406
193,3,518.9967041015625,40.63092803955078,21.4017333984375,46.78623962402344
193,5,41.815364837646484,143.83828735351562,29.92238998413086,85.54722595214844
193,2,213.60696411132812,93.86429595947266,20.769577026367188,62.28081512451172
194,1,232.2394561767578,92.37779235839844,29.259780883789062,69.41580200195312
194,2,214.5874786376953,93.87602233886719,21.010848999023438,62.71040344238281
194,4,64.60326385498047,155.99977111816406,42.66236877441406,76.474609375
194,5,42.77150344848633,143.361328125,30.831073760986328,84.22622680664062
194,3,520.6752319335938,40.09640121459961,21.0628662109375,44.12893295288086
195,1,232.81251525878906,92.20033264160156,29.289810180664062,69.00262451171875
195,2,215.47320556640625,93.92073059082031,20.06719970703125,62.56233215332031
195,5,44.689247131347656,142.906005859375,34.742408752441406,87.4676513671875
195,4,65.31092071533203,154.86465454101562,44.71918487548828,76.41522216796875
195,3,523.1493530273438,38.82917022705078,20.80645751953125,44.753883361816406
196,1,233.75967407226562,91.97100830078125,29.38995361328125,68.76145935058594
196,2,217.15623474121094,93.68354034423828,18.636016845703125,61.64759063720703
196,5,46.768524169921875,142.59817504882812,33.878936767578125,84.87896728515625
196,4,67.19912719726562,155.09130859375,42.63982391357422,73.129150390625
196,3,525.063232421875,38.16455841064453,20.6170654296875,45.433326721191406
197,1,233.990478515625,92.25948333740234,29.481689453125,68.67797088623047
197,2,218.3081817626953,92.99950408935547,18.214447021484375,61.75074005126953
197,5,48.86821365356445,142.46339416503906,31.832538604736328,84.74961853027344
197,4,68.82425689697266,153.81369018554688,41.740264892578125,77.93836975097656
197,3,526.90087890625,37.26302719116211,19.57611083984375,46.892452239990234
198,1,235.3118896484375,91.87129211425781,28.422698974609375,68.56289672851562
198,2,219.5022430419922,92.78945922851562,17.974777221679688,61.446319580078125
198,5,50.8177375793457,142.9250946044922,33.3117561340332,83.74658203125
198,4,71.92298889160156,151.96157836914062,38.40833282470703,78.38414001464844
198,3,529.32373046875,36.89142990112305,18.65234375,46.56014633178711
199,1,236.7241668701172,90.65887451171875,26.891769409179688,67.68305969238281
199,4,73.24188232421875,150.77142333984375,36.768707275390625,77.5697021484375
199,5,52.29851531982422,142.74050903320312,35.16474914550781,83.41639709472656
199,2,220.62457275390625,91.85626983642578,18.534713745117188,61.76850128173828
199,3,530.7302856445312,36.12105941772461,18.777099609375,44.589725494384766
200,4,76.767333984375,149.99342346191406,32.78411865234375,77.67337036132812
200,1,238.4134063720703,90.43441009521484,24.842453002929688,67.35034942626953
200,2,222.4046173095703,91.15775299072266,19.143783569335938,62.33118438720703
200,5,54.10069274902344,142.7761993408203,32.265350341796875,84.03594970703125
200,3,532.3491821289062,35.666046142578125,17.82958984375,42.804405212402344
201,4,78.61880493164062,149.94068908691406,30.673110961914062,78.93777465820312
201,1,239.57247924804688,89.75926208496094,23.4949951171875,67.87129211425781
201,2,223.55589294433594,90.69680786132812,18.933212280273438,62.1771240234375
201,3,533.634521484375,34.788330078125,17.95416259765625,43.388145446777344
201,5,55.706844329833984,141.15208435058594,32.86123275756836,85.53684997558594
202,4,79.00468444824219,149.189453125,29.855010986328125,78.53550720214844
202,1,240.36370849609375,89.62525939941406,20.442779541015625,65.4765625
202,2,224.79307556152344,90.32295227050781,19.188247680664062,60.15925598144531
202,5,56.595603942871094,140.96482849121094,32.913841247558594,84.50296020507812
202,3,535.3887329101562,34.086368560791016,18.30712890625,43.543033599853516
203,1,241.12025451660156,89.38479614257812,20.177719116210938,66.59689331054688
203,2,225.8737030029297,89.92340087890625,19.3740234375,62.09478759765625
203,4,82.20465850830078,149.20066833496094,26.832969665527344,79.27064514160156
203,5,59.001731872558594,140.27633666992188,31.952735900878906,84.56292724609375
203,3,536.5031127929688,33.39091110229492,18.1466064453125,44.70071029663086
204,1,242.0557403564453,88.9874496459961,20.139968872070312,66.44937896728516
204,2,227.2122344970703,89.38956451416016,18.621368408203125,63.009910583496094
204,4,83.46764373779297,148.98141479492188,25.011940002441406,77.14817810058594
204,3,538.0736083984375,33.12559127807617,17.484619140625,44.859615325927734
204,5,61.06653594970703,139.89642333984375,30.189254760742188,82.35096740722656
205,2,228.32379150390625,89.06584930419922,17.662200927734375,63.21918487548828
205,1,243.02061462402344,88.67554473876953,20.901840209960938,67.08255767822266
205,4,85.08324432373047,148.4475860595703,24.561416625976562,77.724853515625
205,5,63.43476104736328,140.1302490234375,29.084365844726562,80.91217041015625
205,3,539.2897338867188,32.583045959472656,17.83551025390625,45.738739013671875
206,1,243.52517700195312,87.89771270751953,22.713470458984375,67.4858169555664
206,4,86.38712310791016,147.33193969726562,27.093093872070312,77.68226623535156
206,2,229.3026580810547,89.30770111083984,17.239898681640625,62.34473419189453
206,5,65.097412109375,138.9414825439453,27.17101287841797,81.88023376464844
206,3,540.158447265625,32.1319465637207,18.8140869140625,46.27419662475586
207,1,244.85604858398438,88.0717544555664,24.392852783203125,66.87325286865234
207,4,87.57809448242188,147.70547485351562,31.380126953125,77.23785400390625
207,2,230.13841247558594,89.04104614257812,19.542449951171875,62.84782409667969
207,5,66.43253326416016,138.03265380859375,25.704345703125,81.61726379394531
207,3,541.9317016601562,32.33487319946289,18.4742431640625,44.53976058959961
208,1,246.26190185546875,87.74797058105469,27.199737548828125,67.13874816894531
208,5,68.60594940185547,138.17320251464844,25.485443115234375,81.62269592285156
208,4,89.31869506835938,147.2978515625,34.08563995361328,78.8375244140625
208,2,230.92869567871094,89.32414245605469,20.220382690429688,62.04536437988281
208,3,543.0338134765625,31.838762283325195,19.12127685546875,44.356855392456055
209,1,246.7494659423828,87.738525390625,29.561599731445312,67.02406311035156
209,4,90.49246215820312,147.4940185546875,35.99566650390625,79.00018310546875
209,2,231.64085388183594,89.05157470703125,20.727813720703125,61.87617492675781
209,5,69.61988067626953,138.6451416015625,26.851722717285156,81.88392639160156
209,3,544.386474609375,31.333690643310547,19.05401611328125,43.24448013305664
210,1,247.6873779296875,87.61894989013672,29.649017333984375,66.49004364013672
210,4,92.71112823486328,147.84432983398438,35.31578826904297,77.51268005371094
210,2,232.44366455078125,88.60790252685547,20.229476928710938,62.041893005371094
210,5,71.76189422607422,137.75509643554688,27.77989959716797,82.19764709472656
210,3,546.8064575195312,30.478668212890625,18.2066650390625,41.55925750732422
211,1,247.88665771484375,87.75135803222656,30.3697509765625,66.29191589355469
211,2,233.07855224609375,88.52293395996094,20.053939819335938,61.783050537109375
211,5,73.66046142578125,137.99720764160156,29.756980895996094,81.23477172851562
211,4,93.98135375976562,147.58473205566406,35.84288024902344,77.81338500976562
211,3,548.5927124023438,29.42167854309082,18.161376953125,40.25564384460449
211,6,275.2225646972656,0.08201400190591812,12.108154296875,18.740957342088223
212,1,248.86386108398438,87.26957702636719,29.70263671875,66.03590393066406
212,2,234.92457580566406,88.14617919921875,19.902740478515625,63.47953796386719
212,4,96.0567398071289,145.90635681152344,33.412193298339844,80.069580078125
212,5,74.81978607177734,137.46783447265625,29.263031005859375,81.83883666992188
212,3,550.112060546875,29.350433349609375,18.2818603515625,37.45624542236328
212,6,275.285888671875,0.27881762385368347,12.40997314453125,18.643795520067215
213,1,251.02914428710938,86.71521759033203,27.32818603515625,65.55316925048828
213,2,234.7995147705078,87.06755065917969,20.961212158203125,64.07485961914062
213,4,97.9146728515625,145.31890869140625,31.940353393554688,79.87245178222656
213,5,76.87708282470703,136.69041442871094,28.51335906982422,82.43804931640625
213,3,551.589599609375,28.955564498901367,18.46502685546875,39.947771072387695
214,4,99.69767761230469,144.37741088867188,29.865432739257812,79.0848388671875
214,1,252.3334197998047,85.92902374267578,25.797592163085938,67.12845611572266
214,2,237.78424072265625,86.7757797241211,19.293731689453125,63.465965270996094
214,5,78.38638305664062,135.9315643310547,29.480560302734375,82.40777587890625
214,3,552.55908203125,28.073471069335938,18.46826171875,42.63336944580078
214,6,275.9786376953125,0.6566662192344666,11.745208740234375,18.673106729984283
215,4,101.27117156982422,144.10792541503906,28.45812225341797,76.62608337402344
215,1,252.74295043945312,85.5197525024414,25.633697509765625,67.6074447631836
215,2,238.98956298828125,86.3587646484375,19.777099609375,62.47978210449219
215,5,79.76994323730469,135.22134399414062,29.283653259277344,82.48970031738281
215,3,554.5704345703125,27.12533187866211,17.430419921875,41.91767501831055
216,1,257.2649230957031,84.66637420654297,25.838897705078125,66.83551788330078
216,4,104.05294799804688,144.03294372558594,26.091278076171875,74.26643371582031
216,2,242.56324768066406,86.0422592163086,16.725082397460938,60.73278045654297
216,5,82.92362976074219,133.73341369628906,26.116455078125,80.01905822753906
216,3,557.8792724609375,27.929689407348633,16.46417236328125,41.771963119506836
217,1,259.080810546875,84.65435028076172,25.912841796875,66.34607696533203
217,4,104.29893493652344,143.69772338867188,27.823989868164062,72.0029296875
217,2,243.82257080078125,85.79474639892578,16.564178466796875,60.08159637451172
217,5,85.13797760009766,132.151123046875,25.091468811035156,79.81239318847656
217,3,560.5740356445312,28.09722328186035,15.79986572265625,39.74322319030762
218,1,260.202392578125,84.02018737792969,27.44671630859375,65.79747009277344
218,4,106.72526550292969,142.99685668945312,27.726211547851562,75.14299011230469
218,2,245.0248260498047,85.8075180053711,17.553482055664062,60.393699645996094
218,5,86.49163055419922,131.7029266357422,25.03997802734375,79.91078186035156
218,3,561.5252075195312,27.41921043395996,16.44061279296875,39.73137855529785
219,1,262.34521484375,83.78172302246094,26.131744384765625,66.74116516113281
219,4,108.2547836303711,141.92396545410156,28.50501251220703,75.20162963867188
219,5,88.08757019042969,129.89109802246094,26.442550659179688,82.05047607421875
219,2,246.51837158203125,85.76040649414062,16.652313232421875,60.065093994140625
220,1,263.13568115234375,83.58904266357422,26.725555419921875,66.3543930053711
220,4,109.22358703613281,141.66876220703125,33.57977294921875,75.80537414550781
220,2,247.50294494628906,85.88230895996094,17.684158325195312,59.8658447265625
220,5,89.62667083740234,129.05091857910156,27.646652221679688,81.19282531738281
221,1,263.79937744140625,83.96556854248047,27.4061279296875,64.70214080810547
221,4,110.20589447021484,141.62843322753906,37.670188903808594,75.4154052734375
221,5,90.17904663085938,129.45651245117188,30.830162048339844,82.55264282226562
221,2,248.36439514160156,85.74229431152344,17.565902709960938,59.728759765625
222,4,112.83383178710938,141.69725036621094,38.44384765625,73.56094360351562
222,1,264.8109436035156,83.93354034423828,27.07818603515625,65.81761932373047
222,5,90.05117797851562,130.58074951171875,35.66661834716797,81.54359436035156
222,2,249.5841827392578,85.54978942871094,17.297500610351562,60.20277404785156
223,1,265.2703857421875,83.58428955078125,28.101409912109375,66.28602600097656
223,4,114.5783462524414,141.51388549804688,38.328224182128906,74.23565673828125
223,5,91.44860076904297,129.9470672607422,35.125701904296875,81.58218383789062
223,2,250.5897979736328,85.28863525390625,16.576492309570312,60.589813232421875
224,1,266.2712097167969,83.47036743164062,27.932281494140625,65.98234558105469
224,4,115.8235855102539,140.84178161621094,37.62035369873047,75.66439819335938
224,5,95.417724609375,129.08091735839844,30.766517639160156,81.59677124023438
224,2,251.1527099609375,84.99803161621094,16.970306396484375,60.08848571777344
225,1,267.33270263671875,83.39728546142578,26.975738525390625,65.09781646728516
225,2,251.6736602783203,84.57096862792969,17.610153198242188,59.73445129394531
225,5,96.56880187988281,128.63636779785156,31.53900146484375,81.59666442871094
225,4,117.83484649658203,141.22640991210938,37.66393280029297,71.65345764160156
226,1,266.5155334472656,82.41377258300781,28.11407470703125,65.59970092773438
226,2,252.98477172851562,84.1813735961914,16.84246826171875,59.959449768066406
226,4,119.75676727294922,139.46498107910156,34.96099090576172,72.23388671875
226,5,99.09991455078125,128.59719848632812,30.3001708984375,81.1959228515625
227,2,253.9130401611328,83.44034576416016,16.931442260742188,60.829002380371094
227,5,100.00179290771484,127.13282012939453,30.50804901123047,82.51213836669922
227,1,267.6903991699219,81.52124786376953,26.939239501953125,65.23583221435547
227,4,120.75950622558594,139.8081512451172,33.145782470703125,70.86972045898438
228,4,123.54290008544922,138.29139709472656,30.216880798339844,72.13076782226562
228,5,101.19644927978516,127.59933471679688,30.692604064941406,82.37629699707031
228,2,255.66015625,82.93806457519531,16.1009521484375,60.20884704589844
228,1,267.4936828613281,80.80179595947266,27.27484130859375,65.5463638305664
229,4,124.82469177246094,137.3815460205078,29.055191040039062,74.62773132324219
229,2,256.8160705566406,82.33181762695312,15.826263427734375,59.417205810546875
229,5,103.80599212646484,127.18718719482422,29.538291931152344,84.30878448486328
229,1,267.33294677734375,80.67608642578125,25.266265869140625,64.61642456054688
230,4,125.86625671386719,136.82615661621094,28.156356811523438,75.82562255859375
230,5,106.82455444335938,127.26517486572266,26.673080444335938,78.65648651123047
230,2,257.3196716308594,81.8060302734375,17.142669677734375,58.667022705078125
230,1,269.6146240234375,80.1374740600586,22.90228271484375,64.07573699951172
231,2,258.18524169921875,81.23625946044922,17.781524658203125,60.886741638183594
231,4,127.77804565429688,135.8054962158203,26.957717895507812,75.56562805175781
231,5,108.716064453125,127.08983612060547,23.375518798828125,77.22936248779297
231,1,273.2764587402344,80.26358032226562,20.274749755859375,64.51054382324219
232,1,274.9523620605469,80.10722351074219,19.603302001953125,64.861572265625
232,5,110.39807891845703,125.47589111328125,23.80786895751953,77.85128784179688
232,2,259.3604431152344,81.06884765625,17.79150390625,59.718902587890625
232,4,128.25404357910156,136.5335235595703,28.9967041015625,73.20686340332031
233,2,260.61322021484375,80.84520721435547,16.96783447265625,59.428489685058594
233,5,111.47272491455078,124.82239532470703,24.40235137939453,79.83342742919922
233,1,274.93707275390625,80.18231964111328,20.651214599609375,63.990394592285156
233,4,130.0386962890625,134.3440704345703,28.012496948242188,74.82637023925781
234,2,261.358642578125,80.97842407226562,17.558685302734375,59.52970886230469
234,5,112.91679382324219,124.72929382324219,24.7442626953125,79.87164306640625
234,1,274.76580810546875,80.0843276977539,21.558258056640625,63.797386169433594
234,4,131.15159606933594,133.82264709472656,27.594390869140625,74.81423950195312
235,2,261.9501037597656,81.40242767333984,18.43621826171875,59.052528381347656
235,1,276.80194091796875,79.64230346679688,23.89990234375,64.06687927246094
235,5,114.83120727539062,124.7549057006836,24.224639892578125,79.10054779052734
235,4,133.68421936035156,134.51535034179688,25.61407470703125,73.61328125
236,1,278.45452880859375,79.69487762451172,24.66845703125,62.85889434814453
236,2,262.3031005859375,80.93233489990234,19.71588134765625,59.57300567626953
236,4,135.90023803710938,135.7747344970703,26.546463012695312,71.61311340332031
236,5,116.24632263183594,125.17626190185547,25.95965576171875,78.73609161376953
237,2,262.4619445800781,81.198974609375,21.12994384765625,59.38548278808594
237,1,279.9930725097656,79.78025817871094,25.014312744140625,61.84272766113281
237,4,136.6468963623047,134.99887084960938,29.76776123046875,72.20010375976562
237,5,117.77283477783203,124.78147888183594,28.538246154785156,79.40951538085938
238,2,262.9966125488281,80.66475677490234,20.661163330078125,60.168540954589844
238,1,279.336181640625,79.2074203491211,26.046844482421875,63.146995544433594
238,5,118.9759292602539,124.13862609863281,27.970130920410156,79.89350891113281
238,4,137.5985107421875,134.0935516357422,30.667205810546875,75.27320861816406
239,2,263.3519287109375,80.3753890991211,22.100372314453125,60.949012756347656
239,5,120.69483947753906,123.97627258300781,28.047134399414062,79.0643310546875
239,4,139.1018524169922,134.06556701660156,31.592483520507812,73.66197204589844
239,1,280.2995300292969,79.30974578857422,25.723419189453125,62.590171813964844
240,5,123.10823822021484,123.74533081054688,26.85680389404297,79.18611145019531
240,2,265.4796142578125,80.03558349609375,19.421600341796875,59.5328369140625
240,4,142.2547149658203,132.5540008544922,27.945846557617188,74.27650451660156
240,1,280.7828063964844,78.70588684082031,24.683013916015625,63.71580505371094
241,5,124.75598907470703,123.23583221435547,24.42736053466797,76.50150299072266
241,4,143.57955932617188,127.58527374267578,27.5047607421875,80.46553802490234
241,2,268.2585144042969,79.18283081054688,16.98455810546875,59.6207275390625
241,1,282.2027282714844,78.22895050048828,23.503936767578125,63.60375213623047
242,2,270.2789306640625,79.4841537475586,16.08868408203125,58.086692810058594
242,1,283.7411804199219,77.94879913330078,23.53814697265625,63.80573272705078
242,5,125.77427673339844,122.52349853515625,24.443771362304688,74.96168518066406
242,4,145.11769104003906,126.27767181396484,25.658828735351562,80.52997589111328
243,1,285.4449157714844,77.47122955322266,24.526611328125,64.04232025146484
243,2,271.7370300292969,79.21531677246094,15.578033447265625,59.165374755859375
243,5,127.01919555664062,122.08064270019531,26.129684448242188,74.40908813476562
243,4,146.42323303222656,127.40091705322266,24.789352416992188,76.48796844482422
244,1,285.2885437011719,76.97355651855469,27.102294921875,64.13442993164062
244,5,128.6831512451172,120.6732406616211,26.254562377929688,77.34468841552734
244,4,147.83482360839844,127.7259292602539,24.36358642578125,74.57018280029297
244,2,273.0185852050781,79.04822540283203,14.736236572265625,58.62171173095703
245,1,287.2629699707031,76.54365539550781,26.772491455078125,63.383087158203125
245,5,130.3561553955078,118.0051498413086,27.08734130859375,78.57611846923828
245,2,273.8078308105469,79.08194732666016,14.860809326171875,58.22985076904297
245,4,148.99281311035156,127.75225830078125,24.917449951171875,74.01866149902344
246,1,288.402587890625,76.05950164794922,27.446044921875,62.792686462402344
246,5,131.8946075439453,117.69425964355469,27.241928100585938,78.24226379394531
246,4,150.98719787597656,127.39739227294922,24.498397827148438,74.3754653930664
246,2,274.2863464355469,78.70295715332031,16.055816650390625,58.053802490234375
247,1,288.3402099609375,75.85143280029297,29.25408935546875,63.29747772216797
247,4,151.74435424804688,127.72762298583984,25.677642822265625,72.70671844482422
247,5,133.70184326171875,117.02548217773438,28.873382568359375,79.88250732421875
247,2,275.1645202636719,78.65043640136719,15.882476806640625,57.83992004394531
248,1,288.9385986328125,75.91398620605469,29.4776611328125,62.83546447753906
248,4,153.73248291015625,128.08090209960938,28.2646484375,71.97254943847656
248,5,135.9370880126953,117.39369201660156,29.447418212890625,79.26840209960938
248,2,275.745849609375,78.77959442138672,16.035552978515625,56.980064392089844
249,1,289.0628356933594,75.88496398925781,30.46044921875,61.245513916015625
249,4,155.8439483642578,128.6816864013672,31.498764038085938,70.82656860351562
249,5,137.2453155517578,118.87052154541016,28.254135131835938,77.8051986694336
249,2,276.70928955078125,78.78942108154297,16.666412353515625,56.69269561767578
250,1,289.6051330566406,75.93885803222656,30.87847900390625,60.91041564941406
250,5,138.87832641601562,119.84251403808594,27.293304443359375,75.97018432617188
250,4,156.9636993408203,128.50888061523438,33.01411437988281,70.6763916015625
250,2,277.63812255859375,78.67851257324219,16.841217041015625,56.8662109375
251,1,290.10467529296875,76.10342407226562,30.593231201171875,61.67063903808594
251,4,158.4442596435547,127.85269165039062,32.01603698730469,69.81878662109375
251,5,140.13999938964844,119.21234130859375,26.959548950195312,75.84022521972656
251,2,278.3175964355469,78.67874145507812,16.9012451171875,56.44920349121094
252,1,290.7374572753906,75.94673156738281,29.908172607421875,61.88795471191406
252,5,140.7673797607422,118.15814208984375,28.319000244140625,76.35136413574219
252,4,159.9502716064453,127.81656646728516,30.708328247070312,67.94031524658203
252,2,278.8680419921875,78.27448272705078,16.639373779296875,56.65929412841797
253,1,292.3087158203125,75.65497589111328,27.9935302734375,61.274940490722656
253,5,142.12197875976562,117.72172546386719,27.735549926757812,77.22575378417969
253,4,161.9874267578125,127.63481140136719,29.025161743164062,67.9072265625
253,2,279.5880432128906,77.29554748535156,16.9383544921875,57.31715393066406
254,5,143.5788116455078,117.23355102539062,27.456649780273438,77.5042724609375
254,1,293.9333190917969,75.60015106201172,26.350616455078125,60.556724548339844
254,4,163.90931701660156,126.78280639648438,28.062484741210938,68.66218566894531
254,2,280.16351318359375,76.99251556396484,16.76446533203125,57.10578155517578
255,5,145.17391967773438,117.17279052734375,27.757720947265625,78.60079956054688
255,4,165.83583068847656,126.57807159423828,26.26715087890625,69.00653839111328
255,1,295.14788818359375,75.18500518798828,24.9791259765625,59.914939880371094
255,2,280.9544982910156,76.48035430908203,16.717559814453125,57.554237365722656
256,5,147.1530303955078,116.0098648071289,25.481231689453125,79.0315170288086
256,1,295.7071228027344,74.61237335205078,24.30596923828125,60.50884246826172
256,2,282.13507080078125,75.69625091552734,16.1981201171875,58.02960968017578
256,4,167.25283813476562,125.59307861328125,24.389007568359375,71.31889343261719
257,5,148.0400390625,115.07910919189453,23.6226806640625,77.07425689697266
257,4,168.7329559326172,125.42037963867188,22.9376220703125,71.23837280273438
257,1,296.64923095703125,74.14250946044922,22.338409423828125,60.549964904785156
257,2,282.9837341308594,75.63040161132812,15.9237060546875,56.99647521972656
258,5,149.2008514404297,114.46695709228516,23.200286865234375,76.90221405029297
258,2,283.8555908203125,75.03453826904297,16.44073486328125,59.532997131347656
258,4,169.76123046875,124.18305206298828,22.693496704101562,72.31990814208984
258,1,297.33612060546875,74.00047302246094,20.095672607421875,61.079437255859375
259,5,150.23513793945312,113.5802230834961,23.943496704101562,76.80170440673828
259,1,297.59527587890625,72.7978744506836,20.256805419921875,63.09593963623047
259,2,284.4414978027344,74.8158950805664,16.577178955078125,58.211463928222656
259,4,170.670654296875,123.25486755371094,22.736557006835938,72.39309692382812
260,5,151.51846313476562,113.68446350097656,23.566986083984375,77.46598815917969
260,1,298.4167785644531,72.61994934082031,19.74761962890625,62.38981628417969
260,2,284.97808837890625,74.70286560058594,16.932647705078125,57.7755126953125
260,4,171.23927307128906,122.32286834716797,22.663223266601562,72.74066925048828
260,6,296.5914306640625,0.7639346122741699,11.76544189453125,22.03056764602661
261,1,298.5142822265625,72.75822448730469,20.48638916015625,61.76472473144531
261,5,153.82606506347656,114.00389099121094,22.541793823242188,76.894287109375
261,2,285.574951171875,74.63845825195312,17.32177734375,57.83183288574219
261,4,172.97227478027344,122.05490112304688,21.22918701171875,72.70150756835938
261,6,296.92730712890625,0.7976573705673218,11.94366455078125,21.762385964393616
262,5,154.25497436523438,113.4061050415039,24.891342163085938,77.65775299072266
262,1,298.6264343261719,72.48857879638672,21.325897216796875,61.766990661621094
262,2,286.4122314453125,74.43344116210938,17.47845458984375,57.96754455566406
262,4,175.14999389648438,121.94293975830078,20.964691162109375,72.22827911376953
262,6,297.36138916015625,0.9282572865486145,11.66412353515625,21.614984214305878
263,5,155.1829071044922,113.22251892089844,26.500259399414062,77.97303771972656
263,1,300.2919006347656,72.55868530273438,20.7520751953125,61.26994323730469
263,4,176.03944396972656,121.84432983398438,22.60150146484375,72.19802856445312
263,2,287.1956787109375,74.86128234863281,18.73193359375,57.465850830078125
263,6,297.55206298828125,0.7511550188064575,11.608306884765625,22.08874213695526
264,4,178.9163360595703,120.95636749267578,27.009063720703125,72.21378326416016
264,1,301.50592041015625,71.96380615234375,24.594085693359375,59.28436279296875
264,2,287.7508850097656,74.61088562011719,21.394805908203125,58.09645080566406
264,5,156.8342742919922,113.16895294189453,26.552520751953125,76.69329071044922
264,6,298.1811218261719,0.37402644753456116,11.414642333984375,22.020312160253525
