0,1,441.732177734375,69.55008697509766,26.982574462890625,67.41815948486328
0,2,440.0071716308594,28.60706329345703,15.363189697265625,46.30949401855469
0,3,455.8924255371094,31.960323333740234,17.06243896484375,46.68831253051758
0,4,493.91473388671875,21.772912979125977,18.2393798828125,31.98842430114746
1,1,441.22564697265625,70.32705688476562,27.43328857421875,67.23245239257812
1,2,440.14227294921875,28.745325088500977,15.67718505859375,45.83278465270996
1,3,456.0565185546875,32.19258499145508,17.412811279296875,46.63638687133789
1,4,493.908447265625,21.309345245361328,19.42437744140625,32.53709411621094
2,1,440.707763671875,70.85298156738281,27.662261962890625,67.3416748046875
2,2,441.2783203125,29.0444393157959,15.545196533203125,45.10998725891113
2,3,456.05401611328125,32.272216796875,18.192901611328125,46.77728271484375
2,4,494.3575439453125,20.651416778564453,20.00225830078125,33.32136154174805
3,1,440.15234375,70.76690673828125,27.86236572265625,67.45185852050781
3,3,457.5133972167969,32.447120666503906,17.429229736328125,45.478675842285156
3,2,442.0879821777344,29.374460220336914,15.5419921875,45.40919303894043
3,4,495.30181884765625,20.533323287963867,18.650146484375,33.53997611999512
4,1,439.20635986328125,70.80657196044922,27.8004150390625,66.85550689697266
4,3,458.6295166015625,32.143306732177734,19.1668701171875,45.684017181396484
4,2,441.8347473144531,28.929954528808594,16.296783447265625,45.93092346191406
4,4,496.6538391113281,20.348758697509766,17.109893798828125,33.99000549316406
5,1,438.8030090332031,70.851806640625,27.238494873046875,66.3953857421875
5,3,459.2655944824219,31.21009635925293,19.35760498046875,45.53067207336426
5,2,442.8109436035156,28.48965835571289,16.450653076171875,46.21499252319336
5,4,498.8958740234375,20.982177734375,16.0565185546875,33.29823303222656
6,1,438.2886047363281,70.49556732177734,26.272674560546875,67.31197357177734
6,2,442.7068176269531,28.690916061401367,16.788726806640625,43.97866249084473
6,3,459.5958557128906,30.947532653808594,18.881011962890625,45.432212829589844
6,4,501.0904846191406,20.622737884521484,13.839996337890625,33.194644927978516
7,1,437.7633972167969,70.23095703125,26.120025634765625,66.68983459472656
7,3,460.541748046875,29.577428817749023,19.0279541015625,46.555246353149414
7,2,442.77178955078125,28.43589210510254,17.249053955078125,45.3369197845459
7,4,502.755126953125,18.550447463989258,13.57427978515625,34.672895431518555
8,1,437.445068359375,71.65634155273438,25.43951416015625,68.029296875
8,3,460.0617370605469,29.11298179626465,18.52630615234375,46.48446846008301
8,2,443.233642578125,27.439117431640625,18.1895751953125,46.484458923339844
8,4,503.6098937988281,18.640201568603516,12.364837646484375,35.07302474975586
9,1,436.5223083496094,71.92973327636719,25.26824951171875,68.85061645507812
9,3,460.7490234375,28.471792221069336,17.13623046875,46.97304725646973
9,2,443.1210021972656,27.341384887695312,18.522613525390625,45.60833740234375
9,4,504.7421875,19.20500946044922,12.43988037109375,34.46480941772461
10,1,435.668701171875,71.09243774414062,25.47412109375,71.53054809570312
10,3,461.36724853515625,28.36643409729004,16.4217529296875,47.366445541381836
10,2,445.5649719238281,27.095407485961914,16.17022705078125,44.80580711364746
10,4,505.29449462890625,19.21607780456543,13.5914306640625,35.5118465423584
11,1,434.59014892578125,72.7917251586914,25.7696533203125,71.0431137084961
11,3,462.5239562988281,28.193838119506836,15.410888671875,48.03317451477051
11,2,445.5594177246094,26.965946197509766,15.977752685546875,44.53145980834961
11,4,505.8702697753906,21.307647705078125,15.619537353515625,33.433250427246094
12,1,433.689453125,74.15583801269531,25.987701416015625,70.52127075195312
12,3,463.7024841308594,28.325923919677734,15.765594482421875,47.25870132446289
12,2,445.77056884765625,26.74146842956543,16.54046630859375,46.19662666320801
12,4,505.7926330566406,20.49007797241211,17.518218994140625,34.16698455810547
13,3,464.9901123046875,28.785964965820312,15.647125244140625,46.523521423339844
13,2,445.6251220703125,26.71138572692871,18.22564697265625,44.88849067687988
13,1,432.9056091308594,74.8740234375,25.735687255859375,69.87030029296875
13,4,506.15869140625,21.23780632019043,19.59356689453125,33.37221336364746
14,3,465.4317932128906,28.84006690979004,15.3388671875,45.8825740814209
14,2,445.70391845703125,26.50235366821289,18.393890380859375,45.11753463745117
14,1,431.7612609863281,75.70922088623047,26.00238037109375,70.70270538330078
14,4,506.38848876953125,22.245485305786133,19.93316650390625,32.66472053527832
15,1,430.84100341796875,75.98833465576172,26.48760986328125,70.22071075439453
15,3,466.060791015625,29.095989227294922,14.979766845703125,45.4843635559082
15,2,446.6801452636719,26.2069149017334,17.447235107421875,45.0508975982666
15,4,506.8983459472656,21.234289169311523,19.670257568359375,33.88125801086426
16,1,430.36187744140625,76.11375427246094,26.197662353515625,70.64753723144531
16,3,466.37139892578125,28.758012771606445,15.171112060546875,45.883230209350586
16,2,447.96697998046875,25.8913631439209,16.633697509765625,45.65318489074707
16,4,507.8268127441406,20.807828903198242,19.270782470703125,34.294206619262695
17,1,430.5621032714844,76.0716781616211,25.668975830078125,70.05858612060547
17,2,448.27630615234375,25.697572708129883,16.7918701171875,44.39187431335449
17,3,467.8294677734375,28.863645553588867,14.424591064453125,45.73345375061035
17,4,508.6198425292969,20.790164947509766,18.037445068359375,34.329734802246094
18,1,430.6659240722656,76.14967346191406,25.707763671875,70.131591796875
18,3,468.5856018066406,28.712867736816406,14.67266845703125,45.51036834716797
18,2,448.9469299316406,24.498777389526367,17.1490478515625,44.72686195373535
18,4,510.4274597167969,20.612581253051758,16.515899658203125,34.90251350402832
19,1,430.86981201171875,76.61719512939453,25.60833740234375,70.49237823486328
19,3,468.95379638671875,28.319068908691406,14.47247314453125,45.20958709716797
19,2,450.02032470703125,24.70369529724121,16.461517333984375,41.448259353637695
19,4,512.5963745117188,20.451414108276367,14.974365234375,35.04160118103027
20,1,430.5172424316406,77.31468963623047,26.2696533203125,72.09517669677734
20,3,469.3839111328125,27.813079833984375,14.475677490234375,45.37156677246094
20,2,451.28704833984375,24.432994842529297,15.455230712890625,42.57145309448242
20,4,515.065185546875,20.791154861450195,13.3453369140625,34.36086082458496
21,1,430.0538024902344,78.10008239746094,27.218902587890625,73.16255187988281
21,3,469.0679626464844,27.049985885620117,14.813873291015625,45.723947525024414
21,2,451.87451171875,24.19652557373047,15.050140380859375,42.67552947998047
21,4,517.1829223632812,19.925575256347656,12.87408447265625,35.26910400390625
22,1,429.6499938964844,79.28800201416016,28.005615234375,72.98592376708984
22,3,469.35137939453125,26.61844825744629,14.60980224609375,46.14432334899902
22,2,451.8584289550781,24.017484664916992,14.768157958984375,44.06180000305176
22,4,518.9479370117188,21.00660514831543,13.419189453125,34.39476203918457
23,1,429.547607421875,80.25194549560547,28.472412109375,72.6499252319336
23,3,469.4253845214844,26.307880401611328,14.831451416015625,46.05695724487305
23,2,452.2973937988281,23.967912673950195,14.656585693359375,42.142873764038086
23,4,519.95654296875,22.534635543823242,14.42730712890625,33.313405990600586
24,1,429.11138916015625,81.15296173095703,29.271697998046875,73.18470001220703
24,3,470.24603271484375,26.050365447998047,14.2816162109375,45.99135208129883
24,2,453.1399841308594,24.038057327270508,13.774444580078125,40.33028221130371
24,4,520.5737915039062,23.166210174560547,16.0958251953125,33.58009719848633
25,1,429.3489990234375,81.97225952148438,28.8775634765625,72.93620300292969
25,3,470.1141662597656,26.01554298400879,14.858795166015625,45.805768966674805
25,2,453.7343444824219,23.98160171508789,13.53271484375,40.04551315307617
25,4,520.9127807617188,23.436275482177734,17.4971923828125,33.55058288574219
26,1,429.2085876464844,82.42595672607422,28.954376220703125,73.07276153564453
26,3,470.3356018066406,26.210649490356445,14.76263427734375,45.65962028503418
26,2,454.4571228027344,23.794607162475586,13.3858642578125,39.00326347351074
26,4,521.27099609375,23.33047103881836,18.73919677734375,33.562591552734375
27,1,429.0420837402344,82.85491943359375,28.633392333984375,72.59024047851562
27,3,470.8174133300781,26.164674758911133,14.030548095703125,45.57171440124512
27,2,455.09686279296875,23.752464294433594,12.8194580078125,38.402626037597656
27,4,521.896484375,23.338638305664062,19.2391357421875,33.767581939697266
28,1,429.05352783203125,82.67808532714844,28.386688232421875,72.94384765625
28,3,470.66015625,26.10284996032715,14.83404541015625,45.992258071899414
28,2,455.2918701171875,23.880630493164062,13.57208251953125,39.341270446777344
28,4,522.494140625,22.0948486328125,19.448486328125,35.31260681152344
29,1,428.7040100097656,82.30237579345703,28.24554443359375,73.79557037353516
29,3,471.1304931640625,26.328216552734375,14.64947509765625,45.26741027832031
29,2,455.55682373046875,24.099021911621094,13.794036865234375,38.38888168334961
29,4,523.2180786132812,22.109119415283203,18.9420166015625,35.2114143371582
30,1,428.3860778808594,82.5511703491211,27.8365478515625,74.24796295166016
30,3,471.3580017089844,25.252016067504883,15.33056640625,46.04738426208496
30,4,524.58447265625,21.805866241455078,17.503173828125,35.50883865356445
30,2,456.412841796875,24.0948486328125,13.82855224609375,38.59864044189453
31,3,471.9986267089844,25.299787521362305,15.570404052734375,45.89541816711426
31,4,526.3511352539062,21.66071128845215,15.827392578125,35.76556587219238
31,1,427.7628479003906,83.20704650878906,27.77191162109375,73.58950805664062
31,2,456.9002380371094,23.91588592529297,14.258453369140625,39.666595458984375
32,1,427.5064697265625,83.994140625,27.370513916015625,74.79852294921875
32,3,472.1947937011719,24.644166946411133,14.785003662109375,45.43055534362793
32,2,457.7640075683594,23.665512084960938,14.4798583984375,41.46751403808594
32,4,528.1788330078125,21.12352752685547,14.43707275390625,36.300086975097656
33,1,427.1820068359375,85.576904296875,27.411163330078125,75.22291564941406
33,3,472.6112976074219,24.215757369995117,14.32989501953125,45.5543155670166
33,2,458.57122802734375,23.59959602355957,14.082611083984375,39.16180229187012
33,4,530.15966796875,21.399959564208984,12.5032958984375,36.7155876159668
34,1,426.5202941894531,86.68980407714844,28.308074951171875,73.79081726074219
34,3,472.5913391113281,24.032154083251953,15.38763427734375,45.12546157836914
34,2,459.2593078613281,23.31556510925293,13.685882568359375,38.01601600646973
34,4,531.260986328125,20.553190231323242,12.11358642578125,37.3973445892334
35,2,459.4500732421875,23.18836212158203,14.627349853515625,43.90819549560547
35,1,425.96142578125,87.84449768066406,28.433135986328125,73.36827087402344
35,3,472.8684387207031,24.147525787353516,14.919281005859375,45.31330490112305
35,4,531.8797607421875,21.1407413482666,12.30279541015625,36.47733116149902
36,2,459.62750244140625,22.89200210571289,15.68157958984375,46.24508285522461
36,3,472.7983703613281,24.09446907043457,14.35028076171875,45.37143516540527
36,1,425.07861328125,88.68179321289062,29.256195068359375,74.42686462402344
36,4,532.6229858398438,21.62805938720703,13.24884033203125,36.425262451171875
37,1,424.7730712890625,89.33033752441406,29.325897216796875,75.10392761230469
37,2,459.0130615234375,22.659366607666016,17.3154296875,47.35672378540039
37,3,473.52655029296875,24.219928741455078,15.363189697265625,44.5920524597168
37,4,533.2454833984375,22.003520965576172,14.6673583984375,36.476959228515625
38,1,424.4960021972656,89.71495056152344,29.693817138671875,77.41679382324219
38,2,458.83221435546875,22.42839241027832,17.032867431640625,48.139944076538086
38,3,472.68994140625,24.064334869384766,15.388702392578125,44.753360748291016
38,4,533.8321533203125,22.215105056762695,17.53704833984375,36.59685707092285
39,1,424.6152648925781,90.05516815185547,29.42181396484375,76.82817840576172
39,2,459.00848388671875,22.400522232055664,18.091949462890625,48.18442344665527
39,3,473.2730712890625,24.403371810913086,14.572509765625,43.75130653381348
39,4,534.2346801757812,21.817832946777344,18.89898681640625,37.078514099121094
40,1,424.86053466796875,90.31455993652344,29.236419677734375,76.90489196777344
40,2,459.0654296875,22.259614944458008,18.608184814453125,48.02688407897949
40,3,474.4146423339844,25.42620086669922,14.43511962890625,42.619842529296875
40,4,534.6355590820312,22.595304489135742,20.34942626953125,36.36291694641113
41,1,425.5005798339844,90.46797180175781,28.881561279296875,77.00375366210938
41,2,459.5438537597656,22.64092254638672,18.858062744140625,47.135009765625
41,4,534.7530517578125,22.89723014831543,20.45269775390625,36.420156478881836
41,3,476.3044128417969,25.927268981933594,14.116546630859375,41.00047302246094
42,1,426.57476806640625,90.4642333984375,28.13861083984375,76.525390625
42,2,459.6569519042969,22.631351470947266,19.26715087890625,47.642520904541016
42,4,535.25048828125,21.713407516479492,20.29156494140625,38.378950119018555
43,1,427.4530944824219,91.20750427246094,27.6851806640625,75.75994873046875
43,2,460.773193359375,22.963769912719727,20.024444580078125,47.39834403991699
43,4,535.9130249023438,22.102806091308594,19.77703857421875,37.859039306640625
44,1,428.15167236328125,91.4782943725586,27.940704345703125,77.10517120361328
44,2,462.5068359375,23.437986373901367,18.272735595703125,45.24112129211426
44,4,537.0759887695312,22.18208122253418,18.9241943359375,37.76328468322754
45,1,428.5402526855469,92.11573028564453,28.186859130859375,78.8133316040039
45,2,463.9204406738281,23.86406898498535,16.58251953125,43.75449180603027
45,4,539.68505859375,22.928699493408203,16.48675537109375,36.8022346496582
46,1,429.6607971191406,93.44256591796875,27.838348388671875,78.93832397460938
46,2,465.1253356933594,24.155223846435547,15.281005859375,41.92729568481445
46,4,542.5476684570312,24.192319869995117,14.05517578125,35.83399772644043
47,1,430.19366455078125,94.9189682006836,27.835662841796875,77.56078338623047
47,2,465.9052734375,24.436330795288086,14.685882568359375,41.38140296936035
47,4,545.1367797851562,27.30617332458496,13.01226806640625,32.79907035827637
48,1,431.50634765625,96.45646667480469,28.48712158203125,81.25077819824219
48,2,467.1629333496094,24.453388214111328,14.798858642578125,42.47323226928711
48,4,548.5106811523438,32.0823860168457,12.13616943359375,28.122051239013672
49,1,432.0324401855469,97.280029296875,29.231201171875,81.49114990234375
49,2,467.7257080078125,24.511812210083008,14.291534423828125,39.57488822937012
49,4,548.916259765625,24.689472198486328,13.5455322265625,35.70628356933594
49,3,480.67022705078125,31.220088958740234,12.563629150390625,31.62982940673828
50,1,432.6660461425781,97.9470443725586,29.53448486328125,80.89728546142578
50,2,467.98675537109375,24.45179557800293,13.95941162109375,37.06807518005371
50,4,549.7725830078125,25.90736961364746,14.30206298828125,34.945905685424805
51,1,433.1623840332031,98.01464080810547,29.736114501953125,81.35309600830078
51,2,467.9175109863281,24.100446701049805,14.688262939453125,36.858232498168945
51,4,550.0521240234375,24.722536087036133,16.74298095703125,36.482595443725586
52,1,433.817138671875,98.088623046875,29.474151611328125,82.00761413574219
52,4,550.3877563476562,24.690793991088867,17.935791015625,36.55575370788574
52,2,468.09625244140625,24.005840301513672,14.530364990234375,36.77075958251953
53,1,434.3756103515625,97.99614715576172,29.35943603515625,81.7718734741211
53,4,550.656982421875,25.087663650512695,18.55224609375,36.155595779418945
53,2,468.26483154296875,23.932849884033203,14.814208984375,38.016780853271484
54,1,434.83026123046875,98.28013610839844,29.02197265625,81.08085632324219
54,2,468.7519836425781,23.70098304748535,14.229949951171875,39.190378189086914
54,4,552.122314453125,25.50782585144043,17.756591796875,36.11736869812012
55,1,434.7480773925781,99.11773681640625,29.27838134765625,81.76142883300781
55,2,468.97393798828125,23.529911041259766,14.206390380859375,39.400718688964844
55,4,553.3829956054688,25.862924575805664,16.3345947265625,36.103105545043945
56,1,434.5211181640625,100.08441925048828,30.29180908203125,83.00431060791016
56,2,469.1989440917969,23.6746768951416,13.94610595703125,39.030813217163086
56,4,554.6974487304688,25.967777252197266,15.99566650390625,35.69676208496094
57,1,434.572509765625,101.00164794921875,30.92633056640625,83.53952026367188
57,2,469.33221435546875,23.627094268798828,13.7789306640625,39.29478073120117
57,4,557.3204345703125,26.492998123168945,13.90020751953125,34.9306583404541
58,1,434.61956787109375,102.94055938720703,31.74188232421875,83.72254180908203
58,2,469.6539611816406,24.137813568115234,13.664306640625,38.15203857421875
58,4,559.5513916015625,26.662622451782227,12.5264892578125,35.2311954498291
59,1,434.6387023925781,103.92191314697266,32.2210693359375,84.50460052490234
59,2,470.138671875,23.698692321777344,13.40350341796875,38.0394172668457
59,4,561.390625,29.132020950317383,11.85333251953125,33.0205135345459
60,1,434.68572998046875,105.04314422607422,32.663543701171875,84.20784759521484
60,2,470.064697265625,22.916311264038086,13.675506591796875,38.48077583312988
60,4,562.3555908203125,28.473575592041016,12.07891845703125,33.8762321472168
61,1,434.7809753417969,105.44303131103516,33.1654052734375,85.56282806396484
61,2,470.0327453613281,22.864948272705078,13.936492919921875,38.870811462402344
61,4,562.919677734375,30.074098587036133,13.15789794921875,32.43033790588379
62,1,435.0616149902344,105.88243103027344,33.411712646484375,85.9605712890625
62,2,469.4802551269531,21.367834091186523,13.92144775390625,41.38210487365723
62,3,480.50274658203125,22.94839859008789,12.58233642578125,40.2604866027832
62,4,562.85107421875,29.855384826660156,14.5010986328125,32.14998245239258
63,1,435.7479553222656,106.37952423095703,33.41644287109375,85.78441619873047
63,2,469.0914611816406,20.995288848876953,14.64605712890625,41.5452880859375
63,4,563.3185424804688,28.93682289123535,15.88824462890625,33.691884994506836
63,3,479.9766540527344,22.062524795532227,12.6002197265625,40.94400215148926
64,1,437.5400085449219,107.04719543457031,32.176727294921875,84.56101989746094
64,2,468.7906799316406,21.787498474121094,14.618133544921875,40.46792984008789
64,4,563.775634765625,30.842151641845703,15.58935546875,32.034061431884766
64,3,480.3597106933594,20.000492095947266,13.229705810546875,43.5695915222168
65,1,439.6678466796875,106.82757568359375,31.059661865234375,85.06340026855469
65,2,468.0894470214844,21.439132690429688,15.4781494140625,40.80772399902344
65,4,564.0238647460938,30.385459899902344,15.55072021484375,32.467185974121094
66,1,441.7567443847656,107.04251098632812,29.397247314453125,84.14997863769531
66,2,468.0980224609375,22.642841339111328,15.502471923828125,39.462554931640625
66,4,564.11376953125,29.83477210998535,15.19439697265625,33.20734214782715
67,1,443.53125,107.6624755859375,28.899261474609375,83.42587280273438
67,2,468.039794921875,22.761802673339844,15.884552001953125,39.55746841430664
68,1,444.3356018066406,108.33049774169922,29.03729248046875,84.2288589477539
68,2,467.96588134765625,22.923673629760742,15.465667724609375,39.45613670349121
69,1,445.3656921386719,109.442138671875,29.0059814453125,87.28179931640625
69,2,467.6343688964844,22.8513126373291,15.214874267578125,38.856061935424805
70,1,445.79840087890625,110.78799438476562,30.84844970703125,87.87802124023438
70,2,467.5387878417969,22.6774845123291,15.15985107421875,39.05253028869629
71,1,447.2994384765625,112.89138793945312,30.999908447265625,88.31730651855469
71,2,467.6195373535156,21.724489212036133,15.051544189453125,39.4247989654541
72,1,449.9571838378906,114.92149353027344,31.346527099609375,88.86013793945312
72,2,467.5923156738281,19.95549964904785,14.757904052734375,41.166208267211914
72,3,481.6380310058594,19.324382781982422,14.130218505859375,44.055179595947266
73,1,450.8836975097656,115.62653350830078,31.722442626953125,89.0393295288086
73,2,467.648681640625,20.0112361907959,14.3204345703125,40.48745536804199
73,3,481.37255859375,19.55303382873535,14.7967529296875,43.32611274719238
74,1,452.1985168457031,116.31066131591797,30.574310302734375,88.9867935180664
74,2,467.6282958984375,19.547149658203125,13.8836669921875,40.70564270019531
74,3,481.16546630859375,17.781030654907227,15.6116943359375,44.9725284576416
75,1,453.2315368652344,116.65497589111328,30.76513671875,88.9163589477539
75,2,467.718505859375,18.812074661254883,14.1744384765625,41.646345138549805
75,3,481.5535583496094,16.809595108032227,16.56201171875,45.68025779724121
76,1,454.478515625,116.42156982421875,30.57244873046875,89.39707946777344
76,2,467.1883239746094,19.14374542236328,13.32684326171875,40.860069274902344
76,3,479.3844299316406,15.181656837463379,19.38714599609375,47.15709209442139
77,1,455.1510314941406,116.42353057861328,29.715362548828125,88.8360366821289
77,2,467.068359375,19.852924346923828,12.951080322265625,40.083858489990234
77,3,479.7938232421875,15.518560409545898,18.89178466796875,46.75258445739746
78,1,455.5724182128906,117.09320068359375,30.639556884765625,88.75411987304688
78,2,466.759765625,20.103179931640625,13.3817138671875,39.679161071777344
78,3,479.8443603515625,15.273067474365234,19.151885986328125,46.88170623779297
79,1,456.2334899902344,118.10704040527344,30.96185302734375,90.51551818847656
79,3,480.23223876953125,16.10931968688965,18.91278076171875,46.26235771179199
79,2,466.7020568847656,21.25401496887207,13.248321533203125,38.20265769958496
80,1,456.61187744140625,119.2510757446289,31.2559814453125,91.99634552001953
80,3,478.9064636230469,14.743963241577148,20.99951171875,48.01161003112793
80,2,466.47869873046875,21.57630157470703,13.296875,38.45018005371094
81,1,456.200439453125,120.95024871826172,33.7381591796875,95.9413070678711
81,2,466.21710205078125,21.83433723449707,13.3809814453125,38.13486289978027
81,3,481.71527099609375,18.823558807373047,18.320648193359375,43.763755798339844
81,5,0.0,232.84783935546875,14.245511054992676,27.438751220703125
82,1,456.1369323730469,122.61363220214844,34.874420166015625,91.0867919921875
82,2,466.09722900390625,21.1422119140625,13.117767333984375,38.78170394897461
82,5,0.1381077617406845,225.33766174316406,21.546599879860878,32.74430847167969
83,1,454.69024658203125,123.49528503417969,38.272064208984375,92.31022644042969
83,2,465.8269958496094,22.68817901611328,12.66680908203125,36.33514404296875
84,1,453.8764953613281,124.75445556640625,39.0880126953125,95.26499938964844
84,2,465.73443603515625,21.535993576049805,12.568450927734375,36.93519401550293
84,6,0.17079856991767883,203.87692260742188,16.799071043729782,43.04164123535156
84,5,0.2094002217054367,204.2493896484375,36.902919724583626,53.118682861328125
85,1,453.8792419433594,126.10057067871094,40.27423095703125,95.19781494140625
85,2,465.3240661621094,20.9885311126709,12.7362060546875,37.35230827331543
85,3,480.7651672363281,17.856611251831055,19.4384765625,44.77943992614746
85,6,0.4378429651260376,201.31582641601562,24.426615118980408,41.10719299316406
86,1,455.57110595703125,127.23504638671875,39.798797607421875,93.97178649902344
86,6,0.25008100271224976,177.71896362304688,31.023984014987946,71.904541015625
86,2,464.8154602050781,20.00302505493164,12.8310546875,38.48773193359375
86,3,480.83203125,17.664113998413086,18.516754150390625,44.458871841430664
87,1,461.56243896484375,127.93267059326172,34.352386474609375,93.5884017944336
87,6,0.12768405675888062,176.40933227539062,35.854890406131744,74.20631408691406
87,2,464.4835510253906,18.641910552978516,13.366943359375,39.837493896484375
87,3,481.4579162597656,17.081703186035156,16.92193603515625,44.17369842529297
88,1,464.6759033203125,127.56660461425781,30.724273681640625,94.53192138671875
88,6,3.017125368118286,173.47254943847656,41.39716601371765,72.9727783203125
88,2,464.2121276855469,19.85273551940918,12.799560546875,38.614980697631836
88,5,0.3167891502380371,185.06546020507812,26.204447269439697,75.46527099609375
88,3,480.0471496582031,16.38103675842285,17.278106689453125,43.48667335510254
89,1,466.6123962402344,127.8287582397461,30.131622314453125,92.9064712524414
89,5,0.0,176.77377319335938,37.71686935424805,74.74015808105469
89,6,12.071075439453125,171.8077850341797,43.17942810058594,65.61170959472656
89,2,464.0115661621094,18.93251609802246,12.935150146484375,38.82087516784668
89,3,482.5338439941406,19.328060150146484,14.70654296875,39.92926788330078
90,1,467.9923400878906,128.017578125,29.39959716796875,92.47967529296875
90,5,0.946784496307373,175.730712890625,43.470348834991455,75.31854248046875
90,6,19.13352394104004,169.13192749023438,42.08090019226074,66.68740844726562
90,2,463.76922607421875,18.997547149658203,12.873443603515625,38.326629638671875
90,3,483.6552734375,21.397069931030273,12.93939208984375,37.602651596069336
91,1,468.6314392089844,128.44598388671875,30.823486328125,92.56613159179688
91,2,463.27783203125,18.458126068115234,13.17987060546875,39.13120651245117
91,6,27.93941879272461,167.8018341064453,42.0059700012207,62.993804931640625
91,5,9.774568557739258,174.44004821777344,44.01704216003418,65.00018310546875
91,7,0.0,178.7192840576172,36.5797004699707,67.26783752441406
92,1,468.88885498046875,129.42007446289062,31.850189208984375,95.803466796875
92,2,462.9076843261719,17.962696075439453,13.17010498046875,39.036460876464844
92,6,33.82004928588867,164.3214111328125,45.80986404418945,69.3548583984375
92,7,5.160794734954834,175.8833465576172,41.31165933609009,72.23316955566406
92,5,18.158123016357422,174.06781005859375,42.28487777709961,66.805419921875
93,1,468.88238525390625,131.8334197998047,34.18267822265625,97.07249450683594
93,2,462.99072265625,18.978723526000977,12.942230224609375,38.217050552368164
93,6,41.65496063232422,162.90635681152344,40.8106689453125,63.77281188964844
93,5,25.150833129882812,171.21290588378906,45.99462890625,64.14041137695312
93,7,13.347858428955078,172.6149444580078,40.94425582885742,69.67706298828125
94,1,469.2386169433594,134.04481506347656,36.00555419921875,96.90467834472656
94,6,50.80836486816406,161.09011840820312,41.45819091796875,65.08584594726562
94,2,462.6143798828125,19.465402603149414,12.693023681640625,37.775625228881836
94,5,28.594459533691406,168.25694274902344,48.77104949951172,69.01338195800781
94,7,21.12508201599121,169.7916259765625,42.57449913024902,71.7801513671875
95,1,469.7886962890625,135.81236267089844,38.686767578125,96.23698425292969
95,2,462.0986022949219,18.731494903564453,12.955474853515625,38.771240234375
95,6,58.11073303222656,158.52064514160156,42.86357879638672,62.41032409667969
95,7,29.328704833984375,170.75880432128906,30.490055084228516,68.0391845703125
96,1,474.7878723144531,137.31076049804688,36.277252197265625,99.38400268554688
96,2,461.3479309082031,17.506549835205078,12.937774658203125,40.433868408203125
96,6,72.72325897216797,151.53863525390625,40.286720275878906,67.45425415039062
96,7,45.6285514831543,164.4784698486328,52.50498580932617,65.60150146484375
97,1,471.46221923828125,138.7624969482422,41.95416259765625,99.13301086425781
97,6,80.3615493774414,150.4000701904297,41.56544494628906,65.10542297363281
97,2,460.9163818359375,17.281774520874023,12.9619140625,40.33862495422363
97,7,61.233062744140625,157.96603393554688,43.30717468261719,69.15322875976562
98,1,479.4627990722656,139.26856994628906,35.243194580078125,99.12832641601562
98,6,87.60090637207031,148.0586700439453,39.54270935058594,64.69989013671875
98,7,69.53739166259766,153.87294006347656,44.07238006591797,69.03036499023438
98,2,459.9980773925781,18.12916374206543,13.04022216796875,39.14079475402832
98,3,480.84454345703125,16.890439987182617,15.646820068359375,42.76648139953613
99,1,481.302978515625,140.07293701171875,35.393798828125,97.98947143554688
99,6,95.10308837890625,146.6738739013672,37.035064697265625,65.433837890625
99,2,459.20257568359375,18.007009506225586,13.517120361328125,37.487565994262695
99,7,71.49156951904297,151.7917022705078,50.138397216796875,69.60565185546875
99,3,480.7182312011719,15.03034496307373,15.732269287109375,44.548977851867676
100,1,483.2115478515625,139.92567443847656,34.32562255859375,98.39886474609375
100,6,102.2037353515625,145.65908813476562,39.636993408203125,62.99664306640625
100,2,458.5321044921875,18.265087127685547,13.77838134765625,36.418235778808594
100,7,74.79032135009766,150.73446655273438,50.90155792236328,70.84141540527344
100,3,480.6534423828125,15.816883087158203,16.550994873046875,43.01903533935547
101,1,484.4049987792969,139.9932861328125,35.073394775390625,98.36868286132812
101,6,109.29267120361328,143.39724731445312,38.031532287597656,63.55970764160156
101,2,457.5000915527344,17.88213539123535,14.563201904296875,37.99868965148926
101,3,480.6733703613281,15.19249153137207,17.000396728515625,42.989633560180664
101,7,81.09341430664062,149.32037353515625,47.28205871582031,69.02406311035156
102,1,483.7593078613281,140.5458526611328,37.103546142578125,97.57608032226562
102,6,116.57411193847656,141.8296356201172,36.3070068359375,65.19874572753906
102,8,100.44032287597656,146.07516479492188,38.94718933105469,67.81033325195312
102,2,457.2665100097656,17.752788543701172,14.399261474609375,37.278076171875
102,3,480.81719970703125,15.27725601196289,17.12432861328125,43.02812194824219
102,7,88.85369110107422,148.30828857421875,44.066673278808594,69.50848388671875
103,1,484.54840087890625,142.59190368652344,37.7806396484375,100.93559265136719
103,6,123.50916290283203,140.14157104492188,37.416038513183594,62.26823425292969
103,2,456.6474304199219,17.7708740234375,14.699920654296875,37.29439163208008
103,3,480.4801330566406,15.597346305847168,17.4083251953125,42.57085132598877
103,8,96.37028503417969,145.97442626953125,49.2066650390625,70.48667907714844
104,1,484.6922302246094,143.67323303222656,38.846527099609375,104.77946472167969
104,6,129.5731964111328,137.87564086914062,37.38984680175781,64.41969299316406
104,2,456.53790283203125,17.97323226928711,14.08880615234375,37.79424285888672
104,8,103.11504364013672,143.96400451660156,46.82878875732422,68.72050476074219
104,3,480.05731201171875,15.9828519821167,17.4412841796875,42.13434314727783
105,1,484.68670654296875,146.3797149658203,40.3714599609375,105.59674072265625
105,6,136.3232879638672,135.58541870117188,36.969146728515625,63.322235107421875
105,8,111.712158203125,141.3675994873047,48.31561279296875,64.66813659667969
105,2,456.4518127441406,19.429641723632812,13.44464111328125,34.87449264526367
105,3,479.87353515625,15.29145336151123,18.013153076171875,43.04556369781494
106,1,484.62921142578125,147.6471405029297,42.07647705078125,104.85481262207031
106,6,142.04238891601562,129.0751190185547,38.220672607421875,67.90034484863281
106,2,455.7707824707031,19.123891830444336,13.620880126953125,35.223188400268555
106,8,117.77869415283203,140.5875701904297,49.19841766357422,65.78671264648438
107,1,485.2666015625,148.82711791992188,42.24945068359375,105.74801635742188
107,6,149.6261444091797,130.78948974609375,37.736358642578125,63.821929931640625
107,2,455.4546203613281,19.31252670288086,13.34088134765625,35.36497497558594
107,8,125.34304809570312,138.74343872070312,46.229095458984375,67.99922180175781
107,3,480.6003112792969,15.114245414733887,16.759552001953125,44.05664920806885
108,1,486.43377685546875,150.6595001220703,42.59307861328125,105.61100769042969
108,6,156.34066772460938,130.15396118164062,35.29554748535156,63.405487060546875
108,8,131.4517364501953,137.1281280517578,49.509521484375,64.19636535644531
108,2,455.0174255371094,19.26412582397461,13.272552490234375,35.284732818603516
108,3,480.5449523925781,14.894365310668945,16.49212646484375,43.5710391998291
109,1,486.8685607910156,151.83909606933594,43.415679931640625,104.64549255371094
109,6,163.4475860595703,127.35778045654297,34.50267028808594,64.49126434326172
109,8,138.38687133789062,136.43572998046875,41.08868408203125,66.46632385253906
109,2,454.90093994140625,19.779569625854492,12.896697998046875,34.85640907287598
109,9,149.5276641845703,123.88286590576172,14.939773559570312,26.61498260498047
110,1,488.7514953613281,152.65875244140625,43.678497314453125,106.26150512695312
110,6,169.64451599121094,126.42816925048828,34.77247619628906,61.83917999267578
110,8,147.47413635253906,125.99883270263672,22.6881103515625,55.38829803466797
110,2,454.4696044921875,20.089935302734375,12.558990478515625,32.19599914550781
111,1,492.09521484375,153.62680053710938,41.42816162109375,105.64669799804688
111,6,176.05706787109375,124.77776336669922,34.43678283691406,61.24706268310547
111,8,150.9108428955078,130.92799377441406,45.09770202636719,65.71720886230469
111,2,453.8725280761719,20.593229293823242,12.6212158203125,31.401090621948242
112,1,495.4065246582031,154.50222778320312,40.098785400390625,104.84512329101562
112,6,182.9371337890625,122.98225402832031,33.16108703613281,60.67572021484375
112,2,453.4645690917969,21.31618309020996,12.560211181640625,31.213029861450195
112,8,158.38180541992188,128.6806640625,43.37310791015625,68.2034912109375
112,10,629.3015747070312,31.021242141723633,14.676025390625,38.99326133728027
113,1,499.84515380859375,154.02993774414062,36.277099609375,102.24447631835938
113,6,188.7559051513672,120.86856842041016,34.087554931640625,61.89873504638672
113,10,629.45947265625,29.772029876708984,15.39007568359375,41.695919036865234
113,2,453.13970947265625,20.408946990966797,12.46484375,30.45738983154297
113,8,165.0597686767578,126.33133697509766,46.4052734375,67.7701644897461
114,1,502.0663757324219,154.8111114501953,35.187530517578125,99.98347473144531
114,6,195.274169921875,119.56494903564453,34.55467224121094,60.132423400878906
114,8,170.6758270263672,125.90425872802734,35.98072814941406,65.72150421142578
114,9,179.23985290527344,124.50269317626953,38.62370300292969,63.906349182128906
114,2,452.549072265625,19.683809280395508,12.546905517578125,31.157915115356445
114,10,629.6854858398438,30.36467170715332,16.1556396484375,41.49233818054199
115,1,503.5457763671875,156.64720153808594,34.7271728515625,101.77055358886719
115,6,200.86965942382812,117.7793197631836,33.24781799316406,60.756446838378906
115,10,629.58349609375,31.436752319335938,19.36590576171875,42.01902770996094
115,8,177.05947875976562,123.51481628417969,43.0799560546875,64.74571228027344
115,2,452.24169921875,19.526514053344727,12.3951416015625,32.05076026916504
116,1,504.8045349121094,157.8417510986328,34.884796142578125,105.56147766113281
116,6,207.38999938964844,116.25654602050781,33.05064392089844,58.87310791015625
116,2,451.6622619628906,19.893457412719727,12.493896484375,31.21002769470215
116,8,183.39486694335938,122.02519226074219,45.04736328125,63.193359375
117,1,506.6955261230469,159.64178466796875,35.193267822265625,108.57748413085938
117,6,213.0907440185547,114.75605010986328,32.63243103027344,58.586463928222656
117,2,451.1076965332031,18.9134578704834,12.931243896484375,32.2657413482666
117,8,189.57957458496094,121.13880157470703,38.29728698730469,63.86383819580078
118,1,507.98028564453125,162.18350219726562,37.02728271484375,106.82522583007812
118,6,218.4877166748047,113.42559051513672,32.3408203125,60.03510284423828
118,2,450.34130859375,19.501380920410156,13.043731689453125,31.147785186767578
118,8,195.98695373535156,119.02674102783203,44.42134094238281,61.14911651611328
119,1,509.4389343261719,163.84213256835938,37.676910400390625,105.93521118164062
119,6,223.7673797607422,111.2841567993164,33.04051208496094,58.561241149902344
119,2,450.3893127441406,18.284622192382812,12.471649169921875,32.33024215698242
119,3,476.4035949707031,14.925644874572754,14.48211669921875,37.05627727508545
119,8,203.46621704101562,117.38972473144531,40.80743408203125,59.60198974609375
120,1,512.5348510742188,166.94407653808594,37.68634033203125,111.09880065917969
120,11,235.76702880859375,108.09822845458984,32.136810302734375,59.041847229003906
120,8,213.9743194580078,114.5285873413086,33.46710205078125,62.916542053222656
120,2,449.2963562011719,18.129377365112305,11.834716796875,30.276124954223633
120,6,219.53907775878906,113.02586364746094,38.82926940917969,59.5916748046875
120,3,475.7519836425781,15.0619478225708,14.23895263671875,36.32543468475342
121,1,512.901611328125,167.828369140625,39.79425048828125,110.360107421875
121,11,241.01829528808594,106.96137237548828,32.03096008300781,58.78858184814453
121,2,448.6224365234375,19.204540252685547,11.85382080078125,29.261959075927734
121,3,475.01715087890625,15.023359298706055,14.6044921875,36.753366470336914
121,6,219.7891845703125,111.99774169921875,41.4307861328125,62.33943176269531
122,1,513.29248046875,168.89279174804688,41.950927734375,109.79574584960938
122,11,247.3133544921875,105.41868591308594,31.604034423828125,59.4915771484375
122,2,447.33349609375,17.860456466674805,11.907135009765625,30.089780807495117
122,3,474.8251953125,15.521236419677734,14.220062255859375,36.68729019165039
122,6,225.3284149169922,110.62711334228516,37.50642395019531,64.31131744384766
123,1,516.9367065429688,168.55006408691406,41.38128662109375,111.01924133300781
123,11,252.00607299804688,104.57676696777344,29.894683837890625,59.25575256347656
123,2,446.91253662109375,17.676128387451172,12.175079345703125,30.361122131347656
123,3,473.9982604980469,15.149500846862793,13.95648193359375,36.5837984085083
123,6,231.4731903076172,108.89958190917969,37.49934387207031,62.39845275878906
124,1,520.4420166015625,168.431640625,39.11541748046875,111.790771484375
124,11,257.5818786621094,102.91679382324219,30.675933837890625,56.364105224609375
124,3,473.3579406738281,15.554794311523438,13.2098388671875,36.29853820800781
124,2,446.01300048828125,18.118305206298828,12.425537109375,29.169452667236328
124,6,237.3636932373047,108.2637710571289,37.74119567871094,61.878379821777344
125,1,521.6602783203125,169.6741943359375,39.25274658203125,110.1260986328125
125,11,263.2132568359375,100.82305145263672,30.0611572265625,57.353416442871094
125,3,473.1140441894531,14.812644004821777,12.505767822265625,37.078946113586426
125,2,445.4071350097656,17.863758087158203,12.802001953125,29.42910385131836
125,6,242.868408203125,105.90337371826172,37.965484619140625,62.585350036621094
126,1,521.4698486328125,171.19564819335938,41.08746337890625,109.82598876953125
126,11,269.429931640625,100.17922973632812,28.96099853515625,56.258941650390625
126,3,472.76654052734375,14.943400382995605,12.869659423828125,36.93173313140869
126,2,444.71185302734375,18.016517639160156,12.749908447265625,29.410572052001953
126,6,248.35743713378906,104.08768463134766,38.28956604003906,63.12877655029297
127,1,521.2572631835938,172.53121948242188,43.1876220703125,111.33157348632812
127,11,274.20947265625,99.05323028564453,30.0985107421875,55.12116241455078
127,3,472.7889404296875,14.74867057800293,13.11260986328125,37.203874588012695
127,2,443.711181640625,18.417739868164062,13.157989501953125,28.150619506835938
127,6,253.76304626464844,103.33451843261719,40.11158752441406,61.922454833984375
128,1,521.2290649414062,175.73367309570312,45.635009765625,103.6170654296875
128,11,278.9683532714844,97.37372589111328,31.15545654296875,57.07379913330078
128,3,472.5928649902344,14.188458442687988,12.71905517578125,37.404879570007324
128,2,442.9777526855469,18.787899017333984,13.45770263671875,26.72193145751953
128,6,259.1401062011719,102.2312240600586,36.69244384765625,61.712989807128906
129,1,521.2173461914062,176.06137084960938,47.00762939453125,120.05496215820312
129,3,472.3431701660156,14.150619506835938,12.609527587890625,37.100929260253906
129,11,284.3580627441406,96.23039245605469,28.510650634765625,57.052734375
129,2,441.9676513671875,18.347095489501953,14.049224853515625,26.887413024902344
129,6,264.2080993652344,100.53994750976562,36.545166015625,59.331756591796875
130,1,521.4685668945312,179.27273559570312,48.7823486328125,120.97714233398438
130,3,472.2358093261719,14.552042961120605,12.87841796875,36.32460117340088
130,11,288.9966735839844,95.33307647705078,29.244964599609375,54.25843048095703
130,2,441.1360168457031,18.527645111083984,14.3795166015625,26.671146392822266
130,6,269.50653076171875,99.3574447631836,38.696441650390625,59.950660705566406
131,1,522.3544311523438,181.69876098632812,49.3836669921875,117.03073120117188
131,11,294.17803955078125,93.74825286865234,28.59490966796875,54.13524627685547
131,3,471.8487548828125,14.347347259521484,12.872711181640625,36.33933639526367
131,2,440.51165771484375,17.846786499023438,14.544189453125,27.09778594970703
131,6,274.6866760253906,98.38253784179688,38.7803955078125,58.31282043457031
132,1,522.9484252929688,183.3131103515625,51.070556640625,120.61434936523438
132,11,298.7615661621094,92.41873168945312,29.0621337890625,54.12077331542969
132,3,471.0176696777344,14.625714302062988,12.988616943359375,35.80727672576904
132,2,440.15899658203125,18.425437927246094,14.326934814453125,25.982582092285156
132,6,279.91876220703125,97.07867431640625,34.361846923828125,59.755035400390625
133,1,525.2550048828125,184.07102966308594,50.32275390625,119.78004455566406
133,11,304.7721252441406,91.31669616699219,28.75872802734375,53.23976135253906
133,6,284.6758117675781,95.10984802246094,35.140625,59.8282470703125
133,2,439.6181640625,17.920207977294922,14.187591552734375,26.78748321533203
133,3,470.0484619140625,14.749937057495117,13.30169677734375,35.81924247741699
134,1,526.6129760742188,185.9331512451172,50.1290283203125,117.98930358886719
134,11,308.0367431640625,90.14427185058594,30.15093994140625,52.781036376953125
134,2,439.380615234375,17.825477600097656,13.6229248046875,26.729110717773438
134,3,469.6546936035156,15.026986122131348,13.28717041015625,35.55333232879639
134,6,289.9750061035156,94.02471160888672,36.101287841796875,59.73834991455078
135,1,530.5023803710938,186.4931640625,47.56829833984375,119.20660400390625
135,11,314.9626159667969,89.3487548828125,30.18121337890625,53.99505615234375
135,2,439.2820129394531,17.022703170776367,12.809173583984375,27.07194709777832
135,3,469.2841491699219,15.184588432312012,13.3282470703125,35.3981409072876
135,6,294.6622009277344,92.26695251464844,40.765869140625,59.01588439941406
136,1,535.3682250976562,187.24038696289062,43.69354248046875,116.203369140625
136,11,317.437744140625,88.02112579345703,27.26678466796875,53.004844665527344
136,6,300.0388488769531,91.49076080322266,37.078277587890625,57.07721710205078
136,2,438.61138916015625,16.93597984313965,12.997100830078125,27.9295711517334
136,3,468.8631286621094,15.164022445678711,13.3331298828125,35.36441230773926
137,1,540.5997314453125,187.199462890625,39.56951904296875,116.91268920898438
137,6,304.6432189941406,90.7543716430664,34.520416259765625,57.44470977783203
137,11,322.9227294921875,86.27478790283203,29.19647216796875,53.20995330810547
137,3,468.1043395996094,15.3587007522583,13.86505126953125,35.20751094818115
137,2,438.1701965332031,16.11985969543457,12.894989013671875,26.717485427856445
138,1,543.8698120117188,189.01327514648438,37.59552001953125,115.0048828125
138,11,327.5225524902344,85.41188049316406,28.109405517578125,53.526885986328125
138,3,467.7647399902344,15.106141090393066,13.994110107421875,35.54626750946045
138,2,437.3959655761719,15.935047149658203,12.813934326171875,26.759227752685547
138,6,308.96905517578125,89.89210510253906,33.998138427734375,57.100860595703125
139,1,545.6666870117188,191.47474670410156,37.39398193359375,115.82768249511719
139,11,332.0431823730469,84.77984619140625,27.47747802734375,52.74278259277344
139,3,467.21502685546875,15.490302085876465,14.136474609375,34.71382999420166
139,10,665.8975219726562,35.06209945678711,15.469970703125,43.102420806884766
139,2,436.81103515625,16.279338836669922,12.65606689453125,28.447784423828125
139,6,314.2471008300781,87.99312591552734,37.514129638671875,55.92609405517578
140,1,547.1246948242188,193.9567108154297,37.968505859375,122.07035827636719
140,11,336.22589111328125,83.46823120117188,27.448577880859375,49.78675842285156
140,6,318.6523742675781,87.28121948242188,33.093994140625,57.49989318847656
140,3,466.42010498046875,14.918100357055664,14.28887939453125,35.184640884399414
140,2,436.64801025390625,15.884638786315918,12.659149169921875,28.911057472229004
140,10,665.9623413085938,35.123775482177734,18.340576171875,42.78529739379883
141,1,549.0927124023438,196.3489990234375,38.5423583984375,122.3974609375
141,11,340.53558349609375,81.60888671875,27.594268798828125,51.03450012207031
141,3,465.6214294433594,14.64875316619873,14.021392822265625,35.58091449737549
141,6,322.923583984375,85.84339141845703,34.346221923828125,57.275840759277344
141,10,666.68408203125,35.6925048828125,20.32159423828125,42.22541809082031
141,2,436.2323913574219,16.162202835083008,12.23040771484375,28.114946365356445
142,1,549.66552734375,198.85289001464844,41.17437744140625,120.95256042480469
142,11,345.25067138671875,79.89397430419922,28.403411865234375,53.743507385253906
142,3,464.3902587890625,14.154972076416016,14.290771484375,36.10399627685547
142,2,435.6220397949219,15.79362678527832,12.07366943359375,28.746572494506836
142,6,327.435791015625,84.92391967773438,34.496246337890625,57.61659240722656
142,10,667.769287109375,35.412017822265625,20.9635009765625,42.842735290527344
143,1,549.7987670898438,201.2732391357422,44.862548828125,122.53599548339844
143,11,349.4268493652344,79.52325439453125,30.06640625,51.71870422363281
143,10,668.504638671875,38.072425842285156,20.3218994140625,40.24348449707031
143,3,463.0800476074219,13.774748802185059,15.258819580078125,35.881646156311035
143,6,331.7568359375,83.66881561279297,30.133026123046875,56.547325134277344
143,2,435.0809631347656,16.09722328186035,12.2862548828125,28.66705894470215
144,1,550.8717651367188,204.57266235351562,46.10076904296875,124.07855224609375
144,11,357.8381042480469,77.95562744140625,28.376800537109375,49.841575622558594
144,3,461.6105041503906,13.885144233703613,15.32525634765625,34.96208095550537
144,6,340.3104248046875,80.67689514160156,34.38226318359375,56.20268249511719
144,10,670.2521362304688,35.08195495605469,18.10968017578125,44.30027770996094
144,2,433.4181213378906,16.875856399536133,12.09063720703125,27.198328018188477
145,1,552.6439819335938,205.7325439453125,47.2164306640625,124.75204467773438
145,11,361.3990783691406,76.9686050415039,28.291900634765625,49.335296630859375
145,3,460.7663269042969,14.029366493225098,15.705841064453125,34.78431987762451
145,10,671.9434814453125,34.8846435546875,17.542236328125,44.49249267578125
145,6,344.4610900878906,79.2076416015625,36.6622314453125,56.34706115722656
145,2,432.63165283203125,16.962034225463867,12.198883056640625,26.929563522338867
146,1,555.8004150390625,208.72650146484375,47.26055908203125,121.88128662109375
146,11,365.5612487792969,76.2731704711914,24.636077880859375,47.918304443359375
146,3,460.8931579589844,13.597282409667969,14.73095703125,34.71513748168945
146,10,674.866455078125,34.89478302001953,15.59112548828125,44.388153076171875
146,6,348.6971130371094,79.27661895751953,33.6827392578125,54.73900604248047
146,2,431.91436767578125,16.858535766601562,12.385101318359375,26.74190902709961
147,1,560.8040161132812,207.1832275390625,44.80047607421875,125.25833129882812
147,11,368.7159423828125,73.9334487915039,25.14056396484375,52.41577911376953
147,3,460.7474365234375,13.947696685791016,14.474700927734375,34.52223205566406
147,6,352.7614440917969,78.0522689819336,31.427490234375,53.988121032714844
147,2,431.1053771972656,16.90138053894043,12.36297607421875,26.744691848754883
147,10,675.849609375,35.018978118896484,15.03680419921875,44.22671127319336
148,1,566.4280395507812,208.0214080810547,41.456787109375,124.49983215332031
148,3,460.6435241699219,13.406829833984375,14.4075927734375,35.16701889038086
148,11,373.2357177734375,73.97247314453125,28.04815673828125,49.027984619140625
148,10,677.0590209960938,34.45656204223633,14.9052734375,44.81938552856445
148,2,430.2636413574219,16.34610366821289,12.47381591796875,27.675830841064453
148,6,356.98486328125,77.04103088378906,30.905517578125,54.53901672363281
149,1,568.408447265625,209.37667846679688,42.42645263671875,122.80093383789062
149,10,678.2941284179688,34.37659454345703,15.9468994140625,44.94818878173828
149,3,460.04534912109375,13.695083618164062,14.581390380859375,34.56660461425781
149,11,376.1927185058594,73.13882446289062,25.732177734375,47.59278106689453
149,2,429.4842834472656,16.284975051879883,12.680938720703125,28.07163429260254
149,6,360.9026184082031,76.21588897705078,30.251373291015625,49.04460144042969
150,1,568.0899047851562,211.1819305419922,44.828369140625,123.23905944824219
150,10,680.8046875,34.29561996459961,16.51971435546875,46.61037826538086
150,3,459.0517272949219,12.745268821716309,14.52325439453125,35.8183069229126
150,11,374.208251953125,73.28912353515625,32.914306640625,52.72516632080078
150,6,364.71990966796875,75.25897216796875,34.528900146484375,53.86164855957031
150,2,428.28607177734375,15.837921142578125,13.124969482421875,27.911762237548828
151,1,567.1864624023438,213.2860870361328,49.1431884765625,134.56663513183594
151,10,682.331787109375,34.637786865234375,18.43017578125,45.488372802734375
151,3,459.2674560546875,12.652177810668945,13.952056884765625,35.6507625579834
151,11,383.3023986816406,70.92849731445312,25.583099365234375,47.44853973388672
151,2,427.45947265625,15.479205131530762,12.999908447265625,27.633191108703613
151,6,368.7211608886719,74.4914779663086,32.704986572265625,53.292884826660156
152,1,567.54052734375,216.3258819580078,51.45306396484375,134.94386291503906
152,10,681.7958374023438,34.92731857299805,20.65447998046875,45.70338821411133
152,3,459.3975830078125,12.594169616699219,13.352386474609375,34.93862533569336
152,6,372.3762512207031,74.1695327758789,26.103546142578125,50.24629211425781
152,11,386.1946716308594,69.36994934082031,23.850006103515625,42.860679626464844
152,2,426.3611755371094,15.374702453613281,13.50634765625,27.38326644897461
153,1,567.2442626953125,218.87576293945312,55.1561279296875,134.59024047851562
153,10,682.6761474609375,36.095272064208984,21.08392333984375,44.73971176147461
153,3,459.0631408691406,12.473668098449707,13.104400634765625,34.70704174041748
153,11,388.54364013671875,69.08197021484375,25.02313232421875,46.55194854736328
153,2,425.43499755859375,15.17148494720459,13.720977783203125,27.80122470855713
153,6,376.0045166015625,72.6061019897461,32.031585693359375,47.99456787109375
154,1,568.0868530273438,221.26498413085938,56.84759521484375,133.622314453125
154,10,683.3367309570312,36.75731658935547,22.483154296875,43.944976806640625
154,11,392.1200256347656,69.02461242675781,27.895416259765625,49.280174255371094
154,2,424.1432189941406,15.093852996826172,14.57110595703125,27.613037109375
154,3,458.7483825683594,12.404236793518066,12.672943115234375,35.269633293151855
154,6,379.4078674316406,70.39974975585938,34.93646240234375,52.291709899902344
155,1,568.97998046875,223.46788024902344,58.37481689453125,137.04396057128906
155,10,683.8853149414062,36.9312629699707,23.2305908203125,43.945438385009766
155,3,458.4488830566406,11.327698707580566,12.946502685546875,35.59850215911865
155,11,397.0551452636719,67.22943878173828,25.674468994140625,48.46070861816406
155,2,424.0644836425781,14.883155822753906,14.29656982421875,27.984554290771484
155,6,382.89532470703125,69.04305267333984,32.257965087890625,52.002281188964844
156,1,570.6736450195312,226.08145141601562,59.1353759765625,136.87689208984375
156,10,684.19091796875,36.69380569458008,23.92724609375,44.68830490112305
156,3,457.6606750488281,11.688324928283691,12.9940185546875,35.175848960876465
156,11,399.1777038574219,67.92512512207031,23.8118896484375,47.67768859863281
156,2,423.7799377441406,15.46387767791748,14.080169677734375,28.061795234680176
156,6,386.8351135253906,68.66361999511719,32.264923095703125,52.196563720703125
157,1,573.7911376953125,227.77503967285156,58.47735595703125,134.1949005126953
157,10,685.2222900390625,37.360103607177734,23.55218505859375,44.2284049987793
157,3,457.2698974609375,12.757681846618652,12.885101318359375,34.185906410217285
157,11,403.0144348144531,66.9278793334961,25.585662841796875,45.30292510986328
157,2,423.2197265625,15.327566146850586,13.980316162109375,28.431886672973633
157,6,390.2118225097656,68.07282257080078,28.21044921875,51.03107452392578
158,1,577.1922607421875,230.1190643310547,56.1826171875,134.20033264160156
158,10,687.785400390625,37.68894577026367,20.972412109375,44.14474105834961
158,3,456.4557189941406,12.35912036895752,13.0806884765625,35.35441493988037
158,2,422.313232421875,16.009429931640625,14.33209228515625,27.641510009765625
158,6,393.66827392578125,67.404296875,28.628326416015625,51.80790710449219
159,1,582.5357055664062,230.2847900390625,51.97802734375,134.33734130859375
159,10,690.6509399414062,37.02431106567383,19.1727294921875,45.0704231262207
159,3,455.4699401855469,12.647244453430176,13.279388427734375,35.13759136199951
159,11,407.7541809082031,64.93511199951172,27.9163818359375,50.12012481689453
159,2,420.7545166015625,16.57164764404297,15.179534912109375,27.508689880371094
159,6,397.3034973144531,66.95681762695312,26.29693603515625,49.80198669433594
160,1,587.8937377929688,231.3135986328125,47.82745361328125,133.46768188476562
160,10,693.83447265625,36.987369537353516,16.19189453125,44.95426559448242
160,2,419.09893798828125,15.560291290283203,15.45013427734375,28.31680679321289
160,3,455.16650390625,12.483857154846191,13.183807373046875,35.01845836639404
160,12,413.9466552734375,64.27654266357422,16.680694580078125,23.96710205078125
160,6,400.7255554199219,66.37408447265625,17.372650146484375,41.32927703857422
160,11,401.91241455078125,77.4849624633789,36.82720947265625,37.884727478027344
161,1,594.7083129882812,232.3200225830078,42.43682861328125,128.1314239501953
161,10,696.4447021484375,36.47014236450195,13.8238525390625,45.25932693481445
161,3,454.593994140625,12.75930404663086,13.12127685546875,34.659969329833984
161,11,412.2615966796875,64.11109161376953,30.414398193359375,48.56944274902344
161,6,403.537841796875,66.01862335205078,19.9989013671875,47.46369934082031
161,2,418.75860595703125,15.572325706481934,15.520904541015625,27.90932559967041
162,1,596.04345703125,233.88218688964844,43.02777099609375,130.5484161376953
162,10,698.6237182617188,36.77850341796875,13.22265625,46.036354064941406
162,3,454.2784729003906,12.855003356933594,13.211639404296875,34.830623626708984
162,11,418.13555908203125,62.438720703125,26.925262451171875,47.57084655761719
162,2,417.9725646972656,14.654767990112305,16.035491943359375,29.496919631958008
162,6,407.3863220214844,66.55706024169922,24.62237548828125,49.18724822998047
163,1,596.9876098632812,236.98593139648438,43.7293701171875,134.30368041992188
163,10,699.6982421875,37.08852005004883,13.41815185546875,45.39468765258789
163,3,453.9139709472656,12.925309181213379,13.10284423828125,34.55419063568115
163,6,410.75457763671875,64.28379821777344,20.084381103515625,48.749290466308594
163,11,419.1952209472656,60.89778518676758,25.4039306640625,48.68500900268555
163,2,418.45733642578125,14.751171112060547,15.338134765625,29.342365264892578
164,1,598.236572265625,238.28814697265625,45.5966796875,140.7159423828125
164,10,699.9339599609375,37.3441162109375,14.9921875,45.549896240234375
164,3,453.14422607421875,13.393479347229004,13.349945068359375,33.974432945251465
164,6,413.5982971191406,63.05553436279297,23.689208984375,49.627723693847656
164,2,418.4786682128906,14.167105674743652,14.6806640625,29.071850776672363
165,1,599.1053466796875,243.73965454101562,50.9022216796875,136.05087280273438
165,10,699.7799072265625,38.31398391723633,17.16461181640625,44.4343376159668
165,11,427.2922058105469,60.55927658081055,26.679656982421875,47.444522857666016
165,3,452.64471435546875,13.168200492858887,12.8634033203125,34.05469608306885
165,6,416.9034118652344,62.2267951965332,20.8572998046875,49.08084487915039
165,2,418.7552795410156,14.150591850280762,14.43267822265625,30.123970985412598
166,1,598.3672485351562,245.89263916015625,57.06365966796875,136.18820190429688
166,10,700.09033203125,38.23249435424805,20.650634765625,44.91006851196289
166,3,452.2474365234375,12.866334915161133,12.89434814453125,34.21827507019043
166,2,416.90325927734375,13.993330001831055,16.076934814453125,30.00052833557129
166,11,430.94378662109375,58.272308349609375,25.765228271484375,48.72869873046875
166,6,420.2864685058594,60.57956314086914,23.06060791015625,49.03841018676758
167,1,598.468994140625,248.32933044433594,57.964111328125,140.21885681152344
167,10,700.3214721679688,39.143333435058594,22.7763671875,44.331085205078125
167,2,417.6275939941406,14.005321502685547,15.08441162109375,29.92212677001953
167,3,451.49578857421875,12.470722198486328,12.928131103515625,35.002723693847656
167,11,434.01507568359375,57.197837829589844,25.2010498046875,48.586669921875
167,6,422.6856994628906,60.75907897949219,21.29290771484375,47.33888244628906
168,1,600.781494140625,252.6531524658203,57.478515625,143.75550842285156
168,10,701.1990966796875,39.69444274902344,24.71441650390625,44.60853576660156
168,3,450.02923583984375,11.86068344116211,13.058074951171875,34.76174545288086
168,2,416.1322021484375,13.58072280883789,15.932373046875,31.204235076904297
168,11,429.3620910644531,55.56446838378906,34.176544189453125,52.427467346191406
169,1,604.388427734375,253.95809936523438,57.74957275390625,142.28594970703125
169,10,702.4560546875,39.73841857910156,23.690185546875,45.14080810546875
169,3,449.26141357421875,11.288312911987305,13.32855224609375,35.20324516296387
169,2,415.4261474609375,14.149909973144531,16.241912841796875,30.458145141601562
169,6,431.9987487792969,59.83129119873047,32.310760498046875,47.30694580078125
169,11,440.9482116699219,66.63269805908203,26.103118896484375,38.765953063964844
170,1,610.455322265625,255.7118682861328,55.50518798828125,140.1177520751953
170,10,704.00244140625,39.76600646972656,21.91986083984375,45.03759002685547
170,3,449.1847229003906,11.281681060791016,13.167816162109375,34.92743682861328
170,6,434.79791259765625,58.51995086669922,33.4140625,46.141883850097656
170,2,414.8755187988281,13.94911003112793,16.677764892578125,30.564584732055664
171,1,617.302734375,256.4109191894531,52.3907470703125,140.747314453125
171,10,705.71728515625,40.28193664550781,20.570556640625,44.62213134765625
171,3,448.3711242675781,11.300233840942383,13.839813232421875,34.75201606750488
171,2,415.16650390625,13.401074409484863,16.198760986328125,31.29089641571045
171,6,438.3570861816406,57.65256881713867,33.808685302734375,46.84336471557617
172,1,625.706787109375,258.12030029296875,48.711669921875,137.9549560546875
172,10,708.9126586914062,40.2738151550293,18.453857421875,44.88551712036133
172,3,448.0926818847656,11.994897842407227,13.436248779296875,33.78573036193848
172,2,414.5644226074219,14.361084938049316,16.315887451171875,29.686213493347168
173,1,630.3069458007812,259.9644470214844,47.34100341796875,137.37466430664062
173,10,711.5088500976562,39.718101501464844,17.283447265625,45.432228088378906
173,3,447.5984802246094,11.822247505187988,13.557037353515625,34.09559154510498
173,2,414.770751953125,13.843432426452637,15.539459228515625,29.79530429840088
173,6,443.707275390625,52.70510482788086,29.41937255859375,51.10207748413086
174,1,629.5201416015625,262.8806457519531,52.91448974609375,129.45565795898438
174,10,714.9129638671875,39.864566802978516,14.88116455078125,45.5227165222168
174,3,447.1387939453125,12.569257736206055,13.501129150390625,32.98280906677246
174,6,454.7388000488281,51.868587493896484,21.28106689453125,46.2651252746582
174,2,414.6688537597656,13.713059425354004,15.168853759765625,29.536898612976074
174,11,446.34423828125,53.81724548339844,28.179931640625,48.93743133544922
175,1,629.5435791015625,265.79388427734375,56.8555908203125,153.24835205078125
175,10,717.7125854492188,40.419395446777344,13.7872314453125,45.34807586669922
175,3,446.38323974609375,12.185428619384766,13.646270751953125,33.16360855102539
175,11,449.4334716796875,54.43886184692383,21.527923583984375,46.29487991333008
175,6,459.4306640625,51.3553581237793,19.4957275390625,40.64346694946289
175,2,415.2345886230469,12.986945152282715,15.191131591796875,30.902684211730957
176,1,629.9564208984375,269.8438415527344,59.46136474609375,152.523681640625
176,10,718.6163330078125,40.294803619384766,16.1531982421875,45.9466438293457
176,3,445.6738586425781,12.324629783630371,13.915435791015625,32.86591815948486
176,6,462.50714111328125,51.07857131958008,18.264739990234375,38.917362213134766
176,11,451.5546569824219,51.29804611206055,19.197509765625,47.39639663696289
177,1,631.2825927734375,273.7725830078125,62.7154541015625,151.1578369140625
177,10,718.790771484375,40.80556869506836,19.1341552734375,45.302364349365234
177,3,445.4817810058594,12.091483116149902,13.41058349609375,32.56601047515869
177,6,462.8675231933594,50.08890914916992,19.279205322265625,39.79887008666992
177,11,455.7455749511719,50.68790817260742,25.789306640625,47.293636322021484
177,2,414.7867431640625,13.036280632019043,15.67572021484375,30.355122566223145
178,1,632.5216064453125,276.7253723144531,65.0504150390625,154.32876586914062
178,10,718.9127807617188,41.95104217529297,20.9158935546875,44.63762664794922
178,3,444.72576904296875,11.76785945892334,13.364532470703125,32.77615451812744
178,11,456.66180419921875,52.43286895751953,22.314300537109375,44.851295471191406
178,6,468.2620849609375,50.147369384765625,14.920684814453125,29.221435546875
178,2,409.7093200683594,12.610312461853027,20.471160888671875,31.793339729309082
179,1,633.6891479492188,279.5622253417969,67.52508544921875,155.76483154296875
179,10,718.994140625,42.156097412109375,22.6854248046875,44.916595458984375
179,11,457.90924072265625,52.42377471923828,20.943511962890625,44.798667907714844
179,3,444.5909729003906,10.575578689575195,13.310272216796875,33.764516830444336
179,6,469.5051574707031,49.34832763671875,13.5849609375,34.06280517578125
180,1,636.638916015625,282.58843994140625,68.28607177734375,155.47091674804688
180,11,461.2752380371094,50.199153900146484,20.926361083984375,47.484127044677734
180,10,719.5307006835938,42.403602600097656,24.19647216796875,44.79759979248047
180,3,444.71417236328125,10.227703094482422,12.729278564453125,33.5799560546875
181,1,640.4117431640625,285.01593017578125,66.94476318359375,153.31610107421875
181,10,720.4113159179688,42.60430908203125,24.9896240234375,45.33660888671875
181,11,464.2371520996094,49.71955871582031,18.598541259765625,46.55580139160156
181,3,444.7080078125,10.000744819641113,12.1588134765625,33.188944816589355
182,1,646.3129272460938,286.7375183105469,62.61724853515625,152.01156616210938
182,10,721.3261108398438,42.936283111572266,25.37152099609375,45.28481674194336
182,11,467.20733642578125,49.340755462646484,15.491455078125,45.74605941772461
182,3,444.3500061035156,10.026114463806152,12.173980712890625,33.18567371368408
183,1,654.59765625,287.984375,56.2275390625,151.55929565429688
183,10,722.7665405273438,43.12957000732422,24.73333740234375,45.171348571777344
183,3,443.949951171875,10.063252449035645,12.015289306640625,33.17305278778076
183,11,470.1644592285156,49.261009216308594,22.20794677734375,44.22570037841797
184,1,662.2056274414062,289.4464111328125,50.81866455078125,150.75814819335938
184,10,724.9424438476562,43.41096496582031,23.24591064453125,45.15435791015625
184,3,442.9977722167969,9.96308708190918,12.48468017578125,32.85870552062988
184,11,472.0452880859375,47.335514068603516,29.346466064453125,46.14901351928711
185,1,666.8197021484375,290.5820617675781,49.89495849609375,143.09317016601562
185,10,728.2298583984375,43.832557678222656,20.0789794921875,44.672035217285156
185,3,442.2986145019531,10.418697357177734,12.68829345703125,32.10330581665039
185,11,487.07427978515625,45.9429931640625,15.76715087890625,45.27178192138672
186,1,666.14892578125,294.360107421875,52.11529541015625,145.28707885742188
186,10,731.8013916015625,43.1668586730957,15.86090087890625,45.853458404541016
186,3,441.9447326660156,10.69638729095459,12.522735595703125,31.633416175842285
186,11,489.24102783203125,45.26139450073242,16.079071044921875,43.26668930053711
187,1,666.570068359375,298.6851501464844,54.49481201171875,153.24163818359375
187,10,734.6089477539062,43.34180450439453,13.495849609375,46.412681579589844
187,3,441.7898864746094,10.556011199951172,12.286895751953125,32.11883544921875
187,11,489.982421875,45.0222282409668,17.51348876953125,43.3119010925293
188,1,667.0567626953125,302.6150207519531,57.58795166015625,159.79983520507812
188,10,735.7681274414062,43.54142761230469,13.49761962890625,46.041709899902344
188,3,441.4103088378906,10.154111862182617,12.5927734375,32.595041275024414
188,11,491.20953369140625,44.005157470703125,17.9644775390625,23.09454345703125
188,6,483.5771484375,44.48727798461914,16.910186767578125,43.52640914916992
188,13,490.37628173828125,55.43416976928711,19.816131591796875,34.3672981262207
189,1,666.0510864257812,306.0691223144531,67.000244140625,157.20767211914062
189,10,735.7334594726562,43.87701416015625,15.38531494140625,46.179298400878906
189,3,440.9177551269531,10.796220779418945,12.614410400390625,32.05063056945801
189,11,493.2017822265625,43.45588684082031,18.226287841796875,22.655296325683594
189,6,485.7063903808594,46.06277847290039,18.795196533203125,42.95450973510742
190,1,666.039306640625,309.68658447265625,71.02398681640625,156.419921875
190,10,735.6263427734375,44.058006286621094,17.26470947265625,46.08477783203125
190,3,440.2916259765625,10.055644035339355,12.8411865234375,32.761921882629395
190,6,488.877685546875,45.86126708984375,15.479034423828125,41.81329345703125
190,11,496.9952392578125,43.248443603515625,16.22930908203125,35.377586364746094
190,13,493.4574890136719,53.53547286987305,21.083404541015625,34.75200271606445
191,1,667.0396118164062,312.4927978515625,70.28619384765625,157.7508544921875
191,10,735.4908447265625,44.426856994628906,20.376953125,46.51914978027344
191,6,490.01531982421875,44.581626892089844,15.744049072265625,41.980224609375
191,3,440.0071105957031,9.241791725158691,12.940704345703125,33.62642574310303
191,11,499.56292724609375,42.605979919433594,15.41619873046875,34.178306579589844
191,13,495.4908752441406,54.608741760253906,20.634124755859375,32.85558319091797
192,1,672.294677734375,318.3949279785156,75.5841064453125,159.43637084960938
192,10,735.9979858398438,45.90920639038086,25.22308349609375,45.66001510620117
192,6,493.4375,43.91065979003906,15.77618408203125,41.910423278808594
192,3,439.19293212890625,8.981480598449707,12.535797119140625,33.61204433441162
192,11,503.7578430175781,41.670928955078125,15.432342529296875,21.24609375
192,13,498.79718017578125,54.24497985839844,21.011962890625,31.204666137695312
193,1,677.0558471679688,320.78631591796875,74.577880859375,156.96987915039062
193,10,736.5152587890625,46.442710876464844,25.35833740234375,45.647064208984375
193,6,495.6576232910156,42.941795349121094,15.918731689453125,41.08799743652344
193,3,438.3927917480469,8.476396560668945,12.846588134765625,33.411027908325195
193,11,506.9192810058594,40.890323638916016,15.105865478515625,28.748615264892578
194,1,685.0109252929688,323.1700439453125,72.19171142578125,154.77969360351562
194,10,737.5538940429688,46.31291961669922,25.097900390625,46.758392333984375
194,6,497.6245422363281,42.0242805480957,16.081634521484375,41.175289154052734
194,3,437.6111755371094,8.188474655151367,12.577850341796875,32.95834922790527
194,11,508.0458679199219,39.86367416381836,16.816802978515625,36.39883041381836
195,1,693.7638549804688,325.4153747558594,68.30865478515625,153.17861938476562
195,10,739.0499267578125,46.37503433227539,23.63372802734375,46.58928298950195
195,6,499.4872741699219,41.76184844970703,17.024200439453125,41.63982391357422
195,3,437.3443603515625,8.99500846862793,12.358734130859375,31.93168067932129
195,11,510.1549072265625,39.505096435546875,16.177490234375,37.038002014160156
196,1,704.1365966796875,328.2996520996094,62.09088134765625,149.01364135742188
196,10,740.787353515625,46.77561569213867,22.63958740234375,46.0301399230957
196,6,501.62451171875,40.82349395751953,15.92083740234375,42.209808349609375
196,3,436.7739562988281,9.10439682006836,12.312103271484375,31.805400848388672
196,11,512.035888671875,39.3786735534668,16.07763671875,34.377323150634766
196,2,398.6037902832031,12.598207473754883,20.9097900390625,30.041303634643555
197,1,712.7619018554688,330.5037841796875,57.09698486328125,147.32568359375
197,10,743.6151733398438,46.84429931640625,21.31414794921875,46.00032043457031
197,6,503.90283203125,40.24527359008789,15.67474365234375,42.22886276245117
197,3,436.32550048828125,8.700249671936035,12.494140625,32.08315181732178
197,11,513.30712890625,38.64226150512695,17.0911865234375,40.21464920043945
197,2,398.45330810546875,11.980093002319336,19.73016357421875,30.563264846801758
198,1,712.5938110351562,334.9837646484375,62.25762939453125,143.81857299804688
198,10,746.3324584960938,46.854793548583984,21.50811767578125,46.09505844116211
198,6,506.50689697265625,39.790199279785156,17.14935302734375,41.32060241699219
198,3,436.2016906738281,8.445826530456543,12.359130859375,32.252076148986816
198,11,516.2391357421875,38.019283294677734,16.1488037109375,36.95363998413086
199,1,713.171875,338.64306640625,67.3892822265625,139.7401123046875
199,10,749.897216796875,47.28009033203125,20.83624267578125,45.88531494140625
199,6,508.5367736816406,39.33482360839844,16.032135009765625,42.157371520996094
199,3,435.95098876953125,8.802903175354004,12.8084716796875,32.461913108825684
199,11,518.4763793945312,37.79203414916992,15.81268310546875,40.87592697143555
200,1,713.35986328125,343.7160949707031,72.16888427734375,135.05511474609375
200,10,753.2598266601562,46.98994064331055,20.031982421875,46.2746467590332
200,6,510.1549072265625,38.21955490112305,16.69647216796875,42.55746078491211
200,3,435.8849182128906,8.837890625,12.191131591796875,31.507781982421875
200,11,519.7601318359375,36.89564895629883,16.617431640625,42.17380142211914
200,2,398.6730651855469,10.350821495056152,20.9305419921875,31.83385181427002
201,1,713.9139404296875,348.5162353515625,77.64703369140625,130.20782470703125
201,10,754.7190551757812,47.148101806640625,21.3131103515625,47.85749053955078
201,6,511.9130859375,38.129547119140625,16.7034912109375,41.68927764892578
201,3,435.0550537109375,8.523954391479492,12.74127197265625,32.61939811706543
201,11,521.8745727539062,37.332847595214844,15.74481201171875,40.135536193847656
201,2,398.0892333984375,10.7661714553833,14.775665283203125,31.111388206481934
202,1,715.0723266601562,352.5297546386719,82.078125,125.854248046875
202,10,755.178955078125,47.88448715209961,23.35302734375,46.99689865112305
202,6,514.2099609375,37.76438903808594,16.28643798828125,41.06342315673828
202,3,434.8410949707031,7.973972797393799,12.547149658203125,33.18490934371948
202,2,397.99566650390625,9.766188621520996,14.90606689453125,31.742329597473145
202,11,524.2108764648438,36.974143981933594,14.54388427734375,21.480697631835938
202,13,521.7278442382812,45.921409606933594,18.34979248046875,32.926551818847656
203,10,754.8802490234375,48.28786849975586,25.08990478515625,47.387630462646484
203,1,717.8191528320312,357.2169494628906,84.35736083984375,121.40667724609375
203,6,515.916259765625,36.3696403503418,17.39990234375,41.99149703979492
203,3,434.3215637207031,8.007848739624023,12.71905517578125,32.77974510192871
203,2,397.8221435546875,8.596250534057617,14.070037841796875,32.90395927429199
203,11,525.8268432617188,36.71788024902344,16.0518798828125,38.053253173828125
204,10,755.7384643554688,48.80819320678711,25.486328125,46.77358627319336
204,1,724.3640747070312,360.2546691894531,81.68414306640625,118.18722534179688
204,6,517.8344116210938,37.445003509521484,19.2724609375,39.721744537353516
204,2,397.626953125,8.593445777893066,13.660247802734375,32.59160137176514
204,3,433.8417053222656,7.639068126678467,12.453521728515625,32.98198366165161
204,11,528.3989868164062,35.5396614074707,14.959716796875,32.692508697509766
204,13,524.9851684570312,38.82303237915039,18.62347412109375,37.93699264526367
205,10,756.4378051757812,49.335418701171875,26.36676025390625,46.227333068847656
205,1,733.6547241210938,363.1726989746094,74.98193359375,114.69454956054688
205,6,520.131103515625,36.977210998535156,16.61346435546875,39.32054901123047
205,2,397.50732421875,9.473590850830078,13.51190185546875,31.672229766845703
205,3,433.7953796386719,8.632160186767578,11.821258544921875,31.306182861328125
205,11,530.3131103515625,34.609901428222656,12.7286376953125,18.33004379272461
206,10,757.0150756835938,49.63034439086914,27.12261962890625,46.460994720458984
206,1,741.792236328125,366.70654296875,71.2786865234375,111.27413940429688
206,6,521.8089599609375,36.829689025878906,16.6204833984375,38.317405700683594
206,3,433.3218688964844,7.90405797958374,11.950958251953125,32.34324502944946
206,2,397.4830017089844,10.308358192443848,13.179473876953125,31.077128410339355
206,11,532.2792358398438,34.67382049560547,13.77679443359375,18.661624908447266
207,10,757.9259033203125,49.78518295288086,27.07965087890625,46.88022994995117
207,1,753.42431640625,369.461669921875,62.929443359375,108.779052734375
207,6,524.359619140625,35.965736389160156,15.9241943359375,38.75103759765625
207,2,397.0718994140625,10.078551292419434,13.537445068359375,31.145634651184082
207,3,432.9280700683594,8.145066261291504,11.8511962890625,31.579276084899902
207,11,534.21435546875,35.129554748535156,13.84527587890625,19.618473052978516
208,10,759.7628173828125,49.79307174682617,26.3643798828125,47.2125129699707
208,6,525.9501953125,35.67989730834961,15.8677978515625,39.43943405151367
208,1,763.5465698242188,371.2407531738281,57.3544921875,107.03878784179688
208,3,432.7444763183594,8.286552429199219,11.72149658203125,31.176715850830078
208,2,396.6681823730469,10.213003158569336,13.823089599609375,31.052820205688477
208,11,535.5039672851562,35.01400375366211,14.87396240234375,34.707149505615234
209,10,762.73974609375,50.04166030883789,24.11041259765625,47.53708267211914
209,6,527.9586791992188,35.7613410949707,17.391845703125,37.8219108581543
209,3,431.9540100097656,7.425947189331055,12.0870361328125,32.47152137756348
209,1,770.6719970703125,374.7412109375,55.5047607421875,103.75732421875
209,11,537.8901977539062,34.08867645263672,15.21844482421875,35.93000030517578
209,2,396.55364990234375,10.5133638381958,13.97686767578125,30.81967830657959
210,10,765.147705078125,49.922298431396484,20.7916259765625,47.34286117553711
210,6,529.9689331054688,34.830326080322266,15.984130859375,38.735897064208984
210,3,431.1635437011719,7.0468034744262695,12.50164794921875,32.88047695159912
210,1,770.1469116210938,378.7214660644531,61.105712890625,99.888671875
210,11,539.9890747070312,33.69668197631836,14.5174560546875,35.47835159301758
210,2,396.2091064453125,10.436044692993164,14.3795166015625,31.026857376098633
211,10,767.7191772460938,49.71687698364258,17.5731201171875,47.68113327026367
211,6,531.6150512695312,34.86149597167969,16.40093994140625,38.17353057861328
211,3,430.70513916015625,7.064366340637207,12.621612548828125,33.21348857879639
211,1,773.7858276367188,383.8221740722656,63.26025390625,94.70565795898438
211,11,541.3593139648438,33.0247917175293,15.30419921875,36.66201400756836
211,2,396.2861328125,10.914763450622559,13.8895263671875,30.580803871154785
212,10,770.3736572265625,49.58331298828125,14.495849609375,47.592124938964844
212,6,533.5439453125,33.85883331298828,15.92913818359375,38.317970275878906
212,3,430.4060363769531,7.220745086669922,12.7083740234375,33.015098571777344
212,1,778.5869140625,387.6108093261719,64.20330810546875,91.3779296875
212,11,543.302001953125,32.563743591308594,14.984130859375,37.76073455810547
212,2,396.44561767578125,10.361042976379395,13.52496337890625,31.225443840026855
213,10,771.3489990234375,50.214134216308594,14.5152587890625,47.38245391845703
213,6,535.74169921875,33.190696716308594,14.3858642578125,38.37849426269531
213,3,429.98101806640625,7.123724937438965,12.680206298828125,33.14891529083252
213,11,544.4342651367188,32.12154769897461,15.39599609375,38.62338638305664
213,1,785.0616455078125,393.8563537597656,63.1365966796875,84.668212890625
213,2,395.7816162109375,10.680404663085938,13.9351806640625,30.767322540283203
214,10,772.1361083984375,50.5539665222168,15.9268798828125,47.2576789855957
214,6,537.2132568359375,33.75011444091797,14.60198974609375,36.99915313720703
214,3,429.1977233886719,6.644045352935791,13.14593505859375,33.72287130355835
214,1,793.5570068359375,398.1686096191406,61.3607177734375,80.80715942382812
214,11,546.008544921875,32.246986389160156,15.24017333984375,37.1422119140625
214,2,395.8301086425781,9.766108512878418,13.506500244140625,32.09573459625244
215,6,538.9579467773438,33.20764923095703,15.3446044921875,36.89335632324219
215,10,772.1746215820312,50.69749069213867,17.49298095703125,47.79025650024414
215,3,428.6124572753906,6.201704978942871,13.366180419921875,34.01333713531494
215,1,802.1241455078125,403.0575866699219,53.45819091796875,75.49249267578125
215,11,548.489990234375,31.845256805419922,14.2799072265625,35.97633743286133
215,2,395.7030334472656,9.716577529907227,13.607513427734375,32.08828163146973
216,10,772.6649780273438,52.11707305908203,24.5372314453125,46.94059753417969
216,6,542.2164916992188,31.860923767089844,16.22406005859375,37.96891784667969
216,3,427.7013244628906,6.856412410736084,13.4141845703125,33.07868814468384
216,11,551.29443359375,31.43406105041504,14.81365966796875,36.89241600036621
216,1,821.574462890625,413.183349609375,34.087158203125,66.05245971679688
216,13,552.1135864257812,44.673301696777344,14.09759521484375,24.77001953125
216,2,394.7193603515625,9.142550468444824,14.01556396484375,32.21515369415283
217,10,772.7384033203125,52.24212646484375,26.157958984375,47.22954559326172
217,6,544.0282592773438,31.958452224731445,15.1968994140625,36.86573600769043
217,3,427.178955078125,6.38976526260376,13.050018310546875,33.01860570907593
217,2,394.4989318847656,8.332409858703613,13.75567626953125,32.68897533416748
217,11,552.8676147460938,29.430599212646484,15.4630126953125,36.94072341918945
218,10,773.2241821289062,52.788230895996094,26.1868896484375,47.11528778076172
218,6,545.7562255859375,30.983152389526367,14.6405029296875,36.83047676086426
218,3,426.59991455078125,6.320672035217285,12.30462646484375,32.914137840270996
218,2,394.0709228515625,8.49976634979248,13.60040283203125,32.102314949035645
219,10,773.6490478515625,52.9764404296875,26.5865478515625,47.738555908203125
219,6,547.40185546875,30.7746524810791,15.14678955078125,36.855512619018555
219,3,425.630126953125,6.976830005645752,12.34405517578125,32.43883466720581
219,2,393.91644287109375,8.340744018554688,13.4193115234375,32.02916717529297
220,10,774.5830078125,53.3584098815918,25.6900634765625,47.82913589477539
220,6,549.7822875976562,28.796043395996094,18.97222900390625,37.31201171875
220,3,424.9701232910156,6.344851016998291,12.055877685546875,32.15411901473999
220,2,392.93145751953125,8.418625831604004,13.950225830078125,32.211588859558105
220,11,557.0088500976562,28.73935317993164,15.3868408203125,35.492801666259766
221,10,776.5228271484375,53.36933898925781,24.29718017578125,47.71009063720703
221,6,551.2623291015625,28.679828643798828,17.24322509765625,36.64812088012695
221,3,423.767333984375,6.716792106628418,12.6351318359375,32.21906757354736
221,2,392.56231689453125,9.056056022644043,14.419281005859375,31.44633960723877
221,11,558.3518676757812,28.467267990112305,14.68316650390625,35.30294990539551
222,10,779.4923706054688,53.32012176513672,21.8656005859375,47.99409484863281
222,6,552.6923217773438,28.827844619750977,16.4794921875,36.758832931518555
222,2,392.0534973144531,9.556168556213379,14.480804443359375,31.07444667816162
222,3,423.3493957519531,6.601202487945557,12.8656005859375,32.66657781600952
222,11,559.852294921875,27.841991424560547,14.09197998046875,36.039817810058594
223,10,783.3440551757812,53.64023208618164,19.19976806640625,47.60500717163086
223,6,554.1304931640625,28.435163497924805,15.353759765625,37.06850624084473
223,2,391.8914489746094,9.055182456970215,13.897796630859375,31.33631992340088
223,3,422.9084167480469,6.9359259605407715,13.02886962890625,31.84594964981079
223,11,562.5167846679688,28.467010498046875,13.4874267578125,35.22138214111328
224,10,786.5244140625,53.60453796386719,17.99700927734375,47.793113708496094
224,6,555.6148681640625,28.436397552490234,14.81085205078125,36.17069625854492
224,2,391.978271484375,10.519953727722168,14.486358642578125,29.866875648498535
224,3,422.505126953125,7.56378698348999,13.022003173828125,31.56850290298462
224,11,563.6047973632812,29.68096160888672,13.69677734375,33.523536682128906
225,10,789.82958984375,53.699928283691406,17.79400634765625,48.37639617919922
225,6,556.9296264648438,27.913406372070312,16.3038330078125,35.878517150878906
225,3,422.0874328613281,7.042133808135986,12.918365478515625,32.39847135543823
225,2,391.500732421875,10.609185218811035,14.874542236328125,29.98224925994873
226,10,791.8108520507812,53.85377883911133,18.57965087890625,48.7603645324707
226,2,390.96502685546875,9.790436744689941,14.064300537109375,31.300158500671387
226,6,558.8179931640625,27.30349349975586,17.60345458984375,36.565738677978516
226,3,421.5091857910156,7.479864120483398,12.95391845703125,32.27639579772949
227,10,792.0391845703125,54.3232307434082,20.84161376953125,47.57304763793945
227,3,421.3671875,7.700556755065918,12.719970703125,31.99868869781494
227,2,390.37750244140625,8.510165214538574,12.934234619140625,32.187458992004395
227,6,560.1749267578125,28.324399948120117,16.30657958984375,34.91458702087402
228,10,792.0556640625,55.307003021240234,23.39825439453125,47.76163101196289
228,2,389.32208251953125,8.022075653076172,12.905364990234375,32.672088623046875
228,3,420.8205261230469,7.813294410705566,12.828460693359375,31.99912166595459
228,6,561.396484375,27.29258155822754,16.89801025390625,35.53570365905762
229,10,792.4596557617188,55.8931999206543,24.74456787109375,47.9548454284668
229,2,388.9659118652344,7.803802967071533,12.39300537109375,32.340415477752686
229,3,420.25079345703125,7.7266364097595215,12.94085693359375,31.736158847808838
229,6,562.9312744140625,28.374624252319336,16.6014404296875,33.76036262512207
230,10,792.4246215820312,56.19746017456055,26.91363525390625,48.229915618896484
230,2,388.65496826171875,7.772355556488037,12.221923828125,31.653940677642822
230,3,419.2794494628906,7.380972862243652,13.511505126953125,32.56801700592041
230,6,564.5555419921875,29.484426498413086,14.708984375,32.33867073059082
231,10,792.948486328125,56.15471649169922,27.7513427734375,48.270965576171875
231,2,387.6845703125,7.939547061920166,12.330657958984375,30.917169094085693
231,3,418.53179931640625,7.080557823181152,13.746612548828125,31.37105655670166
231,6,565.5394897460938,28.839937210083008,13.43505859375,32.27395439147949
232,10,793.9759521484375,56.390872955322266,27.9501953125,48.16001510620117
232,2,386.65997314453125,7.798510551452637,12.430328369140625,30.884228706359863
232,3,417.7348937988281,6.40936803817749,14.33013916015625,34.131990909576416
233,10,795.2305908203125,56.84095764160156,27.6605224609375,48.151695251464844
233,2,386.39605712890625,7.70574951171875,12.44207763671875,31.073047637939453
233,3,417.0834045410156,6.210411548614502,14.2694091796875,34.07976484298706
234,10,798.1087036132812,57.21769714355469,25.65545654296875,47.84765625
234,2,386.0882263183594,7.471705913543701,12.540435791015625,31.59476137161255
234,3,417.70697021484375,5.2801008224487305,13.590606689453125,33.45851230621338
235,10,800.52880859375,57.25935363769531,23.73101806640625,48.172760009765625
235,2,385.60943603515625,7.755710124969482,12.752532958984375,30.679203510284424
235,3,417.2132263183594,4.6261701583862305,13.529449462890625,35.35244083404541
236,10,803.5211181640625,57.24626159667969,20.08245849609375,48.49452209472656
236,2,385.33770751953125,7.781211853027344,12.879974365234375,30.921764373779297
236,3,416.9533996582031,4.755589008331299,13.088134765625,34.816237926483154
237,10,807.520751953125,56.94590759277344,15.93292236328125,49.520965576171875
237,2,384.9891357421875,7.737154483795166,12.954986572265625,30.98427724838257
237,3,416.5462646484375,5.606906890869141,12.796539306640625,33.28663635253906
238,10,810.7281494140625,56.5837287902832,14.15789794921875,50.34401321411133
238,2,384.9407653808594,7.976041316986084,12.64886474609375,30.952383518218994
238,3,415.95452880859375,5.487148761749268,13.66790771484375,35.158793926239014
239,10,811.0189208984375,56.545650482177734,15.83599853515625,49.44231033325195
239,2,384.3289794921875,8.104790687561035,12.2647705078125,30.61049175262451
239,3,415.5497741699219,5.757452487945557,14.830963134765625,35.85065221786499
240,10,810.949951171875,58.639610290527344,20.53863525390625,48.879920959472656
240,2,384.11962890625,7.458423614501953,12.155303955078125,30.70012664794922
240,3,403.4994201660156,3.9620604515075684,27.049530029296875,38.28928232192993
241,10,810.9906005859375,59.23579025268555,23.73822021484375,48.60647201538086
241,2,383.74639892578125,7.316934585571289,11.877410888671875,30.672048568725586
241,3,413.5472412109375,3.6750500202178955,15.8175048828125,36.868571043014526
242,10,811.156494140625,59.67728805541992,27.2783203125,47.95473098754883
242,2,383.43048095703125,7.070154666900635,12.253173828125,31.251180171966553
242,3,410.2468566894531,4.532822132110596,19.081573486328125,36.96014738082886
243,10,811.4561157226562,60.46392822265625,27.99951171875,47.32256317138672
243,2,383.08172607421875,7.1564106941223145,12.163055419921875,31.340514659881592
243,3,403.6886901855469,2.3345179557800293,26.868621826171875,40.47033739089966
244,10,811.7850952148438,60.04468536376953,29.02545166015625,48.806549072265625
244,2,382.8979797363281,6.88828182220459,12.247711181640625,31.519539833068848
244,3,409.5706787109375,3.5790719985961914,20.138336181640625,38.04621410369873
245,10,813.1442260742188,60.3331413269043,30.232177734375,48.648433685302734
245,2,382.38909912109375,6.586097717285156,12.078155517578125,32.16908645629883
246,10,815.7418212890625,60.67681121826172,31.61474609375,48.113258361816406
246,2,382.1632080078125,6.416267395019531,12.096038818359375,32.52766036987305
247,2,381.76153564453125,6.510079383850098,12.142730712890625,32.213019371032715
247,10,817.9321899414062,60.47115707397461,25.59161376953125,48.47121810913086
248,2,381.2632751464844,6.136076927185059,12.2978515625,32.74942111968994
248,10,822.0633544921875,61.34336853027344,21.1500244140625,47.636512756347656
249,2,380.7671203613281,6.2417707443237305,12.154388427734375,32.70879077911377
249,10,825.5866088867188,63.68479919433594,17.5430908203125,45.51067352294922
250,10,828.5889892578125,58.281009674072266,23.32769775390625,51.69660568237305
250,2,380.39337158203125,7.330410480499268,12.089752197265625,31.023311138153076
251,10,832.237548828125,60.39735794067383,20.57452392578125,50.03475570678711
251,2,380.01904296875,7.296644687652588,12.07659912109375,31.277120113372803
252,10,832.3507690429688,61.945064544677734,22.0802001953125,48.754940032958984
252,2,379.5417785644531,7.132752895355225,12.042877197265625,30.94936990737915
253,2,379.2694091796875,6.752539157867432,12.22027587890625,31.10378408432007
253,10,832.3079223632812,61.99612808227539,21.3817138671875,49.173885345458984
254,10,832.5342407226562,62.91725540161133,22.5311279296875,49.30442428588867
254,2,378.6564025878906,6.608243465423584,12.4229736328125,31.116194248199463
255,2,378.3280029296875,6.830483436584473,12.38714599609375,30.34455394744873
255,10,832.5453491210938,63.56401062011719,23.14630126953125,48.80463409423828
256,10,833.0090942382812,63.38742446899414,22.59820556640625,50.20913314819336
256,2,377.7369689941406,6.73820686340332,12.358642578125,29.795366287231445
257,2,377.4337158203125,5.9772047996521,12.742767333984375,30.707815647125244
257,10,834.4664916992188,62.61378860473633,21.158203125,51.26852035522461
258,2,377.2331237792969,5.4260711669921875,13.096038818359375,31.36795425415039
258,3,400.3224182128906,1.8870739936828613,14.49395751953125,42.00208616256714
258,10,836.00146484375,80.86315155029297,19.43048095703125,32.60832214355469
259,2,376.8749084472656,5.890685081481934,13.052459716796875,30.98009967803955
259,3,400.90338134765625,2.6166391372680664,13.643402099609375,38.84458065032959
259,10,838.1876220703125,78.9852523803711,17.34967041015625,33.62328338623047
260,2,376.79742431640625,5.747992992401123,12.86700439453125,30.814266681671143
260,3,399.423583984375,1.7447453737258911,13.37213134765625,39.75838649272919
260,10,840.3355102539062,81.90907287597656,15.1468505859375,29.79686737060547
261,2,376.6449890136719,6.211855411529541,12.742645263671875,29.953229427337646
261,3,399.08319091796875,3.6637613773345947,13.601959228515625,37.70672965049744
261,10,843.2759399414062,81.0286865234375,12.42230224609375,31.085975646972656
262,2,376.2061462402344,5.787139415740967,12.785675048828125,30.461815357208252
262,3,398.9628601074219,2.2073159217834473,13.526611328125,38.70808935165405
263,2,375.83953857421875,5.744844913482666,12.52288818359375,30.307267665863037
263,3,398.5153503417969,3.3768301010131836,13.60699462890625,37.13761234283447
264,2,374.9326477050781,5.097625732421875,12.959228515625,30.922283172607422
264,3,396.1217346191406,3.4164865016937256,14.664764404296875,35.27142930030823
265,3,396.0413513183594,4.2221198081970215,13.086151123046875,33.5704140663147
265,2,374.8315734863281,5.3607916831970215,12.80145263671875,30.439405918121338
266,3,395.0326232910156,4.131800174713135,13.450439453125,33.34565877914429
266,2,374.7426452636719,5.319701194763184,12.2908935546875,30.164021492004395
267,2,374.6820373535156,5.041767597198486,11.916595458984375,30.63084363937378
267,3,394.8384094238281,4.786046028137207,13.06854248046875,32.75246715545654
268,2,374.305419921875,4.8593244552612305,11.81585693359375,31.3212251663208
268,3,394.89971923828125,4.553676128387451,12.4180908203125,32.37274217605591
269,2,373.67596435546875,4.536160469055176,11.8948974609375,31.261141777038574
269,3,394.0082702636719,4.342038631439209,12.334808349609375,33.320093631744385
270,3,393.47021484375,3.868192195892334,12.22174072265625,33.62851572036743
270,2,373.3171081542969,4.100523948669434,12.010406494140625,32.170613288879395
271,3,392.48724365234375,3.703059434890747,12.317352294921875,34.40329432487488
271,2,372.9252014160156,4.181219577789307,12.2818603515625,32.18607473373413
272,3,392.00244140625,4.033102989196777,11.999114990234375,33.45111560821533
272,2,373.13897705078125,4.373157978057861,11.88623046875,31.72560453414917
273,3,391.4459533691406,3.0743906497955322,11.751800537109375,34.25806784629822
273,2,372.9390563964844,4.412033557891846,11.779296875,31.41939115524292
274,3,390.4552001953125,2.6305642127990723,11.42083740234375,32.55027532577515
274,2,372.63250732421875,4.89886999130249,11.922393798828125,30.704786777496338
275,3,390.0361328125,3.232588291168213,11.52484130859375,31.31928777694702
275,2,372.07568359375,5.035119533538818,12.0634765625,30.27046823501587
276,2,371.4599914550781,4.392511367797852,12.2911376953125,30.608102798461914
276,3,389.4924621582031,3.472323417663574,12.0101318359375,30.910664558410645
277,3,387.9117126464844,2.577866554260254,12.792388916015625,31.904719352722168
277,2,371.3518371582031,4.044564723968506,12.678741455078125,31.203379154205322
278,3,387.347412109375,2.9252431392669678,12.71337890625,31.88708519935608
278,2,371.039794921875,4.645719051361084,12.473663330078125,30.41909646987915
279,3,386.7813415527344,3.0205605030059814,12.80853271484375,32.25922465324402
279,2,370.6133728027344,4.641842365264893,12.42950439453125,30.392886638641357
280,3,386.20538330078125,3.8153631687164307,12.60528564453125,31.271081686019897
280,2,370.3725891113281,5.066880226135254,12.136749267578125,29.753470420837402
283,3,384.9029541015625,3.8683197498321533,11.842071533203125,30.01701807975769
284,3,384.2033386230469,3.7335832118988037,11.659149169921875,29.57876420021057
285,3,383.3824768066406,3.0779073238372803,12.208038330078125,30.59775948524475
285,2,368.0196838378906,4.371439456939697,13.044769287109375,29.275563716888428
286,3,383.0010070800781,3.125486373901367,12.0355224609375,30.71312141418457
286,2,366.5320129394531,3.8838558197021484,13.9417724609375,29.28972053527832
287,3,382.1216735839844,2.9526901245117188,11.9752197265625,30.895233154296875
287,2,366.444091796875,2.948957920074463,14.49322509765625,30.218858242034912
287,14,373.2194519042969,2.405843496322632,11.601104736328125,30.9806387424469
288,3,380.6084899902344,3.1235921382904053,11.92108154296875,30.74807381629944
288,2,363.8868103027344,2.73850679397583,16.05621337890625,29.762816905975342
289,3,379.3063049316406,2.4223477840423584,12.275299072265625,31.33234429359436
289,2,364.1144104003906,1.7248189449310303,16.02099609375,31.088104486465454
290,3,378.1878967285156,3.032365560531616,12.859161376953125,30.75243592262268
290,2,364.73211669921875,1.9641139507293701,14.91424560546875,31.51971173286438
291,3,376.5062255859375,3.6244149208068848,14.38726806640625,30.019944667816162
291,2,360.2938537597656,2.6232528686523438,19.0750732421875,31.324180603027344
292,3,376.6856689453125,2.993983268737793,14.4820556640625,30.88356876373291
292,2,360.1202697753906,0.9255314469337463,19.490966796875,33.31409639120102
293,3,376.7486572265625,2.289783477783203,14.212738037109375,31.876220703125
294,3,376.45709228515625,2.5223028659820557,14.15191650390625,31.131730794906616
294,2,360.9214172363281,2.050712823867798,16.790679931640625,32.13385367393494
295,3,376.22088623046875,2.070509195327759,13.4967041015625,31.58859419822693
295,2,361.7741394042969,1.922632098197937,14.89886474609375,32.584028363227844
296,3,375.5740966796875,1.895063877105713,13.285369873046875,32.09064245223999
296,2,362.2144775390625,1.6868231296539307,14.106597900390625,32.84316420555115
297,3,374.7721862792969,1.5441234111785889,12.919403076171875,32.32847714424133
297,2,361.4621887207031,1.3161985874176025,14.6942138671875,33.52763533592224
298,3,373.81011962890625,1.4988073110580444,13.1357421875,32.435152649879456
298,2,361.1703796386719,1.9216512441635132,15.4256591796875,32.80610144138336
299,3,373.2547607421875,1.460181474685669,12.348541259765625,31.830910444259644
299,2,360.8504333496094,2.025538921356201,16.42816162109375,32.549992084503174
300,3,372.1677551269531,1.633083462715149,11.97442626953125,32.058772921562195
300,2,359.60833740234375,1.343867540359497,17.37811279296875,33.411450147628784
301,3,371.8064270019531,1.8287091255187988,12.489501953125,31.791205883026123
301,2,360.1946716308594,1.9483469724655151,14.33599853515625,32.547311902046204
302,3,371.7607421875,2.358867883682251,12.034393310546875,30.312965154647827
303,3,370.7937316894531,3.135450839996338,12.629913330078125,29.534749507904053
303,2,359.8894348144531,2.0210604667663574,14.73626708984375,32.25578737258911
304,2,366.3418273925781,1.7659499645233154,15.79595947265625,31.826422929763794
305,2,367.09466552734375,1.797764539718628,14.913970947265625,32.217841386795044
306,2,366.7774353027344,1.5103726387023926,14.3236083984375,32.338664531707764
307,2,363.8797302246094,1.6467227935791016,16.022247314453125,32.0004825592041
308,2,365.51519775390625,1.8118031024932861,13.842926025390625,31.382452726364136
309,2,364.3940734863281,1.5657578706741333,13.735595703125,31.60693347454071
310,2,360.7806091308594,1.1828511953353882,16.5465087890625,33.11271917819977
310,3,357.7696838378906,1.0996999740600586,14.30865478515625,33.84675693511963
311,2,362.8329772949219,1.3928457498550415,13.7666015625,33.103679060935974
311,3,357.3424072265625,1.1290820837020874,13.149688720703125,34.027740120887756
312,2,360.9873962402344,1.5156776905059814,14.91961669921875,32.60429835319519
