11,1,0.0673472061753273,204.25006103515625,33.33584722131491,65.02548217773438
12,1,0.02895219624042511,197.38116455078125,41.95656721293926,72.11013793945312
13,1,0.0,191.828857421875,49.318817138671875,77.61376953125
14,1,0.274302214384079,187.08416748046875,54.711343079805374,84.16262817382812
15,1,0.19280800223350525,154.8442840576172,57.49568000435829,117.44938659667969
16,1,0.20378784835338593,136.18368530273438,61.36987014114857,136.54660034179688
17,1,0.13537555932998657,135.9391632080078,61.75873988866806,136.8318328857422
18,1,0.07132817059755325,135.01651000976562,62.013644210994244,137.754150390625
19,1,0.12389314919710159,133.45318603515625,62.2700277492404,139.70394897460938
20,1,0.33430615067481995,133.26695251464844,61.994154542684555,139.64292907714844
21,1,4.4158616065979,132.33587646484375,58.32182836532593,142.22476196289062
22,1,8.146232604980469,132.33145141601562,54.729156494140625,144.80355834960938
23,1,12.40727710723877,132.2802734375,53.88259410858154,147.00225830078125
24,1,16.77814483642578,132.4656524658203,64.15135955810547,149.62828063964844
25,1,21.839473724365234,134.34156799316406,72.66633987426758,146.72288513183594
26,1,26.338716506958008,135.4578094482422,74.51933097839355,142.97776794433594
27,1,31.163135528564453,136.7071533203125,76.67094039916992,143.79891967773438
28,1,35.03689956665039,137.80003356933594,77.66500473022461,144.0404815673828
29,1,37.70875549316406,138.00076293945312,77.23420715332031,145.46926879882812
30,1,41.429927825927734,138.2074737548828,74.05513381958008,146.2211151123047
31,1,49.136802673339844,138.09617614746094,66.46309661865234,146.5034637451172
32,1,55.23871612548828,136.10537719726562,60.24468231201172,147.670654296875
33,1,54.89727020263672,135.38717651367188,60.914642333984375,148.64398193359375
34,1,53.72969436645508,134.2847900390625,62.915340423583984,149.6939697265625
35,1,59.75558090209961,133.3373260498047,61.62773513793945,150.2848663330078
36,1,75.18330383300781,132.5371856689453,57.7178955078125,149.50962829589844
37,1,80.73780059814453,131.44625854492188,69.42980194091797,151.4339599609375
38,1,85.78567504882812,132.91700744628906,77.03134155273438,149.94114685058594
39,1,90.41744232177734,134.1794891357422,81.18268585205078,148.1912078857422
40,1,91.75721740722656,134.2742462158203,85.18276977539062,148.5139923095703
41,1,92.9807357788086,135.47125244140625,87.89545440673828,147.22470092773438
42,1,93.25106811523438,135.9607391357422,91.33631896972656,147.08372497558594
43,1,97.23374938964844,134.2701873779297,87.38203430175781,149.07249450683594
44,1,104.79537200927734,134.13052368164062,80.16851043701172,148.9346923828125
45,1,114.4476547241211,133.8831329345703,70.78827667236328,148.4198455810547
46,1,125.79362487792969,131.589599609375,60.35894775390625,152.59475708007812
47,1,134.6415557861328,131.5714874267578,51.87211608886719,153.6851348876953
48,1,144.66722106933594,130.58428955078125,53.67951965332031,156.826171875
49,1,149.12574768066406,129.45188903808594,62.0675048828125,157.47361755371094
50,1,155.0263214111328,130.1064910888672,76.96580505371094,155.80479431152344
51,1,158.51722717285156,129.2883758544922,81.16313171386719,154.1560821533203
52,1,158.64817810058594,132.07366943359375,86.27854919433594,151.720947265625
53,1,159.13902282714844,134.41400146484375,87.21571350097656,149.35870361328125
54,1,161.02883911132812,133.96109008789062,95.11602783203125,151.31561279296875
55,1,165.02560424804688,133.54112243652344,89.484375,151.90696716308594
56,1,173.34414672851562,134.43563842773438,80.75315856933594,150.70169067382812
57,1,185.130859375,133.52781677246094,69.54208374023438,151.60145568847656
58,1,195.8196258544922,132.9403533935547,58.68998718261719,152.63429260253906
59,1,206.914794921875,131.24057006835938,47.35418701171875,153.60177612304688
60,1,212.58609008789062,129.6656036376953,43.838104248046875,155.4236602783203
61,1,217.44300842285156,129.29986572265625,52.14018249511719,155.96444702148438
62,1,222.1844940185547,131.20249938964844,64.47877502441406,153.7483367919922
63,1,224.223388671875,132.06695556640625,76.61026000976562,152.80865478515625
64,1,224.33580017089844,132.0231475830078,86.75300598144531,152.93748474121094
65,1,224.93736267089844,132.74075317382812,94.34403991699219,152.44482421875
66,1,225.5766143798828,132.4485321044922,97.63954162597656,152.6684112548828
67,1,227.4332275390625,130.85369873046875,97.4739990234375,153.96133422851562
68,1,234.06422424316406,131.54171752929688,90.83122253417969,153.03616333007812
69,1,244.12908935546875,129.28878784179688,81.14007568359375,155.00885009765625
70,1,255.836669921875,127.83485412597656,70.03213500976562,155.6092071533203
71,1,268.00115966796875,128.79901123046875,57.028717041015625,154.71209716796875
72,1,287.1070556640625,129.1174774169922,48.030059814453125,157.21006774902344
73,1,293.81414794921875,127.09539031982422,47.32952880859375,160.56177520751953
74,1,295.0943603515625,127.87482452392578,63.06536865234375,160.72344207763672
75,1,296.311767578125,128.21652221679688,77.55068969726562,159.365478515625
76,1,296.4157409667969,130.6750030517578,89.15524291992188,155.5912322998047
77,1,297.0700988769531,133.08810424804688,93.5640869140625,152.60910034179688
78,1,297.3687744140625,135.11416625976562,96.24417114257812,151.07449340820312
79,1,299.681396484375,134.8573455810547,100.88577270507812,153.31895446777344
80,1,305.9059753417969,135.27183532714844,93.2462158203125,153.1540985107422
81,1,317.15869140625,135.48223876953125,81.9268798828125,152.99810791015625
82,1,329.01446533203125,135.89401245117188,69.53536987304688,152.32415771484375
83,1,339.9478454589844,133.7283935546875,58.955078125,155.21334838867188
84,1,356.1008605957031,132.604248046875,47.864044189453125,154.43692016601562
85,1,365.8110046386719,132.39730834960938,44.28070068359375,155.03848266601562
86,1,368.17816162109375,132.33364868164062,48.947906494140625,155.20193481445312
87,1,368.2173156738281,132.53253173828125,62.341094970703125,155.05889892578125
88,1,368.14935302734375,132.27301025390625,79.1173095703125,156.15054321289062
89,1,367.9124450683594,134.74827575683594,91.3616943359375,153.0757598876953
90,1,369.2806701660156,136.07908630371094,98.2279052734375,152.75572204589844
91,1,369.93682861328125,137.7634735107422,100.4827880859375,150.55909729003906
92,1,371.99176025390625,138.28680419921875,100.07733154296875,150.41744995117188
93,1,379.8486328125,138.8525390625,93.65365600585938,148.90011596679688
94,1,390.87994384765625,138.6745147705078,83.66650390625,148.72389221191406
95,1,402.34307861328125,138.15682983398438,74.47369384765625,148.11767578125
96,1,428.12567138671875,137.2151336669922,61.927947998046875,148.4471893310547
97,1,440.47906494140625,137.415283203125,56.01287841796875,149.224609375
98,1,444.1265563964844,137.7816162109375,58.645843505859375,152.6915283203125
99,1,444.032470703125,138.0890655517578,64.71005249023438,154.4487762451172
100,1,444.1759948730469,140.56483459472656,78.67306518554688,153.07386779785156
101,1,444.41461181640625,141.7557373046875,90.55609130859375,148.1466064453125
102,1,444.24896240234375,143.16380310058594,102.88409423828125,147.1972198486328
103,1,445.0234069824219,145.9007568359375,103.59518432617188,145.3284912109375
104,1,447.66986083984375,146.0579376220703,100.21807861328125,145.5295867919922
105,1,452.66595458984375,145.76324462890625,96.15289306640625,145.35781860351562
106,1,462.4808349609375,146.15245056152344,91.39093017578125,145.39866638183594
107,1,474.1180725097656,147.27395629882812,86.78018188476562,144.724365234375
108,1,485.29412841796875,146.82550048828125,81.11395263671875,145.59701538085938
109,1,498.95611572265625,144.99049377441406,72.93780517578125,146.27626037597656
110,1,510.1792907714844,143.7416229248047,66.55453491210938,148.4545135498047
111,1,513.5092163085938,143.12258911132812,69.258056640625,146.49652099609375
112,1,515.8328857421875,141.67977905273438,73.413330078125,148.76004028320312
113,1,516.2700805664062,142.69583129882812,78.2265625,148.03244018554688
114,1,515.9989624023438,143.2810516357422,84.97119140625,148.61949157714844
115,1,514.2894287109375,144.1858367919922,93.51495361328125,146.84251403808594
116,1,515.6057739257812,144.7102813720703,97.010498046875,146.57606506347656
117,1,518.7991943359375,145.6445770263672,99.63262939453125,145.5899200439453
118,1,524.9366455078125,145.60018920898438,97.93402099609375,145.40225219726562
119,1,535.0504760742188,145.8087158203125,94.4718017578125,144.67645263671875
120,1,560.7031860351562,144.10829162597656,78.57843017578125,145.5796661376953
121,1,571.1570434570312,143.76373291015625,73.9398193359375,145.84686279296875
122,1,580.7657470703125,142.4355010986328,68.94189453125,145.7525177001953
123,1,584.8720092773438,142.5989227294922,70.2816162109375,147.29762268066406
123,2,0.0,330.5876770019531,36.94691848754883,149.41232299804688
124,1,585.8397216796875,143.46456909179688,73.8135986328125,147.846923828125
124,2,0.0,293.2902526855469,44.535003662109375,184.89688110351562
125,1,587.0387573242188,144.9894256591797,78.7039794921875,145.71263122558594
125,2,0.13856950402259827,287.498046875,56.48493131995201,190.698974609375
126,1,586.3695678710938,145.99569702148438,85.3388671875,143.79812622070312
126,2,0.11903844773769379,286.6732482910156,76.42952264845371,190.9036865234375
127,1,586.3500366210938,146.58148193359375,91.34375,140.69854736328125
127,2,0.0,286.3228454589844,99.96590423583984,191.20657348632812
128,1,586.1779174804688,147.72845458984375,96.35101318359375,139.60357666015625
128,2,0.0,286.9644775390625,114.0768814086914,190.41162109375
129,1,588.0255126953125,148.93588256835938,99.07330322265625,139.81344604492188
129,2,0.0,286.36053466796875,124.09159088134766,190.539794921875
130,1,590.641845703125,149.304443359375,103.92266845703125,139.78594970703125
130,2,0.0,285.5694885253906,129.50450134277344,192.0537109375
131,1,600.5770263671875,148.6732177734375,99.4879150390625,140.034423828125
131,2,0.27743494510650635,284.7983703613281,133.60273778438568,192.79913330078125
132,2,5.916324615478516,283.27716064453125,127.69672775268555,194.121826171875
132,1,611.4850463867188,148.83831787109375,92.35174560546875,139.8948974609375
133,1,620.6082153320312,148.5297393798828,88.59173583984375,140.5717010498047
133,2,15.332357406616211,281.1566162109375,118.37806129455566,196.48492431640625
134,1,632.2059326171875,146.94163513183594,83.61724853515625,142.00694274902344
134,2,22.09861946105957,279.4965515136719,109.98878288269043,198.45034790039062
135,2,30.083175659179688,277.7995300292969,101.16043090820312,199.73233032226562
135,1,643.6553344726562,143.9412078857422,76.86773681640625,144.0571746826172
136,1,651.0612182617188,143.23287963867188,73.08868408203125,145.26669311523438
136,2,36.643253326416016,275.9324035644531,94.60744857788086,202.1033935546875
137,1,650.8935546875,143.09426879882812,77.99786376953125,145.50888061523438
137,2,41.512264251708984,274.56829833984375,90.9761848449707,202.58489990234375
138,1,651.5269165039062,143.19744873046875,81.873046875,145.05075073242188
138,2,51.02802276611328,273.60980224609375,83.8863754272461,202.40151977539062
139,1,651.3961181640625,143.26336669921875,87.57757568359375,145.50851440429688
139,2,59.25647735595703,273.28125,88.60062408447266,206.12106323242188
140,1,651.28173828125,144.2364501953125,91.929931640625,144.76901245117188
140,2,65.91636657714844,273.067626953125,104.60195922851562,205.0738525390625
141,1,651.6029052734375,145.39373779296875,95.26812744140625,143.54721069335938
141,2,74.2340316772461,274.049560546875,118.17859649658203,202.4881591796875
142,1,653.7962646484375,144.87088012695312,96.4598388671875,143.71173095703125
142,2,81.94520568847656,275.4212951660156,122.90812683105469,199.02426147460938
143,1,657.207763671875,144.92005920410156,97.89923095703125,142.9020538330078
143,2,89.17598724365234,276.3369140625,122.52448272705078,196.84591674804688
144,1,675.9127197265625,143.5623016357422,87.7041015625,145.28062438964844
144,2,101.07748413085938,276.1436462402344,118.96110534667969,196.70574951171875
145,1,685.033203125,142.62449645996094,82.91680908203125,144.4694366455078
145,2,106.53106689453125,275.7554016113281,113.87933349609375,196.6932373046875
146,1,698.1246948242188,141.8575439453125,74.07550048828125,144.46353149414062
146,2,115.94859313964844,274.2650146484375,103.69960021972656,198.407958984375
147,1,704.400634765625,139.89137268066406,71.65863037109375,146.9513702392578
147,2,125.68331146240234,271.9508056640625,94.27555084228516,201.62054443359375
148,1,712.95556640625,140.768798828125,68.64971923828125,145.64163208007812
148,2,130.88352966308594,270.6518859863281,89.28781127929688,202.77365112304688
149,1,714.4077758789062,142.2577362060547,71.01251220703125,147.82923889160156
149,2,137.2372283935547,268.63201904296875,83.09669494628906,204.62664794921875
150,1,714.606689453125,141.36956787109375,75.62884521484375,149.37875366210938
150,2,144.05349731445312,267.0915832519531,81.91378784179688,206.09561157226562
151,1,715.1315307617188,141.948974609375,78.8455810546875,149.81637573242188
151,2,148.86009216308594,265.6281433105469,87.72740173339844,206.83599853515625
152,1,714.0975341796875,143.7214813232422,85.8697509765625,144.9740753173828
152,2,156.24131774902344,265.1458740234375,100.52708435058594,207.18209838867188
153,1,714.3436889648438,145.96287536621094,90.31353759765625,140.92320251464844
153,2,162.41944885253906,265.01885986328125,113.13676452636719,207.46347045898438
154,1,714.4257202148438,146.85208129882812,94.52508544921875,141.51168823242188
154,2,167.72732543945312,265.1243591308594,121.77520751953125,207.10818481445312
155,1,716.2084350585938,148.28701782226562,97.1927490234375,140.53817749023438
155,2,171.78778076171875,265.0348205566406,122.6336669921875,207.55636596679688
155,3,0.0,432.53924560546875,33.62261199951172,46.440399169921875
156,1,722.0635375976562,150.7548828125,97.05950927734375,138.9307861328125
156,2,176.6371307373047,264.5626525878906,121.48439025878906,207.62991333007812
156,3,0.0,430.5905456542969,47.26840591430664,48.66748046875
157,1,729.885986328125,149.45855712890625,93.88494873046875,139.31069946289062
157,2,182.64825439453125,263.7554931640625,118.50015258789062,208.43768310546875
157,3,3.6205780506134033,428.052978515625,54.852055311203,50.9024658203125
158,1,737.7976684570312,148.68145751953125,90.08111572265625,140.53469848632812
158,2,188.89593505859375,262.0440368652344,113.28994750976562,209.336669921875
158,3,14.241272926330566,425.2008361816406,55.153700828552246,53.241119384765625
159,1,748.27001953125,147.8929443359375,83.832275390625,141.66000366210938
159,2,196.97064208984375,259.1561279296875,105.30633544921875,209.47076416015625
159,3,23.839265823364258,422.4175720214844,57.060110092163086,56.12774658203125
160,2,208.9337158203125,257.319091796875,93.57815551757812,206.73690795898438
160,1,758.3134765625,147.18826293945312,77.7799072265625,142.5267333984375
160,3,34.53835678100586,421.6236877441406,58.951595306396484,57.054595947265625
161,1,767.3921508789062,145.9534454345703,73.75762939453125,143.6875457763672
161,2,222.4353485107422,255.8700408935547,81.06858825683594,207.20606994628906
161,3,45.85877227783203,421.9273681640625,61.29035949707031,56.689453125
162,2,229.27056884765625,254.04208374023438,79.855712890625,208.17474365234375
162,1,775.0258178710938,145.49142456054688,69.57427978515625,143.13507080078125
162,3,59.371517181396484,422.9828186035156,60.69832992553711,55.969512939453125
163,2,234.73403930664062,253.66917419433594,81.30032348632812,207.84974670410156
163,1,775.7582397460938,147.1800079345703,73.852783203125,142.63710021972656
163,3,72.7921371459961,425.5381774902344,59.53388214111328,53.211761474609375
164,2,245.60313415527344,253.07217407226562,76.95664978027344,210.21414184570312
164,1,777.1937866210938,147.98568725585938,76.68597412109375,142.2862548828125
164,3,88.30168151855469,428.4061279296875,56.34474182128906,50.837493896484375
165,2,255.2047576904297,252.47775268554688,84.56224060058594,209.0955810546875
165,1,775.8404541015625,148.4884033203125,79.2109375,142.21298217773438
165,3,102.21350860595703,430.86138916015625,55.70270538330078,48.09033203125
166,2,260.7719421386719,253.6890869140625,100.0234375,204.36135864257812
166,1,776.421142578125,149.1730499267578,78.95697021484375,141.6877899169922
166,3,116.20030975341797,432.7598876953125,55.898399353027344,46.362060546875
167,2,265.7766418457031,253.02694702148438,107.08779907226562,200.00631713867188
167,1,777.0985107421875,151.9207305908203,78.44769287109375,139.03993225097656
167,3,130.08338928222656,433.733642578125,56.26031494140625,45.34112548828125
168,2,269.68353271484375,255.4318389892578,116.195556640625,195.2313995361328
168,1,783.3792114257812,156.1183319091797,72.09539794921875,134.9296417236328
168,3,155.64707946777344,433.736328125,57.34413146972656,45.343231201171875
169,2,270.6309814453125,254.66558837890625,118.94363403320312,195.05804443359375
169,1,792.6234741210938,156.7473602294922,62.8455810546875,133.0092010498047
169,3,168.22340393066406,431.227783203125,57.68357849121094,47.667388916015625
170,2,274.9637756347656,254.01736450195312,116.04061889648438,195.57955932617188
170,1,823.7597045898438,157.7494659423828,31.92303466796875,126.93824768066406
170,3,178.86141967773438,427.763427734375,60.31219482421875,51.170867919921875
171,2,285.94097900390625,253.55206298828125,106.21343994140625,195.53952026367188
171,1,813.8902587890625,141.1370391845703,42.03692626953125,143.6940460205078
171,3,189.072509765625,424.4971008300781,62.621185302734375,54.192169189453125
172,2,297.31463623046875,252.0834197998047,94.63006591796875,197.28746032714844
172,1,821.5905151367188,154.12472534179688,34.05029296875,134.18707275390625
172,3,199.76931762695312,422.92498779296875,64.42300415039062,55.806243896484375
173,2,310.4568786621094,249.71336364746094,83.80789184570312,199.8868865966797
173,1,826.7338256835938,171.76832580566406,28.9302978515625,117.47389221191406
173,3,211.3537139892578,421.49676513671875,66.38526916503906,57.333740234375
174,2,324.3667297363281,248.3815460205078,76.93841552734375,201.0290985107422
174,1,825.7012329101562,86.008056640625,29.9117431640625,203.32925415039062
174,3,225.82872009277344,422.1078186035156,63.95567321777344,56.8294677734375
175,2,332.25286865234375,247.17494201660156,75.23684692382812,201.6338653564453
175,1,826.8673706054688,198.86587524414062,28.88409423828125,84.140869140625
175,3,240.6941375732422,423.73492431640625,63.46553039550781,55.067138671875
176,2,340.6484680175781,246.04891967773438,72.1571044921875,203.49176025390625
176,1,826.748291015625,201.72671508789062,29.0584716796875,81.30279541015625
176,3,255.3300323486328,425.5158386230469,63.92790222167969,53.2230224609375
177,2,346.3544006347656,245.84072875976562,76.3160400390625,203.8421630859375
177,1,827.9192504882812,205.3975372314453,27.7630615234375,77.47264099121094
177,3,271.7463684082031,426.26983642578125,62.022552490234375,52.772216796875
178,2,351.774658203125,245.28382873535156,99.970947265625,203.62608337402344
178,3,284.8301086425781,424.90020751953125,64.84503173828125,54.07977294921875
178,1,828.3701171875,228.00657653808594,26.794921875,54.52232360839844
179,2,355.7756652832031,245.49375915527344,97.81076049804688,203.85350036621094
179,1,829.1734008789062,228.6780242919922,26.42376708984375,53.85914611816406
179,3,297.7689514160156,422.11676025390625,66.265869140625,56.884552001953125
180,2,356.4609069824219,245.63551330566406,102.65664672851562,202.17567443847656
180,3,311.3276672363281,419.4561462402344,72.67572021484375,59.481292724609375
180,1,830.4067993164062,225.937255859375,25.16107177734375,55.51995849609375
181,2,358.73284912109375,245.12106323242188,107.544677734375,185.29568481445312
181,3,323.0544738769531,417.9380798339844,72.13650512695312,60.581146240234375
181,1,833.5049438476562,225.69854736328125,22.24017333984375,55.71539306640625
182,2,358.1327209472656,243.97457885742188,114.71273803710938,188.511962890625
182,3,334.06890869140625,414.1339111328125,75.49029541015625,64.51797485351562
183,2,361.2498474121094,242.767822265625,115.3409423828125,202.322998046875
183,3,345.6092834472656,411.88958740234375,78.050048828125,66.78683471679688
184,2,367.1685485839844,240.3720703125,113.90451049804688,203.62442016601562
184,3,358.18780517578125,411.7155456542969,78.45797729492188,66.99295043945312
185,2,376.3718566894531,238.50967407226562,105.84408569335938,205.218017578125
185,3,370.5220642089844,412.0102844238281,79.4512939453125,66.52117919921875
186,2,388.933349609375,236.9312744140625,93.85372924804688,203.67913818359375
186,3,383.73089599609375,411.6117248535156,81.17117309570312,66.78839111328125
187,2,402.0403747558594,236.34271240234375,87.42919921875,202.04873657226562
187,3,398.41522216796875,412.8586730957031,79.93115234375,65.39651489257812
188,2,417.39935302734375,235.25389099121094,79.43804931640625,198.9149627685547
188,3,410.7607421875,415.39068603515625,81.31289672851562,63.1689453125
189,2,427.0704650878906,234.78143310546875,75.98501586914062,201.9925537109375
189,3,426.0704650878906,416.6153869628906,79.80599975585938,61.510406494140625
190,2,429.7781066894531,235.1375274658203,79.82623291015625,195.7754669189453
190,3,441.5360107421875,419.0498352050781,77.5191650390625,59.317352294921875
191,2,430.84539794921875,235.15379333496094,85.38653564453125,196.10362243652344
191,3,454.6259460449219,420.1521911621094,78.54263305664062,58.316986083984375
192,2,432.2125244140625,236.96144104003906,106.42987060546875,191.01243591308594
192,3,484.9100646972656,420.1661682128906,75.79916381835938,58.238739013671875
193,2,434.3990478515625,237.29258728027344,106.50054931640625,189.35292053222656
193,3,496.6898498535156,417.6178283691406,78.70529174804688,60.778717041015625
194,2,435.9085693359375,237.50656127929688,110.8934326171875,188.82119750976562
194,3,509.3885192871094,415.42626953125,80.17947387695312,63.254364013671875
195,2,440.302490234375,237.57701110839844,113.01190185546875,188.31507873535156
195,3,520.3228149414062,412.3316650390625,83.4412841796875,66.26806640625
196,2,446.8633117675781,237.40969848632812,111.38369750976562,186.45709228515625
196,3,529.0065307617188,409.2925720214844,87.77294921875,69.54608154296875
197,2,459.93218994140625,236.42730712890625,105.536865234375,187.99337768554688
197,3,542.0518798828125,408.72088623046875,89.03631591796875,70.1773681640625
198,2,472.8311767578125,235.28680419921875,99.21380615234375,189.78802490234375
198,3,552.4326782226562,409.3089904785156,88.8758544921875,69.52102661132812
199,2,484.79852294921875,233.90711975097656,93.42974853515625,191.1936492919922
199,3,560.8346557617188,410.4056396484375,91.3531494140625,68.37167358398438
200,2,496.28436279296875,232.08555603027344,87.71380615234375,192.6988983154297
200,3,570.2592163085938,411.3318176269531,94.00152587890625,67.2431640625
201,2,509.93316650390625,230.79888916015625,80.958251953125,193.80490112304688
201,3,580.4036254882812,412.5360412597656,95.393798828125,65.82943725585938
202,2,511.7403869628906,230.0196075439453,83.60690307617188,194.5753936767578
202,3,590.8060302734375,412.02288818359375,97.30340576171875,66.27450561523438
203,2,512.1305541992188,229.3780059814453,88.1907958984375,195.32679748535156
203,3,600.80810546875,409.52813720703125,98.77642822265625,69.1058349609375
204,2,511.6228332519531,230.38099670410156,99.19485473632812,194.4524688720703
204,3,612.2749633789062,406.4156188964844,99.31842041015625,72.29806518554688
205,2,513.2852783203125,230.17706298828125,107.55487060546875,194.7657470703125
205,3,623.7109985351562,403.5208435058594,97.37158203125,75.02166748046875
206,2,515.0618896484375,229.42312622070312,115.005615234375,195.63790893554688
206,3,639.7503051757812,400.6512451171875,94.34075927734375,78.01092529296875
207,2,514.8885498046875,229.33087158203125,123.1248779296875,195.21978759765625
207,3,648.4131469726562,397.16229248046875,97.00927734375,81.46115112304688
208,2,519.7720336914062,229.62437438964844,122.3077392578125,195.29261779785156
208,3,658.4993896484375,394.3103942871094,99.1641845703125,84.01736450195312
209,2,526.7554931640625,226.8740692138672,120.8026123046875,197.59449768066406
209,3,666.5960693359375,393.3831481933594,101.59234619140625,85.15435791015625
210,2,539.630859375,225.84498596191406,108.73443603515625,195.62437438964844
210,3,676.8453979492188,392.4844665527344,102.005615234375,86.0330810546875
211,2,552.1226196289062,224.8861083984375,97.08538818359375,194.8739013671875
211,3,685.5331420898438,392.9297180175781,103.47271728515625,85.58197021484375
212,2,564.0886840820312,224.28302001953125,91.3419189453125,193.50137329101562
212,3,696.6871948242188,394.230712890625,102.36004638671875,84.20169067382812
213,2,572.8854370117188,222.78164672851562,88.98309326171875,191.845947265625
213,3,709.1259765625,396.0226745605469,98.9647216796875,82.55865478515625
214,2,585.208251953125,222.35678100585938,82.00677490234375,194.44927978515625
214,4,0.190741628408432,352.5169982910156,39.906491190195084,126.08273315429688
214,3,720.219482421875,397.62701416015625,99.354248046875,81.1505126953125
215,2,585.7528076171875,222.79434204101562,88.4344482421875,192.53228759765625
215,4,0.1977902501821518,347.4728698730469,46.996793642640114,130.82479858398438
215,3,730.6358032226562,398.3808898925781,100.24896240234375,80.4429931640625
216,2,588.7926025390625,223.0970458984375,96.28070068359375,186.18441772460938
216,4,0.15757760405540466,329.5552978515625,63.00238409638405,149.03378295898438
216,3,754.4716186523438,398.2309875488281,100.02874755859375,80.614501953125
217,2,588.7321166992188,224.2518768310547,101.98382568359375,183.08274841308594
217,4,0.0,320.8388366699219,71.51243591308594,157.830322265625
217,3,763.537841796875,397.267822265625,92.10516357421875,81.5216064453125
218,2,589.371337890625,225.7786102294922,108.16522216796875,181.02525329589844
218,4,0.015059019438922405,312.140625,78.78640124667436,166.36056518554688
218,3,772.1854248046875,395.44287109375,83.2764892578125,83.2598876953125
219,2,590.0543212890625,224.99136352539062,113.10955810546875,181.17657470703125
219,4,0.02488577552139759,311.6534423828125,84.15240609459579,166.997802734375
219,3,781.474609375,398.5413818359375,74.03515625,80.25531005859375
220,2,594.2437744140625,225.10223388671875,115.43310546875,180.12661743164062
220,4,0.0,311.5724792480469,89.75730895996094,166.90829467773438
221,2,599.9056396484375,225.47335815429688,115.4383544921875,179.4571533203125
221,4,0.0,310.19287109375,93.08453369140625,168.27871704101562
222,2,607.2499389648438,224.46543884277344,114.84124755859375,180.9314727783203
222,4,0.39411619305610657,309.18365478515625,96.03683015704155,168.76412963867188
222,3,806.7489624023438,414.38641357421875,48.6856689453125,64.41879272460938
223,2,618.328369140625,223.57015991210938,107.93878173828125,181.40811157226562
223,4,6.252413749694824,308.4211120605469,93.86308765411377,169.79421997070312
223,3,815.9051513671875,421.4695129394531,39.6856689453125,56.945556640625
224,2,632.600341796875,222.7841339111328,99.29443359375,181.8419647216797
224,4,12.410601615905762,308.8154296875,96.70036029815674,169.76730346679688
225,2,646.447021484375,222.18753051757812,91.2283935546875,182.7593994140625
225,4,17.589088439941406,307.94744873046875,98.97610473632812,171.09600830078125
226,2,658.8643798828125,221.63816833496094,83.9471435546875,182.7934112548828
226,4,25.10773468017578,307.8494873046875,99.96487426757812,170.4095458984375
226,5,0.10315415263175964,413.6546936035156,32.55509474873543,65.05862426757812
227,2,659.2069091796875,220.62709045410156,87.4681396484375,184.05812072753906
227,4,32.42039108276367,308.92755126953125,102.88101577758789,169.74853515625
227,5,0.0797046348452568,370.9788513183594,37.75327266007662,108.67800903320312
228,2,659.613525390625,220.75604248046875,91.94775390625,184.892333984375
228,4,37.51048278808594,309.0377197265625,109.47796630859375,169.27096557617188
228,5,0.3250533938407898,365.5947265625,39.22037583589554,111.51007080078125
229,2,659.5357055664062,221.4390411376953,99.4241943359375,183.95933532714844
229,4,46.042869567871094,309.77093505859375,109.56114959716797,168.97540283203125
229,5,0.3442961573600769,364.74371337890625,42.98559504747391,113.80245971679688
230,2,660.2288208007812,221.78170776367188,107.03167724609375,183.82797241210938
230,4,53.67272186279297,310.2934265136719,107.8197250366211,168.24026489257812
230,5,0.0680321753025055,364.0689697265625,49.764494985342026,115.06533813476562
231,2,659.7265625,221.82833862304688,114.61968994140625,183.97549438476562
231,4,60.41389846801758,310.0804138183594,102.95283126831055,168.52554321289062
231,5,0.16576656699180603,364.27569580078125,56.596535831689835,114.79562377929688
232,2,661.0020141601562,221.3686981201172,118.454345703125,184.66371154785156
232,4,68.5799331665039,308.2312316894531,98.0268325805664,170.31884765625
232,5,0.17382797598838806,364.99029541015625,62.88352981209755,114.20523071289062
233,2,665.7044067382812,221.3520965576172,119.12811279296875,184.40415954589844
233,4,75.76641082763672,307.6246032714844,92.1840591430664,170.58489990234375
233,5,0.10507894307374954,365.6993408203125,71.6833350583911,113.5145263671875
234,2,672.2041015625,219.95916748046875,115.3575439453125,185.36087036132812
234,4,83.32405853271484,306.1387939453125,85.38277435302734,172.04818725585938
234,5,0.32272934913635254,366.148193359375,80.67553114891052,112.92831420898438
235,2,681.20068359375,219.36634826660156,108.2359619140625,184.5297393798828
235,4,90.22647857666016,305.22747802734375,80.15581512451172,173.24588012695312
235,5,0.5266600251197815,366.68572998046875,91.84644025564194,112.10101318359375
236,2,692.54931640625,218.4076690673828,99.3624267578125,180.3267364501953
236,4,96.67155456542969,304.9137268066406,82.6358642578125,173.5545654296875
236,5,7.699620723724365,367.0711669921875,87.20067834854126,111.94451904296875
237,2,700.0074462890625,217.64537048339844,98.11749267578125,179.22218322753906
237,4,104.28631591796875,305.04052734375,85.91380310058594,172.91317749023438
237,5,15.31974983215332,366.271484375,89.60114097595215,112.7652587890625
238,2,714.5848999023438,217.56048583984375,89.1099853515625,180.86441040039062
238,4,109.50724792480469,304.5566101074219,89.05998229980469,173.68612670898438
238,5,21.781648635864258,365.0668640136719,89.63337516784668,113.76498413085938
239,2,723.41357421875,216.29827880859375,86.00311279296875,182.47821044921875
239,4,117.84468841552734,305.1397705078125,90.48348236083984,172.82733154296875
239,5,28.172555923461914,363.5910339355469,88.32474327087402,115.10110473632812
240,2,724.2346801757812,216.52471923828125,94.82635498046875,176.96591186523438
240,4,128.94561767578125,305.8299560546875,99.73550415039062,171.52557373046875
240,5,43.03676986694336,359.604248046875,91.05008316040039,118.66217041015625
241,2,724.4412841796875,218.02035522460938,100.35986328125,173.00140380859375
241,4,135.58238220214844,306.650390625,101.67106628417969,170.55844116210938
241,5,49.47398376464844,358.9240417480469,90.70393371582031,119.8338623046875
242,2,724.7864379882812,218.75961303710938,105.25042724609375,170.13845825195312
242,4,142.77403259277344,307.60162353515625,101.37440490722656,169.44970703125
242,5,57.749942779541016,358.7906799316406,92.63515853881836,119.07907104492188
243,2,725.1983032226562,220.28799438476562,109.3414306640625,168.2254638671875
243,4,151.9037322998047,306.9815979003906,97.9833984375,170.21371459960938
243,5,65.6201171875,358.5920715332031,90.98957824707031,119.84176635742188
244,2,726.676025390625,220.45947265625,112.4736328125,167.75238037109375
244,4,158.55535888671875,307.307373046875,98.15261840820312,169.78024291992188
244,5,73.5216064453125,358.8233337402344,88.19845581054688,119.348388671875
245,2,728.9906005859375,220.60658264160156,116.36871337890625,167.35975646972656
245,4,165.97801208496094,307.0766906738281,97.32701110839844,169.86627197265625
245,5,82.5609130859375,358.2343444824219,90.83935546875,120.0980224609375
246,2,733.2804565429688,222.03248596191406,115.6075439453125,165.2131805419922
246,4,171.54017639160156,305.59619140625,96.76573181152344,172.21923828125
246,5,90.7421646118164,357.2505187988281,90.20513153076172,121.17633056640625
247,2,739.4497680664062,221.90948486328125,114.01556396484375,165.48458862304688
247,4,177.94773864746094,305.10516357421875,96.48899841308594,172.36618041992188
247,5,99.01004791259766,355.41522216796875,93.9308090209961,122.22125244140625
248,2,749.4722900390625,222.7333984375,105.8209228515625,164.4510498046875
248,4,183.42645263671875,304.171142578125,99.04388427734375,172.68917846679688
248,5,106.79476928710938,353.6835632324219,90.16395568847656,124.293701171875
249,4,190.18646240234375,302.45477294921875,102.13916015625,174.15966796875
249,2,763.4183349609375,220.3935546875,91.918701171875,166.7919921875
249,5,113.72624206542969,351.6705322265625,91.02017211914062,126.84780883789062
250,4,197.2235107421875,301.72528076171875,104.206787109375,176.02951049804688
250,2,773.4595336914062,219.80870056152344,81.7476806640625,167.79600524902344
250,5,121.2451400756836,350.8294372558594,89.85982513427734,127.27264404296875
251,4,204.28404235839844,301.37646484375,108.25312805175781,176.14901733398438
251,2,784.3458251953125,220.57569885253906,70.93310546875,167.55320739746094
251,5,128.4759521484375,349.3934631347656,87.04183959960938,128.30023193359375
252,4,208.6407470703125,300.6557922363281,110.99404907226562,176.61581420898438
252,5,135.04269409179688,349.2923583984375,88.13945007324219,128.73486328125
252,2,785.7820434570312,225.8526153564453,69.3702392578125,162.0422821044922
253,4,216.47503662109375,300.8609313964844,100.33761596679688,176.83551025390625
253,5,142.50027465820312,350.2327880859375,88.20578002929688,127.61294555664062
253,2,785.7224731445312,234.41612243652344,69.6954345703125,153.12791442871094
254,4,223.89718627929688,301.2474365234375,111.0484619140625,176.77529907226562
254,5,150.41616821289062,350.73590087890625,84.98243713378906,127.16934204101562
254,2,785.3980102539062,223.3796844482422,70.19232177734375,164.23268127441406
255,4,232.8307342529297,301.2904052734375,105.80381774902344,175.92422485351562
255,5,157.52467346191406,352.0777893066406,84.65994262695312,126.10977172851562
255,2,786.6810913085938,229.07839965820312,68.95831298828125,158.7435302734375
256,4,238.8933563232422,301.351318359375,106.10514831542969,176.19189453125
256,5,165.1985626220703,353.7540283203125,83.59274291992188,124.23095703125
256,2,787.3202514648438,234.175537109375,68.28076171875,153.55203247070312
257,4,248.6460418701172,300.12750244140625,102.61698913574219,177.85101318359375
257,5,172.91761779785156,355.88397216796875,84.48716735839844,122.19161987304688
257,2,788.5025634765625,231.82760620117188,67.10687255859375,155.80361938476562
258,4,256.00067138671875,298.8646240234375,100.54666137695312,179.21267700195312
258,5,181.20321655273438,358.084228515625,84.25830078125,120.38839721679688
258,2,789.9895629882812,233.79100036621094,65.60833740234375,154.44822692871094
259,4,262.48614501953125,296.83123779296875,98.74362182617188,180.85098266601562
259,5,189.7952423095703,359.60687255859375,87.86796569824219,118.33184814453125
259,2,796.71337890625,233.8321990966797,58.8028564453125,153.4705352783203
260,4,270.7773742675781,295.0419616699219,94.124267578125,182.39788818359375
260,5,197.96644592285156,360.5550842285156,125.25910949707031,118.1346435546875
260,2,801.06787109375,233.8343048095703,54.67523193359375,154.0206756591797
261,4,276.4087219238281,294.7104797363281,91.82928466796875,175.906982421875
261,5,205.3731231689453,361.8707580566406,93.63548278808594,115.9185791015625
261,2,813.2734375,235.0157470703125,42.39605712890625,152.00701904296875
262,4,283.7987060546875,294.44805908203125,87.70828247070312,177.71795654296875
262,5,214.3741455078125,362.1401062011719,115.5511474609375,116.18267822265625
262,2,822.779541015625,250.27511596679688,32.9349365234375,136.1844482421875
263,4,286.31976318359375,294.1579284667969,87.93600463867188,182.92813110351562
263,5,221.90457153320312,362.1924743652344,87.6182861328125,116.41156005859375
263,2,832.33251953125,247.05979919433594,23.3448486328125,138.7132110595703
264,4,303.5235290527344,294.0415344238281,81.15567016601562,183.58346557617188
264,5,237.5067138671875,360.51953125,87.02688598632812,117.90762329101562
265,4,306.9847106933594,294.7325744628906,84.4410400390625,183.046142578125
265,5,245.41432189941406,360.32598876953125,88.44831848144531,118.2464599609375
266,4,314.49713134765625,294.1067810058594,85.86639404296875,183.830322265625
266,5,253.90696716308594,360.0956115722656,85.86149597167969,118.08981323242188
267,4,324.58099365234375,295.6230773925781,83.33474731445312,181.69879150390625
267,5,261.4405212402344,360.3997497558594,87.25735473632812,118.18695068359375
268,4,324.298095703125,295.64459228515625,90.10330200195312,182.46826171875
268,5,270.47650146484375,360.6873779296875,86.4425048828125,117.3802490234375
269,4,334.78961181640625,295.82843017578125,82.60025024414062,181.62496948242188
269,5,279.06866455078125,360.8186950683594,83.8089599609375,117.6688232421875
270,4,346.4964599609375,295.5713195800781,74.6724853515625,181.629150390625
270,5,287.2318115234375,360.5587158203125,83.249267578125,117.59112548828125
271,4,353.8319091796875,295.18133544921875,74.56768798828125,183.4677734375
271,5,296.3562316894531,358.8717956542969,90.42910766601562,119.6519775390625
272,4,361.82568359375,294.02899169921875,72.19863891601562,183.37466430664062
272,5,305.0076599121094,356.54150390625,93.89144897460938,121.67404174804688
273,4,367.92730712890625,293.5946960449219,72.8973388671875,183.47662353515625
273,5,312.8482360839844,354.6558837890625,86.70013427734375,123.5128173828125
274,4,375.0255432128906,292.6361389160156,72.43890380859375,185.1513671875
274,5,321.37933349609375,352.5999450683594,88.291259765625,125.93399047851562
275,4,381.6647644042969,291.0728759765625,71.7945556640625,185.23870849609375
275,5,328.3732604980469,350.98760986328125,87.6278076171875,126.92813110351562
276,4,384.6990661621094,290.45904541015625,76.79107666015625,175.41928100585938
276,5,336.0929260253906,350.2129821777344,86.52337646484375,127.94342041015625
277,4,389.9791259765625,290.0469970703125,79.54876708984375,176.08901977539062
277,5,343.57305908203125,349.0727233886719,89.50418090820312,129.03634643554688
278,4,401.5990905761719,290.0147399902344,76.23980712890625,184.29867553710938
278,5,351.594482421875,349.2569885253906,87.96951293945312,129.39105224609375
279,4,407.5483703613281,290.23602294921875,81.3050537109375,187.70755004882812
279,5,359.2668151855469,350.10986328125,77.15426635742188,128.59683227539062
280,4,414.2221984863281,290.6470947265625,89.128662109375,187.32623291015625
280,5,366.7748718261719,351.11541748046875,69.91195678710938,127.29409790039062
281,4,421.79473876953125,290.9564514160156,95.54254150390625,185.489501953125
281,5,372.7322692871094,352.3133239746094,82.45608520507812,125.55340576171875
282,4,429.2242126464844,291.04974365234375,92.48117065429688,186.07626342773438
282,5,379.4237365722656,353.580322265625,79.21624755859375,124.89306640625
283,4,435.7841796875,290.7294921875,90.939208984375,187.37335205078125
283,5,386.988037109375,356.456298828125,80.71090698242188,122.064208984375
284,4,444.0959167480469,289.96771240234375,79.07412719726562,187.55142211914062
284,5,394.244873046875,357.7079772949219,81.9298095703125,120.54315185546875
285,4,451.14483642578125,289.87530517578125,72.9154052734375,186.61636352539062
285,5,402.8500671386719,357.5581970214844,80.84429931640625,120.54376220703125
286,4,457.7094421386719,289.0652770996094,71.31161499023438,185.80966186523438
286,5,411.2133483886719,357.6554260253906,82.52108764648438,120.234130859375
287,4,464.1720886230469,288.2184753417969,70.98806762695312,177.71182250976562
287,5,419.9068298339844,358.6745910644531,84.85916137695312,119.7767333984375
288,4,473.42724609375,288.4798889160156,74.943359375,176.8389892578125
288,5,436.2043762207031,357.6624450683594,80.10104370117188,120.77413940429688
289,4,472.9529724121094,288.19012451171875,83.74008178710938,188.57022094726562
289,5,443.2227783203125,355.72698974609375,78.69976806640625,122.62420654296875
290,4,475.22161865234375,288.53912353515625,89.15838623046875,188.05499267578125
290,5,450.10089111328125,357.47540283203125,79.1422119140625,120.716064453125
291,4,481.29766845703125,288.8041687011719,90.28662109375,187.81533813476562
291,5,457.07525634765625,355.9452819824219,82.63848876953125,122.68011474609375
292,4,487.994873046875,288.6747741699219,89.3038330078125,188.15341186523438
292,5,463.80792236328125,356.30059814453125,81.66168212890625,121.90744018554688
293,4,494.8134765625,290.43487548828125,89.8916015625,186.44110107421875
293,5,471.0355529785156,352.9687194824219,82.09884643554688,124.84622192382812
294,4,503.7860412597656,290.67889404296875,90.40554809570312,184.89456176757812
294,5,478.4744873046875,353.020751953125,84.00347900390625,125.226806640625
295,4,508.98638916015625,290.5736999511719,91.29742431640625,186.01431274414062
295,5,486.80108642578125,352.5276794433594,83.25775146484375,126.01400756835938
296,5,492.719970703125,347.5863952636719,86.6583251953125,130.509521484375
296,4,517.2893676757812,291.5433349609375,88.8338623046875,183.43743896484375
297,5,498.5567626953125,345.83770751953125,88.76617431640625,132.23208618164062
297,4,537.3800659179688,290.39959716796875,75.22039794921875,184.759033203125
298,5,509.1929016113281,347.123779296875,84.87088012695312,130.8162841796875
298,4,533.8707885742188,289.94024658203125,85.60418701171875,170.91812133789062
299,5,519.3317260742188,343.4681701660156,83.80133056640625,134.52725219726562
299,4,550.7958374023438,289.10760498046875,76.15887451171875,164.76608276367188
300,5,526.6685180664062,342.93939208984375,83.110107421875,135.57485961914062
300,4,561.2953491210938,288.2809753417969,71.55572509765625,185.96975708007812
301,5,533.987060546875,342.8302001953125,81.20654296875,135.4884033203125
301,4,538.8662719726562,287.26324462890625,100.21807861328125,178.29006958007812
302,4,539.24951171875,287.49755859375,105.5577392578125,190.174072265625
303,5,544.0711059570312,340.8993225097656,86.913330078125,137.93582153320312
303,4,579.039306640625,285.7477111816406,71.70782470703125,164.85903930664062
304,5,548.6907348632812,342.7041015625,90.8492431640625,135.42034912109375
304,4,565.2099609375,285.9083251953125,91.31134033203125,163.79318237304688
305,4,574.3668212890625,285.1435546875,87.27581787109375,159.44613647460938
305,5,554.2274169921875,343.6764221191406,93.23138427734375,134.48626708984375
306,4,577.7467041015625,285.9152526855469,91.06201171875,190.03460693359375
306,5,559.9874877929688,344.2669677734375,97.67938232421875,133.91824340820312
307,4,585.9361572265625,285.82171630859375,88.91656494140625,188.63394165039062
307,5,566.6984252929688,345.1686096191406,99.0845947265625,132.78665161132812
308,4,592.4546508789062,286.4332275390625,90.11871337890625,187.49844360351562
308,5,572.7192993164062,346.3990173339844,100.04705810546875,131.48123168945312
309,4,600.6729125976562,286.33758544921875,87.3492431640625,167.2706298828125
309,5,578.923095703125,347.1733703613281,102.40582275390625,130.84878540039062
310,4,607.5840454101562,286.2605285644531,85.75323486328125,168.73660278320312
310,5,587.5166015625,345.53277587890625,99.62799072265625,132.26272583007812
311,4,614.590087890625,286.0906982421875,84.34454345703125,151.31890869140625
311,5,582.485595703125,346.4308776855469,112.34765625,131.71994018554688
312,4,626.3242797851562,283.3678283691406,86.22137451171875,147.72262573242188
312,5,614.1133422851562,342.71905517578125,94.89111328125,135.10781860351562
313,4,628.6354370117188,282.301025390625,91.1317138671875,178.97314453125
313,5,621.3386840820312,340.2501220703125,95.7734375,137.41793823242188
314,4,628.8082275390625,281.3359680175781,96.69439697265625,196.28155517578125
315,4,636.958251953125,281.43280029296875,94.2957763671875,195.57550048828125
316,4,643.1707153320312,281.9536437988281,94.39837646484375,195.20767211914062
317,4,648.44140625,281.4248352050781,96.00775146484375,195.9610595703125
318,4,648.7455444335938,281.6883544921875,100.7259521484375,195.52310180664062
319,4,650.5120239257812,282.1600646972656,104.8521728515625,194.66806030273438
320,4,646.7916259765625,283.372802734375,114.5560302734375,193.83090209960938
320,5,670.6173095703125,336.8861389160156,89.7198486328125,141.05459594726562
321,4,645.454345703125,283.7356872558594,122.6292724609375,193.95050048828125
321,5,681.041748046875,334.36383056640625,87.59771728515625,143.68853759765625
322,4,646.98046875,284.052734375,125.82696533203125,192.7689208984375
322,5,688.614501953125,331.8367919921875,86.86895751953125,145.96694946289062
323,4,650.2807006835938,284.2493896484375,129.26715087890625,192.09927368164062
323,5,695.3699951171875,330.2095947265625,83.663330078125,146.96914672851562
324,5,700.9815673828125,328.053955078125,85.5103759765625,149.16757202148438
324,4,659.7547607421875,283.192138671875,126.288818359375,192.0162353515625
325,5,699.979248046875,328.0337219238281,94.7908935546875,149.7047119140625
325,4,668.2116088867188,283.3616943359375,124.97900390625,190.59872436523438
326,5,703.84375,327.7649841308594,96.48809814453125,150.16793823242188
326,4,712.3840942382812,283.685302734375,85.708740234375,108.9769287109375
327,5,706.7760620117188,329.1363830566406,99.73211669921875,148.66937255859375
327,4,715.9229736328125,282.3138122558594,88.80804443359375,109.46954345703125
328,5,709.0956420898438,330.203857421875,106.16619873046875,147.797607421875
328,4,720.7454223632812,281.5065612792969,88.5018310546875,110.78759765625
329,5,712.4503173828125,330.8971252441406,107.02008056640625,147.77908325195312
329,4,725.6257934570312,280.70855712890625,88.1473388671875,113.88662719726562
330,5,715.4525146484375,331.33135986328125,110.55584716796875,147.27774047851562
330,4,730.7482299804688,280.2785339355469,88.70587158203125,114.36990356445312
331,5,718.2578735351562,331.2762451171875,113.87835693359375,146.96420288085938
331,4,754.5923461914062,279.4542236328125,69.622802734375,111.94717407226562
332,5,723.0032348632812,331.1632995605469,114.7252197265625,146.79776000976562
332,4,732.1333618164062,279.4664306640625,98.55328369140625,172.95416259765625
333,5,723.9334106445312,332.43756103515625,120.19464111328125,146.09207153320312
334,5,733.368408203125,333.5569763183594,116.0714111328125,144.68084716796875
334,4,779.7154541015625,280.3930969238281,57.44476318359375,84.231689453125
335,4,723.360595703125,278.110107421875,120.56243896484375,197.93759155273438
335,5,747.627197265625,334.6180419921875,106.72161865234375,143.70901489257812
336,4,730.416748046875,280.4957275390625,124.41510009765625,197.63687133789062
336,5,764.6581420898438,331.9566955566406,90.17938232421875,146.3009033203125
337,4,745.5408935546875,277.2500305175781,109.85296630859375,200.7177734375
337,5,769.7136840820312,329.44671630859375,85.872314453125,149.49298095703125
338,4,753.3670654296875,275.8116455078125,101.8995361328125,202.788330078125
339,4,765.153564453125,275.0037841796875,90.4278564453125,203.35479736328125
340,4,799.8814086914062,273.55828857421875,55.79522705078125,205.6162109375
341,4,799.000732421875,275.6419677734375,56.61712646484375,202.54071044921875
342,4,798.2893676757812,284.99835205078125,57.58282470703125,191.02493286132812
342,5,806.8068237304688,352.904052734375,48.9583740234375,127.095947265625
343,4,786.1071166992188,299.39990234375,67.17913818359375,162.64990234375
344,4,816.4388427734375,303.78057861328125,39.07647705078125,175.95297241210938
345,4,785.3111572265625,298.9900817871094,70.19622802734375,167.41189575195312
346,4,785.2445678710938,298.3056945800781,70.26165771484375,173.2528076171875
347,4,785.4521484375,302.7803649902344,70.22265625,165.27523803710938
348,4,786.8389892578125,314.7379455566406,68.8985595703125,145.6116943359375
349,4,788.7982788085938,320.2929992675781,66.66143798828125,139.05975341796875
350,4,792.7636108398438,327.0144958496094,62.7235107421875,130.56439208984375
351,4,799.5535278320312,334.64642333984375,56.11492919921875,126.51809692382812
352,4,807.1195678710938,338.0301208496094,48.44818115234375,120.80831909179688
353,4,816.1011962890625,343.9882507324219,39.5318603515625,106.7626953125
384,6,0.0,346.64886474609375,68.38770294189453,132.207763671875
385,6,0.0,345.6972961425781,71.4435043334961,133.35928344726562
386,6,0.05688906088471413,346.95501708984375,73.13685941323638,132.1085205078125
387,6,0.0857086032629013,341.75970458984375,73.1862411648035,137.034912109375
388,6,0.0,300.9430847167969,74.10579681396484,177.8045654296875
389,6,0.0,294.165771484375,76.32434844970703,184.5889892578125
390,6,0.08605809509754181,292.51251220703125,70.08999018371105,185.80450439453125
391,6,0.0,291.92303466796875,69.37861633300781,186.5072021484375
392,6,0.0,291.91485595703125,75.48217010498047,187.89657592773438
393,6,0.5535483956336975,293.7758483886719,86.75654071569443,185.31561279296875
394,6,0.6885260343551636,293.2925109863281,104.81428158283234,185.76837158203125
395,6,5.034131050109863,294.4875183105469,120.90639019012451,184.37924194335938
396,6,11.30945873260498,296.5970153808594,124.80786609649658,182.35211181640625
397,6,18.337644577026367,295.87176513671875,122.33235359191895,183.47476196289062
398,6,27.029998779296875,296.60260009765625,112.61781311035156,182.22320556640625
399,6,33.353031158447266,296.7864685058594,105.66984176635742,181.72085571289062
400,6,40.02806091308594,295.6523742675781,100.44143676757812,183.16714477539062
401,6,48.02524185180664,295.66180419921875,91.77129745483398,183.05572509765625
402,6,53.499637603759766,294.5276184082031,87.47771835327148,183.61181640625
403,6,59.23200225830078,293.48944091796875,90.17400360107422,183.88201904296875
404,6,66.30731201171875,293.0624084472656,90.75270080566406,184.32772827148438
405,6,72.28789520263672,293.2552490234375,94.87335968017578,185.26345825195312
406,6,79.22581481933594,293.28704833984375,105.98008728027344,184.95748901367188
407,6,86.33039855957031,292.8511657714844,120.29331970214844,185.08001708984375
408,6,101.71964263916016,293.29229736328125,122.7358627319336,184.64358520507812
409,6,109.91747283935547,293.31085205078125,118.08817291259766,184.85037231445312
410,6,116.54161071777344,292.8729553222656,111.87489318847656,185.188232421875
411,6,124.15987396240234,291.8569030761719,106.59375762939453,186.31964111328125
412,6,132.6238555908203,290.5670166015625,99.99128723144531,187.6566162109375
413,6,137.9000244140625,289.3985595703125,96.47608947753906,188.80636596679688
414,6,144.9665069580078,289.11444091796875,94.91184997558594,189.5289306640625
415,6,152.73269653320312,288.90692138671875,91.8988037109375,190.22476196289062
416,6,159.29623413085938,289.1968078613281,92.78587341308594,189.22164916992188
417,6,165.9164276123047,289.6308898925781,92.57743835449219,188.839111328125
418,6,174.66197204589844,290.19818115234375,90.78404235839844,187.99386596679688
419,6,179.71697998046875,291.51678466796875,96.61331176757812,186.35626220703125
420,6,188.67893981933594,293.0971984863281,103.99089050292969,185.10748291015625
421,6,193.11720275878906,294.5823974609375,104.43550109863281,183.90396118164062
422,6,197.34481811523438,294.3215026855469,104.5068359375,184.44952392578125
423,6,202.94070434570312,294.3923645019531,100.32720947265625,183.63531494140625
424,6,211.81031799316406,294.49090576171875,98.02839660644531,183.33328247070312
425,6,224.26380920410156,293.07049560546875,97.11033630371094,184.71182250976562
426,6,234.23741149902344,293.3282165527344,93.55967712402344,184.30633544921875
427,6,242.1355438232422,292.24102783203125,92.80003356933594,185.01632690429688
428,6,248.31903076171875,291.2467956542969,96.26617431640625,186.61865234375
429,6,256.6629943847656,291.0716247558594,95.91436767578125,187.0257568359375
430,6,265.0018615722656,291.24432373046875,95.8995361328125,186.99130249023438
431,6,272.4105529785156,291.94171142578125,97.91244506835938,185.673583984375
432,6,283.6686706542969,291.7930603027344,108.79129028320312,185.89962768554688
433,6,283.6849365234375,292.0619201660156,112.41015625,185.65869140625
434,6,285.9545593261719,290.63519287109375,113.40750122070312,187.03875732421875
435,6,295.53741455078125,289.6418151855469,113.26077270507812,188.0579833984375
436,6,308.6824645996094,288.95770263671875,105.85122680664062,188.6083984375
437,6,322.4923095703125,288.0815124511719,101.07235717773438,189.57888793945312
438,6,334.88275146484375,287.7197570800781,93.55471801757812,190.0732421875
439,6,345.41912841796875,287.9684143066406,89.0411376953125,189.69259643554688
440,6,352.89251708984375,288.47900390625,91.322265625,189.4822998046875
441,6,358.3750915527344,288.8047790527344,87.50991821289062,189.31619262695312
442,6,360.4499816894531,290.70892333984375,93.36434936523438,186.80819702148438
443,6,362.08056640625,291.60009765625,99.67633056640625,186.38238525390625
444,6,362.9573974609375,292.9707946777344,108.36990356445312,184.91961669921875
445,6,362.09820556640625,293.8837585449219,116.84259033203125,183.80438232421875
446,6,367.8568420410156,293.91229248046875,117.25265502929688,184.3800048828125
447,6,376.78314208984375,295.23175048828125,121.97430419921875,182.6075439453125
448,6,392.894775390625,294.9798889160156,113.868408203125,182.90109252929688
449,6,404.9253845214844,294.5646057128906,108.28213500976562,182.857666015625
450,6,419.227294921875,294.4024658203125,99.03271484375,183.38616943359375
451,6,433.4073486328125,293.0272521972656,100.65966796875,184.84222412109375
452,6,443.5461120605469,293.5660400390625,92.36904907226562,184.3271484375
453,6,448.1296081542969,293.9064636230469,97.32492065429688,183.64013671875
454,6,450.3525085449219,294.4359130859375,104.66067504882812,183.55776977539062
455,6,452.5319519042969,295.87176513671875,111.44564819335938,181.70849609375
456,6,447.91534423828125,296.316162109375,130.85205078125,181.6680908203125
457,6,451.89044189453125,297.1349182128906,137.9677734375,180.59539794921875
458,6,457.1015625,296.08148193359375,139.6329345703125,182.046142578125
459,6,470.5855712890625,296.2911376953125,135.06207275390625,180.70462036132812
460,6,484.62188720703125,295.89947509765625,127.912353515625,181.30224609375
461,6,498.1580505371094,295.25823974609375,121.53250122070312,182.4639892578125
462,6,514.8150634765625,296.64227294921875,113.3861083984375,181.21246337890625
463,6,531.0678100585938,297.0579528808594,103.98712158203125,181.03314208984375
464,6,537.2883911132812,297.5143127441406,104.52734375,180.44699096679688
465,6,540.38720703125,298.64813232421875,107.43511962890625,179.3453369140625
466,6,538.8666381835938,300.90472412109375,118.90264892578125,177.17425537109375
467,6,539.5572509765625,301.92718505859375,124.96002197265625,176.220458984375
468,6,538.4053955078125,303.5308532714844,132.845458984375,174.18170166015625
469,6,539.9609985351562,303.5965270996094,138.2060546875,174.52349853515625
470,6,537.889404296875,304.635498046875,148.865234375,173.71401977539062
471,6,550.1422119140625,305.8520812988281,143.60699462890625,172.84567260742188
472,6,611.2291259765625,304.9521484375,82.4327392578125,172.65872192382812
473,6,574.2465209960938,304.1389465332031,132.40545654296875,173.17703247070312
474,6,590.0285034179688,303.62969970703125,123.42877197265625,173.45266723632812
475,6,604.6865234375,302.2300109863281,115.3048095703125,175.25442504882812
476,6,619.7817993164062,301.1192321777344,106.3426513671875,176.21939086914062
477,6,630.162353515625,300.3759765625,100.62591552734375,177.090576171875
478,6,631.9654541015625,300.96038818359375,105.03594970703125,176.86895751953125
479,6,633.3465576171875,300.6951599121094,109.319091796875,177.04281616210938
480,6,635.568115234375,301.2162780761719,120.966552734375,176.63934326171875
481,6,639.0956420898438,300.85052490234375,113.9019775390625,177.05410766601562
482,6,643.43359375,300.0452880859375,117.61920166015625,177.68783569335938
483,6,645.5953979492188,299.0426025390625,130.995849609375,178.19537353515625
484,6,659.4921264648438,298.9287109375,111.72454833984375,178.36129760742188
485,6,674.1245727539062,298.29644775390625,114.15447998046875,178.87490844726562
486,6,689.2816162109375,298.0014343261719,103.96875,177.71356201171875
487,6,699.7462768554688,297.26727294921875,99.354248046875,179.04354858398438
488,6,701.0543823242188,297.93267822265625,103.530029296875,180.32626342773438
489,6,700.0564575195312,298.5456848144531,112.6395263671875,179.18124389648438
490,6,701.52294921875,298.6500549316406,111.8505859375,179.12197875976562
491,6,701.6329956054688,299.604736328125,112.93402099609375,178.06198120117188
492,6,700.4830932617188,300.0883483886719,122.41424560546875,178.0335693359375
493,6,701.2364501953125,300.839599609375,127.64093017578125,178.15756225585938
494,6,701.4885864257812,301.55242919921875,135.5050048828125,177.60073852539062
495,6,706.7135620117188,301.0591125488281,137.8272705078125,177.79388427734375
496,6,719.7586669921875,301.46697998046875,133.23193359375,177.08432006835938
497,6,724.583251953125,301.28656005859375,129.34564208984375,177.40805053710938
498,6,736.2799072265625,300.63482666015625,118.7276611328125,177.78619384765625
499,6,753.14013671875,299.8730163574219,102.2952880859375,178.5677490234375
499,7,0.0,315.2803649902344,28.84207534790039,148.593994140625
500,6,763.210693359375,300.76556396484375,92.3214111328125,177.13796997070312
500,7,0.05139913782477379,309.1851501464844,55.70384607091546,163.02252197265625
501,7,0.10813768953084946,300.5231018066406,67.82779828459024,173.8870849609375
501,6,771.0154418945312,301.4495849609375,84.45941162109375,176.46224975585938
502,7,0.0,294.3720703125,80.27619171142578,178.44638061523438
502,6,770.7697143554688,304.90618896484375,84.781982421875,173.4407958984375
503,7,0.0,297.0440368652344,88.88870239257812,175.82192993164062
503,6,771.0130615234375,324.1856384277344,84.59375,153.75527954101562
504,7,0.09877267479896545,299.1659851074219,96.64612326025963,176.83816528320312
504,6,771.244873046875,326.7802734375,84.4339599609375,151.01278686523438
505,7,0.09723692387342453,300.5437316894531,98.62023133784533,176.52975463867188
505,6,772.43896484375,331.257080078125,83.0399169921875,147.62966918945312
506,7,3.0933210849761963,301.26080322265625,95.88101363182068,175.701416015625
506,8,0.4060475826263428,334.2544250488281,27.20052742958069,83.81231689453125
506,6,777.6592407226562,334.8135070800781,78.2550048828125,143.98843383789062
507,7,2.7987325191497803,299.53045654296875,95.89590096473694,177.27911376953125
507,6,784.1404418945312,344.1515197753906,71.54254150390625,135.02883911132812
508,7,8.89213752746582,298.8923034667969,88.8625316619873,176.9737548828125
508,6,795.3021850585938,354.72259521484375,60.3414306640625,124.31436157226562
509,7,13.820649147033691,297.9364013671875,86.97325801849365,179.50027465820312
510,7,19.236095428466797,298.1162414550781,92.28900527954102,178.59625244140625
511,7,25.676584243774414,299.1995544433594,109.77940940856934,177.37429809570312
512,7,31.986000061035156,301.7214660644531,125.8747329711914,175.09323120117188
513,7,39.309452056884766,303.86895751953125,132.90684127807617,173.2904052734375
514,7,47.919471740722656,305.35308837890625,135.90514373779297,172.1817626953125
515,7,56.750694274902344,306.3622131347656,134.42371368408203,171.50851440429688
516,7,66.06201934814453,306.0606689453125,127.23131561279297,172.2669677734375
517,7,71.20097351074219,305.34521484375,123.19024658203125,172.95932006835938
518,7,80.91910552978516,305.3143310546875,112.4915542602539,171.60137939453125
519,7,91.42929077148438,303.8127746582031,102.1019287109375,173.03662109375
520,7,96.9532699584961,302.7852783203125,96.6739730834961,174.81536865234375
521,7,103.42835235595703,301.34442138671875,91.45397186279297,176.9342041015625
522,7,111.46018981933594,300.8153991699219,87.89834594726562,176.98782348632812
523,7,116.95525360107422,302.7471618652344,89.96154022216797,175.80120849609375
524,7,124.9960708618164,304.8142395019531,91.44921112060547,173.76760864257812
525,7,131.950927734375,307.92022705078125,101.09280395507812,170.18643188476562
526,7,139.47256469726562,310.3826904296875,110.59417724609375,168.57431030273438
527,7,148.57533264160156,313.3150939941406,111.81477355957031,164.6856689453125
528,7,165.00039672851562,316.97607421875,104.6751708984375,159.6495361328125
529,7,169.60513305664062,317.4809265136719,105.14874267578125,159.59640502929688
530,7,179.41477966308594,318.4864807128906,97.77934265136719,159.28268432617188
531,7,191.16111755371094,317.8336181640625,93.81526184082031,158.84210205078125
532,7,197.93931579589844,317.5601501464844,88.11231994628906,159.31924438476562
533,7,205.4681396484375,315.67498779296875,81.45245361328125,161.48236083984375
534,7,213.76568603515625,314.911865234375,76.42889404296875,162.19134521484375
535,7,221.6802978515625,314.6460266113281,90.53555297851562,163.26278686523438
535,8,0.13866645097732544,363.20013427734375,57.663343131542206,115.02191162109375
536,7,229.41171264648438,315.68109130859375,94.42645263671875,162.2139892578125
536,8,0.19573408365249634,363.4958190917969,66.67878526449203,115.467041015625
537,7,238.94094848632812,317.9268493652344,105.2752685546875,159.60293579101562
537,8,0.15081468224525452,364.65966796875,72.46708998084068,114.08294677734375
538,7,246.67645263671875,320.16986083984375,116.2015380859375,157.67074584960938
538,8,0.539310872554779,364.38702392578125,81.07529026269913,113.88381958007812
539,7,256.2474670410156,321.57562255859375,116.33926391601562,156.0677490234375
539,8,6.687714576721191,363.6889953613281,82.33911800384521,114.88467407226562
540,7,260.5565490722656,321.58685302734375,117.03506469726562,155.64559936523438
540,8,15.231712341308594,363.1097717285156,82.41903686523438,115.2938232421875
541,7,264.7343444824219,321.2234802246094,116.0472412109375,156.58193969726562
541,8,23.753549575805664,360.5270080566406,81.54817771911621,118.33636474609375
542,7,265.9190368652344,320.6295471191406,120.86087036132812,156.907470703125
542,8,31.12372398376465,359.2473449707031,81.49579048156738,119.45343017578125
543,7,294.8084716796875,319.6155090332031,95.6925048828125,157.99627685546875
543,8,37.63525390625,357.3407897949219,80.25398254394531,121.01998901367188
544,7,297.46722412109375,317.9692077636719,91.19320678710938,160.442138671875
544,8,44.52317428588867,357.659912109375,76.21393203735352,120.5657958984375
545,8,50.504905700683594,358.9466857910156,77.18921661376953,119.67498779296875
545,7,312.4599609375,315.959716796875,79.71847534179688,162.31686401367188
546,8,58.060935974121094,361.6776428222656,78.99671173095703,116.63558959960938
546,7,320.4795227050781,315.54925537109375,78.13845825195312,159.664794921875
547,7,328.79150390625,315.4120178222656,80.87875366210938,162.8759765625
547,8,66.6432876586914,365.7582702636719,88.58223724365234,112.07473754882812
548,7,335.84979248046875,316.2806396484375,84.87777709960938,162.02340698242188
548,8,75.48515319824219,368.2280578613281,74.26272583007812,110.25762939453125
549,7,344.44873046875,318.7853698730469,91.60250854492188,159.54489135742188
549,8,84.43621063232422,371.38671875,76.25098419189453,106.68106079101562
550,7,352.7520446777344,321.3537292480469,98.17605590820312,157.01519775390625
550,8,94.29493713378906,373.7618103027344,79.99298095703125,104.33267211914062
551,7,361.65643310546875,323.4678649902344,104.58761596679688,154.66000366210938
551,8,103.58045196533203,375.9632568359375,74.08702850341797,102.2108154296875
552,7,370.5354309082031,327.80078125,117.66925048828125,149.70639038085938
552,8,118.0620346069336,374.93048095703125,76.1483383178711,103.04766845703125
553,7,369.09991455078125,328.6695556640625,127.08526611328125,149.1461181640625
553,8,124.22628021240234,372.873046875,76.92829132080078,105.22869873046875
554,7,378.827392578125,329.81884765625,122.87521362304688,147.98190307617188
554,8,132.5765380859375,371.7893981933594,77.1951904296875,106.16824340820312
555,7,395.89044189453125,329.7551574707031,109.08999633789062,148.70440673828125
555,8,140.81773376464844,371.3383483886719,76.75080871582031,106.64645385742188
556,7,410.3094482421875,329.1306457519531,95.95773315429688,149.07275390625
556,8,147.50936889648438,371.9645690917969,79.150146484375,106.45062255859375
557,7,426.9988708496094,328.055908203125,85.62808227539062,150.46466064453125
557,8,154.7816619873047,373.3388977050781,87.78128051757812,105.05105590820312
558,7,439.5860595703125,326.3306884765625,83.05169677734375,151.614990234375
558,8,163.00128173828125,375.2815246582031,79.65968322753906,103.0672607421875
559,7,454.5693359375,326.1979675292969,75.785400390625,151.4412841796875
559,8,171.3833465576172,377.147705078125,78.39433288574219,100.92788696289062
560,7,461.5212097167969,326.5878601074219,79.56784057617188,150.91058349609375
560,8,182.42880249023438,378.1343688964844,77.62301635742188,100.24148559570312
561,7,466.8897705078125,328.0251770019531,88.78839111328125,149.26348876953125
561,8,192.4521942138672,378.57672119140625,79.21562194824219,99.9044189453125
562,7,472.90972900390625,330.1611328125,99.645263671875,147.68133544921875
562,8,204.0052490234375,377.2482604980469,79.97946166992188,101.11856079101562
563,7,478.8633728027344,332.02001953125,106.93679809570312,145.50784301757812
563,8,216.08279418945312,376.42852783203125,77.11651611328125,101.9853515625
564,7,483.5519104003906,332.4784851074219,115.07662963867188,145.39361572265625
564,8,229.54957580566406,376.33538818359375,73.39561462402344,101.51947021484375
565,7,486.6131286621094,333.01727294921875,122.01718139648438,144.23287963867188
565,8,237.90469360351562,373.8304138183594,70.56100463867188,104.81539916992188
566,7,495.8988037109375,331.8298034667969,119.77825927734375,145.35479736328125
566,8,244.876708984375,372.50030517578125,72.8975830078125,106.32659912109375
567,7,526.9153442382812,330.2752380371094,93.24920654296875,147.33871459960938
567,8,248.85589599609375,372.81793212890625,76.55850219726562,105.55712890625
568,7,541.3646850585938,328.69610595703125,80.61358642578125,148.86285400390625
568,8,257.1731872558594,374.15972900390625,74.57473754882812,104.30328369140625
569,7,545.6688842773438,326.77410888671875,81.7352294921875,150.7337646484375
569,8,266.166259765625,376.84039306640625,73.6337890625,101.54144287109375
570,7,550.9883422851562,324.4448547363281,86.14447021484375,151.95162963867188
570,8,275.1611022949219,379.9123840332031,74.9454345703125,98.30038452148438
571,7,559.9832153320312,323.5851745605469,85.95849609375,153.516357421875
571,8,284.9571533203125,382.823486328125,74.28863525390625,95.25466918945312
572,7,567.7619018554688,325.1072082519531,87.33135986328125,153.05047607421875
572,8,297.3330078125,385.5428161621094,71.96200561523438,92.8558349609375
573,7,572.8532104492188,326.714599609375,91.04766845703125,151.08468627929688
573,8,307.82965087890625,388.2012023925781,71.60385131835938,89.84622192382812
574,7,575.4443359375,329.1802062988281,97.3831787109375,149.049072265625
574,8,320.8351135253906,389.2499084472656,69.76553344726562,89.230224609375
575,7,576.4177856445312,331.0699462890625,105.39776611328125,147.15090942382812
575,8,333.2144775390625,389.3912353515625,67.02957153320312,88.64480590820312
576,7,581.7274780273438,336.9017028808594,118.81646728515625,141.30926513671875
576,8,350.8944091796875,387.40155029296875,70.67266845703125,90.59686279296875
577,7,585.1102294921875,336.6824951171875,125.216064453125,141.6298828125
577,8,359.9629211425781,386.4756164550781,72.65072631835938,92.07565307617188
578,7,589.2551879882812,338.7303771972656,130.77685546875,139.08761596679688
578,8,368.71221923828125,385.7232666015625,72.14697265625,92.04888916015625
579,7,598.2454223632812,338.6921691894531,131.7447509765625,139.76126098632812
579,8,377.9295349121094,386.3652648925781,71.35174560546875,92.33355712890625
580,7,614.0777587890625,339.3702392578125,125.21649169921875,139.05560302734375
580,8,387.0751037597656,387.70404052734375,76.44598388671875,90.50527954101562
581,7,631.1129150390625,337.0743103027344,119.58709716796875,141.46121215820312
581,8,395.64141845703125,389.7984924316406,72.0064697265625,88.2757568359375
582,7,647.9268798828125,335.88543701171875,110.0330810546875,141.92538452148438
582,8,405.1178283691406,391.66021728515625,73.67425537109375,86.69464111328125
583,7,672.6729736328125,335.1958312988281,93.5810546875,142.26705932617188
583,8,415.25042724609375,392.47296142578125,71.82403564453125,85.79855346679688
584,7,681.8739013671875,335.16864013671875,92.00494384765625,142.20953369140625
584,8,426.4268493652344,392.58929443359375,70.86947631835938,85.95217895507812
585,7,685.9799194335938,335.6974182128906,96.0738525390625,141.89306640625
585,8,439.64447021484375,391.6864318847656,68.232177734375,86.68646240234375
586,7,689.8494873046875,336.9187316894531,100.443115234375,140.5146484375
586,8,454.3468322753906,390.9774169921875,63.979339599609375,86.99319458007812
587,7,693.2174682617188,338.6921691894531,103.46099853515625,138.85577392578125
587,8,463.4246520996094,389.18365478515625,65.27163696289062,89.32696533203125
588,7,697.33056640625,339.5628967285156,107.349853515625,138.50677490234375
588,8,469.80322265625,388.165283203125,69.2261962890625,90.57571411132812
589,7,702.485595703125,340.42523193359375,110.91424560546875,137.48275756835938
589,8,475.9891052246094,387.6650085449219,73.85128784179688,90.63223266601562
590,7,709.4790649414062,339.4620056152344,111.91766357421875,138.83157348632812
590,8,484.89398193359375,388.71826171875,74.91632080078125,89.99807739257812
591,7,721.1551513671875,338.1880798339844,107.32952880859375,139.9471435546875
591,8,493.7818603515625,390.4505615234375,76.03887939453125,87.94503784179688
592,7,729.3321533203125,336.5307922363281,107.1146240234375,140.94854736328125
592,8,503.2251892089844,393.27862548828125,77.80276489257812,85.2481689453125
593,7,754.8743896484375,334.7379150390625,90.6920166015625,143.4483642578125
593,8,511.4845886230469,396.06451416015625,79.01235961914062,82.03640747070312
594,7,752.0712280273438,332.82611083984375,102.46240234375,144.46969604492188
594,8,521.3431396484375,398.547119140625,79.68817138671875,79.97113037109375
595,7,768.3928833007812,331.37939453125,86.96661376953125,145.89822387695312
595,8,532.1589965820312,400.6002502441406,79.28131103515625,78.0650634765625
596,7,770.9405517578125,331.7337341308594,84.5936279296875,146.078369140625
596,8,542.15234375,402.7340087890625,79.87359619140625,75.9991455078125
597,7,770.6632690429688,333.4711608886719,84.88946533203125,144.96725463867188
597,8,554.7896118164062,403.43243408203125,77.16485595703125,75.2130126953125
598,7,773.0809326171875,340.5965270996094,82.4564208984375,136.7646484375
598,8,565.9132080078125,403.7834777832031,76.1466064453125,74.93109130859375
599,7,774.2164916992188,353.2078552246094,81.49493408203125,125.96917724609375
599,8,575.6386108398438,403.1294860839844,76.4847412109375,75.83929443359375
600,8,588.7313842773438,399.8653869628906,83.99090576171875,78.9140625
600,7,779.0712890625,366.4891052246094,76.4703369140625,112.60601806640625
