0,1,516.1111450195312,150.41122436523438,49.8426513671875,171.50067138671875
0,2,475.17474365234375,124.39688873291016,65.4814453125,159.8119125366211
1,1,509.01483154296875,151.13478088378906,53.26177978515625,164.9068145751953
1,2,472.4354553222656,125.53396606445312,63.593597412109375,161.73062133789062
2,1,499.8078918457031,148.7926025390625,56.789703369140625,174.95867919921875
2,2,473.6562194824219,125.5986099243164,58.709259033203125,157.63939666748047
3,1,484.3629455566406,150.61843872070312,68.56869506835938,170.91806030273438
3,2,479.9229736328125,122.85148620605469,48.15411376953125,160.8164825439453
4,1,473.90765380859375,152.43014526367188,74.56988525390625,166.86917114257812
4,2,475.236572265625,122.15796661376953,45.4635009765625,161.4524154663086
5,1,470.4962158203125,152.77955627441406,76.47808837890625,166.2987518310547
5,2,475.8853454589844,124.52899932861328,44.554473876953125,157.51461029052734
6,1,467.8826904296875,152.81683349609375,77.30267333984375,165.3677978515625
6,2,470.8297424316406,125.62503051757812,44.505584716796875,155.97235107421875
7,1,465.2595520019531,153.41725158691406,79.86239624023438,164.3257598876953
7,2,468.3643493652344,125.05160522460938,43.240570068359375,136.49734497070312
8,1,461.48138427734375,151.54054260253906,85.31976318359375,165.13340759277344
8,2,464.6565856933594,125.44424438476562,42.69256591796875,137.83499145507812
9,1,460.5914611816406,152.14968872070312,93.04550170898438,167.95223999023438
9,2,459.188720703125,124.98133087158203,43.419830322265625,151.39461517333984
10,1,461.06890869140625,150.44143676757812,69.34185791015625,170.15097045898438
10,2,452.1507873535156,125.62943267822266,46.110870361328125,152.91951751708984
11,1,460.62225341796875,150.29000854492188,57.44219970703125,170.30746459960938
11,2,435.0875549316406,124.97686767578125,58.080902099609375,152.99221801757812
12,1,461.9036560058594,148.61151123046875,47.891571044921875,170.31143188476562
12,2,423.4365234375,125.4904556274414,62.548065185546875,153.57689666748047
13,1,453.943603515625,148.5496826171875,49.578765869140625,161.72036743164062
13,2,417.8960876464844,126.74211120605469,61.7403564453125,154.73924255371094
14,1,445.0640869140625,149.8153076171875,54.242401123046875,171.27822875976562
14,2,416.9052734375,125.60719299316406,61.440673828125,154.9625701904297
15,1,440.46185302734375,149.78355407714844,55.486175537109375,173.6753692626953
15,2,416.1347351074219,126.6569595336914,56.691986083984375,155.12166595458984
16,1,427.9842224121094,152.57359313964844,69.24789428710938,170.27464294433594
16,2,414.79095458984375,125.47200012207031,49.690765380859375,154.8416290283203
17,1,413.1665344238281,152.97315979003906,85.93331909179688,171.3851776123047
17,2,415.1556396484375,125.07022094726562,52.480224609375,156.20794677734375
18,1,405.1473693847656,150.69578552246094,93.3392333984375,170.3434600830078
18,2,412.9229431152344,122.55022430419922,44.34478759765625,159.10343170166016
19,1,400.3423767089844,150.33078002929688,95.99258422851562,170.59783935546875
19,2,409.6631164550781,122.15982818603516,50.941741943359375,158.82524871826172
20,1,397.75823974609375,151.86978149414062,93.59774780273438,171.02249145507812
20,2,406.9090881347656,123.06758117675781,50.144927978515625,156.17161560058594
21,1,396.3188171386719,152.60498046875,88.49688720703125,169.76034545898438
21,2,408.1184997558594,122.85975646972656,45.466278076171875,133.69236755371094
22,1,397.3236999511719,155.1031951904297,78.99496459960938,168.16941833496094
22,2,405.38641357421875,122.57369232177734,45.81591796875,138.36688995361328
23,1,397.62054443359375,150.19837951660156,70.85076904296875,173.2686309814453
23,2,402.29510498046875,123.77091979980469,45.054840087890625,159.1352081298828
24,1,397.8239440917969,149.82276916503906,62.645843505859375,173.24574279785156
24,2,393.5212707519531,123.97048950195312,48.188629150390625,166.42916870117188
25,1,398.5124816894531,147.53858947753906,47.386322021484375,175.40330505371094
25,2,382.9601135253906,124.50390625,57.601226806640625,166.44186401367188
26,1,395.8232116699219,145.65866088867188,46.37152099609375,177.75439453125
26,2,367.58807373046875,125.4363784790039,72.81121826171875,164.83000946044922
27,1,386.4315185546875,148.30055236816406,51.3172607421875,171.23793029785156
27,2,359.43707275390625,125.554443359375,70.87948608398438,161.90402221679688
28,1,378.8160400390625,148.87298583984375,55.7613525390625,172.13311767578125
28,2,366.6393127441406,125.96111297607422,43.829742431640625,176.73102569580078
29,1,366.8153991699219,149.35409545898438,65.71710205078125,172.55197143554688
29,2,376.9290771484375,125.82732391357422,38.167388916015625,105.6137466430664
30,1,354.42254638671875,148.60012817382812,81.42169189453125,175.1527099609375
30,2,357.7261047363281,126.95795440673828,60.10650634765625,163.69768524169922
31,1,343.7745361328125,149.87008666992188,90.13211059570312,173.11074829101562
31,2,349.8870849609375,127.05445098876953,61.1112060546875,161.48522186279297
32,1,338.5825500488281,149.24903869628906,89.61257934570312,173.5343475341797
32,2,362.93524169921875,127.02495574951172,43.305633544921875,92.3852310180664
33,1,335.9015808105469,149.20077514648438,91.4874267578125,174.01873779296875
33,2,357.8518371582031,125.66168212890625,44.04803466796875,92.67796325683594
34,1,333.21575927734375,146.9814910888672,92.41622924804688,176.7818145751953
34,2,352.4002990722656,126.23924255371094,48.29205322265625,86.44807434082031
35,1,331.50738525390625,147.68507385253906,90.106201171875,174.69935607910156
35,2,348.9377746582031,125.56088256835938,49.250579833984375,84.77005004882812
36,1,331.49822998046875,149.9683380126953,83.72958374023438,171.45753479003906
36,2,341.19818115234375,124.74433135986328,54.358856201171875,102.69937896728516
37,1,333.5865783691406,150.4066619873047,69.01885986328125,169.8653106689453
37,2,340.02655029296875,125.8766860961914,50.87054443359375,50.900733947753906
38,1,334.211669921875,148.86734008789062,58.456024169921875,169.76739501953125
38,2,334.4227294921875,125.59640502929688,53.5880126953125,51.49464416503906
39,1,330.9382019042969,148.62879943847656,51.23236083984375,166.6248321533203
39,2,330.9886169433594,125.39177703857422,52.813201904296875,54.20049285888672
40,1,320.16400146484375,148.51077270507812,58.0841064453125,168.31301879882812
40,2,326.3025207519531,125.08984375,52.115570068359375,52.855438232421875
41,1,311.9908447265625,150.3848419189453,62.631134033203125,172.71434020996094
41,2,320.63140869140625,125.1281509399414,54.086181640625,53.53168487548828
42,1,304.4910583496094,148.61178588867188,68.53677368164062,174.18389892578125
42,2,317.3437805175781,124.69183349609375,50.239349365234375,52.17100524902344
43,1,295.8346862792969,150.33810424804688,77.94760131835938,173.45687866210938
43,2,307.6711120605469,123.39317321777344,60.262939453125,155.63807678222656
44,1,277.7212219238281,147.89512634277344,98.4393310546875,174.24647521972656
44,2,307.17730712890625,125.6197280883789,50.34967041015625,57.812583923339844
45,1,274.68798828125,151.55242919921875,98.9322509765625,169.43914794921875
45,2,303.03033447265625,124.5351333618164,50.59832763671875,57.228553771972656
46,1,272.2450866699219,151.5912322998047,96.642578125,170.3849639892578
46,2,300.1641845703125,123.6486587524414,49.337554931640625,60.82262420654297
47,1,273.62420654296875,152.80490112304688,92.4603271484375,169.94064331054688
47,2,295.1669921875,121.83032989501953,49.964111328125,65.7440414428711
48,1,274.3095397949219,148.7240447998047,77.83694458007812,173.02516174316406
48,2,283.65435791015625,124.43490600585938,52.182281494140625,86.44070434570312
49,1,274.3362121582031,151.13385009765625,66.39593505859375,171.0341796875
49,2,280.7970886230469,123.31199645996094,52.978546142578125,91.1612548828125
49,3,0.11205103993415833,273.0723571777344,31.351140946149826,114.56756591796875
50,1,271.60345458984375,152.16806030273438,56.905303955078125,170.17547607421875
50,2,276.5943908691406,123.02104949951172,57.91644287109375,168.30435943603516
50,3,0.0,272.6373596191406,35.5617790222168,114.26068115234375
51,1,265.805908203125,151.5629425048828,55.028411865234375,170.6177520751953
51,2,273.2929382324219,120.81986236572266,51.377471923828125,90.7407455444336
51,3,0.0,267.88543701171875,35.0721435546875,119.76824951171875
52,1,261.25885009765625,152.06689453125,46.738189697265625,169.61837768554688
52,2,268.99127197265625,122.26457977294922,51.204376220703125,110.70177459716797
52,3,0.06178968399763107,265.36285400390625,37.389351673424244,121.63064575195312
53,1,255.27125549316406,151.20986938476562,51.57893371582031,170.95046997070312
53,2,258.4353942871094,123.793701171875,56.290863037109375,103.81573486328125
53,3,0.0,261.8605651855469,37.753292083740234,124.45596313476562
54,1,237.5025177001953,154.88389587402344,66.05809020996094,166.29847717285156
54,2,258.1223449707031,123.37803649902344,61.04913330078125,152.09303283691406
54,3,0.07893038541078568,258.5946350097656,38.278586857020855,127.81790161132812
55,1,228.39727783203125,152.7384490966797,76.0565185546875,169.67051696777344
55,2,250.8630828857422,124.06986236572266,63.66651916503906,143.89604949951172
55,3,0.0,255.96771240234375,37.61559295654297,130.4404296875
56,1,219.3367156982422,152.81752014160156,85.88819885253906,168.89308166503906
56,2,249.86929321289062,124.94451141357422,67.92086791992188,149.18439483642578
56,3,0.11277682334184647,250.93878173828125,33.80713360756636,134.50332641601562
57,1,211.54800415039062,153.39385986328125,93.4984130859375,169.2034912109375
57,2,246.46975708007812,125.30966186523438,71.6287841796875,150.29244995117188
57,3,0.09044850617647171,245.04234313964844,46.55938898772001,139.93882751464844
58,1,204.50537109375,154.68975830078125,100.59466552734375,168.91619873046875
58,2,242.14678955078125,123.96680450439453,76.00595092773438,152.50896453857422
58,3,0.1378398984670639,244.03306579589844,60.79595221579075,140.8129425048828
59,1,200.21466064453125,152.5876922607422,105.53961181640625,171.1836700439453
59,2,237.80868530273438,121.6573257446289,75.98382568359375,153.57707977294922
59,3,0.09558127820491791,239.64605712890625,73.27442146837711,144.66793823242188
60,1,198.42831420898438,151.68719482421875,106.72747802734375,171.11471557617188
60,2,233.0247344970703,122.18122100830078,72.45277404785156,153.04051971435547
60,3,0.0,225.5654296875,83.76160430908203,159.58059692382812
61,1,197.15386962890625,151.4466094970703,101.10211181640625,169.0769500732422
61,3,0.0,222.67303466796875,90.57632446289062,164.50347900390625
61,2,229.4433135986328,124.48382568359375,64.69151306152344,156.4208984375
62,3,0.12249770760536194,222.50160217285156,96.01721939444542,178.5615997314453
62,1,198.6288299560547,152.14962768554688,85.08100891113281,166.83712768554688
62,2,224.12588500976562,122.01577758789062,61.383392333984375,154.79098510742188
63,1,201.98037719726562,150.04029846191406,69.44784545898438,167.1686248779297
63,3,0.22338268160820007,222.3570098876953,99.63741901516914,159.8673858642578
63,2,220.09271240234375,122.06523132324219,61.396087646484375,157.96580505371094
63,4,0.1796393245458603,319.0270080566406,57.55480815470219,87.45596313476562
64,1,205.3977813720703,149.46185302734375,55.55735778808594,165.12152099609375
64,3,0.17919288575649261,222.20614624023438,101.87994255125523,161.26547241210938
64,2,214.50282287597656,121.74361419677734,60.12577819824219,155.94275665283203
64,4,0.0,307.48162841796875,65.96186828613281,98.67605590820312
65,3,0.4852713346481323,221.56057739257812,105.07682430744171,159.52813720703125
65,1,199.3596649169922,150.37246704101562,51.96873474121094,164.68194580078125
65,2,210.3763885498047,122.3038558959961,59.24559020996094,158.08197784423828
65,4,0.5898247957229614,302.5338134765625,72.08539187908173,105.35537719726562
66,1,192.5731964111328,150.31895446777344,52.87913513183594,169.04795837402344
66,3,0.329170823097229,220.81719970703125,105.88306367397308,160.50250244140625
66,2,206.97291564941406,122.6697006225586,57.40116882324219,157.2287368774414
66,4,0.4640846252441406,280.4755554199219,77.5641975402832,130.7259521484375
67,3,1.1397404670715332,220.03382873535156,105.12933301925659,161.29945373535156
67,1,187.7156524658203,149.53659057617188,58.83441162109375,171.5372314453125
67,2,202.48373413085938,122.34278869628906,59.81329345703125,160.33033752441406
67,4,0.08964746445417404,268.5863037109375,80.21207220107317,143.89108276367188
68,3,10.430335998535156,219.95347595214844,95.71546936035156,161.13380432128906
68,1,184.319580078125,151.010498046875,61.265289306640625,168.69723510742188
68,2,198.2093048095703,122.37435913085938,63.69529724121094,160.05990600585938
69,3,15.930580139160156,219.59812927246094,89.18431091308594,161.23338317871094
69,1,171.29489135742188,150.77059936523438,73.86827087402344,169.23812866210938
69,2,195.409912109375,122.92858123779297,67.22512817382812,158.51905059814453
69,4,0.0,235.5720977783203,86.92799377441406,179.1994171142578
70,3,20.767454147338867,217.2204132080078,84.51825904846191,163.2659454345703
70,1,162.41148376464844,151.97262573242188,83.2772216796875,166.50833129882812
70,4,0.0,235.9158172607422,86.99357604980469,179.3459930419922
70,2,190.58743286132812,123.34977722167969,70.93896484375,158.2932891845703
71,4,0.0,234.77102661132812,87.88753509521484,179.25881958007812
71,1,158.98077392578125,152.90553283691406,86.44454956054688,164.3816375732422
71,3,26.32491111755371,216.95849609375,79.4417896270752,163.55722045898438
71,2,186.26268005371094,123.66033172607422,75.01783752441406,156.67139434814453
72,4,0.0,233.06674194335938,87.74695587158203,180.18212890625
72,3,33.302669525146484,217.01361083984375,78.70376205444336,169.7916259765625
72,1,157.7140350341797,153.37014770507812,88.77836608886719,164.05270385742188
72,2,178.63497924804688,122.03414916992188,75.17266845703125,158.63638305664062
73,4,0.23904120922088623,231.39389038085938,87.0247985124588,183.15444946289062
73,3,37.99966812133789,217.59054565429688,83.45732498168945,171.4786376953125
73,2,176.7962188720703,120.9342041015625,69.24702453613281,159.73355102539062
73,1,154.43479919433594,153.0955810546875,82.24697875976562,164.532470703125
74,4,3.565380334854126,230.9583282470703,83.78789114952087,184.3501434326172
74,3,40.41606140136719,217.97198486328125,92.852294921875,172.86077880859375
74,1,147.77557373046875,153.3743438720703,77.87750244140625,165.0076141357422
74,2,173.81236267089844,121.14402770996094,59.74969482421875,158.69483947753906
75,3,49.951629638671875,218.65721130371094,94.53166198730469,170.2727813720703
75,4,7.940952777862549,229.72335815429688,79.90796232223511,185.2615966796875
75,1,142.78033447265625,153.1540069580078,72.32632446289062,165.59559631347656
75,2,167.56719970703125,120.12769317626953,54.03523254394531,150.3139877319336
76,3,49.16040802001953,220.32199096679688,103.2953109741211,166.07421875
76,4,11.780413627624512,230.36190795898438,75.7634630203247,186.51361083984375
76,1,139.63839721679688,151.7889862060547,63.37605285644531,166.3879852294922
76,2,162.83554077148438,119.64014434814453,55.60858154296875,155.93462371826172
77,3,57.556636810302734,222.25189208984375,100.86983108520508,165.32705688476562
77,4,16.983516693115234,231.25009155273438,78.48102188110352,190.15249633789062
77,1,137.34291076660156,150.8990936279297,51.63340759277344,166.69883728027344
77,2,159.12232971191406,119.19883728027344,54.62504577636719,158.48216247558594
78,3,63.7578125,222.38629150390625,99.97021484375,169.845458984375
78,4,21.05225372314453,231.1462860107422,94.58138275146484,194.57752990722656
78,2,156.35179138183594,119.00668334960938,55.779571533203125,157.5946044921875
78,1,133.1873779296875,152.23031616210938,54.5938720703125,165.83932495117188
79,3,68.21674346923828,223.62925720214844,97.31620025634766,170.0941619873047
79,1,123.19811248779297,151.81808471679688,63.99541473388672,166.24533081054688
79,4,25.736814498901367,232.27169799804688,103.52360725402832,194.56503295898438
79,2,152.67965698242188,119.91038513183594,57.924560546875,154.02159118652344
80,1,113.11408996582031,151.58770751953125,73.95137023925781,166.80288696289062
80,3,71.73197937011719,223.43338012695312,96.69534301757812,172.08749389648438
80,4,31.8505859375,234.6849365234375,67.36308288574219,182.0052490234375
80,2,148.04637145996094,120.24111938476562,62.58226013183594,152.95135498046875
81,1,107.8443832397461,151.47528076171875,78.84696197509766,166.72488403320312
81,3,76.09996032714844,224.1235809326172,94.27836608886719,171.61228942871094
81,4,35.845909118652344,237.0354461669922,106.77645111083984,186.89845275878906
81,2,143.5977325439453,121.98719024658203,67.18281555175781,150.36717987060547
82,4,41.03019332885742,237.60121154785156,104.29875564575195,187.5962371826172
82,3,74.0472183227539,223.31002807617188,96.85587310791016,173.45684814453125
82,1,109.7068862915039,151.99342346191406,77.38704681396484,165.7812042236328
82,2,138.3824005126953,122.36565399169922,72.85093688964844,149.8118667602539
83,4,45.6839714050293,237.13316345214844,104.44992446899414,189.45042419433594
83,1,91.46430206298828,152.16445922851562,95.7100601196289,167.22137451171875
83,3,77.39876556396484,224.4084930419922,93.5591049194336,169.54026794433594
83,2,134.36138916015625,121.60743713378906,77.74055480957031,150.0710906982422
84,4,50.695091247558594,237.8572235107422,107.10570526123047,188.7365264892578
84,1,82.17422485351562,151.93597412109375,104.10072326660156,167.73358154296875
84,3,82.76350402832031,223.09329223632812,87.85122680664062,172.11166381835938
84,2,130.0203857421875,123.6323471069336,79.42117309570312,146.89112091064453
85,4,54.85185241699219,237.55908203125,103.46528625488281,188.59060668945312
85,1,80.10314178466797,151.48109436035156,106.0934829711914,167.9281463623047
85,3,88.61385345458984,221.94775390625,81.30953216552734,173.10781860351562
85,2,125.95491027832031,123.81977844238281,82.55374145507812,145.54298400878906
86,4,58.989253997802734,237.5574493408203,98.51556777954102,189.1498565673828
86,3,95.5721435546875,222.0160369873047,77.67314147949219,173.1957244873047
86,2,120.7232437133789,123.91244506835938,83.05838775634766,147.4014892578125
86,1,79.47682189941406,150.87908935546875,70.51165771484375,120.63687133789062
87,4,64.09651184082031,237.4619140625,93.55787658691406,189.35800170898438
87,3,103.27784729003906,221.0067901611328,70.9232177734375,174.54283142089844
87,2,86.71489715576172,148.93649291992188,108.76734161376953,123.197998046875
87,1,86.33112335205078,149.7344970703125,61.76782989501953,98.378662109375
88,4,70.63264465332031,237.0343017578125,87.78846740722656,189.3599853515625
88,3,104.1911849975586,212.8445587158203,83.5306167602539,181.74073791503906
88,2,112.34370422363281,123.93929290771484,52.764312744140625,98.89618682861328
88,1,87.49738311767578,148.6074676513672,51.36589813232422,108.24531555175781
89,4,75.07872772216797,236.03399658203125,83.19275665283203,190.95773315429688
89,3,112.83587646484375,215.4322509765625,84.75289916992188,180.22879028320312
89,2,108.03340148925781,122.83271789550781,53.7213134765625,99.63746643066406
89,1,87.15687561035156,148.54226684570312,44.68489074707031,111.766845703125
90,3,114.65721130371094,218.5961151123047,98.39842224121094,175.7917938232422
90,4,79.31255340576172,234.78465270996094,77.71431732177734,192.71852111816406
90,2,105.18302917480469,122.68059539794922,52.80133056640625,101.01415252685547
90,1,83.0174789428711,148.13494873046875,45.25524139404297,111.18026733398438
91,4,84.31025695800781,236.9597625732422,71.19024658203125,189.26551818847656
91,3,118.2261962890625,216.4653778076172,108.18965148925781,175.49781799316406
91,2,101.65878295898438,123.08856964111328,52.81407165527344,105.35724639892578
91,1,79.26181030273438,147.06129455566406,45.58235168457031,113.11427307128906
92,3,122.82630920410156,219.923583984375,112.5223388671875,170.92376708984375
92,4,88.5291748046875,235.38589477539062,74.30268859863281,190.48196411132812
92,1,75.68305206298828,147.87701416015625,45.27965545654297,134.70965576171875
92,2,96.50541687011719,122.50591278076172,54.06803894042969,107.28217315673828
93,1,72.67084503173828,148.346923828125,45.080810546875,166.76150512695312
93,3,127.72293090820312,223.26231384277344,112.10624694824219,168.4071807861328
93,4,94.27830505371094,236.93568420410156,70.5299072265625,188.89491271972656
93,2,92.69766998291016,122.71971893310547,53.74498748779297,109.2520980834961
94,3,129.02157592773438,222.89950561523438,114.51670837402344,192.87884521484375
94,1,64.23499298095703,151.75526428222656,48.94457244873047,163.45973205566406
94,4,98.7630615234375,232.88967895507812,62.48484802246094,193.2147216796875
94,2,88.94818878173828,122.6485595703125,55.519248962402344,132.44488525390625
95,4,101.8021011352539,234.81529235839844,96.72376251220703,190.21739196777344
95,1,55.78853225708008,151.53089904785156,57.8213005065918,161.7282257080078
95,3,135.68350219726562,223.03091430664062,110.06648254394531,163.78106689453125
95,2,85.76294708251953,123.05888366699219,63.29924774169922,134.1830291748047
96,3,149.81259155273438,221.22702026367188,97.74076843261719,163.95370483398438
96,4,112.86862182617188,238.66677856445312,109.73109436035156,186.4180908203125
96,1,53.204105377197266,151.0257568359375,65.77862930297852,159.7799072265625
96,2,78.33358764648438,124.03404998779297,56.163909912109375,136.4703140258789
97,3,153.69786071777344,220.1068878173828,93.89974975585938,165.22837829589844
97,1,49.17510986328125,151.38880920410156,72.52488708496094,160.08314514160156
97,4,118.80027770996094,237.28663635253906,109.31166076660156,186.8261260986328
97,2,73.97996520996094,124.70094299316406,64.99363708496094,140.51600646972656
98,3,162.8466033935547,219.67428588867188,84.69351196289062,167.49224853515625
98,1,43.7590446472168,151.3243865966797,83.04854965209961,160.8050994873047
98,4,122.7813720703125,237.4272003173828,109.7939453125,186.87025451660156
98,2,70.90016174316406,124.35868072509766,67.97349548339844,146.0049057006836
99,1,39.33428192138672,151.55679321289062,79.04166412353516,160.55191040039062
99,4,124.11170959472656,237.25369262695312,113.22492980957031,187.27459716796875
99,3,168.06329345703125,218.4879608154297,81.50251770019531,167.7061309814453
99,2,65.81719970703125,123.1329116821289,79.716796875,150.83525848388672
100,4,124.8248062133789,236.2224884033203,114.89733123779297,188.50767517089844
100,3,173.22756958007812,217.6182861328125,83.982666015625,167.3382568359375
100,1,33.7026481628418,150.7860565185547,78.14693832397461,161.1479949951172
100,2,61.28920364379883,123.54647827148438,78.07363510131836,149.80307006835938
101,4,127.3880844116211,235.7932891845703,111.46387481689453,189.3494110107422
101,1,30.869760513305664,150.345703125,68.68496513366699,161.39639282226562
101,3,179.59141540527344,217.09669494628906,83.85118103027344,167.39491271972656
101,2,55.91031265258789,123.00578308105469,78.02419662475586,151.8728485107422
102,4,130.25750732421875,236.54502868652344,109.47573852539062,187.20240783691406
102,1,28.300416946411133,150.1490020751953,61.16988945007324,160.8671112060547
102,3,184.1400604248047,216.91224670410156,82.93721008300781,172.42835998535156
102,2,52.555511474609375,121.91959381103516,73.30686950683594,152.13533782958984
103,4,138.18313598632812,232.25604248046875,100.87611389160156,192.3836669921875
103,3,188.0109100341797,216.8787384033203,80.94880676269531,177.7790985107422
103,1,23.93067169189453,150.73744201660156,59.51982879638672,161.1267852783203
103,2,50.559844970703125,122.2070083618164,63.10304260253906,150.85967254638672
104,4,148.1509552001953,230.4924774169922,90.33644104003906,193.11485290527344
104,3,194.5447998046875,217.51217651367188,77.44198608398438,178.42434692382812
104,1,16.039386749267578,151.4551544189453,66.45983505249023,160.5792694091797
104,2,48.22297286987305,120.93048858642578,57.4803352355957,153.15062713623047
105,1,7.057631492614746,150.97091674804688,74.93646335601807,160.58847045898438
105,3,199.34869384765625,217.18304443359375,83.24310302734375,178.87503051757812
105,2,43.50384521484375,121.8553466796875,63.162452697753906,152.89254760742188
105,4,155.81607055664062,231.7501220703125,83.62486267089844,192.28973388671875
106,1,0.279616117477417,151.1310272216797,81.34842801094055,161.0838165283203
106,3,205.09788513183594,218.74957275390625,91.95317077636719,174.31521606445312
106,2,38.89989471435547,122.16992950439453,66.19487762451172,152.83995819091797
106,4,165.11122131347656,231.73944091796875,75.51773071289062,193.35498046875
107,1,0.30136916041374207,151.2892303466797,81.42060044407845,161.7126007080078
107,2,35.016441345214844,123.00336456298828,70.46410369873047,149.77620697021484
107,3,210.9693145751953,219.05728149414062,94.92317199707031,170.86239624023438
107,4,174.0702362060547,230.4123992919922,68.96330261230469,195.6802520751953
108,1,0.32542330026626587,151.5724639892578,81.36544889211655,161.8406219482422
108,2,31.319355010986328,124.56416320800781,75.35251235961914,145.6413116455078
108,4,179.36012268066406,229.49281311035156,63.571746826171875,198.4782257080078
108,3,213.99488830566406,219.3660430908203,98.58934020996094,170.20079040527344
109,1,0.2804528772830963,152.49404907226562,80.7117346227169,161.38555908203125
109,2,27.810827255249023,125.14823913574219,78.21932411193848,144.88267517089844
109,3,206.54635620117188,220.798095703125,108.76739501953125,207.32821655273438
109,4,184.34242248535156,229.9011993408203,56.68382263183594,195.39158630371094
110,1,0.25234508514404297,151.7596435546875,80.70620441436768,161.84326171875
110,2,23.375457763671875,126.69515228271484,81.86078643798828,143.1928482055664
110,3,225.34510803222656,219.35507202148438,92.21717834472656,172.18551635742188
110,4,189.6024627685547,230.72166442871094,68.99131774902344,198.7769012451172
111,1,0.1853409856557846,150.99945068359375,79.70030964910984,162.4835205078125
111,2,19.135772705078125,126.61016082763672,83.91920471191406,142.0015640258789
111,3,232.06578063964844,220.18109130859375,87.68385314941406,171.69326782226562
111,4,194.39356994628906,231.798583984375,86.94471740722656,198.13040161132812
112,1,0.24394182860851288,151.14434814453125,73.87667126953602,161.212646484375
112,3,238.0432891845703,221.64476013183594,82.03370666503906,170.79270935058594
112,2,15.300678253173828,127.20639038085938,86.44228744506836,142.62844848632812
112,4,199.9291229248047,231.9214324951172,94.64799499511719,196.03370666503906
113,3,243.00161743164062,221.6204833984375,77.53439331054688,171.12417602539062
113,4,204.15570068359375,232.93019104003906,99.78350830078125,192.87232971191406
113,1,0.27502670884132385,149.98385620117188,64.90846785902977,158.32968139648438
113,2,10.070807456970215,127.28984069824219,89.16732883453369,143.81715393066406
114,3,249.7967071533203,221.0493621826172,70.46159362792969,171.5484161376953
114,2,5.660288333892822,127.3007583618164,87.50097417831421,143.17601776123047
114,4,206.10362243652344,234.45851135253906,105.00865173339844,187.3413848876953
114,1,0.1204695999622345,149.22012329101562,49.19204184412956,153.41494750976562
115,3,254.75193786621094,221.50082397460938,65.53312683105469,170.59414672851562
115,4,205.55018615722656,236.4383087158203,108.53077697753906,185.80320739746094
115,2,1.113918423652649,127.59721374511719,88.33933627605438,149.0460662841797
115,1,0.0,151.8966827392578,34.4185905456543,148.64683532714844
116,2,0.4834907054901123,127.63321685791016,80.84927296638489,146.0964584350586
116,3,261.5957946777344,221.3967742919922,59.086456298828125,171.2250518798828
116,4,205.28501892089844,237.73275756835938,113.47575378417969,187.02670288085938
116,1,0.0,152.53480529785156,39.009185791015625,151.3691864013672
117,2,0.05967739224433899,128.00167846679688,69.55976077914238,146.10330200195312
117,4,206.0502471923828,237.4369659423828,114.09080505371094,187.29551696777344
117,3,267.771728515625,220.1749725341797,52.7830810546875,172.62013244628906
117,1,0.0,146.64859008789062,35.350128173828125,160.69137573242188
118,2,0.0,128.72293090820312,59.21470642089844,145.36602783203125
118,4,209.41250610351562,237.75872802734375,111.41116333007812,187.44290161132812
118,3,271.8704528808594,217.76495361328125,52.32958984375,173.1336669921875
118,1,0.0,148.7243194580078,33.64788055419922,157.79197692871094
119,3,279.5306091308594,218.31227111816406,52.23260498046875,169.61268615722656
119,4,216.1038360595703,236.59396362304688,106.09590148925781,188.78988647460938
119,2,0.0,129.11143493652344,53.44342041015625,144.9149932861328
120,3,284.4225769042969,216.26394653320312,73.8228759765625,170.47982788085938
120,4,235.0866241455078,235.0111846923828,87.54890441894531,190.7278289794922
120,2,0.09270365536212921,136.69032287597656,45.23502080142498,165.2029266357422
121,3,292.4095764160156,216.5386505126953,78.31903076171875,169.54478454589844
121,4,244.45140075683594,231.89476013183594,80.94779968261719,193.25001525878906
121,2,0.05911615490913391,143.0723114013672,48.52579519152641,160.1096954345703
122,4,256.3155212402344,234.65171813964844,73.40090942382812,191.50462341308594
122,3,298.802734375,218.36892700195312,81.59738159179688,166.41183471679688
122,2,0.14897026121616364,145.29718017578125,47.942540511488914,156.37173461914062
123,4,267.3236389160156,233.4182586669922,63.877655029296875,191.78990173339844
123,3,304.5097961425781,219.001953125,81.5682373046875,163.37515258789062
123,2,0.24842151999473572,146.70858764648438,48.78730693459511,153.25363159179688
124,4,273.96881103515625,232.9553680419922,54.938812255859375,192.6042938232422
124,3,308.7555236816406,221.80271911621094,80.79055786132812,163.4971160888672
124,2,0.08568564057350159,147.06527709960938,48.982318967580795,150.28250122070312
125,4,279.0234680175781,233.59500122070312,64.1292724609375,191.89102172851562
125,3,315.16510009765625,220.5906982421875,75.91171264648438,162.16879272460938
125,2,0.09116025269031525,149.1339111328125,47.28791384398937,140.0283203125
126,4,283.94818115234375,234.82200622558594,69.61712646484375,190.96192932128906
126,3,323.06512451171875,218.47401428222656,69.45294189453125,164.60862731933594
126,2,0.08750201016664505,152.82276916503906,42.516528598964214,135.41346740722656
127,4,285.6036071777344,233.0638885498047,82.37002563476562,192.8020477294922
127,3,328.88604736328125,218.7261199951172,64.6431884765625,163.58497619628906
127,2,0.0,150.90615844726562,36.960262298583984,125.60504150390625
128,3,333.9209289550781,217.2935333251953,59.031890869140625,166.4633331298828
128,4,285.46197509765625,234.26654052734375,91.75936889648438,192.2266845703125
128,2,0.1139146015048027,150.07000732421875,30.10964573174715,128.390380859375
128,1,0.0020574452355504036,222.00250244140625,29.370791065506637,55.6007080078125
129,3,339.3196716308594,216.20082092285156,53.7965087890625,167.02830505371094
129,4,284.97393798828125,235.95526123046875,104.25729370117188,190.172607421875
129,2,0.0697362944483757,150.03656005859375,18.724184222519398,123.91506958007812
130,4,285.1372375488281,234.1305389404297,110.62335205078125,191.9882354736328
130,3,345.974365234375,216.4050750732422,47.733245849609375,163.44398498535156
131,4,287.0041809082031,234.55844116210938,111.59603881835938,190.9488525390625
131,3,350.5874328613281,215.88400268554688,44.533203125,163.90640258789062
132,4,287.85003662109375,234.884521484375,112.96682739257812,190.08514404296875
132,3,352.6409606933594,215.16648864746094,43.457489013671875,165.24913024902344
133,4,290.3480529785156,235.4161834716797,112.68649291992188,189.2210235595703
133,3,358.92645263671875,214.6851348876953,42.8028564453125,159.4660186767578
134,4,293.2473449707031,231.85745239257812,109.926025390625,193.02224731445312
134,3,366.249755859375,213.33448791503906,42.06390380859375,158.7745819091797
135,4,300.0661926269531,230.61688232421875,102.190185546875,192.728271484375
135,3,372.82177734375,216.14154052734375,41.062591552734375,175.67568969726562
136,4,311.27227783203125,231.1829376220703,92.14187622070312,190.93235778808594
136,3,378.13043212890625,216.0297088623047,50.124908447265625,175.83790588378906
137,4,320.9112243652344,229.92221069335938,83.83749389648438,191.24359130859375
137,3,382.5604248046875,215.71063232421875,64.89846801757812,176.86074829101562
138,4,331.45562744140625,228.00851440429688,77.28909301757812,193.03683471679688
138,3,391.4289855957031,218.45542907714844,66.02804565429688,172.45884704589844
139,4,343.6412658691406,228.89390563964844,68.2529296875,190.61561584472656
139,3,395.0340881347656,220.10659790039062,70.47689819335938,169.09539794921875
140,3,356.7561950683594,223.98020935058594,112.52340698242188,191.5185089111328
141,4,365.0160217285156,227.88941955566406,62.2386474609375,194.79505920410156
141,3,400.7360534667969,222.47030639648438,69.25775146484375,167.57479858398438
142,4,367.6170654296875,228.36618041992188,59.465911865234375,197.14141845703125
142,3,411.9898986816406,220.58038330078125,60.36669921875,174.81253051757812
143,4,368.290283203125,229.89642333984375,77.44873046875,196.00592041015625
143,3,418.3714294433594,222.17169189453125,54.4091796875,173.21484375
144,4,368.8034362792969,232.78355407714844,103.6417236328125,190.3834991455078
144,3,427.2177734375,220.7667236328125,44.09716796875,174.12496948242188
145,4,368.42437744140625,227.71580505371094,112.62643432617188,194.3480987548828
145,3,433.1332092285156,219.1671905517578,40.970977783203125,172.11192321777344
146,4,368.573974609375,230.62876892089844,118.17062377929688,191.7068328857422
146,3,438.23284912109375,218.58285522460938,40.390777587890625,174.16253662109375
147,4,369.5035705566406,221.18336486816406,120.468994140625,201.5307159423828
148,4,370.2528381347656,219.7980499267578,121.18276977539062,204.24107360839844
149,4,374.1280517578125,215.81748962402344,117.99862670898438,208.27955627441406
150,3,457.3526611328125,216.53721618652344,38.140472412109375,163.1222686767578
150,4,381.50018310546875,220.85350036621094,112.64407348632812,203.0937042236328
151,4,391.8009948730469,229.72830200195312,107.18817138671875,193.63223266601562
151,3,460.9624328613281,215.95028686523438,44.002227783203125,165.86883544921875
152,4,400.38470458984375,235.62359619140625,112.7393798828125,188.3408203125
152,3,466.9321594238281,216.8822021484375,47.885894775390625,164.90322875976562
153,4,411.2293701171875,220.92666625976562,118.624267578125,203.15869140625
154,4,422.4062194824219,224.312744140625,112.78781127929688,199.96267700195312
155,4,434.2475891113281,225.03977966308594,102.89053344726562,197.9385528564453
156,4,443.8872985839844,223.3765106201172,94.37814331054688,199.66737365722656
157,4,444.8672790527344,220.65158081054688,96.55770874023438,202.46792602539062
158,4,450.71392822265625,233.8094940185547,77.13641357421875,188.65956115722656
158,3,497.7225341796875,215.76364135742188,42.62298583984375,163.80218505859375
159,4,454.70562744140625,226.13612365722656,81.05279541015625,198.33604431152344
159,3,480.380615234375,215.66209411621094,59.77337646484375,165.78477478027344
160,4,454.6451721191406,235.11923217773438,93.04196166992188,188.72296142578125
160,3,506.9598693847656,216.18484497070312,35.673187255859375,164.01217651367188
161,4,453.93853759765625,232.83787536621094,105.739990234375,191.34544372558594
161,3,486.494384765625,214.72349548339844,56.29254150390625,63.94877624511719
162,4,453.8941345214844,232.54696655273438,107.63668823242188,191.34414672851562
162,3,490.3571472167969,214.0850372314453,57.950408935546875,62.80326843261719
163,4,455.0489807128906,222.00570678710938,104.78890991210938,201.85516357421875
163,3,495.8138732910156,214.88504028320312,56.775115966796875,63.075042724609375
164,4,456.33892822265625,233.47462463378906,108.48736572265625,190.79527282714844
164,3,500.76312255859375,214.80319213867188,56.089111328125,61.910125732421875
165,4,457.6211853027344,232.8592987060547,110.42849731445312,190.8203887939453
165,3,506.6146545410156,213.8883819580078,54.816619873046875,63.56568908691406
166,4,461.6882629394531,215.87535095214844,108.99899291992188,208.82508850097656
167,4,468.796142578125,215.79214477539062,108.16064453125,206.48895263671875
168,4,485.2164001464844,218.396484375,124.31307983398438,204.50262451171875
169,4,496.05499267578125,218.87062072753906,118.44647216796875,203.4005889892578
170,4,511.68304443359375,218.9571075439453,106.0487060546875,200.9430694580078
171,4,515.99560546875,220.58563232421875,104.3258056640625,197.8597412109375
172,4,518.7534790039062,221.00152587890625,101.4329833984375,203.29690551757812
173,4,529.6988525390625,221.66351318359375,87.850341796875,204.87118530273438
174,4,532.6906127929688,220.83209228515625,85.39923095703125,206.60397338867188
175,4,535.5052490234375,220.3524932861328,86.25439453125,205.61708068847656
176,4,535.7988891601562,218.80091857910156,98.02490234375,204.2292938232422
177,4,534.8568725585938,216.9592742919922,105.58856201171875,204.7607879638672
178,4,534.9111938476562,216.96697998046875,112.09002685546875,202.8924560546875
179,4,534.5818481445312,216.63479614257812,114.4423828125,202.82864379882812
180,4,535.8614501953125,215.96444702148438,113.66741943359375,203.82559204101562
181,4,537.5228271484375,216.28604125976562,116.12725830078125,204.49969482421875
182,4,542.3186645507812,216.14920043945312,117.001708984375,204.78704833984375
183,4,548.422607421875,217.8102264404297,116.358642578125,202.7605743408203
184,4,558.2037353515625,217.54010009765625,115.592041015625,202.17626953125
185,4,567.362548828125,220.27951049804688,110.69891357421875,199.50698852539062
186,4,577.6240234375,221.630859375,103.35345458984375,197.00634765625
187,4,588.1123046875,222.71804809570312,96.30322265625,196.42007446289062
188,4,590.6494140625,219.39549255371094,99.3526611328125,199.07228088378906
189,4,594.6466674804688,219.783203125,99.03009033203125,199.32086181640625
190,4,601.2575073242188,217.78663635253906,98.24310302734375,202.03773498535156
191,4,613.9017333984375,217.3035125732422,90.05810546875,202.3319854736328
192,4,617.369384765625,217.30209350585938,97.0455322265625,202.6148681640625
193,4,616.56103515625,220.9177703857422,102.85040283203125,198.93418884277344
194,4,617.6267700195312,222.88438415527344,106.05908203125,196.93434143066406
194,5,658.3043823242188,216.67544555664062,53.44671630859375,73.65478515625
195,4,618.8528442382812,225.70208740234375,108.54998779296875,193.74954223632812
195,5,662.8931884765625,217.2220458984375,53.5347900390625,73.98880004882812
196,4,621.13525390625,232.0950469970703,109.97003173828125,188.0955352783203
196,5,626.10302734375,217.67337036132812,94.30517578125,153.32562255859375
197,5,631.8676147460938,216.28497314453125,95.50567626953125,153.658203125
197,4,623.254638671875,229.18846130371094,111.8741455078125,191.1591339111328
198,5,641.2584838867188,219.224365234375,89.34307861328125,160.13067626953125
198,4,629.806396484375,231.4215545654297,111.63702392578125,189.24766540527344
198,6,675.389892578125,219.62353515625,53.86932373046875,67.94818115234375
199,4,638.0242309570312,227.2261199951172,107.85992431640625,190.7904510498047
200,4,648.3256225585938,225.63003540039062,102.14117431640625,189.09091186523438
201,4,659.7943115234375,229.57919311523438,94.59100341796875,181.59213256835938
201,6,690.2081909179688,222.1322784423828,51.6124267578125,56.45701599121094
202,4,666.6923828125,227.537841796875,92.689453125,186.67971801757812
202,6,693.4382934570312,223.00733947753906,54.63958740234375,55.67637634277344
203,4,674.8167724609375,223.28945922851562,89.01007080078125,189.65985107421875
204,4,669.9861450195312,223.00816345214844,98.06903076171875,191.87107849121094
205,4,672.08447265625,222.86082458496094,100.69866943359375,192.2921905517578
206,4,684.9139404296875,221.5045623779297,92.4813232421875,192.9839324951172
207,4,689.0747680664062,221.23863220214844,92.30023193359375,193.15647888183594
208,4,688.3305053710938,219.78634643554688,97.64520263671875,193.05938720703125
209,4,688.1422729492188,219.9636688232422,105.05902099609375,191.20433044433594
210,4,688.1044311523438,219.0210723876953,110.41204833984375,190.43028259277344
211,4,688.9722290039062,218.5691375732422,110.62017822265625,190.0112762451172
212,4,689.5049438476562,220.02874755859375,113.72412109375,188.3153076171875
213,4,692.2976684570312,220.19752502441406,115.79730224609375,189.0522918701172
214,4,693.3810424804688,226.34689331054688,119.68963623046875,182.80438232421875
214,7,745.2843627929688,219.47181701660156,56.47003173828125,65.87739562988281
215,4,701.3080444335938,222.03158569335938,115.765869140625,187.0504150390625
216,4,717.093994140625,231.9514923095703,108.17962646484375,175.6631622314453
216,7,761.2806396484375,222.13589477539062,50.955810546875,69.39535522460938
217,4,722.7698974609375,225.22244262695312,106.69976806640625,182.07650756835938
217,7,766.0993041992188,220.41073608398438,48.82379150390625,61.916778564453125
218,4,734.8704223632812,233.58486938476562,98.6488037109375,173.73599243164062
218,7,771.1280517578125,219.2987060546875,47.3673095703125,64.00314331054688
219,4,741.3119506835938,234.87710571289062,97.07293701171875,172.6282958984375
219,7,775.4095458984375,219.52133178710938,47.6634521484375,60.578521728515625
220,4,747.9269409179688,224.5763397216797,93.6317138671875,183.2025604248047
220,7,779.3379516601562,218.23660278320312,47.7310791015625,60.441925048828125
221,4,756.2586059570312,234.42727661132812,89.365478515625,173.07244873046875
221,7,783.5846557617188,217.08204650878906,49.19085693359375,63.09031677246094
222,4,762.9505615234375,222.25436401367188,86.93212890625,185.72573852539062
222,7,787.3880615234375,216.7710723876953,48.8125,58.93800354003906
223,4,762.0350341796875,222.3582305908203,91.58807373046875,185.47666931152344
223,7,791.2356567382812,216.84877014160156,48.95965576171875,51.72746276855469
224,4,762.4287719726562,232.1261444091797,92.45025634765625,175.4695281982422
224,7,795.5266723632812,216.96726989746094,49.30072021484375,54.90122985839844
225,4,762.6669921875,221.22315979003906,92.65728759765625,186.8302764892578
226,7,774.3157348632812,217.3370361328125,76.194580078125,151.92422485351562
226,4,763.8187866210938,236.37649536132812,91.81610107421875,171.24996948242188
227,7,764.3695678710938,230.9850616455078,91.04876708984375,176.4710235595703
228,4,809.9197387695312,219.769287109375,45.34259033203125,62.376220703125
228,7,766.3757934570312,235.92355346679688,88.8472900390625,171.1455078125
229,7,767.8938598632812,235.04095458984375,87.60968017578125,173.25711059570312
229,4,813.4595947265625,221.05699157714844,42.44158935546875,53.92329406738281
230,8,0.0,353.2602844238281,40.16523742675781,126.73971557617188
230,7,771.3818969726562,223.2519989013672,84.08990478515625,184.54945373535156
231,8,0.06064935028553009,347.6259765625,48.790646120905876,131.23828125
231,7,777.502197265625,230.2397003173828,78.12176513671875,176.2509307861328
232,7,780.1954345703125,235.522216796875,75.31817626953125,157.59835815429688
232,8,0.0,341.18817138671875,58.540771484375,137.86618041992188
233,8,0.0,332.90185546875,68.63326263427734,145.73394775390625
233,7,784.1283569335938,235.3748779296875,71.327880859375,149.11334228515625
234,7,789.72509765625,236.13650512695312,65.7498779296875,134.34872436523438
234,8,0.0,326.7034912109375,76.90513610839844,151.86544799804688
235,8,0.0,324.3617858886719,81.80317687988281,153.84295654296875
235,7,795.8551025390625,232.71084594726562,59.68133544921875,171.02001953125
236,8,0.0,324.7755126953125,84.3117446899414,153.50070190429688
236,7,804.6759643554688,233.38589477539062,50.89276123046875,171.47503662109375
237,8,0.0,324.5993347167969,86.17017364501953,153.762939453125
237,7,815.720947265625,232.8159637451172,39.83978271484375,173.94847106933594
238,8,0.4177085757255554,324.37371826171875,85.66920548677444,154.02975463867188
238,7,822.5098876953125,317.1014709472656,32.73809814453125,84.00149536132812
239,8,3.464569330215454,323.30548095703125,82.92420935630798,155.37893676757812
239,7,825.1154174804688,319.3324279785156,30.32281494140625,78.54180908203125
240,8,15.79279899597168,321.7441101074219,78.76843452453613,157.05535888671875
240,7,824.8364868164062,334.3306884765625,30.875,62.923492431640625
241,8,21.069486618041992,321.4078063964844,82.53794288635254,156.57638549804688
241,7,825.2800903320312,335.72381591796875,30.33062744140625,61.61187744140625
242,8,26.955148696899414,321.695556640625,85.80931663513184,156.50735473632812
242,7,826.0585327148438,337.3714294433594,29.6375732421875,59.772125244140625
243,8,34.080894470214844,321.9503173828125,93.02952575683594,156.44775390625
243,7,826.8678588867188,339.78277587890625,28.77618408203125,57.66754150390625
244,8,40.50045394897461,322.4670715332031,98.13577651977539,155.95941162109375
244,7,827.8502197265625,341.1830139160156,27.84912109375,56.77789306640625
245,8,47.06123352050781,323.0660095214844,123.41975402832031,154.97500610351562
246,8,53.76005172729492,323.1640625,129.56357192993164,156.2203369140625
247,8,61.68054962158203,323.28302001953125,127.13199615478516,155.27334594726562
248,8,69.38072204589844,323.24188232421875,105.13145446777344,155.21841430664062
249,8,78.13726043701172,322.64697265625,99.41336822509766,155.61727905273438
250,8,83.43042755126953,320.7766418457031,95.3144302368164,158.0089111328125
251,8,88.10494232177734,318.86181640625,90.9917221069336,160.19412231445312
252,8,95.87005615234375,318.14117431640625,83.48391723632812,160.81121826171875
253,8,102.68704223632812,317.1951904296875,76.62657165527344,161.25704956054688
254,8,107.68376159667969,315.8815612792969,70.87333679199219,162.35977172851562
255,8,113.2120590209961,316.1677551269531,71.2146224975586,162.11654663085938
256,8,119.12545013427734,316.9229431152344,75.96648406982422,161.07400512695312
257,8,125.24263000488281,317.9384765625,79.57527160644531,160.1173095703125
258,8,131.77476501464844,319.892333984375,81.97250366210938,158.15457153320312
259,8,138.44076538085938,321.2983703613281,85.19224548339844,156.69320678710938
260,8,146.47193908691406,322.5993347167969,88.138916015625,155.04739379882812
261,8,152.75115966796875,324.37445068359375,90.57432556152344,153.590576171875
262,8,159.6116485595703,326.1655578613281,89.67483520507812,151.78799438476562
263,8,162.58261108398438,326.6433410644531,92.48269653320312,151.48623657226562
264,8,170.49830627441406,327.4043884277344,89.22419738769531,151.25946044921875
265,8,181.84132385253906,326.125,80.60136413574219,152.5186767578125
266,8,191.724365234375,326.17413330078125,72.59149169921875,152.54412841796875
267,8,203.77345275878906,325.38372802734375,61.96604919433594,153.158203125
268,8,212.38787841796875,324.9296569824219,62.79638671875,153.33798217773438
269,8,217.00906372070312,324.72039794921875,67.50131225585938,153.26327514648438
270,8,225.66262817382812,325.1518249511719,67.42276000976562,152.2369384765625
271,8,232.50152587890625,325.7843322753906,71.10791015625,152.05197143554688
272,8,239.13026428222656,326.89385986328125,75.36442565917969,151.34527587890625
273,8,244.5965576171875,326.99163818359375,85.83895874023438,151.17807006835938
274,8,248.6574249267578,327.19903564453125,109.33168029785156,151.17684936523438
275,8,251.8594970703125,327.3006896972656,96.9322509765625,150.79580688476562
276,8,255.54913330078125,326.9042053222656,94.83245849609375,151.14151000976562
277,8,262.169677734375,326.24810791015625,91.2564697265625,152.0252685546875
278,8,268.7860412597656,324.66937255859375,87.857177734375,153.31265258789062
279,8,278.1742248535156,322.6849670410156,80.33865356445312,155.46224975585938
280,8,296.1910400390625,320.8862609863281,64.27560424804688,156.99005126953125
281,8,306.1227722167969,320.7252502441406,55.2054443359375,156.85665893554688
282,8,313.4166564941406,319.76171875,55.43402099609375,158.46707153320312
283,8,320.481689453125,319.8089904785156,59.68585205078125,158.441650390625
284,8,325.9715576171875,320.9277648925781,64.41363525390625,156.97463989257812
285,8,332.62713623046875,321.76763916015625,66.82440185546875,156.34567260742188
286,8,336.96856689453125,323.77252197265625,70.31240844726562,154.39938354492188
287,8,338.8948974609375,325.3134460449219,77.63272094726562,153.0611572265625
288,8,341.44329833984375,328.6667175292969,93.19485473632812,150.1864013671875
288,9,0.022693123668432236,196.9520263671875,20.994301352649927,77.63580322265625
289,8,343.47998046875,330.330810546875,96.94171142578125,148.27035522460938
290,8,345.8945007324219,329.8001708984375,99.596435546875,149.55499267578125
290,9,0.10976655036211014,181.28640747070312,15.681497983634472,92.131591796875
291,8,350.01129150390625,330.1610107421875,99.42996215820312,148.96914672851562
291,9,0.06954623758792877,175.94955444335938,20.644227489829063,97.19149780273438
292,8,357.8245849609375,330.51617431640625,96.63284301757812,149.26080322265625
292,9,0.14455561339855194,164.30201721191406,30.448662236332893,109.29667663574219
293,8,370.4058837890625,330.1950378417969,88.99200439453125,148.37698364257812
293,9,0.2167600840330124,152.9248504638672,40.86661775410175,123.50981140136719
294,8,382.652099609375,328.63702392578125,82.85202026367188,150.41436767578125
294,9,0.07575173676013947,152.44419860839844,49.23223166167736,124.74870300292969
295,8,397.5696716308594,327.8811340332031,75.6119384765625,150.84140014648438
295,9,0.03208747133612633,154.43553161621094,57.31102928891778,124.04396057128906
296,9,0.09660936146974564,132.8968505859375,59.57320570200682,146.61233520507812
296,8,413.89947509765625,327.52508544921875,65.86264038085938,151.15603637695312
297,9,0.07426956295967102,132.49404907226562,61.1831690967083,148.55319213867188
297,8,430.64605712890625,327.2046203613281,56.85150146484375,151.0272216796875
298,9,0.09360674023628235,132.68275451660156,61.866041392087936,148.66807556152344
298,8,434.02777099609375,326.99176025390625,63.532470703125,150.85260009765625
299,9,0.0864943340420723,131.87574768066406,62.46748363226652,149.3955841064453
299,8,435.2265930175781,327.5143737792969,72.83660888671875,150.3956298828125
300,9,0.0,131.46397399902344,63.09751892089844,149.93540954589844
300,8,436.87933349609375,328.24267578125,80.483154296875,149.62033081054688
301,9,0.0918898656964302,131.5394287109375,63.25899361819029,150.3831787109375
301,8,437.566650390625,328.1924743652344,102.47796630859375,149.4298095703125
302,9,1.881002426147461,130.64910888671875,61.266008377075195,151.27963256835938
302,8,441.8175354003906,327.99102783203125,105.39578247070312,149.94619750976562
303,9,5.288177490234375,130.34866333007812,57.79460144042969,152.61904907226562
303,8,446.534423828125,328.2196960449219,91.63787841796875,149.89608764648438
304,9,8.085968971252441,130.5072784423828,55.371806144714355,153.88389587402344
304,8,451.9572448730469,326.8590087890625,90.17623901367188,151.3121337890625
305,9,12.390225410461426,131.04490661621094,52.48079204559326,156.1289825439453
305,8,456.58331298828125,325.0774841308594,89.7247314453125,152.8756103515625
306,9,15.456804275512695,130.36849975585938,55.49533653259277,158.67440795898438
306,8,465.07659912109375,323.1289367675781,87.1749267578125,154.7225341796875
307,9,17.679136276245117,132.0911865234375,62.51220893859863,160.05593872070312
307,8,480.4855651855469,321.6783752441406,79.58834838867188,155.70233154296875
308,9,18.9835205078125,133.26712036132812,77.42627716064453,161.07513427734375
308,8,502.2160949707031,320.4436950683594,65.11898803710938,157.86328125
309,9,20.48317527770996,134.36300659179688,78.54870796203613,159.72320556640625
309,8,514.0599365234375,319.2403564453125,59.9322509765625,158.40975952148438
310,9,22.906457901000977,134.683837890625,76.89078330993652,159.42398071289062
310,8,522.6270751953125,318.37847900390625,57.9764404296875,159.11911010742188
311,9,26.61197280883789,135.47471618652344,77.55019760131836,159.05897521972656
311,8,523.134765625,318.1908874511719,65.04986572265625,159.17141723632812
312,9,36.97703552246094,136.2512969970703,69.53514099121094,158.2301483154297
312,8,523.6588745117188,319.5339050292969,76.618896484375,158.4449462890625
313,9,42.1771354675293,136.8852996826172,63.645076751708984,156.9379425048828
313,8,525.0852661132812,320.264892578125,82.36285400390625,157.8310546875
314,9,48.415977478027344,137.40049743652344,59.728843688964844,157.25914001464844
314,8,526.4539794921875,321.7266540527344,86.96685791015625,156.72784423828125
315,9,52.49446105957031,136.3197479248047,57.26837158203125,159.08323669433594
315,8,526.9431762695312,322.0282897949219,95.048095703125,156.89559936523438
316,9,55.07578659057617,135.91661071777344,53.31930160522461,158.7708282470703
316,8,528.0144653320312,322.56512451171875,100.5157470703125,155.98065185546875
317,9,54.55268096923828,135.26075744628906,59.240562438964844,158.81495666503906
317,8,528.3280029296875,323.691650390625,107.39935302734375,154.39031982421875
318,9,54.87838363647461,135.216064453125,68.11993026733398,158.66055297851562
318,8,529.1159057617188,324.0082702636719,112.684326171875,154.128173828125
319,9,58.19165802001953,137.25350952148438,75.9755630493164,156.60092163085938
319,8,536.7120971679688,323.0300598144531,112.58514404296875,155.4627685546875
320,9,71.21880340576172,137.7962646484375,76.06439971923828,156.51211547851562
320,8,544.680419921875,322.21142578125,111.89801025390625,156.33486938476562
321,9,77.10589599609375,138.68385314941406,81.04173278808594,156.8572235107422
321,8,556.078125,321.38739013671875,106.918212890625,156.61102294921875
322,9,81.20189666748047,137.71852111816406,81.37360382080078,158.31394958496094
322,8,570.0992431640625,319.9582214355469,99.08135986328125,158.43161010742188
323,9,85.39342498779297,138.64767456054688,79.6362075805664,157.441650390625
323,8,583.5316772460938,319.2377014160156,92.09527587890625,158.81326293945312
324,9,87.31454467773438,138.93812561035156,79.28694152832031,157.73255920410156
324,8,595.239013671875,319.3113708496094,86.44775390625,158.81051635742188
325,9,87.62962341308594,138.56944274902344,79.45866394042969,158.55775451660156
325,8,610.4235229492188,319.22772216796875,78.92816162109375,158.53353881835938
326,9,93.09432983398438,136.8278350830078,73.90306091308594,159.74330139160156
326,8,613.0848388671875,318.9693603515625,85.58709716796875,158.53375244140625
327,9,100.09595489501953,136.47557067871094,67.0571517944336,160.61549377441406
327,8,613.9803466796875,319.38592529296875,94.43438720703125,158.690185546875
328,9,105.86526489257812,137.19046020507812,61.6549072265625,159.79830932617188
328,8,615.0675048828125,320.035400390625,99.518798828125,158.40518188476562
329,9,111.17325592041016,137.69081115722656,55.65587615966797,160.1283721923828
329,8,616.6818237304688,319.3805236816406,103.31005859375,159.11288452148438
330,9,113.94378662109375,137.0367431640625,52.51734924316406,160.44979858398438
330,8,618.6400146484375,319.6729431152344,105.5794677734375,158.4609375
331,9,117.2536849975586,137.06382751464844,52.36176300048828,163.1885528564453
331,8,621.4317626953125,319.3888854980469,105.822509765625,158.7115478515625
332,9,119.27826690673828,138.6714630126953,57.97980499267578,166.3460235595703
332,8,626.268798828125,319.2322692871094,103.39154052734375,159.20184326171875
333,9,122.02456665039062,138.57656860351562,68.38838195800781,168.0628662109375
333,8,623.2601318359375,317.7284851074219,110.10198974609375,160.4287109375
334,9,124.44884490966797,139.37754821777344,79.43956756591797,167.5865020751953
334,8,634.3121337890625,315.3042907714844,104.80322265625,163.23870849609375
335,9,128.1659393310547,139.67803955078125,92.667236328125,166.7205810546875
335,8,642.9214477539062,314.27935791015625,102.45947265625,164.352783203125
336,9,138.38095092773438,143.25787353515625,84.51210021972656,163.37008666992188
336,8,666.667724609375,311.4324035644531,90.29150390625,166.70895385742188
337,9,141.7504119873047,142.69996643066406,79.37896728515625,164.21327209472656
337,8,681.7198486328125,311.1300354003906,80.81561279296875,166.7735595703125
338,9,146.2166290283203,142.2305450439453,74.89302062988281,164.43458557128906
338,8,687.1481323242188,310.7316589355469,81.39434814453125,167.88247680664062
339,9,154.36126708984375,143.68118286132812,66.55586242675781,163.02639770507812
339,8,686.5294799804688,310.8363037109375,87.66571044921875,167.69900512695312
340,9,161.89511108398438,143.24069213867188,58.635101318359375,164.24554443359375
340,8,686.2196044921875,311.108642578125,94.5054931640625,167.4300537109375
341,9,169.69508361816406,143.556884765625,50.64381408691406,163.644775390625
341,8,686.3801879882812,313.1443786621094,99.29058837890625,165.34878540039062
342,9,173.9663848876953,143.75704956054688,49.31414794921875,162.63491821289062
342,8,687.1736450195312,313.9616394042969,104.30035400390625,164.461669921875
343,9,178.00538635253906,142.23765563964844,53.070281982421875,161.95298767089844
343,8,687.74951171875,314.83807373046875,110.4598388671875,163.59869384765625
344,9,182.02442932128906,141.61753845214844,56.962982177734375,163.8140106201172
344,8,689.4273681640625,315.4474792480469,115.23333740234375,163.07998657226562
345,9,186.5038604736328,141.67063903808594,63.535980224609375,164.1547088623047
345,8,691.6249389648438,316.2381896972656,119.15997314453125,162.55419921875
346,9,191.33399963378906,142.32928466796875,72.72477722167969,163.503173828125
346,8,694.599365234375,316.30804443359375,122.6854248046875,162.26119995117188
347,9,193.28085327148438,142.42247009277344,81.39956665039062,165.60057067871094
347,8,701.3760375976562,315.7560729980469,122.10662841796875,163.01278686523438
348,9,193.48265075683594,141.69671630859375,85.71812438964844,167.17001342773438
348,8,707.7705078125,315.57476806640625,123.13409423828125,162.49252319335938
349,9,193.17295837402344,144.1162872314453,90.72090148925781,164.94786071777344
349,8,716.0000610351562,314.7074890136719,121.03411865234375,162.65066528320312
350,9,194.44644165039062,144.7234649658203,89.32073974609375,165.12730407714844
350,8,728.2327270507812,314.0972595214844,114.344970703125,162.64688110351562
351,9,198.3533935546875,144.73312377929688,84.26470947265625,164.6466064453125
351,8,743.0863037109375,312.90478515625,104.80975341796875,164.32034301757812
352,9,206.2445068359375,143.55027770996094,76.85540771484375,166.40162658691406
352,8,751.9134521484375,313.2572021484375,100.92132568359375,163.89706420898438
353,9,215.13726806640625,143.57997131347656,67.61260986328125,165.6836395263672
353,8,763.7318725585938,313.27880859375,91.6453857421875,160.23043823242188
354,9,223.61463928222656,143.02503967285156,57.50361633300781,167.13429260253906
354,8,764.2354125976562,314.03790283203125,91.406982421875,163.1729736328125
355,9,232.95687866210938,142.46031188964844,47.4666748046875,169.03575134277344
355,8,769.5201416015625,314.2935485839844,86.107421875,157.05734252929688
356,9,234.58648681640625,143.1318817138672,51.599578857421875,171.18016052246094
356,8,765.3604125976562,314.2737731933594,90.08978271484375,164.21038818359375
357,9,241.55381774902344,142.26324462890625,51.25080871582031,173.38299560546875
357,8,764.5171508789062,315.6851806640625,90.78460693359375,163.16128540039062
358,9,242.7481231689453,142.97000122070312,57.91474914550781,168.85385131835938
358,8,765.9855346679688,319.9774169921875,89.476806640625,158.22406005859375
359,9,241.27536010742188,145.6911163330078,71.02386474609375,174.17759704589844
359,8,767.248291015625,333.3282775878906,88.1226806640625,144.96649169921875
360,9,238.72113037109375,148.7149200439453,96.60198974609375,171.3130340576172
360,8,773.0181274414062,326.41949462890625,82.51470947265625,151.93417358398438
361,9,248.3126983642578,150.1103057861328,90.91426086425781,170.65968322753906
361,8,780.9130249023438,333.1505126953125,74.70880126953125,143.99038696289062
362,9,255.9619140625,151.912353515625,85.67120361328125,169.6171875
362,8,791.43603515625,336.1071472167969,64.1484375,141.1795654296875
363,9,258.3518981933594,151.13681030273438,83.61602783203125,170.75888061523438
363,8,801.227294921875,341.9430847167969,54.23028564453125,134.37081909179688
364,9,263.8236999511719,149.8256072998047,77.26724243164062,171.51622009277344
364,8,814.2913208007812,358.3223876953125,41.3255615234375,118.44158935546875
365,9,273.9853820800781,150.27967834472656,68.82168579101562,171.27345275878906
366,9,283.93524169921875,149.79518127441406,58.896697998046875,171.61839294433594
367,9,293.5686340332031,148.37294006347656,49.416015625,173.20594787597656
368,9,303.4723205566406,146.9213104248047,52.526153564453125,170.45301818847656
369,9,310.52276611328125,147.78810119628906,50.3038330078125,171.0235137939453
370,9,312.8096618652344,149.2701873779297,53.815521240234375,170.8306427001953
371,9,312.8831481933594,149.49745178222656,66.9163818359375,171.03236389160156
372,9,313.0388488769531,150.23744201660156,80.424560546875,170.43006896972656
373,9,312.7877197265625,150.6223602294922,89.48562622070312,169.76673889160156
374,9,314.21087646484375,150.1824951171875,91.6710205078125,170.53750610351562
375,9,316.3498840332031,150.26988220214844,89.72442626953125,171.15476989746094
376,9,320.8027648925781,149.43234252929688,86.45468139648438,171.80313110351562
377,9,327.9816589355469,149.45997619628906,78.5499267578125,172.20249938964844
378,9,339.0810852050781,149.27284240722656,67.234375,171.26771545410156
379,9,347.5313720703125,150.9759979248047,59.176116943359375,169.2366485595703
380,9,357.4337158203125,146.21449279785156,50.833892822265625,175.1074676513672
381,9,367.4972839355469,149.54197692871094,48.4432373046875,171.12998962402344
382,9,373.50689697265625,148.61691284179688,49.574615478515625,174.62078857421875
383,9,376.91015625,149.4876708984375,51.210723876953125,175.6422119140625
384,9,377.9531555175781,152.57135009765625,78.81619262695312,172.53909301757812
385,9,378.76824951171875,152.45362854003906,90.91921997070312,170.9116668701172
386,9,378.2156982421875,153.54737854003906,100.21292114257812,168.80433654785156
387,9,380.9561767578125,155.8794403076172,92.62228393554688,167.51588439941406
388,9,382.456298828125,155.42796325683594,92.55706787109375,169.50462341308594
389,9,389.10052490234375,155.93772888183594,86.73587036132812,168.9107208251953
390,9,401.6856994628906,155.8689422607422,74.54385375976562,169.1826934814453
391,9,411.5252380371094,156.0549774169922,67.37591552734375,169.17347717285156
392,9,424.2115478515625,155.7862091064453,61.16033935546875,169.12184143066406
393,9,435.7513427734375,156.01406860351562,55.24102783203125,168.44247436523438
394,9,441.4847106933594,157.21658325195312,54.298797607421875,167.44515991210938
395,9,442.5278625488281,156.46714782714844,57.3564453125,168.08912658691406
396,9,442.7633056640625,157.01544189453125,67.7203369140625,167.414306640625
397,9,442.2132263183594,157.7895050048828,79.29898071289062,166.71766662597656
398,9,443.3581848144531,158.3126983642578,90.05020141601562,167.32899475097656
399,9,444.8174743652344,159.02548217773438,93.55148315429688,166.78775024414062
400,9,445.8626403808594,158.2768096923828,96.23287963867188,167.9580535888672
401,9,448.0822448730469,158.26942443847656,96.28244018554688,168.0164031982422
402,9,456.5382080078125,159.16061401367188,88.72412109375,167.42037963867188
403,9,466.98907470703125,157.99407958984375,78.92315673828125,168.27581787109375
404,9,477.93438720703125,157.2056121826172,73.995361328125,168.7272186279297
405,9,486.44561767578125,157.5369415283203,71.6220703125,169.23814392089844
406,9,497.87908935546875,157.85751342773438,64.19873046875,171.34335327148438
407,9,508.3056640625,157.3335418701172,59.63134765625,177.1847381591797
408,9,511.57537841796875,160.57974243164062,66.4735107421875,175.99053955078125
409,9,511.0611877441406,161.7782440185547,73.23507690429688,175.16355895996094
410,9,511.3468933105469,164.97158813476562,88.19223022460938,172.15786743164062
411,9,512.29248046875,172.56553649902344,92.3499755859375,164.23692321777344
412,9,512.228515625,165.1077423095703,96.67730712890625,174.65757751464844
413,9,515.4527587890625,165.8280487060547,95.572265625,173.74647521972656
414,9,521.7693481445312,166.43585205078125,96.50091552734375,172.64462280273438
415,9,531.9695434570312,169.84707641601562,91.5225830078125,169.07638549804688
416,9,543.4720458984375,169.8461456298828,85.08001708984375,169.4445037841797
417,9,554.274658203125,169.36065673828125,80.97161865234375,169.20980834960938
418,9,567.4827880859375,168.37327575683594,74.65869140625,169.96372985839844
419,9,578.3273315429688,169.4312744140625,68.10137939453125,169.13665771484375
420,9,577.63720703125,168.5058135986328,74.62445068359375,169.71458435058594
421,9,578.6928100585938,169.2169647216797,77.4912109375,169.4567413330078
422,9,578.1206665039062,169.63113403320312,84.6783447265625,168.83026123046875
423,9,577.7261962890625,170.49949645996094,93.150634765625,168.51979064941406
424,9,579.7557373046875,173.20278930664062,100.19854736328125,166.24234008789062
425,9,582.0216064453125,172.35589599609375,104.26190185546875,168.2965087890625
426,9,585.4618530273438,173.6470489501953,105.26263427734375,165.4331817626953
427,9,592.1401977539062,174.66323852539062,100.66754150390625,164.28555297851562
428,9,603.6083374023438,173.98695373535156,90.99993896484375,166.0000457763672
429,9,614.617431640625,174.25633239746094,86.9444580078125,165.24546813964844
430,9,624.5804443359375,173.17689514160156,81.83392333984375,166.3326873779297
431,9,634.3433227539062,172.8821258544922,77.586181640625,167.0271759033203
432,9,647.3546142578125,172.99974060058594,74.57861328125,172.3232879638672
433,9,646.9125366210938,173.27920532226562,79.4893798828125,174.11318969726562
434,9,647.1781005859375,175.56488037109375,85.6844482421875,172.7225341796875
435,9,646.7877807617188,176.29151916503906,92.892822265625,172.5644073486328
436,9,648.0311889648438,176.8091278076172,96.31585693359375,167.04713439941406
437,9,649.3718872070312,178.8126983642578,99.0107421875,166.64866638183594
438,9,651.5576782226562,178.84698486328125,101.515625,169.0972900390625
439,9,655.967529296875,180.8042755126953,103.1881103515625,167.2371368408203
440,9,664.9461669921875,180.98976135253906,99.15118408203125,166.9193572998047
441,9,676.199462890625,181.4466094970703,92.0484619140625,165.4218292236328
442,9,686.8575439453125,181.98793029785156,88.09478759765625,163.1624298095703
443,9,702.167236328125,182.5769500732422,78.37744140625,161.2223663330078
444,9,712.2478637695312,181.61807250976562,73.23382568359375,164.11956787109375
445,9,713.1840209960938,183.4181365966797,74.60943603515625,161.87220764160156
446,9,713.270751953125,182.6461181640625,79.0545654296875,162.27154541015625
447,9,713.3418579101562,184.208740234375,87.00604248046875,160.8861083984375
448,9,713.6154174804688,186.24185180664062,93.383056640625,162.08493041992188
449,9,712.515380859375,186.85829162597656,101.9088134765625,163.16273498535156
450,9,715.6300659179688,188.5108642578125,105.59521484375,161.3878173828125
451,9,719.2481689453125,187.95443725585938,106.6099853515625,162.520751953125
452,9,723.0160522460938,188.0537109375,107.57061767578125,162.66409301757812
453,9,733.0724487304688,187.2588653564453,100.06793212890625,164.6045684814453
454,9,742.7740478515625,186.8214874267578,90.67633056640625,165.69273376464844
455,9,753.7515258789062,186.09129333496094,86.958740234375,165.9603729248047
456,9,773.85595703125,187.57952880859375,75.7872314453125,168.34640502929688
